1 0 0.141076
2 0 0.0446319
3 0 0.125358
4 0 -0.214885
5 0 0.0605576
6 0 0.0663756
7 0 -0.099092
8 0 0.0789171
9 0 -0.268355
10 0 -0.135499
11 0 -0.0123863
12 0 -0.0545335
13 0 -0.0690054
14 0 0.0442009
15 0 0.152743
16 0 -0.179144
17 0 0.328306
18 0 0.1343
19 0 -0.0998998
20 0 0.0460757
21 0 0.0672656
22 0 -0.162827
23 0 0.0390533
24 0 -0.0566786
25 0 0.0176253
26 0 -0.0387411
27 0 -0.0854482
28 0 0.00376067
29 0 0.153521
30 0 -0.135393
31 0 0.0407648
32 0 0.074563
33 0 0.0246846
34 0 0.160622
35 0 0.125969
36 0 0.163982
37 0 0.0711652
38 0 0.0654467
39 0 0.168721
40 0 0.255733
41 0 0.093272
42 0 0.16533
43 0 0.00339046
44 0 0.170564
45 0 0.202381
46 0 -0.068498
47 0 -0.0114771
48 0 -0.0527886
49 0 -0.124779
50 0 0.0614137
51 0 -0.0387677
52 0 0.104803
53 0 0.109045
54 0 0.252973
55 0 0.0886567
56 0 -0.1269
57 0 0.0455392
58 0 0.129564
59 0 -0.180725
60 0 0.0506071
61 0 0.0622289
62 0 -0.109985
63 0 -0.0413549
64 0 0.0924523
65 0 -0.271599
66 0 0.202422
67 0 -0.0218343
68 0 0.133506
69 0 -0.286685
70 0 -0.0281028
71 0 0.272142
72 0 -0.0777131
73 0 0.1189
74 0 -0.17184
75 0 0.126368
76 0 0.0880614
77 0 -0.00099332
78 0 0.146501
79 0 -0.0239037
80 0 0.0519697
81 0 -0.119773
82 0 0.0172279
83 0 0.183222
84 0 0.0463992
85 0 0.0549827
86 0 -0.158889
87 0 -0.00621292
88 0 0.0833263
89 0 0.0115647
90 0 0.172946
91 0 0.0859331
92 0 -0.011939
93 0 -0.0662899
94 0 0.032694
95 0 0.00990016
96 0 -0.0882969
97 0 0.00950753
98 0 -0.00270795
99 0 -0.00193895
100 0 0.0135207
101 0 -0.0671
102 0 -0.0140777
103 0 -0.042603
104 0 -0.246668
105 0 0.0837415
106 0 -0.224412
107 0 -0.00727064
108 0 -0.0843765
109 0 -0.292294
110 0 -0.00945562
111 0 -0.0357815
112 0 0.207953
113 0 0.0621227
114 0 -0.259516
115 0 -0.0617096
116 0 0.0543009
117 0 -0.0489074
118 0 -0.166252
119 0 -0.2834
120 0 -0.0377231
121 0 0.115053
122 0 0.040566
123 0 -0.0100397
124 0 -0.0176181
125 0 0.0242078
126 0 -0.0792623
127 0 0.0186178
128 0 -0.161579
129 0 0.113949
130 0 -0.171167
131 0 0.121038
132 0 -0.0647737
133 0 0.0556603
134 0 -0.0812095
135 0 0.00284933
136 0 -0.0477971
137 0 -0.0202649
138 0 -0.175624
139 0 0.114165
140 0 0.0515339
141 0 -0.0328982
142 0 -0.0706306
143 0 -0.108314
144 0 -0.0241083
145 0 0.0907857
146 0 -0.119118
147 0 0.0648955
148 0 0.202222
149 0 -0.0622376
150 0 -0.0879321
151 0 0.0410139
152 0 -0.034418
153 0 0.00763745
154 0 0.0519342
155 0 -0.0724374
156 0 -0.111338
157 0 -0.0015947
158 0 0.187384
159 0 -0.0397798
160 0 -0.0226397
161 0 -0.0312602
162 0 -0.244043
163 0 -0.061802
164 0 -0.121277
165 0 0.127572
166 0 0.0508275
167 0 0.162894
168 0 0.151273
169 0 0.0359705
170 0 -0.0156034
171 0 0.0322819
172 0 -0.214268
173 0 -0.0393591
174 0 0.0916947
175 0 -0.232235
176 0 0.0808899
177 0 0.108522
178 0 -0.0182777
179 0 0.129515
180 0 -0.00844657
181 0 -0.0928002
182 0 -0.149301
183 0 -0.167773
184 0 0.010531
185 0 0.0290785
186 0 0.127006
187 0 0.01864
188 0 0.0313055
189 0 -0.0487753
190 0 0.0222041
191 0 -0.136101
192 0 0.00618535
193 0 -0.0681671
194 0 -0.23026
195 0 0.0271046
196 0 -0.0697054
197 0 0.0766629
198 0 0.057492
199 0 -0.0618849
200 0 0.157703
201 0 0.15277
202 0 0.0316348
203 0 0.0534818
204 0 0.016269
205 0 0.0564449
206 0 -0.00960116
207 0 -0.0330625
208 0 0.0145627
209 0 0.110388
210 0 -0.00127031
211 0 -0.145975
212 0 0.163161
213 0 -0.0640784
214 0 -0.0192047
215 0 0.00198235
216 0 0.240108
217 0 -0.258775
218 0 -0.0114689
219 0 -0.00787991
220 0 0.10201
221 0 -0.166644
222 0 0.0929103
223 0 -0.00377444
224 0 -0.0699027
225 0 -0.0143696
226 0 -0.190992
227 0 0.0439571
228 0 0.0131529
229 0 0.0270498
230 0 0.0996231
231 0 -0.0478483
232 0 -0.185219
233 0 0.0652341
234 0 0.0602749
235 0 0.132127
236 0 -0.0546819
237 0 -0.0783672
238 0 -0.118833
239 0 -0.110805
240 0 -0.0379133
241 0 -0.000912403
242 0 0.0614555
243 0 -0.116288
244 0 0.0593975
245 0 -0.117608
246 0 0.112084
247 0 0.15569
248 0 -0.114045
249 0 0.0648827
250 0 0.039091
251 0 -0.0218779
252 0 -0.231727
253 0 -0.299447
254 0 0.0709152
255 0 -0.068666
256 0 -0.0113483
257 0 -0.0256503
258 0 0.106255
259 0 -0.0778194
260 0 -0.10119
261 0 0.0188145
262 0 -0.0411154
263 0 -0.0189186
264 0 0.0677057
265 0 0.00352153
266 0 0.00522073
267 0 0.0391573
268 0 -0.14543
269 0 -0.111032
270 0 0.00902535
271 0 -0.168797
272 0 0.184416
273 0 -0.0790065
274 0 0.0841804
275 0 0.117581
276 0 0.172017
277 0 0.137215
278 0 0.00678785
279 0 0.0370571
280 0 0.0659235
281 0 -0.10124
282 0 0.0159505
283 0 -0.00948263
284 0 0.0457142
285 0 0.103461
286 0 -0.167357
287 0 0.028658
288 0 -0.19494
289 0 -0.217198
290 0 0.107633
291 0 0.177461
292 0 0.0194224
293 0 0.0566244
294 0 0.282716
295 0 -0.010212
296 0 0.200203
297 0 -0.152273
298 0 0.0929868
299 0 0.0177441
300 0 -0.30538
301 0 0.324175
302 0 -0.000645344
303 0 0.0854521
304 0 -0.0330637
305 0 -0.0372351
306 0 0.127316
307 0 -0.25707
308 0 0.056797
309 0 0.284471
310 0 0.0843259
311 0 -0.071166
312 0 0.267615
313 0 -0.00847061
314 0 -0.0689833
315 0 -0.0938167
316 0 0.114558
317 0 0.104954
318 0 -0.171172
319 0 -0.123242
320 0 0.173772
321 0 0.00564542
322 0 -0.0898266
323 0 -0.113931
324 0 0.0418963
325 0 0.0340524
326 0 -0.00985833
327 0 -0.0258538
328 0 0.139905
329 0 0.133598
330 0 -0.0746466
331 0 -0.0471742
332 0 0.0624008
333 0 -0.0375791
334 0 0.0311081
335 0 0.0764861
336 0 0.149958
337 0 0.0963846
338 0 0.0306517
339 0 -0.158667
340 0 0.0521435
341 0 0.104176
342 0 -0.00223408
343 0 -0.0318143
344 0 -0.139741
345 0 0.0612853
346 0 0.0518597
347 0 0.0042479
348 0 0.139359
349 0 0.0150627
350 0 0.0972497
351 0 0.245903
352 0 -0.0533411
353 0 -0.0440966
354 0 0.184095
355 0 -0.171907
356 0 -0.0732461
357 0 -0.00246284
358 0 -0.198546
359 0 0.310553
360 0 -0.102604
361 0 0.0579365
362 0 0.140351
363 0 -0.0534466
364 0 -0.00426707
365 0 0.0402557
366 0 -0.177099
367 0 -0.0662141
368 0 -0.0140104
369 0 -0.897747
370 0 0.300505
371 0 0.0594084
372 0 -0.0598945
373 0 0.0204973
374 0 0.0426557
375 0 0.00290494
376 0 0.210759
377 0 -0.00539311
378 0 0.0837326
379 0 0.133585
380 0 0.157815
381 0 -0.0883377
382 0 0.0378106
383 0 -0.00182369
384 0 -0.00861249
385 0 -0.0974493
386 0 -0.0690383
387 0 0.00503259
388 0 -0.00836571
389 0 0.111784
390 0 0.0703472
391 0 -0.0566063
392 0 0.00828891
393 0 0.033777
394 0 0.0097563
395 0 0.103878
396 0 0.068556
397 0 0.159232
398 0 -0.198043
399 0 0.0132506
400 0 0.020842
401 0 -0.0630782
402 0 0.0684815
403 0 -0.209884
404 0 0.0189534
405 0 0.027819
406 0 -0.0800402
407 0 0.00153597
408 0 -0.172002
409 0 -0.235489
410 0 -0.0786727
411 0 -0.0743884
412 0 0.0477867
413 0 0.0956512
414 0 0.0696233
415 0 0.044275
416 0 0.295855
417 0 -0.06171
418 0 0.174183
419 0 0.0667095
420 0 0.11286
421 0 0.235896
422 0 0.153337
423 0 0.135653
424 0 0.023867
425 0 -0.0147982
426 0 -0.0546145
427 0 -0.0186345
428 0 0.146111
429 0 0.0185548
430 0 -0.0760701
431 0 -0.121924
432 0 -0.0923781
433 0 -0.189702
434 0 -0.108885
435 0 0.145477
436 0 -0.229053
437 0 0.0858708
438 0 0.114985
439 0 -0.0981004
440 0 -0.0466636
441 0 0.200465
442 0 -0.349512
443 0 0.0570114
444 0 0.0185542
445 0 -0.266624
446 0 0.12072
447 0 0.11928
448 0 -0.0871331
449 0 -0.227767
450 0 -0.0896812
451 0 0.226778
452 0 -0.179205
453 0 0.155937
454 0 -0.0727167
455 0 -0.0087001
456 0 0.0890726
457 0 0.113017
458 0 0.0307238
459 0 0.0339478
460 0 -0.212951
461 0 -0.0894025
462 0 -0.0783018
463 0 -0.100873
464 0 0.0116301
465 0 -0.0253769
466 0 0.108796
467 0 -0.120666
468 0 0.113748
469 0 -0.0990545
470 0 -0.180041
471 0 -0.22328
472 0 0.0486759
473 0 -0.0312261
474 0 -0.0844021
475 0 0.0209526
476 0 -0.135041
477 0 0.155219
478 0 -0.0638551
479 0 0.0466675
480 0 0.0942205
481 0 0.0532148
482 0 0.0249659
483 0 0.0692379
484 0 -0.00926942
485 0 0.103295
486 0 0.00917897
487 0 0.100734
488 0 -0.114785
489 0 -0.100838
490 0 -0.189484
491 0 -0.0364698
492 0 -0.0690622
493 0 0.164622
494 0 0.0442301
495 0 -0.0840214
496 0 -0.117042
497 0 0.0621205
498 0 -0.162398
499 0 -0.0597136
500 0 2.13671e-06
501 0 0.0597182
502 0 0.162405
503 0 -0.0621223
504 0 0.117028
505 0 0.0840134
506 0 -0.0442284
507 0 -0.164606
508 0 0.0690562
509 0 0.0364747
510 0 0.189492
511 0 0.100832
512 0 0.114794
513 0 -0.100743
514 0 -0.00917742
515 0 -0.103306
516 0 0.00924722
517 0 -0.0692395
518 0 -0.0249637
519 0 -0.0532177
520 0 -0.0942266
521 0 -0.0466711
522 0 0.0638459
523 0 -0.155219
524 0 0.135034
525 0 -0.0209372
526 0 0.0844092
527 0 0.031229
528 0 -0.048678
529 0 0.223281
530 0 0.180055
531 0 0.0990355
532 0 -0.113753
533 0 0.120669
534 0 -0.108804
535 0 0.0253836
536 0 -0.0116295
537 0 0.100874
538 0 0.078307
539 0 0.0893942
540 0 0.212946
541 0 -0.0339449
542 0 -0.0307204
543 0 -0.113018
544 0 -0.0890685
545 0 0.00869687
546 0 0.0727245
547 0 -0.155937
548 0 0.179205
549 0 -0.226777
550 0 0.0897082
551 0 0.227759
552 0 0.0871442
553 0 -0.119292
554 0 -0.120713
555 0 0.266623
556 0 -0.0185394
557 0 -0.0570041
558 0 0.349509
559 0 -0.200464
560 0 0.0466649
561 0 0.0981122
562 0 -0.114987
563 0 -0.0858687
564 0 0.229064
565 0 -0.145472
566 0 0.108885
567 0 0.189699
568 0 0.0923765
569 0 0.121922
570 0 0.0760769
571 0 -0.0185742
572 0 -0.146123
573 0 0.0186306
574 0 0.0546139
575 0 0.0148022
576 0 -0.0238725
577 0 -0.135642
578 0 -0.153349
579 0 -0.235899
580 0 -0.112856
581 0 -0.066704
582 0 -0.174193
583 0 0.0617209
584 0 -0.295845
585 0 -0.0442973
586 0 -0.0696256
587 0 -0.0956451
588 0 -0.0477911
589 0 0.074395
590 0 0.0786745
591 0 0.235491
592 0 0.172021
593 0 -0.00155138
594 0 0.0800489
595 0 -0.0278038
596 0 -0.0189387
597 0 0.209897
598 0 -0.0684805
599 0 0.0630823
600 0 -0.020846
601 0 -0.0132654
602 0 0.198039
603 0 -0.159244
604 0 -0.068544
605 0 -0.103871
606 0 -0.00975933
607 0 -0.0337691
608 0 -0.00827923
609 0 0.0565938
610 0 -0.0703371
611 0 -0.111781
612 0 0.00835172
613 0 -0.00500465
614 0 0.0690354
615 0 0.0974547
616 0 0.00861303
617 0 0.00181918
618 0 -0.0377963
619 0 0.0883274
620 0 -0.157825
621 0 -0.133589
622 0 -0.0837417
623 0 0.00540516
624 0 -0.21078
625 0 -0.00292329
626 0 -0.0426601
627 0 -0.0204989
628 0 0.0598937
629 0 -0.0594001
630 0 -0.300497
631 0 0.897745
632 0 0.0140055
633 0 0.0662131
634 0 0.17711
635 0 -0.0402585
636 0 0.00426602
637 0 0.0534558
638 0 -0.140341
639 0 -0.0579297
640 0 0.102617
641 0 -0.310558
642 0 0.198538
643 0 0.00246391
644 0 0.0732616
645 0 0.171912
646 0 -0.184101
647 0 0.0440911
648 0 0.0533478
649 0 -0.245901
650 0 -0.0972531
651 0 -0.0150544
652 0 -0.139361
653 0 -0.00424901
654 0 -0.0518594
655 0 -0.0612862
656 0 0.139732
657 0 0.03182
658 0 0.00222002
659 0 -0.104177
660 0 -0.0521471
661 0 0.158662
662 0 -0.0306556
663 0 -0.0963763
664 0 -0.14997
665 0 -0.0764938
666 0 -0.0311219
667 0 0.0375869
668 0 -0.0624047
669 0 0.0471741
670 0 0.0746347
671 0 -0.133591
672 0 -0.139899
673 0 0.0258581
674 0 0.00986176
675 0 -0.0340598
676 0 -0.0418868
677 0 0.113928
678 0 0.0898148
679 0 -0.00565206
680 0 -0.173774
681 0 0.123228
682 0 0.171181
683 0 -0.104956
684 0 -0.114545
685 0 0.0938167
686 0 0.0689692
687 0 0.00846128
688 0 -0.267607
689 0 0.0711652
690 0 -0.0843317
691 0 -0.284471
692 0 -0.0567986
693 0 0.257069
694 0 -0.127302
695 0 0.0372354
696 0 0.0330665
697 0 -0.08544
698 0 0.000639041
699 0 -0.324153
700 0 0.305387
701 0 -0.0177392
702 0 -0.0929821
703 0 0.152269
704 0 -0.2002
705 0 0.0102075
706 0 -0.282714
707 0 -0.0566276
708 0 -0.0194142
709 0 -0.177457
710 0 -0.10763
711 0 0.217192
712 0 0.194932
713 0 -0.028653
714 0 0.167352
715 0 -0.10347
716 0 -0.0457078
717 0 0.00947947
718 0 -0.0159464
719 0 0.101227
720 0 -0.0659043
721 0 -0.0370398
722 0 -0.0067961
723 0 -0.137217
724 0 -0.172008
725 0 -0.117589
726 0 -0.0841779
727 0 0.0790077
728 0 -0.18441
729 0 0.168788
730 0 -0.00901493
731 0 0.111039
732 0 0.145438
733 0 -0.0391547
734 0 -0.0052215
735 0 -0.00352193
736 0 -0.0677063
737 0 0.0189233
738 0 0.0411232
739 0 -0.0188135
740 0 0.101201
741 0 0.0778137
742 0 -0.106242
743 0 0.0256392
744 0 0.0113594
745 0 0.068673
746 0 -0.0709105
747 0 0.299462
748 0 0.231719
749 0 0.0218806
750 0 -0.0390851
751 0 -0.0648812
752 0 0.114038
753 0 -0.155684
754 0 -0.112093
755 0 0.117618
756 0 -0.0593958
757 0 0.116278
758 0 -0.0614619
759 0 0.000907555
760 0 0.0379064
761 0 0.110813
762 0 0.118821
763 0 0.0783613
764 0 0.0546885
765 0 -0.132148
766 0 -0.0602886
767 0 -0.0652119
768 0 0.185193
769 0 0.0478632
770 0 -0.0996116
771 0 -0.0270449
772 0 -0.0131625
773 0 -0.0439585
774 0 0.190991
775 0 0.0143568
776 0 0.0699073
777 0 0.00375934
778 0 -0.0928992
779 0 0.166644
780 0 -0.102012
781 0 0.00787788
782 0 0.0114696
783 0 0.258783
784 0 -0.240105
785 0 -0.00198259
786 0 0.0192013
787 0 0.0640859
788 0 -0.163145
789 0 0.145976
790 0 0.00127464
791 0 -0.110376
792 0 -0.0145773
793 0 0.0330543
794 0 0.00960751
795 0 -0.0564404
796 0 -0.0162703
797 0 -0.0534936
798 0 -0.0316418
799 0 -0.152773
800 0 -0.157701
801 0 0.0618622
802 0 -0.0574728
803 0 -0.076676
804 0 0.0696985
805 0 -0.0271152
806 0 0.230269
807 0 0.068182
808 0 -0.0061816
809 0 0.136105
810 0 -0.0222071
811 0 0.0487632
812 0 -0.0313222
813 0 -0.0186499
814 0 -0.127001
815 0 -0.029076
816 0 -0.0105357
817 0 0.167772
818 0 0.149303
819 0 0.092795
820 0 0.00842982
821 0 -0.129528
822 0 0.0182739
823 0 -0.108533
824 0 -0.0808984
825 0 0.232246
826 0 -0.0917002
827 0 0.0393631
828 0 0.214266
829 0 -0.0322977
830 0 0.0156063
831 0 -0.0359581
832 0 -0.151259
833 0 -0.162877
834 0 -0.0508401
835 0 -0.127566
836 0 0.12128
837 0 0.0617942
838 0 0.244034
839 0 0.0312454
840 0 0.022647
841 0 0.0397836
842 0 -0.187383
843 0 0.00160818
844 0 0.111337
845 0 0.0724265
846 0 -0.0519462
847 0 -0.00759681
848 0 0.0344233
849 0 -0.0410209
850 0 0.0879227
851 0 0.0622327
852 0 -0.202226
853 0 -0.0648959
854 0 0.119119
855 0 -0.0907999
856 0 0.0241037
857 0 0.108305
858 0 0.0706452
859 0 0.0328984
860 0 -0.0515289
861 0 -0.114155
862 0 0.1756
863 0 0.0202636
864 0 0.0477952
865 0 -0.00286747
866 0 0.0812086
867 0 -0.0556737
868 0 0.0647663
869 0 -0.121029
870 0 0.171164
871 0 -0.113952
872 0 0.161569
873 0 -0.0186112
874 0 0.0792598
875 0 -0.0242122
876 0 0.0176165
877 0 0.0100511
878 0 -0.0405601
879 0 -0.115051
880 0 0.0377311
881 0 0.283399
882 0 0.166255
883 0 0.0489165
884 0 -0.0543055
885 0 0.061715
886 0 0.259515
887 0 -0.0621297
888 0 -0.207948
889 0 0.035762
890 0 0.00945501
891 0 0.292289
892 0 0.0843665
893 0 0.00728384
894 0 0.224421
895 0 -0.0837195
896 0 0.246653
897 0 0.0426097
898 0 0.0140876
899 0 0.0670952
900 0 -0.0135286
901 0 0.00193361
902 0 0.00270882
903 0 -0.00949832
904 0 0.0882873
905 0 -0.0098991
906 0 -0.0326992
907 0 0.0662678
908 0 0.0119375
909 0 -0.0859193
910 0 -0.172952
911 0 -0.0115696
912 0 -0.0833068
913 0 0.00619937
914 0 0.1589
915 0 -0.0550125
916 0 -0.0463903
917 0 -0.18321
918 0 -0.0172295
919 0 0.119794
920 0 -0.0519776
921 0 0.023913
922 0 -0.146492
923 0 0.000988672
924 0 -0.0880761
925 0 -0.126383
926 0 0.171827
927 0 -0.118889
928 0 0.0777281
929 0 -0.272139
930 0 0.028101
931 0 0.286688
932 0 -0.133511
933 0 0.021846
934 0 -0.202415
935 0 0.271615
936 0 -0.0924645
937 0 0.0413305
938 0 0.109989
939 0 -0.0622311
940 0 -0.0506049
941 0 0.180716
942 0 -0.129571
943 0 -0.0455317
944 0 0.126886
945 0 -0.0886393
946 0 -0.252973
947 0 -0.109042
948 0 -0.104801
949 0 0.0387626
950 0 -0.0614114
951 0 0.124765
952 0 0.0527783
953 0 0.0114666
954 0 0.0684943
955 0 -0.202389
956 0 -0.170554
957 0 -0.00339239
958 0 -0.165345
959 0 -0.0932659
960 0 -0.255746
961 0 -0.168721
962 0 -0.0654494
963 0 -0.0711579
964 0 -0.163964
965 0 -0.125965
966 0 -0.160624
967 0 -0.0246795
968 0 -0.0745471
969 0 -0.0407727
970 0 0.135386
971 0 -0.153518
972 0 -0.00375131
973 0 0.0854592
974 0 0.0387414
975 0 -0.01762
976 0 0.0566802
977 0 -0.039062
978 0 0.162833
979 0 -0.0672597
980 0 -0.0460665
981 0 0.0999131
982 0 -0.134312
983 0 -0.328298
984 0 0.179156
985 0 -0.152752
986 0 -0.0442136
987 0 0.0690106
988 0 0.0545318
989 0 0.0123729
990 0 0.135509
991 0 0.268356
992 0 -0.0789114
993 0 0.0990963
994 0 -0.0663905
995 0 -0.0605547
996 0 0.214868
997 0 -0.125363
998 0 -0.0446241
999 0 -0.141067
1000 0 -1.49318e-05
1 0.314159 0.115275
2 0.314159 0.0428084
3 0.314159 0.125326
4 0.314159 -0.183844
5 0.314159 0.0319724
6 0.314159 0.097688
7 0.314159 -0.0719398
8 0.314159 0.0218027
9 0.314159 -0.245494
10 0.314159 -0.133372
11 0.314159 -0.00460838
12 0.314159 -0.0942296
13 0.314159 -0.101223
14 0.314159 0.0649026
15 0.314159 0.189475
16 0.314159 -0.172519
17 0.314159 0.356616
18 0.314159 0.174097
19 0.314159 -0.188312
20 0.314159 0.0862667
21 0.314159 0.0191879
22 0.314159 -0.124178
23 0.314159 -0.00799554
24 0.314159 -0.0651023
25 0.314159 -0.0322065
26 0.314159 -0.0612446
27 0.314159 -0.114379
28 0.314159 0.00656796
29 0.314159 0.161779
30 0.314159 -0.107848
31 0.314159 0.0044581
32 0.314159 0.0635631
33 0.314159 -0.0261485
34 0.314159 0.175244
35 0.314159 0.124028
36 0.314159 0.0799764
37 0.314159 0.0793012
38 0.314159 0.105445
39 0.314159 0.163959
40 0.314159 0.288334
41 0.314159 0.0658671
42 0.314159 0.136423
43 0.314159 -0.00842625
44 0.314159 0.11867
45 0.314159 0.181851
46 0.314159 -0.0207819
47 0.314159 0.0141789
48 0.314159 -0.0488375
49 0.314159 -0.159516
50 0.314159 -0.00186909
51 0.314159 -0.0453636
52 0.314159 0.0444557
53 0.314159 0.0742956
54 0.314159 0.236628
55 0.314159 0.0604204
56 0.314159 -0.11296
57 0.314159 0.0489497
58 0.314159 0.107141
59 0.314159 -0.268485
60 0.314159 -0.00163629
61 0.314159 0.0722857
62 0.314159 -0.113458
63 0.314159 -0.0725178
64 0.314159 0.0294387
65 0.314159 -0.293545
66 0.314159 0.208004
67 0.314159 -0.0027258
68 0.314159 0.0888307
69 0.314159 -0.299118
70 0.314159 0.0401645
71 0.314159 0.244489
72 0.314159 -0.0617669
73 0.314159 0.0588428
74 0.314159 -0.159162
75 0.314159 0.12552
76 0.314159 0.0425261
77 0.314159 -0.0611327
78 0.314159 0.0972495
79 0.314159 -0.043236
80 0.314159 0.0386249
81 0.314159 -0.124865
82 0.314159 0.00854203
83 0.314159 0.197039
84 0.314159 0.0271517
85 0.314159 0.0352724
86 0.314159 -0.186876
87 0.314159 0.000812402
88 0.314159 0.154574
89 0.314159 0.0345941
90 0.314159 0.215432
91 0.314159 0.090807
92 0.314159 -0.03559
93 0.314159 -0.00345112
94 0.314159 0.0281223
95 0.314159 0.0172984
96 0.314159 -0.106218
97 0.314159 0.0367037
98 0.314159 -0.0127219
99 0.314159 -0.0216177
100 0.314159 -0.0339534
101 0.314159 -0.0715474
102 0.314159 -0.0231117
103 0.314159 -0.0486516
104 0.314159 -0.252088
105 0.314159 0.0730967
106 0.314159 -0.204572
107 0.314159 -0.0498133
108 0.314159 -0.0395197
109 0.314159 -0.241762
110 0.314159 -0.0160807
111 0.314159 0.00308399
112 0.314159 0.150047
113 0.314159 0.0543025
114 0.314159 -0.265059
115 0.314159 -0.0217372
116 0.314159 -5.38051e-05
117 0.314159 -0.0118195
118 0.314159 -0.151551
119 0.314159 -0.240142
120 0.314159 -0.0398461
121 0.314159 0.0658148
122 0.314159 0.054473
123 0.314159 -0.002536
124 0.314159 -0.0247527
125 0.314159 0.0611131
126 0.314159 -0.0958102
127 0.314159 0.0449465
128 0.314159 -0.119647
129 0.314159 0.0392087
130 0.314159 -0.217445
131 0.314159 0.10207
132 0.314159 -0.0156897
133 0.314159 0.0736348
134 0.314159 -0.0478883
135 0.314159 -0.0385152
136 0.314159 -0.0565559
137 0.314159 -0.0316257
138 0.314159 -0.190831
139 0.314159 0.0549607
140 0.314159 0.0160801
141 0.314159 -0.00235464
142 0.314159 -0.0158437
143 0.314159 -0.0638362
144 0.314159 0.0269652
145 0.314159 0.0926316
146 0.314159 -0.111793
147 0.314159 0.105952
148 0.314159 0.227713
149 0.314159 -0.0658164
150 0.314159 -0.107416
151 0.314159 0.0406476
152 0.314159 -0.0897413
153 0.314159 -0.0579674
154 0.314159 0.0536099
155 0.314159 -0.0507634
156 0.314159 -0.0882338
157 0.314159 0.0322921
158 0.314159 0.193992
159 0.314159 -0.0756862
160 0.314159 -0.069115
161 0.314159 -0.0769704
162 0.314159 -0.20876
163 0.314159 -0.0648822
164 0.314159 -0.160981
165 0.314159 0.100953
166 0.314159 0.00180748
167 0.314159 0.138841
168 0.314159 0.101509
169 0.314159 0.000489032
170 0.314159 -0.0189669
171 0.314159 0.0432652
172 0.314159 -0.16964
173 0.314159 -0.0424318
174 0.314159 0.0801726
175 0.314159 -0.246008
176 0.314159 0.0644617
177 0.314159 0.14343
178 0.314159 0.0411702
179 0.314159 0.135966
180 0.314159 0.00417673
181 0.314159 -0.0579477
182 0.314159 -0.152163
183 0.314159 -0.128198
184 0.314159 -0.0567999
185 0.314159 -0.0148086
186 0.314159 0.0781195
187 0.314159 -0.029754
188 0.314159 0.053936
189 0.314159 -0.013021
190 0.314159 0.019351
191 0.314159 -0.124557
192 0.314159 -0.0186612
193 0.314159 -0.0646679
194 0.314159 -0.192892
195 0.314159 0.0574003
196 0.314159 -0.000770222
197 0.314159 0.0932902
198 0.314159 0.0422391
199 0.314159 -0.0229165
200 0.314159 0.0914413
201 0.314159 0.116959
202 0.314159 0.0682297
203 0.314159 0.0143102
204 0.314159 0.0227971
205 0.314159 0.0620107
206 0.314159 -0.0216986
207 0.314159 -0.0261275
208 0.314159 0.0367197
209 0.314159 0.0827039
210 0.314159 0.0143346
211 0.314159 -0.103158
212 0.314159 0.158261
213 0.314159 -0.0169328
214 0.314159 -0.0436793
215 0.314159 -0.0368257
216 0.314159 0.17303
217 0.314159 -0.298286
218 0.314159 -0.0698977
219 0.314159 -0.0863616
220 0.314159 0.0972572
221 0.314159 -0.171799
222 0.314159 0.114529
223 0.314159 0.0333069
224 0.314159 -0.0602298
225 0.314159 -0.00997817
226 0.314159 -0.181434
227 0.314159 0.0248692
228 0.314159 0.0464016
229 0.314159 0.033819
230 0.314159 0.109896
231 0.314159 0.0188194
232 0.314159 -0.132266
233 0.314159 0.0296232
234 0.314159 0.0733229
235 0.314159 0.218197
236 0.314159 -0.0952774
237 0.314159 -0.0842092
238 0.314159 -0.132254
239 0.314159 -0.0338302
240 0.314159 -0.0293796
241 0.314159 0.0260111
242 0.314159 0.130969
243 0.314159 -0.0667175
244 0.314159 0.0594052
245 0.314159 -0.158402
246 0.314159 0.0806181
247 0.314159 0.169576
248 0.314159 -0.153937
249 0.314159 0.0515515
250 0.314159 0.0225725
251 0.314159 -0.0233024
252 0.314159 -0.236666
253 0.314159 -0.327612
254 0.314159 0.0281936
255 0.314159 -0.0599521
256 0.314159 -0.0423507
257 0.314159 -0.053395
258 0.314159 0.0936146
259 0.314159 -0.0440786
260 0.314159 -0.0908356
261 0.314159 0.0664251
262 0.314159 -0.0670142
263 0.314159 0.000973722
264 0.314159 0.0798737
265 0.314159 0.00753668
266 0.314159 0.0092973
267 0.314159 0.0454333
268 0.314159 -0.156636
269 0.314159 -0.136037
270 0.314159 0.026261
271 0.314159 -0.136324
272 0.314159 0.165867
273 0.314159 -0.0276898
274 0.314159 0.0575798
275 0.314159 0.152066
276 0.314159 0.168969
277 0.314159 0.133198
278 0.314159 0.0200772
279 0.314159 0.00518639
280 0.314159 0.101688
281 0.314159 -0.116748
282 0.314159 0.00546969
283 0.314159 0.000491351
284 0.314159 0.0136426
285 0.314159 0.0711483
286 0.314159 -0.177143
287 0.314159 0.118333
288 0.314159 -0.146531
289 0.314159 -0.286871
290 0.314159 0.126162
291 0.314159 0.201301
292 0.314159 0.0618919
293 0.314159 0.100942
294 0.314159 0.324003
295 0.314159 -0.0281203
296 0.314159 0.208717
297 0.314159 -0.154568
298 0.314159 0.0876033
299 0.314159 0.0359348
300 0.314159 -0.326621
301 0.314159 0.264029
302 0.314159 -0.0102773
303 0.314159 0.0605942
304 0.314159 -0.0335
305 0.314159 -0.0580953
306 0.314159 0.0966142
307 0.314159 -0.285045
308 0.314159 -0.0230328
309 0.314159 0.252964
310 0.314159 0.0558749
311 0.314159 -0.0446008
312 0.314159 0.240395
313 0.314159 -0.0919573
314 0.314159 -0.0352776
315 0.314159 -0.0907839
316 0.314159 0.140396
317 0.314159 0.109438
318 0.314159 -0.192564
319 0.314159 -0.0993369
320 0.314159 0.193574
321 0.314159 0.000337007
322 0.314159 -0.119206
323 0.314159 -0.148408
324 0.314159 0.0108397
325 0.314159 0.0351945
326 0.314159 -0.0424906
327 0.314159 0.0262817
328 0.314159 0.14354
329 0.314159 0.119168
330 0.314159 -0.0792456
331 0.314159 0.0144136
332 0.314159 0.0365638
333 0.314159 -0.00923722
334 0.314159 0.0537422
335 0.314159 0.114684
336 0.314159 0.162853
337 0.314159 0.0859906
338 0.314159 0.0192722
339 0.314159 -0.191937
340 0.314159 -0.0164091
341 0.314159 0.154182
342 0.314159 -0.00612726
343 0.314159 -0.0147806
344 0.314159 -0.143981
345 0.314159 0.072011
346 0.314159 0.0669268
347 0.314159 0.0107814
348 0.314159 0.0720216
349 0.314159 0.044202
350 0.314159 0.100298
351 0.314159 0.228348
352 0.314159 -0.0440362
353 0.314159 -0.068452
354 0.314159 0.216418
355 0.314159 -0.10409
356 0.314159 -0.120737
357 0.314159 0.0357396
358 0.314159 -0.20917
359 0.314159 0.313366
360 0.314159 -0.173298
361 0.314159 0.09835
362 0.314159 0.126273
363 0.314159 -0.0870586
364 0.314159 -0.0305436
365 0.314159 0.0366691
366 0.314159 -0.205196
367 0.314159 -0.0109135
368 0.314159 -0.00493388
369 0.314159 -0.853927
370 0.314159 0.295497
371 0.314159 0.0374293
372 0.314159 -0.0493101
373 0.314159 0.00756448
374 0.314159 -0.0122041
375 0.314159 -0.0227857
376 0.314159 0.20562
377 0.314159 -0.0186621
378 0.314159 0.104345
379 0.314159 0.123701
380 0.314159 0.142751
381 0.314159 -0.0882259
382 0.314159 0.0645076
383 0.314159 0.0425365
384 0.314159 -0.00415958
385 0.314159 -0.0799053
386 0.314159 -0.0965123
387 0.314159 -0.0355097
388 0.314159 0.0229075
389 0.314159 0.13871
390 0.314159 0.0294802
391 0.314159 -0.104592
392 0.314159 -0.0160755
393 0.314159 -0.021258
394 0.314159 0.0170297
395 0.314159 0.117045
396 0.314159 0.0337438
397 0.314159 0.163018
398 0.314159 -0.199698
399 0.314159 0.0433654
400 0.314159 0.0224325
401 0.314159 -0.0771301
402 0.314159 0.0226521
403 0.314159 -0.163925
404 0.314159 0.0270137
405 0.314159 0.0773148
406 0.314159 -0.0954874
407 0.314159 0.0800474
408 0.314159 -0.119741
409 0.314159 -0.264852
410 0.314159 -0.19015
411 0.314159 -0.0839962
412 0.314159 0.0485101
413 0.314159 0.0568956
414 0.314159 0.114144
415 0.314159 0.0560022
416 0.314159 0.264039
417 0.314159 -0.0930776
418 0.314159 0.178597
419 0.314159 0.0769329
420 0.314159 0.164915
421 0.314159 0.223181
422 0.314159 0.0798356
423 0.314159 0.141421
424 0.314159 0.0452971
425 0.314159 0.0549479
426 0.314159 -0.0398677
427 0.314159 0.00811165
428 0.314159 0.153593
429 0.314159 0.0131191
430 0.314159 -0.0778264
431 0.314159 -0.165144
432 0.314159 -0.114731
433 0.314159 -0.187059
434 0.314159 -0.0598063
435 0.314159 0.112318
436 0.314159 -0.17356
437 0.314159 0.0756881
438 0.314159 0.116458
439 0.314159 -0.101524
440 0.314159 -0.0218459
441 0.314159 0.209644
442 0.314159 -0.368718
443 0.314159 0.0635036
444 0.314159 -0.0255341
445 0.314159 -0.18942
446 0.314159 0.153639
447 0.314159 0.0688022
448 0.314159 -0.125465
449 0.314159 -0.251798
450 0.314159 -0.0533214
451 0.314159 0.205857
452 0.314159 -0.127972
453 0.314159 0.165203
454 0.314159 -0.100442
455 0.314159 0.0196975
456 0.314159 0.0304778
457 0.314159 0.102799
458 0.314159 0.0340495
459 0.314159 0.00833102
460 0.314159 -0.182119
461 0.314159 -0.0371633
462 0.314159 -0.023685
463 0.314159 -0.0750254
464 0.314159 0.0207691
465 0.314159 0.0264895
466 0.314159 0.0484176
467 0.314159 -0.106648
468 0.314159 0.123582
469 0.314159 -0.0756206
470 0.314159 -0.183235
471 0.314159 -0.228754
472 0.314159 0.0347367
473 0.314159 0.028624
474 0.314159 -0.0667547
475 0.314159 0.0155788
476 0.314159 -0.104063
477 0.314159 0.16775
478 0.314159 -0.0801931
479 0.314159 0.1005
480 0.314159 0.0488358
481 0.314159 0.0449422
482 0.314159 0.00976527
483 0.314159 0.0444673
484 0.314159 0.0426393
485 0.314159 0.0967454
486 0.314159 0.0142029
487 0.314159 0.0742045
488 0.314159 -0.127855
489 0.314159 -0.102664
490 0.314159 -0.160201
491 0.314159 -0.0326517
492 0.314159 -0.0428481
493 0.314159 0.164908
494 0.314159 0.0802075
495 0.314159 -0.0558487
496 0.314159 -0.169702
497 0.314159 0.042554
498 0.314159 -0.127868
499 0.314159 -0.0526016
500 0.314159 -0.0652284
501 0.314159 0.0609825
502 0.314159 0.181041
503 0.314159 -0.0756061
504 0.314159 0.0529164
505 0.314159 0.103956
506 0.314159 -0.00392312
507 0.314159 -0.148205
508 0.314159 0.0885102
509 0.314159 0.0367212
510 0.314159 0.200231
511 0.314159 0.0891335
512 0.314159 0.0904882
513 0.314159 -0.11741
514 0.314159 -0.00325296
515 0.314159 -0.0997396
516 0.314159 0.0602502
517 0.314159 -0.0872391
518 0.314159 -0.0377188
519 0.314159 -0.0562827
520 0.314159 -0.130387
521 0.314159 0.0117291
522 0.314159 0.0412595
523 0.314159 -0.127497
524 0.314159 0.152787
525 0.314159 -0.0242635
526 0.314159 0.0937929
527 0.314159 0.0880241
528 0.314159 -0.0578512
529 0.314159 0.195947
530 0.314159 0.159242
531 0.314159 0.112775
532 0.314159 -0.0927862
533 0.314159 0.122876
534 0.314159 -0.158536
535 0.314159 0.0747624
536 0.314159 -0.00135099
537 0.314159 0.116844
538 0.314159 0.125261
539 0.314159 0.132883
540 0.314159 0.222929
541 0.314159 -0.05624
542 0.314159 -0.0243898
543 0.314159 -0.112173
544 0.314159 -0.138944
545 0.314159 0.0362405
546 0.314159 0.0378778
547 0.314159 -0.131404
548 0.314159 0.212894
549 0.314159 -0.225503
550 0.314159 0.11729
551 0.314159 0.181432
552 0.314159 0.0402852
553 0.314159 -0.158092
554 0.314159 -0.075978
555 0.314159 0.317726
556 0.314159 -0.0608158
557 0.314159 -0.044928
558 0.314159 0.296091
559 0.314159 -0.171659
560 0.314159 0.0669151
561 0.314159 0.0850826
562 0.314159 -0.102255
563 0.314159 -0.0876466
564 0.314159 0.262134
565 0.314159 -0.164388
566 0.314159 0.147308
567 0.314159 0.173777
568 0.314159 0.0609816
569 0.314159 0.0667686
570 0.314159 0.0668772
571 0.314159 -0.0221887
572 0.314159 -0.124341
573 0.314159 0.0435539
574 0.314159 0.0640099
575 0.314159 0.0830994
576 0.314159 -0.000105592
577 0.314159 -0.116597
578 0.314159 -0.211841
579 0.314159 -0.225521
580 0.314159 -0.0497581
581 0.314159 -0.0499492
582 0.314159 -0.152729
583 0.314159 0.0243128
584 0.314159 -0.298696
585 0.314159 -0.0282357
586 0.314159 -0.0182931
587 0.314159 -0.125039
588 0.314159 -0.0423943
589 0.314159 0.0575055
590 0.314159 -0.0405044
591 0.314159 0.183071
592 0.314159 0.207447
593 0.314159 0.0771105
594 0.314159 0.0567648
595 0.314159 0.0244117
596 0.314159 -0.00902531
597 0.314159 0.235316
598 0.314159 -0.107604
599 0.314159 0.0428581
600 0.314159 -0.0172116
601 0.314159 0.0181501
602 0.314159 0.176997
603 0.314159 -0.139875
604 0.314159 -0.0966506
605 0.314159 -0.0805317
606 0.314159 -0.00153382
607 0.314159 -0.085499
608 0.314159 -0.0318277
609 0.314159 0.00306707
610 0.314159 -0.104318
611 0.314159 -0.0739101
612 0.314159 0.0388014
613 0.314159 -0.0450543
614 0.314159 0.034805
615 0.314159 0.105462
616 0.314159 0.0122266
617 0.314159 0.0460009
618 0.314159 -0.00739791
619 0.314159 0.0797984
620 0.314159 -0.15744
621 0.314159 -0.130393
622 0.314159 -0.0549373
623 0.314159 -0.00838745
624 0.314159 -0.195281
625 0.314159 -0.0283344
626 0.314159 -0.0933463
627 0.314159 -0.0314278
628 0.314159 0.0646113
629 0.314159 -0.0755688
630 0.314159 -0.276088
631 0.314159 0.853691
632 0.314159 0.0217083
633 0.314159 0.11503
634 0.314159 0.131674
635 0.314159 -0.0399026
636 0.314159 -0.0224315
637 0.314159 0.0146149
638 0.314159 -0.140685
639 0.314159 -0.0118403
640 0.314159 0.0218782
641 0.314159 -0.277343
642 0.314159 0.168478
643 0.314159 0.0404244
644 0.314159 0.0185991
645 0.314159 0.222905
646 0.314159 -0.133757
647 0.314159 0.0154223
648 0.314159 0.0574293
649 0.314159 -0.239382
650 0.314159 -0.0846845
651 0.314159 0.0155587
652 0.314159 -0.193054
653 0.314159 0.00269792
654 0.314159 -0.0317103
655 0.314159 -0.0445589
656 0.314159 0.121812
657 0.314159 0.0457424
658 0.314159 -0.00189293
659 0.314159 -0.0439747
660 0.314159 -0.115592
661 0.314159 0.109863
662 0.314159 -0.0390397
663 0.314159 -0.0973305
664 0.314159 -0.122393
665 0.314159 -0.0308101
666 0.314159 -0.00544165
667 0.314159 0.0622456
668 0.314159 -0.0821321
669 0.314159 0.104145
670 0.314159 0.0627251
671 0.314159 -0.134945
672 0.314159 -0.12257
673 0.314159 0.0754614
674 0.314159 -0.0237311
675 0.314159 -0.0295844
676 0.314159 -0.0688421
677 0.314159 0.0683012
678 0.314159 0.051647
679 0.314159 -0.0104108
680 0.314159 -0.136963
681 0.314159 0.135069
682 0.314159 0.13303
683 0.314159 -0.0901991
684 0.314159 -0.0774952
685 0.314159 0.0876678
686 0.314159 0.095926
687 0.314159 -0.075859
688 0.314159 -0.268633
689 0.314159 0.090765
690 0.314159 -0.104531
691 0.314159 -0.288135
692 0.314159 -0.131069
693 0.314159 0.203931
694 0.314159 -0.145547
695 0.314159 0.0127328
696 0.314159 0.0293885
697 0.314159 -0.101933
698 0.314159 -0.00905615
699 0.314159 -0.352571
700 0.314159 0.254257
701 0.314159 0.00218839
702 0.314159 -0.0892579
703 0.314159 0.135069
704 0.314159 -0.17209
705 0.314159 -0.0086996
706 0.314159 -0.213752
707 0.314159 -0.0067688
708 0.314159 0.0249569
709 0.314159 -0.136246
710 0.314159 -0.0785622
711 0.314159 0.126261
712 0.314159 0.224259
713 0.314159 0.0638264
714 0.314159 0.14119
715 0.314159 -0.12566
716 0.314159 -0.0733057
717 0.314159 0.0185224
718 0.314159 -0.024866
719 0.314159 0.0758086
720 0.314159 -0.023694
721 0.314159 -0.0652795
722 0.314159 0.00716356
723 0.314159 -0.127806
724 0.314159 -0.158218
725 0.314159 -0.0715931
726 0.314159 -0.102538
727 0.314159 0.122592
728 0.314159 -0.184908
729 0.314159 0.184736
730 0.314159 0.00910353
731 0.314159 0.0751641
732 0.314159 0.119997
733 0.314159 -0.0290432
734 0.314159 -0.000633604
735 0.314159 0.000837595
736 0.314159 -0.0489132
737 0.314159 0.0369636
738 0.314159 0.0111967
739 0.314159 0.0306396
740 0.314159 0.101655
741 0.314159 0.103938
742 0.314159 -0.108484
743 0.314159 -0.00461251
744 0.314159 -0.0207569
745 0.314159 0.070666
746 0.314159 -0.106691
747 0.314159 0.241985
748 0.314159 0.204101
749 0.314159 0.0183142
750 0.314159 -0.0517771
751 0.314159 -0.0718552
752 0.314159 0.0629816
753 0.314159 -0.126557
754 0.314159 -0.132585
755 0.314159 0.0653136
756 0.314159 -0.0535693
757 0.314159 0.154468
758 0.314159 0.0140673
759 0.314159 0.0277456
760 0.314159 0.0427267
761 0.314159 0.176944
762 0.314159 0.0937686
763 0.314159 0.0648494
764 0.314159 0.008742
765 0.314159 -0.0331422
766 0.314159 -0.0413442
767 0.314159 -0.094438
768 0.314159 0.220014
769 0.314159 0.109844
770 0.314159 -0.0795861
771 0.314159 -0.0176247
772 0.314159 0.0213766
773 0.314159 -0.0587473
774 0.314159 0.181855
775 0.314159 0.0173432
776 0.314159 0.072737
777 0.314159 0.0404707
778 0.314159 -0.062187
779 0.314159 0.145174
780 0.314159 -0.0967801
781 0.314159 -0.0713756
782 0.314159 -0.0480808
783 0.314159 0.193939
784 0.314159 -0.28368
785 0.314159 -0.0405951
786 0.314159 -0.00715352
787 0.314159 0.104956
788 0.314159 -0.152072
789 0.314159 0.174508
790 0.314159 0.0167549
791 0.314159 -0.127251
792 0.314159 0.00900542
793 0.314159 0.0367588
794 0.314159 -0.00343204
795 0.314159 -0.0453473
796 0.314159 -0.00814776
797 0.314159 -0.0874267
798 0.314159 0.0080493
799 0.314159 -0.173624
800 0.314159 -0.208529
801 0.314159 0.0947723
802 0.314159 -0.0670955
803 0.314159 -0.0525453
804 0.314159 0.13181
805 0.314159 0.00583434
806 0.314159 0.24509
807 0.314159 0.0650093
808 0.314159 -0.0304206
809 0.314159 0.134329
810 0.314159 -0.0228834
811 0.314159 0.0797473
812 0.314159 -0.00562693
813 0.314159 -0.0652198
814 0.314159 -0.163458
815 0.314159 -0.0701142
816 0.314159 -0.0768353
817 0.314159 0.190925
818 0.314159 0.131827
819 0.314159 0.118568
820 0.314159 0.0202307
821 0.314159 -0.110404
822 0.314159 0.0759328
823 0.314159 -0.0630041
824 0.314159 -0.0894114
825 0.314159 0.195736
826 0.314159 -0.0942469
827 0.314159 0.0324373
828 0.314159 0.237922
829 0.314159 -0.0181575
830 0.314159 0.0107074
831 0.314159 -0.0679178
832 0.314159 -0.18622
833 0.314159 -0.17098
834 0.314159 -0.0948831
835 0.314159 -0.141698
836 0.314159 0.0697105
837 0.314159 0.0526629
838 0.314159 0.255433
839 0.314159 -0.0175276
840 0.314159 -0.0260493
841 0.314159 -1.47975e-05
842 0.314159 -0.162438
843 0.314159 0.0353414
844 0.314159 0.123545
845 0.314159 0.0870117
846 0.314159 -0.0451924
847 0.314159 -0.0724574
848 0.314159 -0.024262
849 0.314159 -0.0373672
850 0.314159 0.0598349
851 0.314159 0.0525597
852 0.314159 -0.156939
853 0.314159 -0.0174866
854 0.314159 0.114786
855 0.314159 -0.0800696
856 0.314159 0.0728172
857 0.314159 0.142177
858 0.314159 0.118514
859 0.314159 0.0602264
860 0.314159 -0.0819387
861 0.314159 -0.162182
862 0.314159 0.143207
863 0.314159 0.00691776
864 0.314159 0.0343605
865 0.314159 -0.0439523
866 0.314159 0.10658
867 0.314159 -0.0322502
868 0.314159 0.107503
869 0.314159 -0.128149
870 0.314159 0.108132
871 0.314159 -0.177542
872 0.314159 0.187686
873 0.314159 0.00953703
874 0.314159 0.0549538
875 0.314159 0.0150648
876 0.314159 0.00874956
877 0.314159 0.0165669
878 0.314159 -0.0226764
879 0.314159 -0.153031
880 0.314159 0.0319166
881 0.314159 0.298917
882 0.314159 0.164683
883 0.314159 0.0812164
884 0.314159 -0.103345
885 0.314159 0.0956491
886 0.314159 0.22857
887 0.314159 -0.0638677
888 0.314159 -0.245499
889 0.314159 0.0711296
890 0.314159 0.00189917
891 0.314159 0.314211
892 0.314159 0.120957
893 0.314159 -0.0359721
894 0.314159 0.222291
895 0.314159 -0.0861656
896 0.314159 0.217088
897 0.314159 0.032391
898 0.314159 0.00367679
899 0.314159 0.0560817
900 0.314159 -0.0596759
901 0.314159 -0.0179389
902 0.314159 -0.00757039
903 0.314159 0.0186301
904 0.314159 0.0617267
905 0.314159 -0.00153113
906 0.314159 -0.0340688
907 0.314159 0.122617
908 0.314159 -0.0128865
909 0.314159 -0.0726371
910 0.314159 -0.113534
911 0.314159 0.0125884
912 0.314159 -0.0039013
913 0.314159 0.0126155
914 0.314159 0.115364
915 0.314159 -0.0693414
916 0.314159 -0.0611031
917 0.314159 -0.151457
918 0.314159 -0.0242343
919 0.314159 0.102979
920 0.314159 -0.0602323
921 0.314159 0.00223948
922 0.314159 -0.1814
923 0.314159 -0.0592439
924 0.314159 -0.124991
925 0.314159 -0.11486
926 0.314159 0.167679
927 0.314159 -0.167316
928 0.314159 0.0860686
929 0.314159 -0.273152
930 0.314159 0.0936163
931 0.314159 0.246197
932 0.314159 -0.165121
933 0.314159 0.0388175
934 0.314159 -0.177018
935 0.314159 0.223085
936 0.314159 -0.146419
937 0.314159 0.00612041
938 0.314159 0.0957433
939 0.314159 -0.0460786
940 0.314159 -0.0978948
941 0.314159 0.0752672
942 0.314159 -0.139315
943 0.314159 -0.0376619
944 0.314159 0.128403
945 0.314159 -0.108199
946 0.314159 -0.244555
947 0.314159 -0.133118
948 0.314159 -0.154885
949 0.314159 0.0283729
950 0.314159 -0.118682
951 0.314159 0.0778186
952 0.314159 0.0515615
953 0.314159 0.036001
954 0.314159 0.109499
955 0.314159 -0.203108
956 0.314159 -0.205756
957 0.314159 -0.0148771
958 0.314159 -0.178067
959 0.314159 -0.111544
960 0.314159 -0.198112
961 0.314159 -0.156969
962 0.314159 -0.0190486
963 0.314159 -0.0560617
964 0.314159 -0.231921
965 0.314159 -0.115575
966 0.314159 -0.13028
967 0.314159 -0.0730979
968 0.314159 -0.0782476
969 0.314159 -0.0730852
970 0.314159 0.149676
971 0.314159 -0.130233
972 0.314159 -0.000580393
973 0.314159 0.0481622
974 0.314159 0.0124521
975 0.314159 -0.0657281
976 0.314159 0.0427103
977 0.314159 -0.082287
978 0.314159 0.18554
979 0.314159 -0.108752
980 0.314159 -0.00136814
981 0.314159 0.00172267
982 0.314159 -0.0813644
983 0.314159 -0.267856
984 0.314159 0.168248
985 0.314159 -0.101062
986 0.314159 -0.0191872
987 0.314159 0.0300397
988 0.314159 0.00949505
989 0.314159 0.0189423
990 0.314159 0.124369
991 0.314159 0.26495
992 0.314159 -0.1283
993 0.314159 0.116553
994 0.314159 -0.0285829
995 0.314159 -0.0832109
996 0.314159 0.224878
997 0.314159 -0.113129
998 0.314159 -0.0420801
999 0.314159 -0.153057
1000 0.314159 0.00732289
1 0.628319 0.0781905
2 0.628319 0.0367945
3 0.628319 0.113025
4 0.628319 -0.134808
5 0.628319 0.000257383
6 0.628319 0.119438
7 0.628319 -0.0377455
8 0.628319 -0.0374459
9 0.628319 -0.198602
10 0.628319 -0.11819
11 0.628319 0.0036206
12 0.628319 -0.124702
13 0.628319 -0.123533
14 0.628319 0.0792514
15 0.628319 0.207659
16 0.628319 -0.149007
17 0.628319 0.350018
18 0.628319 0.196852
19 0.628319 -0.258292
20 0.628319 0.118014
21 0.628319 -0.0307681
22 0.628319 -0.0733734
23 0.628319 -0.0542616
24 0.628319 -0.0671534
25 0.628319 -0.0788858
26 0.628319 -0.0777531
27 0.628319 -0.132113
28 0.628319 0.00873237
29 0.628319 0.154202
30 0.628319 -0.069746
31 0.628319 -0.032285
32 0.628319 0.0463411
33 0.628319 -0.074422
34 0.628319 0.172712
35 0.628319 0.109946
36 0.628319 -0.0118577
37 0.628319 0.0796748
38 0.628319 0.135121
39 0.628319 0.143148
40 0.628319 0.292711
41 0.628319 0.0320147
42 0.628319 0.0941613
43 0.628319 -0.0194182
44 0.628319 0.0551586
45 0.628319 0.143521
46 0.628319 0.0289685
47 0.628319 0.038447
48 0.628319 -0.0401059
49 0.628319 -0.178638
50 0.628319 -0.064969
51 0.628319 -0.0475189
52 0.628319 -0.0202432
53 0.628319 0.0322735
54 0.628319 0.19712
55 0.628319 0.0262698
56 0.628319 -0.0879618
57 0.628319 0.0475687
58 0.628319 0.0742296
59 0.628319 -0.329964
60 0.628319 -0.0537196
61 0.628319 0.0752668
62 0.628319 -0.105826
63 0.628319 -0.0965822
64 0.628319 -0.0364565
65 0.628319 -0.286756
66 0.628319 0.193224
67 0.628319 0.0166496
68 0.628319 0.0354598
69 0.628319 -0.282271
70 0.628319 0.1045
71 0.628319 0.192904
72 0.628319 -0.0397743
73 0.628319 -0.00697473
74 0.628319 -0.130905
75 0.628319 0.112384
76 0.628319 -0.00717212
77 0.628319 -0.115288
78 0.628319 0.0384786
79 0.628319 -0.0583363
80 0.628319 0.0214991
81 0.628319 -0.117733
82 0.628319 -0.000979947
83 0.628319 0.19157
84 0.628319 0.00524643
85 0.628319 0.0121093
86 0.628319 -0.196571
87 0.628319 0.00775811
88 0.628319 0.21069
89 0.628319 0.0542372
90 0.628319 0.23683
91 0.628319 0.086792
92 0.628319 -0.0557571
93 0.628319 0.0597255
94 0.628319 0.0207978
95 0.628319 0.0230034
96 0.628319 -0.113742
97 0.628319 0.060307
98 0.628319 -0.0214905
99 0.628319 -0.0391803
100 0.628319 -0.0781039
101 0.628319 -0.0689913
102 0.628319 -0.0298833
103 0.628319 -0.0499376
104 0.628319 -0.232832
105 0.628319 0.0552967
106 0.628319 -0.164708
107 0.628319 -0.0874799
108 0.628319 0.00920577
109 0.628319 -0.167566
110 0.628319 -0.0211319
111 0.628319 0.0416476
112 0.628319 0.0774537
113 0.628319 0.0411669
114 0.628319 -0.244657
115 0.628319 0.020363
116 0.628319 -0.054403
117 0.628319 0.0264254
118 0.628319 -0.122015
119 0.628319 -0.173377
120 0.628319 -0.0380686
121 0.628319 0.0101345
122 0.628319 0.0630477
123 0.628319 0.005216
124 0.628319 -0.0294643
125 0.628319 0.0920362
126 0.628319 -0.10298
127 0.628319 0.0668755
128 0.628319 -0.0660023
129 0.628319 -0.0393699
130 0.628319 -0.242437
131 0.628319 0.0731115
132 0.628319 0.03493
133 0.628319 0.0844013
134 0.628319 -0.00987953
135 0.628319 -0.0761096
136 0.628319 -0.0597785
137 0.628319 -0.0398906
138 0.628319 -0.187358
139 0.628319 -0.0096233
140 0.628319 -0.0209478
141 0.628319 0.0284196
142 0.628319 0.0404939
143 0.628319 -0.0131099
144 0.628319 0.0753992
145 0.628319 0.0854101
146 0.628319 -0.0935245
147 0.628319 0.136636
148 0.628319 0.230913
149 0.628319 -0.0629528
150 0.628319 -0.116386
151 0.628319 0.0363025
152 0.628319 -0.13628
153 0.628319 -0.117898
154 0.628319 0.0500378
155 0.628319 -0.0241207
156 0.628319 -0.0564922
157 0.628319 0.0630178
158 0.628319 0.181609
159 0.628319 -0.104184
160 0.628319 -0.108825
161 0.628319 -0.115146
162 0.628319 -0.153041
163 0.628319 -0.0616112
164 0.628319 -0.184926
165 0.628319 0.0644521
166 0.628319 -0.0473896
167 0.628319 0.101199
168 0.628319 0.0418078
169 0.628319 -0.0350403
170 0.628319 -0.0204739
171 0.628319 0.0500135
172 0.628319 -0.108407
173 0.628319 -0.041351
174 0.628319 0.0608026
175 0.628319 -0.235701
176 0.628319 0.0417233
177 0.628319 0.164298
178 0.628319 0.0965882
179 0.628319 0.129108
180 0.628319 0.0163911
181 0.628319 -0.017423
182 0.628319 -0.14013
183 0.628319 -0.0760739
184 0.628319 -0.118571
185 0.628319 -0.0572461
186 0.628319 0.0215859
187 0.628319 -0.0752353
188 0.628319 0.0712868
189 0.628319 0.0240079
190 0.628319 0.0146037
191 0.628319 -0.10082
192 0.628319 -0.041681
193 0.628319 -0.0548384
194 0.628319 -0.136643
195 0.628319 0.0820772
196 0.628319 0.0682403
197 0.628319 0.100786
198 0.628319 0.0228518
199 0.628319 0.018295
200 0.628319 0.016228
201 0.628319 0.0696989
202 0.628319 0.0981458
203 0.628319 -0.0262621
204 0.628319 0.0270936
205 0.628319 0.0615064
206 0.628319 -0.031672
207 0.628319 -0.016635
208 0.628319 0.0552824
209 0.628319 0.0469241
210 0.628319 0.0285363
211 0.628319 -0.0502433
212 0.628319 0.13787
213 0.628319 0.0318703
214 0.628319 -0.0638783
215 0.628319 -0.072029
216 0.628319 0.0890139
217 0.628319 -0.308598
218 0.628319 -0.121484
219 0.628319 -0.15639
220 0.628319 0.0829847
221 0.628319 -0.160138
222 0.628319 0.124936
223 0.628319 0.0671279
224 0.628319 -0.0446612
225 0.628319 -0.00461008
226 0.628319 -0.154117
227 0.628319 0.00334679
228 0.628319 0.0751083
229 0.628319 0.0372776
230 0.628319 0.109411
231 0.628319 0.0836449
232 0.628319 -0.0663657
233 0.628319 -0.00888749
234 0.628319 0.0791936
235 0.628319 0.282908
236 0.628319 -0.126547
237 0.628319 -0.081808
238 0.628319 -0.132729
239 0.628319 0.0464559
240 0.628319 -0.0179701
241 0.628319 0.0503884
242 0.628319 0.187663
243 0.628319 -0.0106165
244 0.628319 0.0535979
245 0.628319 -0.18369
246 0.628319 0.0412606
247 0.628319 0.166863
248 0.628319 -0.178762
249 0.628319 0.0331742
250 0.628319 0.00384454
251 0.628319 -0.0224459
252 0.628319 -0.21844
253 0.628319 -0.323709
254 0.628319 -0.0172879
255 0.628319 -0.0453696
256 0.628319 -0.0692075
257 0.628319 -0.0759129
258 0.628319 0.0718104
259 0.628319 -0.0060228
260 0.628319 -0.0715892
261 0.628319 0.107534
262 0.628319 -0.0863532
263 0.628319 0.0207707
264 0.628319 0.084223
265 0.628319 0.0108141
266 0.628319 0.0124638
267 0.628319 0.047262
268 0.628319 -0.152511
269 0.628319 -0.147725
270 0.628319 0.0409261
271 0.628319 -0.0905074
272 0.628319 0.131082
273 0.628319 0.0263373
274 0.628319 0.0253429
275 0.628319 0.171665
276 0.628319 0.149381
277 0.628319 0.116143
278 0.628319 0.0314013
279 0.628319 -0.027192
280 0.628319 0.127499
281 0.628319 -0.120828
282 0.628319 -0.00554652
283 0.628319 0.0104173
284 0.628319 -0.0197645
285 0.628319 0.0318707
286 0.628319 -0.169588
287 0.628319 0.196424
288 0.628319 -0.0837786
289 0.628319 -0.328463
290 0.628319 0.132341
291 0.628319 0.205437
292 0.628319 0.098303
293 0.628319 0.135379
294 0.628319 0.333574
295 0.628319 -0.0432758
296 0.628319 0.196801
297 0.628319 -0.141733
298 0.628319 0.0736446
299 0.628319 0.0506082
300 0.628319 -0.315891
301 0.628319 0.178038
302 0.628319 -0.0189033
303 0.628319 0.0298051
304 0.628319 -0.0306571
305 0.628319 -0.0732689
306 0.628319 0.0564548
307 0.628319 -0.285117
308 0.628319 -0.100608
309 0.628319 0.196695
310 0.628319 0.0219546
311 0.628319 -0.0136699
312 0.628319 0.189644
313 0.628319 -0.166442
314 0.628319 0.0018814
315 0.628319 -0.0788646
316 0.628319 0.152491
317 0.628319 0.10321
318 0.628319 -0.195107
319 0.628319 -0.065708
320 0.628319 0.194427
321 0.628319 -0.00500445
322 0.628319 -0.136916
323 0.628319 -0.168358
324 0.628319 -0.021278
325 0.628319 0.0328917
326 0.628319 -0.0709637
327 0.628319 0.0758447
328 0.628319 0.133125
329 0.628319 0.093073
330 0.628319 -0.0760877
331 0.628319 0.0745904
332 0.628319 0.00714783
333 0.628319 0.0200088
334 0.628319 0.0711156
335 0.628319 0.141656
336 0.628319 0.159807
337 0.628319 0.0671794
338 0.628319 0.00600616
339 0.628319 -0.206419
340 0.628319 -0.0833553
341 0.628319 0.189095
342 0.628319 -0.00942073
343 0.628319 0.00369997
344 0.628319 -0.134127
345 0.628319 0.0756876
346 0.628319 0.0754425
347 0.628319 0.0162596
348 0.628319 -0.00236539
349 0.628319 0.0690147
350 0.628319 0.0935291
351 0.628319 0.188441
352 0.628319 -0.0304207
353 0.628319 -0.0861067
354 0.628319 0.227555
355 0.628319 -0.0260842
356 0.628319 -0.15641
357 0.628319 0.0704433
358 0.628319 -0.199319
359 0.628319 0.285504
360 0.628319 -0.22703
361 0.628319 0.129136
362 0.628319 0.0998351
363 0.628319 -0.112149
364 0.628319 -0.0538303
365 0.628319 0.0294929
366 0.628319 -0.213206
367 0.628319 0.0454554
368 0.628319 0.00462541
369 0.628319 -0.726518
370 0.628319 0.261564
371 0.628319 0.0117866
372 0.628319 -0.033899
373 0.628319 -0.00610858
374 0.628319 -0.0658694
375 0.628319 -0.046246
376 0.628319 0.180353
377 0.628319 -0.0301047
378 0.628319 0.114744
379 0.628319 0.101709
380 0.628319 0.113714
381 0.628319 -0.0794783
382 0.628319 0.08489
383 0.628319 0.0827329
384 0.628319 0.000700514
385 0.628319 -0.0545396
386 0.628319 -0.114539
387 0.628319 -0.072576
388 0.628319 0.0519382
389 0.628319 0.152058
390 0.628319 -0.0142724
391 0.628319 -0.14234
392 0.628319 -0.0388663
393 0.628319 -0.0742121
394 0.628319 0.0226362
395 0.628319 0.118754
396 0.628319 -0.00437138
397 0.628319 0.150847
398 0.628319 -0.181806
399 0.628319 0.0692352
400 0.628319 0.0218273
401 0.628319 -0.0836321
402 0.628319 -0.0253946
403 0.628319 -0.10192
404 0.628319 0.0324296
405 0.628319 0.119242
406 0.628319 -0.101588
407 0.628319 0.150723
408 0.628319 -0.0557591
409 0.628319 -0.268289
410 0.628319 -0.283013
411 0.628319 -0.0853819
412 0.628319 0.0444847
413 0.628319 0.0125705
414 0.628319 0.147491
415 0.628319 0.0622472
416 0.628319 0.206378
417 0.628319 -0.115334
418 0.628319 0.16553
419 0.628319 0.0796254
420 0.628319 0.200826
421 0.628319 0.188621
422 0.628319 -0.00148075
423 0.628319 0.133345
424 0.628319 0.0622932
425 0.628319 0.119315
426 0.628319 -0.0212183
427 0.628319 0.0340638
428 0.628319 0.146041
429 0.628319 0.00639933
430 0.628319 -0.0719645
431 0.628319 -0.192198
432 0.628319 -0.125853
433 0.628319 -0.166105
434 0.628319 -0.00487293
435 0.628319 0.0681645
436 0.628319 -0.101078
437 0.628319 0.0580964
438 0.628319 0.106531
439 0.628319 -0.0950093
440 0.628319 0.00511032
441 0.628319 0.198302
442 0.628319 -0.35183
443 0.628319 0.0637796
444 0.628319 -0.0671229
445 0.628319 -0.0936744
446 0.628319 0.17152
447 0.628319 0.0115894
448 0.628319 -0.151515
449 0.628319 -0.251181
450 0.628319 -0.011742
451 0.628319 0.164784
452 0.628319 -0.0642119
453 0.628319 0.158297
454 0.628319 -0.118336
455 0.628319 0.046167
456 0.628319 -0.0311005
457 0.628319 0.0825175
458 0.628319 0.034042
459 0.628319 -0.0181012
460 0.628319 -0.13346
461 0.628319 0.0187139
462 0.628319 0.0332503
463 0.628319 -0.0418343
464 0.628319 0.0278751
465 0.628319 0.0757629
466 0.628319 -0.0167004
467 0.628319 -0.08219
468 0.628319 0.12132
469 0.628319 -0.0447843
470 0.628319 -0.168492
471 0.628319 -0.211837
472 0.628319 0.017397
473 0.628319 0.0856722
474 0.628319 -0.0425729
475 0.628319 0.00868003
476 0.628319 -0.0628991
477 0.628319 0.16386
478 0.628319 -0.0886812
479 0.628319 0.144494
480 0.628319 -0.00132904
481 0.628319 0.0322703
482 0.628319 -0.00639125
483 0.628319 0.0153441
484 0.628319 0.0903744
485 0.628319 0.0807253
486 0.628319 0.0178366
487 0.628319 0.0404113
488 0.628319 -0.128411
489 0.628319 -0.0944407
490 0.628319 -0.115236
491 0.628319 -0.0256375
492 0.628319 -0.0124398
493 0.628319 0.149051
494 0.628319 0.108334
495 0.628319 -0.0222092
496 0.628319 -0.205751
497 0.628319 0.0188221
498 0.628319 -0.0808206
499 0.628319 -0.0403405
500 0.628319 -0.124074
501 0.628319 0.0562774
502 0.628319 0.181956
503 0.628319 -0.0816891
504 0.628319 -0.0163752
505 0.628319 0.113723
506 0.628319 0.0367661
507 0.628319 -0.117297
508 0.628319 0.0993003
509 0.628319 0.0333733
510 0.628319 0.19137
511 0.628319 0.0687102
512 0.628319 0.0573253
513 0.628319 -0.122584
514 0.628319 0.00298969
515 0.628319 -0.0864104
516 0.628319 0.105355
517 0.628319 -0.096699
518 0.628319 -0.0467817
519 0.628319 -0.0538384
520 0.628319 -0.153785
521 0.628319 0.0689811
522 0.628319 0.0146343
523 0.628319 -0.0872949
524 0.628319 0.155584
525 0.628319 -0.0252146
526 0.628319 0.0939955
527 0.628319 0.136203
528 0.628319 -0.0613614
529 0.628319 0.149432
530 0.628319 0.122841
531 0.628319 0.115476
532 0.628319 -0.0627366
533 0.628319 0.113054
534 0.628319 -0.192748
535 0.628319 0.116823
536 0.628319 0.00905966
537 0.628319 0.121376
538 0.628319 0.159954
539 0.628319 0.163364
540 0.628319 0.21109
541 0.628319 -0.07303
542 0.628319 -0.0156719
543 0.628319 -0.100348
544 0.628319 -0.175219
545 0.628319 0.0602365
546 0.628319 -0.000676595
547 0.628319 -0.0940089
548 0.628319 0.225743
549 0.628319 -0.202155
550 0.628319 0.133391
551 0.628319 0.117346
552 0.628319 -0.0105172
553 0.628319 -0.181417
554 0.628319 -0.0238055
555 0.628319 0.337728
556 0.628319 -0.0971392
557 0.628319 -0.028454
558 0.628319 0.213688
559 0.628319 -0.126052
560 0.628319 0.0806152
561 0.628319 0.0637244
562 0.628319 -0.079513
563 0.628319 -0.0808451
564 0.628319 0.269544
565 0.628319 -0.167212
566 0.628319 0.171311
567 0.628319 0.140844
568 0.628319 0.0236174
569 0.628319 0.00507986
570 0.628319 0.051131
571 0.628319 -0.0236312
572 0.628319 -0.0903874
573 0.628319 0.0642138
574 0.628319 0.0671402
575 0.628319 0.143262
576 0.628319 0.0236715
577 0.628319 -0.0861386
578 0.628319 -0.249596
579 0.628319 -0.193068
580 0.628319 0.0182102
581 0.628319 -0.028305
582 0.628319 -0.116315
583 0.628319 -0.0154752
584 0.628319 -0.272309
585 0.628319 -0.00941027
586 0.628319 0.0348301
587 0.628319 -0.142193
588 0.628319 -0.0328477
589 0.628319 0.0349867
590 0.628319 -0.155718
591 0.628319 0.11273
592 0.628319 0.222566
593 0.628319 0.148224
594 0.628319 0.0279242
595 0.628319 0.0742376
596 0.628319 0.00177157
597 0.628319 0.237702
598 0.628319 -0.136194
599 0.628319 0.0184386
600 0.628319 -0.0118924
601 0.628319 0.047789
602 0.628319 0.13863
603 0.628319 -0.106814
604 0.628319 -0.115296
605 0.628319 -0.0493091
606 0.628319 0.00684162
607 0.628319 -0.12886
608 0.628319 -0.0522606
609 0.628319 -0.0507598
610 0.628319 -0.128088
611 0.628319 -0.0288041
612 0.628319 0.065453
613 0.628319 -0.0806937
614 0.628319 -0.00283233
615 0.628319 0.103145
616 0.628319 0.0146434
617 0.628319 0.0856797
618 0.628319 0.0237246
619 0.628319 0.0634583
620 0.628319 -0.141644
621 0.628319 -0.114434
622 0.628319 -0.0207553
623 0.628319 -0.0213591
624 0.628319 -0.160667
625 0.628319 -0.050972
626 0.628319 -0.134895
627 0.628319 -0.0392802
628 0.628319 0.0630043
629 0.628319 -0.0843405
630 0.628319 -0.224653
631 0.628319 0.726073
632 0.628319 0.0272858
633 0.628319 0.152587
634 0.628319 0.0733497
635 0.628319 -0.0356408
636 0.628319 -0.0469333
637 0.628319 -0.0256567
638 0.628319 -0.127258
639 0.628319 0.0354082
640 0.628319 -0.0610027
641 0.628319 -0.216979
642 0.628319 0.121926
643 0.628319 0.074428
644 0.628319 -0.037884
645 0.628319 0.252079
646 0.628319 -0.0703194
647 0.628319 -0.0147563
648 0.628319 0.0558893
649 0.628319 -0.209431
650 0.628319 -0.0638263
651 0.628319 0.0446489
652 0.628319 -0.227849
653 0.628319 0.00938066
654 0.628319 -0.00845719
655 0.628319 -0.0234698
656 0.628319 0.0919693
657 0.628319 0.0551871
658 0.628319 -0.00582069
659 0.628319 0.0205319
660 0.628319 -0.167722
661 0.628319 0.0503093
662 0.628319 -0.0436021
663 0.628319 -0.0887577
664 0.628319 -0.0828358
665 0.628319 0.0178895
666 0.628319 0.0207712
667 0.628319 0.0808115
668 0.628319 -0.0938198
669 0.628319 0.15092
670 0.628319 0.0446757
671 0.628319 -0.12309
672 0.628319 -0.0932442
673 0.628319 0.117678
674 0.628319 -0.055001
675 0.628319 -0.0222131
676 0.628319 -0.0890586
677 0.628319 0.0159883
678 0.628319 0.00842368
679 0.628319 -0.0141506
680 0.628319 -0.0867451
681 0.628319 0.133689
682 0.628319 0.0818564
683 0.628319 -0.0666133
684 0.628319 -0.0328595
685 0.628319 0.0729374
686 0.628319 0.113493
687 0.628319 -0.152754
688 0.628319 -0.243362
689 0.628319 0.10148
690 0.628319 -0.114497
691 0.628319 -0.263595
692 0.628319 -0.19251
693 0.628319 0.13083
694 0.628319 -0.149545
695 0.628319 -0.0130164
696 0.628319 0.0228337
697 0.628319 -0.108448
698 0.628319 -0.0178648
699 0.628319 -0.346477
700 0.628319 0.178239
701 0.628319 0.0219019
702 0.628319 -0.0767965
703 0.628319 0.104646
704 0.628319 -0.127134
705 0.628319 -0.026755
706 0.628319 -0.123867
707 0.628319 0.0437525
708 0.628319 0.066885
709 0.628319 -0.0816985
710 0.628319 -0.0418048
711 0.628319 0.0229702
712 0.628319 0.231634
713 0.628319 0.150058
714 0.628319 0.101207
715 0.628319 -0.13555
716 0.628319 -0.0937278
717 0.628319 0.0257522
718 0.628319 -0.0313516
719 0.628319 0.0429694
720 0.628319 0.0208355
721 0.628319 -0.0871292
722 0.628319 0.020422
723 0.628319 -0.105884
724 0.628319 -0.12894
725 0.628319 -0.0185892
726 0.628319 -0.110862
727 0.628319 0.154175
728 0.628319 -0.167305
729 0.628319 0.182602
730 0.628319 0.0263311
731 0.628319 0.0319321
732 0.628319 0.0828104
733 0.628319 -0.0160889
734 0.628319 0.00401624
735 0.628319 0.00511515
736 0.628319 -0.025332
737 0.628319 0.0513858
738 0.628319 -0.0198258
739 0.628319 0.0770935
740 0.628319 0.0921584
741 0.628319 0.119888
742 0.628319 -0.100107
743 0.628319 -0.0344126
744 0.628319 -0.0508414
745 0.628319 0.0657418
746 0.628319 -0.132028
747 0.628319 0.160822
748 0.628319 0.156505
749 0.628319 0.0129553
750 0.628319 -0.0594007
751 0.628319 -0.0717957
752 0.628319 0.00575998
753 0.628319 -0.0850411
754 0.628319 -0.140099
755 0.628319 0.00661565
756 0.628319 -0.0424988
757 0.628319 0.177538
758 0.628319 0.0882195
759 0.628319 0.0518677
760 0.628319 0.0433646
761 0.628319 0.225754
762 0.628319 0.0595376
763 0.628319 0.0449896
764 0.628319 -0.0380602
765 0.628319 0.0691076
766 0.628319 -0.0183527
767 0.628319 -0.11442
768 0.628319 0.233299
769 0.628319 0.161073
770 0.628319 -0.0517702
771 0.628319 -0.00647926
772 0.628319 0.0538233
773 0.628319 -0.0677856
774 0.628319 0.154917
775 0.628319 0.0186319
776 0.628319 0.0684467
777 0.628319 0.0732205
778 0.628319 -0.0253875
779 0.628319 0.109494
780 0.628319 -0.0820748
781 0.628319 -0.143642
782 0.628319 -0.102925
783 0.628319 0.110112
784 0.628319 -0.299486
785 0.628319 -0.0752338
786 0.628319 -0.0328083
787 0.628319 0.135552
788 0.628319 -0.126113
789 0.628319 0.185957
790 0.628319 0.030595
791 0.628319 -0.13167
792 0.628319 0.0317066
793 0.628319 0.0368652
794 0.628319 -0.0161357
795 0.628319 -0.0298153
796 0.628319 0.000772319
797 0.628319 -0.112802
798 0.628319 0.0469526
799 0.628319 -0.17748
800 0.628319 -0.238946
801 0.628319 0.118405
802 0.628319 -0.0701504
803 0.628319 -0.0232713
804 0.628319 0.181019
805 0.628319 0.0382127
806 0.628319 0.235921
807 0.628319 0.0554729
808 0.628319 -0.0516818
809 0.628319 0.119405
810 0.628319 -0.0213199
811 0.628319 0.102925
812 0.628319 0.0206192
813 0.628319 -0.105406
814 0.628319 -0.183915
815 0.628319 -0.104289
816 0.628319 -0.135614
817 0.628319 0.19539
818 0.628319 0.101446
819 0.628319 0.132734
820 0.628319 0.0300512
821 0.628319 -0.0804728
822 0.628319 0.126159
823 0.628319 -0.0113081
824 0.628319 -0.089172
825 0.628319 0.140067
826 0.628319 -0.0875678
827 0.628319 0.0223364
828 0.628319 0.238289
829 0.628319 -0.00223996
830 0.628319 0.00476046
831 0.628319 -0.0932293
832 0.628319 -0.202953
833 0.628319 -0.162346
834 0.628319 -0.129638
835 0.628319 -0.14196
836 0.628319 0.011317
837 0.628319 0.0383764
838 0.628319 0.241829
839 0.628319 -0.0645848
840 0.628319 -0.0721956
841 0.628319 -0.0398117
842 0.628319 -0.121592
843 0.628319 0.0656151
844 0.628319 0.123658
845 0.628319 0.0930796
846 0.628319 -0.034015
847 0.628319 -0.130225
848 0.628319 -0.0805724
849 0.628319 -0.0300558
850 0.628319 0.0258899
851 0.628319 0.0377417
852 0.628319 -0.0962895
853 0.628319 0.0316344
854 0.628319 0.0992182
855 0.628319 -0.0615014
856 0.628319 0.114403
857 0.628319 0.162132
858 0.628319 0.154781
859 0.628319 0.0816587
860 0.628319 -0.104328
861 0.628319 -0.194333
862 0.628319 0.0967948
863 0.628319 -0.00710521
864 0.628319 0.0175624
865 0.628319 -0.0807348
866 0.628319 0.121518
867 0.628319 -0.00566986
868 0.628319 0.139717
869 0.628319 -0.122726
870 0.628319 0.0345165
871 0.628319 -0.223753
872 0.628319 0.195431
873 0.628319 0.0367518
874 0.628319 0.0252686
875 0.628319 0.0528671
876 0.628319 -0.000973927
877 0.628319 0.0214611
878 0.628319 -0.00257302
879 0.628319 -0.176031
880 0.628319 0.0229778
881 0.628319 0.285175
882 0.628319 0.14699
883 0.628319 0.105566
884 0.628319 -0.142269
885 0.628319 0.12022
886 0.628319 0.175252
887 0.628319 -0.059354
888 0.628319 -0.259019
889 0.628319 0.0995346
890 0.628319 -0.00584264
891 0.628319 0.305375
892 0.628319 0.145706
893 0.628319 -0.0757068
894 0.628319 0.198401
895 0.628319 -0.0801773
896 0.628319 0.166274
897 0.628319 0.0190017
898 0.628319 -0.00709392
899 0.628319 0.0395787
900 0.628319 -0.0999817
901 0.628319 -0.0360554
902 0.628319 -0.0171084
903 0.628319 0.0449349
904 0.628319 0.0291238
905 0.628319 0.0069868
906 0.628319 -0.0321036
907 0.628319 0.166964
908 0.628319 -0.036449
909 0.628319 -0.0522447
910 0.628319 -0.0430018
911 0.628319 0.0355141
912 0.628319 0.0758859
913 0.628319 0.0177967
914 0.628319 0.0605356
915 0.628319 -0.0768827
916 0.628319 -0.0698346
917 0.628319 -0.104877
918 0.628319 -0.0288671
919 0.628319 0.0760838
920 0.628319 -0.0625911
921 0.628319 -0.019653
922 0.628319 -0.198552
923 0.628319 -0.113677
924 0.628319 -0.14967
925 0.628319 -0.092093
926 0.628319 0.147118
927 0.628319 -0.199364
928 0.628319 0.0859843
929 0.628319 -0.247428
930 0.628319 0.149968
931 0.628319 0.181606
932 0.628319 -0.180568
933 0.628319 0.0519893
934 0.628319 -0.134293
935 0.628319 0.152717
936 0.628319 -0.186042
937 0.628319 -0.0296887
938 0.628319 0.0721258
939 0.628319 -0.0254156
940 0.628319 -0.135602
941 0.628319 -0.0375498
942 0.628319 -0.135422
943 0.628319 -0.0261054
944 0.628319 0.117351
945 0.628319 -0.117167
946 0.628319 -0.212198
947 0.628319 -0.144164
948 0.628319 -0.189809
949 0.628319 0.0152058
950 0.628319 -0.164336
951 0.628319 0.0232553
952 0.628319 0.0452975
953 0.628319 0.0570115
954 0.628319 0.139785
955 0.628319 -0.183945
956 0.628319 -0.220816
957 0.628319 -0.0249058
958 0.628319 -0.173358
959 0.628319 -0.118904
960 0.628319 -0.121084
961 0.628319 -0.129852
962 0.628319 0.0292169
963 0.628319 -0.0354779
964 0.628319 -0.277176
965 0.628319 -0.093871
966 0.628319 -0.0871824
967 0.628319 -0.114361
968 0.628319 -0.0742887
969 0.628319 -0.0982435
970 0.628319 0.149314
971 0.628319 -0.0942006
972 0.628319 0.00264719
973 0.628319 0.00615076
974 0.628319 -0.0150562
975 0.628319 -0.107402
976 0.628319 0.0245596
977 0.628319 -0.117457
978 0.628319 0.190085
979 0.628319 -0.1396
980 0.628319 0.0434641
981 0.628319 -0.0966364
982 0.628319 -0.0204518
983 0.628319 -0.181193
984 0.628319 0.140869
985 0.628319 -0.0394781
986 0.628319 0.00771733
987 0.628319 -0.0118716
988 0.628319 -0.0364712
989 0.628319 0.0236575
990 0.628319 0.101055
991 0.628319 0.23561
992 0.628319 -0.165129
993 0.628319 0.122601
994 0.628319 0.0120225
995 0.628319 -0.0977217
996 0.628319 0.212874
997 0.628319 -0.0898216
998 0.628319 -0.0354172
999 0.628319 -0.150063
1000 0.628319 0.0139439
1 0.942478 0.033452
2 0.942478 0.0271789
3 0.942478 0.0896615
4 0.942478 -0.072575
5 0.942478 -0.0314827
6 0.942478 0.129497
7 0.942478 0.000143394
8 0.942478 -0.0930289
9 0.942478 -0.13227
10 0.942478 -0.0914381
11 0.942478 0.0114952
12 0.942478 -0.142967
13 0.942478 -0.13375
14 0.942478 0.0858424
15 0.942478 0.205517
16 0.942478 -0.110909
17 0.942478 0.309158
18 0.942478 0.200337
19 0.942478 -0.302988
20 0.942478 0.138208
21 0.942478 -0.0777122
22 0.942478 -0.0153864
23 0.942478 -0.0952162
24 0.942478 -0.062631
25 0.942478 -0.117843
26 0.942478 -0.0866506
27 0.942478 -0.136916
28 0.942478 0.010042
29 0.942478 0.131529
30 0.942478 -0.0248168
31 0.942478 -0.0658679
32 0.942478 0.0245829
33 0.942478 -0.11541
34 0.942478 0.153273
35 0.942478 0.085102
36 0.942478 -0.102531
37 0.942478 0.0722492
38 0.942478 0.151571
39 0.942478 0.108324
40 0.942478 0.268435
41 0.942478 -0.00497145
42 0.942478 0.0426826
43 0.942478 -0.0285093
44 0.942478 -0.0137517
45 0.942478 0.0911421
46 0.942478 0.0758834
47 0.942478 0.0589517
48 0.942478 -0.0274485
49 0.942478 -0.180275
50 0.942478 -0.121709
51 0.942478 -0.0450228
52 0.942478 -0.0829607
53 0.942478 -0.0129077
54 0.942478 0.138316
55 0.942478 -0.0104522
56 0.942478 -0.054354
57 0.942478 0.0415312
58 0.942478 0.0340522
59 0.942478 -0.359143
60 0.942478 -0.100544
61 0.942478 0.0708803
62 0.942478 -0.0878339
63 0.942478 -0.111192
64 0.942478 -0.0987831
65 0.942478 -0.251897
66 0.942478 0.15953
67 0.942478 0.0343952
68 0.942478 -0.0213822
69 0.942478 -0.237793
70 0.942478 0.158607
71 0.942478 0.122436
72 0.942478 -0.0138885
73 0.942478 -0.0721094
74 0.942478 -0.089834
75 0.942478 0.0882475
76 0.942478 -0.0561683
77 0.942478 -0.158158
78 0.942478 -0.024059
79 0.942478 -0.0677259
80 0.942478 0.00226888
81 0.942478 -0.099077
82 0.942478 -0.010406
83 0.942478 0.167348
84 0.942478 -0.0171724
85 0.942478 -0.0122392
86 0.942478 -0.187023
87 0.942478 0.0139445
88 0.942478 0.246183
89 0.942478 0.0685712
90 0.942478 0.235046
91 0.942478 0.0742811
92 0.942478 -0.0704664
93 0.942478 0.117056
94 0.942478 0.0114375
95 0.942478 0.0264566
96 0.942478 -0.110132
97 0.942478 0.0780071
98 0.942478 -0.0281555
99 0.942478 -0.0529077
100 0.942478 -0.114609
101 0.942478 -0.0596817
102 0.942478 -0.0337298
103 0.942478 -0.0463357
104 0.942478 -0.190785
105 0.942478 0.0320837
106 0.942478 -0.108721
107 0.942478 -0.116583
108 0.942478 0.0570301
109 0.942478 -0.0769666
110 0.942478 -0.0241144
111 0.942478 0.0761344
112 0.942478 -0.00272139
113 0.942478 0.0240016
114 0.942478 -0.200306
115 0.942478 0.0604698
116 0.942478 -0.103427
117 0.942478 0.0620834
118 0.942478 -0.0805359
119 0.942478 -0.0896406
120 0.942478 -0.0325647
121 0.942478 -0.0465378
122 0.942478 0.0654509
123 0.942478 0.0124574
124 0.942478 -0.0312917
125 0.942478 0.11395
126 0.942478 -0.100069
127 0.942478 0.0822582
128 0.942478 -0.00589722
129 0.942478 -0.114095
130 0.942478 -0.243699
131 0.942478 0.0369959
132 0.942478 0.0821304
133 0.942478 0.086906
134 0.942478 0.0290963
135 0.942478 -0.106254
136 0.942478 -0.0571497
137 0.942478 -0.0442509
138 0.942478 -0.165546
139 0.942478 -0.0732654
140 0.942478 -0.0559251
141 0.942478 0.0564117
142 0.942478 0.0928677
143 0.942478 0.0388997
144 0.942478 0.116453
145 0.942478 0.0698279
146 0.942478 -0.0661013
147 0.942478 0.153946
148 0.942478 0.21151
149 0.942478 -0.0539268
150 0.942478 -0.113963
151 0.942478 0.0284038
152 0.942478 -0.169479
153 0.942478 -0.166288
154 0.942478 0.0415678
155 0.942478 0.00488313
156 0.942478 -0.0192208
157 0.942478 0.087575
158 0.942478 0.15145
159 0.942478 -0.122483
160 0.942478 -0.137882
161 0.942478 -0.14205
162 0.942478 -0.0823415
163 0.942478 -0.0523092
164 0.942478 -0.19077
165 0.942478 0.0216422
166 0.942478 -0.0919477
167 0.942478 0.0536496
168 0.942478 -0.0219854
169 0.942478 -0.0671397
170 0.942478 -0.0199767
171 0.942478 0.0518661
172 0.942478 -0.0365623
173 0.942478 -0.0362225
174 0.942478 0.0354808
175 0.942478 -0.202322
176 0.942478 0.0149007
177 0.942478 0.169083
178 0.942478 0.142551
179 0.942478 0.109612
180 0.942478 0.0270011
181 0.942478 0.0248072
182 0.942478 -0.114381
183 0.942478 -0.0165033
184 0.942478 -0.168735
185 0.942478 -0.09408
186 0.942478 -0.0370606
187 0.942478 -0.113352
188 0.942478 0.0816597
189 0.942478 0.0586867
190 0.942478 0.00842693
191 0.942478 -0.0672147
192 0.942478 -0.0606208
193 0.942478 -0.0396413
194 0.942478 -0.0670178
195 0.942478 0.09872
196 0.942478 0.130571
197 0.942478 0.0984156
198 0.942478 0.00122738
199 0.942478 0.0577157
200 0.942478 -0.0605737
201 0.942478 0.0156166
202 0.942478 0.118455
203 0.942478 -0.0642638
204 0.942478 0.0287381
205 0.942478 0.0549814
206 0.942478 -0.0385452
207 0.942478 -0.00551413
208 0.942478 0.0684335
209 0.942478 0.00655103
210 0.942478 0.0399447
211 0.942478 0.00758965
212 0.942478 0.103983
213 0.942478 0.0775537
214 0.942478 -0.0778246
215 0.942478 -0.100182
216 0.942478 -0.00371525
217 0.942478 -0.288703
218 0.942478 -0.161179
219 0.942478 -0.211109
220 0.942478 0.0605888
221 0.942478 -0.132801
222 0.942478 0.123114
223 0.942478 0.094378
224 0.942478 -0.0247208
225 0.942478 0.00120938
226 0.942478 -0.111714
227 0.942478 -0.0185032
228 0.942478 0.0964628
229 0.942478 0.0370873
230 0.942478 0.0982165
231 0.942478 0.140283
232 0.942478 0.00603094
233 0.942478 -0.0465282
234 0.942478 0.0773122
235 0.942478 0.319926
236 0.942478 -0.145429
237 0.942478 -0.071399
238 0.942478 -0.120211
239 0.942478 0.122195
240 0.942478 -0.00480152
241 0.942478 0.0698334
242 0.942478 0.225986
243 0.942478 0.0465241
244 0.942478 0.042544
245 0.942478 -0.190997
246 0.942478 -0.00213589
247 0.942478 0.147816
248 0.942478 -0.186088
249 0.942478 0.0115495
250 0.942478 -0.0152597
251 0.942478 -0.0193924
252 0.942478 -0.17883
253 0.942478 -0.288118
254 0.942478 -0.061077
255 0.942478 -0.0263461
256 0.942478 -0.0892897
257 0.942478 -0.091
258 0.942478 0.042977
259 0.942478 0.0326223
260 0.942478 -0.0453351
261 0.942478 0.138116
262 0.942478 -0.0972393
263 0.942478 0.0385345
264 0.942478 0.080328
265 0.942478 0.013033
266 0.942478 0.0144102
267 0.942478 0.0444644
268 0.942478 -0.133456
269 0.942478 -0.144952
270 0.942478 0.0515851
271 0.942478 -0.0358313
272 0.942478 0.0834662
273 0.942478 0.0777864
274 0.942478 -0.0093748
275 0.942478 0.17446
276 0.942478 0.11517
277 0.942478 0.0877197
278 0.942478 0.0396516
279 0.942478 -0.0569087
280 0.942478 0.14083
281 0.942478 -0.11308
282 0.942478 -0.0160198
283 0.942478 0.0193235
284 0.942478 -0.0512369
285 0.942478 -0.0105265
286 0.942478 -0.145434
287 0.942478 0.255288
288 0.942478 -0.0128251
289 0.942478 -0.337903
290 0.942478 0.125565
291 0.942478 0.189463
292 0.942478 0.125092
293 0.942478 0.156565
294 0.942478 0.310492
295 0.942478 -0.0541953
296 0.942478 0.165621
297 0.942478 -0.115024
298 0.942478 0.0524769
299 0.942478 0.0603277
300 0.942478 -0.274239
301 0.942478 0.0746203
302 0.942478 -0.0256789
303 0.942478 -0.00390153
304 0.942478 -0.0248133
305 0.942478 -0.0812703
306 0.942478 0.0107693
307 0.942478 -0.25728
308 0.942478 -0.168335
309 0.942478 0.121172
310 0.942478 -0.014115
311 0.942478 0.0185991
312 0.942478 0.12033
313 0.942478 -0.224635
314 0.942478 0.0388563
315 0.942478 -0.0592254
316 0.942478 0.149659
317 0.942478 0.0868796
318 0.942478 -0.178552
319 0.942478 -0.0256471
320 0.942478 0.176249
321 0.942478 -0.00985603
322 0.942478 -0.141224
323 0.942478 -0.171828
324 0.942478 -0.0513127
325 0.942478 0.0273692
326 0.942478 -0.0924901
327 0.942478 0.117983
328 0.942478 0.109678
329 0.942478 0.0578677
330 0.942478 -0.0654815
331 0.942478 0.127466
332 0.942478 -0.022968
333 0.942478 0.0472962
334 0.942478 0.0815277
335 0.942478 0.154762
336 0.942478 0.141118
337 0.942478 0.0417923
338 0.942478 -0.00784779
339 0.942478 -0.200695
340 0.942478 -0.142142
341 0.942478 0.205499
342 0.942478 -0.011792
343 0.942478 0.0218183
344 0.942478 -0.111144
345 0.942478 0.0719554
346 0.942478 0.0765734
347 0.942478 0.0201462
348 0.942478 -0.0765207
349 0.942478 0.0870716
350 0.942478 0.0776048
351 0.942478 0.130088
352 0.942478 -0.0138273
353 0.942478 -0.0953325
354 0.942478 0.216419
355 0.942478 0.0544749
356 0.942478 -0.176772
357 0.942478 0.0982519
358 0.942478 -0.169957
359 0.942478 0.229695
360 0.942478 -0.258537
361 0.942478 0.147282
362 0.942478 0.0636244
363 0.942478 -0.126261
364 0.942478 -0.0718476
365 0.942478 0.0194298
366 0.942478 -0.200346
367 0.942478 0.0973748
368 0.942478 0.0137321
369 0.942478 -0.527993
370 0.942478 0.202027
371 0.942478 -0.01501
372 0.942478 -0.0151695
373 0.942478 -0.0191839
374 0.942478 -0.113087
375 0.942478 -0.0651794
376 0.942478 0.137432
377 0.942478 -0.0386003
378 0.942478 0.11391
379 0.942478 0.06976
380 0.942478 0.0735461
381 0.942478 -0.0629505
382 0.942478 0.0969628
383 0.942478 0.114831
384 0.942478 0.00549206
385 0.942478 -0.0238352
386 0.942478 -0.121354
387 0.942478 -0.102538
388 0.942478 0.075885
389 0.942478 0.150522
390 0.942478 -0.056628
391 0.942478 -0.166154
392 0.942478 -0.0578526
393 0.942478 -0.119902
394 0.942478 0.0260267
395 0.942478 0.108839
396 0.942478 -0.0420586
397 0.942478 0.12391
398 0.942478 -0.146117
399 0.942478 0.0883279
400 0.942478 0.0190853
401 0.942478 -0.0819475
402 0.942478 -0.0709554
403 0.942478 -0.0299391
404 0.942478 0.0346712
405 0.942478 0.149498
406 0.942478 -0.0977441
407 0.942478 0.206645
408 0.942478 0.0136812
409 0.942478 -0.245465
410 0.942478 -0.348174
411 0.942478 -0.0784099
412 0.942478 0.036105
413 0.942478 -0.0329851
414 0.942478 0.1664
415 0.942478 0.0623991
416 0.942478 0.128515
417 0.942478 -0.126301
418 0.942478 0.136259
419 0.942478 0.0745237
420 0.942478 0.21708
421 0.942478 0.135596
422 0.942478 -0.0826522
423 0.942478 0.112216
424 0.942478 0.0731918
425 0.942478 0.172003
426 0.942478 -0.000491951
427 0.942478 0.0566815
428 0.942478 0.124193
429 0.942478 -0.000946916
430 0.942478 -0.059058
431 0.942478 -0.200439
432 0.942478 -0.124655
433 0.942478 -0.128891
434 0.942478 0.0505374
435 0.942478 0.0173387
436 0.942478 -0.0187022
437 0.942478 0.0348181
438 0.942478 0.0861765
439 0.942478 -0.0791947
440 0.942478 0.0315663
441 0.942478 0.167548
442 0.942478 -0.300503
443 0.942478 0.0578125
444 0.942478 -0.102141
445 0.942478 0.011241
446 0.942478 0.172611
447 0.942478 -0.0467578
448 0.942478 -0.162734
449 0.942478 -0.225977
450 0.942478 0.0309868
451 0.942478 0.107582
452 0.942478 0.0058337
453 0.942478 0.135895
454 0.942478 -0.124646
455 0.942478 0.0681174
456 0.942478 -0.0896344
457 0.942478 0.0541588
458 0.942478 0.0307024
459 0.942478 -0.0427616
460 0.942478 -0.0717378
461 0.942478 0.0727591
462 0.942478 0.0869307
463 0.942478 -0.00454809
464 0.942478 0.0322524
465 0.942478 0.11762
466 0.942478 -0.0801836
467 0.942478 -0.0496869
468 0.942478 0.107181
469 0.942478 -0.00956423
470 0.942478 -0.137257
471 0.942478 -0.174184
472 0.942478 -0.00164548
473 0.942478 0.134334
474 0.942478 -0.0142237
475 0.942478 0.00093158
476 0.942478 -0.0155779
477 0.942478 0.143931
478 0.942478 -0.0884886
479 0.942478 0.174344
480 0.942478 -0.0513639
481 0.942478 0.0164395
482 0.942478 -0.0219221
483 0.942478 -0.0152812
484 0.942478 0.129263
485 0.942478 0.0568032
486 0.942478 0.0197244
487 0.942478 0.00266245
488 0.942478 -0.116396
489 0.942478 -0.0769727
490 0.942478 -0.0589916
491 0.942478 -0.0161137
492 0.942478 0.0191862
493 0.942478 0.118605
494 0.942478 0.125855
495 0.942478 0.0136043
496 0.942478 -0.22166
497 0.942478 -0.00675237
498 0.942478 -0.0258623
499 0.942478 -0.0241308
500 0.942478 -0.170774
501 0.942478 0.0460634
502 0.942478 0.16506
503 0.942478 -0.0797758
504 0.942478 -0.0840638
505 0.942478 0.112358
506 0.942478 0.0738564
507 0.942478 -0.0749075
508 0.942478 0.10037
509 0.942478 0.0267586
510 0.942478 0.163777
511 0.942478 0.0415611
512 0.942478 0.0185509
513 0.942478 -0.115759
514 0.942478 0.00893981
515 0.942478 -0.0646228
516 0.942478 0.140148
517 0.942478 -0.0966933
518 0.942478 -0.0512654
519 0.942478 -0.046124
520 0.942478 -0.162129
521 0.942478 0.119481
522 0.942478 -0.0134235
523 0.942478 -0.0385475
524 0.942478 0.143152
525 0.942478 -0.0236976
526 0.942478 0.0849972
527 0.942478 0.171049
528 0.942478 -0.0588653
529 0.942478 0.0882896
530 0.942478 0.0744153
531 0.942478 0.106872
532 0.942478 -0.0265459
533 0.942478 0.092166
534 0.942478 -0.208093
535 0.942478 0.147448
536 0.942478 0.0185836
537 0.942478 0.114028
538 0.942478 0.17899
539 0.942478 0.177855
540 0.942478 0.178589
541 0.942478 -0.0826713
542 0.942478 -0.00541985
543 0.942478 -0.0787007
544 0.942478 -0.194342
545 0.942478 0.0783363
546 0.942478 -0.0391648
547 0.942478 -0.0474112
548 0.942478 0.216495
549 0.942478 -0.159019
550 0.942478 0.136435
551 0.942478 0.0417728
552 0.942478 -0.0602901
553 0.942478 -0.186985
554 0.942478 0.0306973
555 0.942478 0.32467
556 0.942478 -0.123954
557 0.942478 -0.00919469
558 0.942478 0.110369
559 0.942478 -0.0681052
560 0.942478 0.086424
561 0.942478 0.0361285
562 0.942478 -0.0489882
563 0.942478 -0.0661298
564 0.942478 0.25057
565 0.942478 -0.153668
566 0.942478 0.178545
567 0.942478 0.0941241
568 0.942478 -0.0160586
569 0.942478 -0.0571059
570 0.942478 0.03038
571 0.942478 -0.0227603
572 0.942478 -0.0475861
573 0.942478 0.078588
574 0.942478 0.0636983
575 0.942478 0.189402
576 0.942478 0.0451316
577 0.942478 -0.0472481
578 0.942478 -0.26292
579 0.942478 -0.141716
580 0.942478 0.0843961
581 0.942478 -0.00389007
582 0.942478 -0.0685153
583 0.942478 -0.0537486
584 0.942478 -0.219266
585 0.942478 0.0103365
586 0.942478 0.084544
587 0.942478 -0.145428
588 0.942478 -0.0200857
589 0.942478 0.00904309
590 0.942478 -0.25569
591 0.942478 0.031355
592 0.942478 0.215899
593 0.942478 0.204829
594 0.942478 -0.00364986
595 0.942478 0.116797
596 0.942478 0.012395
597 0.942478 0.216819
598 0.942478 -0.151453
599 0.942478 -0.0077857
600 0.942478 -0.00540911
601 0.942478 0.07275
602 0.942478 0.0866922
603 0.942478 -0.0632974
604 0.942478 -0.122656
605 0.942478 -0.0132598
606 0.942478 0.0145473
607 0.942478 -0.159607
608 0.942478 -0.0675779
609 0.942478 -0.0996181
610 0.942478 -0.139319
611 0.942478 0.0191214
612 0.942478 0.0856976
613 0.942478 -0.108434
614 0.942478 -0.0401924
615 0.942478 0.0907322
616 0.942478 0.0156268
617 0.942478 0.116972
618 0.942478 0.0525248
619 0.942478 0.0409063
620 0.942478 -0.111983
621 0.942478 -0.0872733
622 0.942478 0.0154583
623 0.942478 -0.03224
624 0.942478 -0.110326
625 0.942478 -0.0686202
626 0.942478 -0.163239
627 0.942478 -0.0432876
628 0.942478 0.0552301
629 0.942478 -0.0848563
630 0.942478 -0.151228
631 0.942478 0.527381
632 0.942478 0.0301925
633 0.942478 0.175208
634 0.942478 0.00784527
635 0.942478 -0.0278901
636 0.942478 -0.066841
637 0.942478 -0.0634167
638 0.942478 -0.101374
639 0.942478 0.0791905
640 0.942478 -0.137912
641 0.942478 -0.135377
642 0.942478 0.0634393
643 0.942478 0.101146
644 0.942478 -0.0906589
645 0.942478 0.256577
646 0.942478 1.48205e-06
647 0.942478 -0.0434904
648 0.942478 0.0488784
649 0.942478 -0.158979
650 0.942478 -0.0367203
651 0.942478 0.0693683
652 0.942478 -0.24034
653 0.942478 0.0151452
654 0.942478 0.0156238
655 0.942478 -8.34815e-05
656 0.942478 0.0531233
657 0.942478 0.0592297
658 0.942478 -0.00917872
659 0.942478 0.0830287
660 0.942478 -0.203434
661 0.942478 -0.0141687
662 0.942478 -0.0438967
663 0.942478 -0.0714963
664 0.942478 -0.0351696
665 0.942478 0.064838
666 0.942478 0.0449508
667 0.942478 0.0914668
668 0.942478 -0.0963238
669 0.942478 0.182923
670 0.942478 0.0222531
671 0.942478 -0.0991853
672 0.942478 -0.0547905
673 0.942478 0.148375
674 0.942478 -0.080887
675 0.942478 -0.0126675
676 0.942478 -0.100558
677 0.942478 -0.0378897
678 0.942478 -0.0356242
679 0.942478 -0.0165052
680 0.942478 -0.0280359
681 0.942478 0.119223
682 0.942478 0.0226704
683 0.942478 -0.0365067
684 0.942478 0.0149927
685 0.942478 0.0510673
686 0.942478 0.11995
687 0.942478 -0.214696
688 0.942478 -0.19427
689 0.942478 0.102262
690 0.942478 -0.113256
691 0.942478 -0.213252
692 0.942478 -0.235106
693 0.942478 0.0449233
694 0.942478 -0.138904
695 0.942478 -0.0374913
696 0.942478 0.0140437
697 0.942478 -0.104347
698 0.942478 -0.0249248
699 0.942478 -0.306467
700 0.942478 0.0847732
701 0.942478 0.0394712
702 0.942478 -0.0568177
703 0.942478 0.0639806
704 0.942478 -0.0697335
705 0.942478 -0.0421915
706 0.942478 -0.0218559
707 0.942478 0.0899912
708 0.942478 0.102266
709 0.942478 -0.019154
710 0.942478 -0.000955165
711 0.942478 -0.0825688
712 0.942478 0.216335
713 0.942478 0.221601
714 0.942478 0.0513163
715 0.942478 -0.13217
716 0.942478 -0.104975
717 0.942478 0.0304612
718 0.942478 -0.0347682
719 0.942478 0.00592421
720 0.942478 0.0633255
721 0.942478 -0.10045
722 0.942478 0.0316814
723 0.942478 -0.0735982
724 0.942478 -0.0870412
725 0.942478 0.0362341
726 0.942478 -0.108333
727 0.942478 0.170667
728 0.942478 -0.133326
729 0.942478 0.162592
730 0.942478 0.040981
731 0.942478 -0.0144257
732 0.942478 0.0375176
733 0.942478 -0.00155961
734 0.942478 0.00827297
735 0.942478 0.00889198
736 0.942478 0.000728842
737 0.942478 0.0607779
738 0.942478 -0.0489076
739 0.942478 0.116001
740 0.942478 0.0736405
741 0.942478 0.124103
742 0.942478 -0.0819299
743 0.942478 -0.0608444
744 0.942478 -0.0759492
745 0.942478 0.0543823
746 0.942478 -0.144441
747 0.942478 0.0639159
748 0.942478 0.0935896
749 0.942478 0.00632804
750 0.942478 -0.0612099
751 0.942478 -0.0647081
752 0.942478 -0.0520254
753 0.942478 -0.0352011
754 0.942478 -0.1339
755 0.942478 -0.0527299
756 0.942478 -0.0272685
757 0.942478 0.18323
758 0.942478 0.153736
759 0.942478 0.0709126
760 0.942478 0.0397577
761 0.942478 0.252466
762 0.942478 0.0194788
763 0.942478 0.0207259
764 0.942478 -0.0811368
765 0.942478 0.164593
766 0.942478 0.0064352
767 0.942478 -0.123202
768 0.942478 0.223747
769 0.942478 0.196535
770 0.942478 -0.0188867
771 0.942478 0.00530051
772 0.942478 0.0810013
773 0.942478 -0.0701885
774 0.942478 0.112815
775 0.942478 0.0180967
776 0.942478 0.0574563
777 0.942478 0.098803
778 0.942478 0.0138971
779 0.942478 0.0630958
780 0.942478 -0.0593356
781 0.942478 -0.201848
782 0.942478 -0.147694
783 0.942478 0.0155052
784 0.942478 -0.285977
785 0.942478 -0.102508
786 0.942478 -0.0552515
787 0.942478 0.15288
788 0.942478 -0.0878097
789 0.942478 0.179204
790 0.942478 0.0414403
791 0.942478 -0.1232
792 0.942478 0.0513042
793 0.942478 0.033363
794 0.942478 -0.0272598
795 0.942478 -0.0113648
796 0.942478 0.00961682
797 0.942478 -0.127135
798 0.942478 0.0812597
799 0.942478 -0.163962
800 0.942478 -0.245972
801 0.942478 0.130448
802 0.942478 -0.0663384
803 0.942478 0.00828077
804 0.942478 0.212509
805 0.942478 0.0668505
806 0.942478 0.203658
807 0.942478 0.0405064
808 0.942478 -0.067884
809 0.942478 0.0927923
810 0.942478 -0.0176694
811 0.942478 0.116028
812 0.942478 0.0448469
813 0.942478 -0.135274
814 0.942478 -0.186369
815 0.942478 -0.128255
816 0.942478 -0.181117
817 0.942478 0.180728
818 0.942478 0.0611352
819 0.942478 0.133907
820 0.942478 0.0369301
821 0.942478 -0.0426644
822 0.942478 0.164036
823 0.942478 0.0414946
824 0.942478 -0.0802039
825 0.942478 0.0706869
826 0.942478 -0.0723171
827 0.942478 0.010049
828 0.942478 0.215331
829 0.942478 0.0138968
830 0.942478 -0.00165259
831 0.942478 -0.109415
832 0.942478 -0.19982
833 0.942478 -0.13782
834 0.942478 -0.151704
835 0.942478 -0.128326
836 0.942478 -0.0481844
837 0.942478 0.0203335
838 0.942478 0.204552
839 0.942478 -0.10532
840 0.942478 -0.111275
841 0.942478 -0.0757115
842 0.942478 -0.0688446
843 0.942478 0.089466
844 0.942478 0.111668
845 0.942478 0.0900362
846 0.942478 -0.0195079
847 0.942478 -0.175246
848 0.942478 -0.128996
849 0.942478 -0.0198024
850 0.942478 -0.0105894
851 0.942478 0.0192294
852 0.942478 -0.0262149
853 0.942478 0.0776589
854 0.942478 0.0739379
855 0.942478 -0.0369131
856 0.942478 0.14479
857 0.942478 0.166216
858 0.942478 0.175897
859 0.942478 0.0950979
860 0.942478 -0.116505
861 0.942478 -0.207461
862 0.942478 0.0409083
863 0.942478 -0.0204327
864 0.942478 -0.000954768
865 0.942478 -0.109615
866 0.942478 0.124562
867 0.942478 0.0214655
868 0.942478 0.158254
869 0.942478 -0.105289
870 0.942478 -0.0424782
871 0.942478 -0.248061
872 0.942478 0.184046
873 0.942478 0.060369
874 0.942478 -0.00689013
875 0.942478 0.0854943
876 0.942478 -0.010602
877 0.942478 0.0242545
878 0.942478 0.0177823
879 0.942478 -0.181801
880 0.942478 0.0117899
881 0.942478 0.243518
882 0.942478 0.114908
883 0.942478 0.119583
884 0.942478 -0.167266
885 0.942478 0.133023
886 0.942478 0.104778
887 0.942478 -0.0490302
888 0.942478 -0.247184
889 0.942478 0.118196
890 0.942478 -0.0130124
891 0.942478 0.266647
892 0.942478 0.156194
893 0.942478 -0.108031
894 0.942478 0.155091
895 0.942478 -0.0663406
896 0.942478 0.0991837
897 0.942478 0.0037524
898 0.942478 -0.0171702
899 0.942478 0.0192014
900 0.942478 -0.130501
901 0.942478 -0.0506426
902 0.942478 -0.0249719
903 0.942478 0.0668412
904 0.942478 -0.00633
905 0.942478 0.0148209
906 0.942478 -0.0269959
907 0.942478 0.194968
908 0.942478 -0.0564437
909 0.942478 -0.0267383
910 0.942478 0.0317394
911 0.942478 0.0549634
912 0.942478 0.148245
913 0.942478 0.0212357
914 0.942478 -0.000218921
915 0.942478 -0.0768982
916 0.942478 -0.0717301
917 0.942478 -0.0480321
918 0.942478 -0.030674
919 0.942478 0.0417407
920 0.942478 -0.058823
921 0.942478 -0.0396218
922 0.942478 -0.196268
923 0.942478 -0.156983
924 0.942478 -0.159699
925 0.942478 -0.0603116
926 0.942478 0.112156
927 0.942478 -0.211898
928 0.942478 0.0774832
929 0.942478 -0.197483
930 0.942478 0.191639
931 0.942478 0.0992386
932 0.942478 -0.178339
933 0.942478 0.060072
934 0.942478 -0.0784233
935 0.942478 0.0674012
936 0.942478 -0.207453
937 0.942478 -0.0625917
938 0.942478 0.0414481
939 0.942478 -0.00226476
940 0.942478 -0.160036
941 0.942478 -0.146691
942 0.942478 -0.118273
943 0.942478 -0.0119936
944 0.942478 0.0948117
945 0.942478 -0.114666
946 0.942478 -0.15907
947 0.942478 -0.141098
948 0.942478 -0.206152
949 0.942478 0.000550292
950 0.942478 -0.193903
951 0.942478 -0.0335846
952 0.942478 0.0345993
953 0.942478 0.0724413
954 0.942478 0.156388
955 0.942478 -0.146777
956 0.942478 -0.214262
957 0.942478 -0.0324962
958 0.942478 -0.15168
959 0.942478 -0.114625
960 0.942478 -0.032204
961 0.942478 -0.0900242
962 0.942478 0.0746223
963 0.942478 -0.0114213
964 0.942478 -0.295298
965 0.942478 -0.0629786
966 0.942478 -0.0355511
967 0.942478 -0.14443
968 0.942478 -0.0630579
969 0.942478 -0.113785
970 0.942478 0.134337
971 0.942478 -0.0489469
972 0.942478 0.00561599
973 0.942478 -0.0364628
974 0.942478 -0.0410906
975 0.942478 -0.138563
976 0.942478 0.00400485
977 0.942478 -0.14113
978 0.942478 0.176024
979 0.942478 -0.156782
980 0.942478 0.0840418
981 0.942478 -0.185536
982 0.942478 0.0424623
983 0.942478 -0.0767937
984 0.942478 0.0997017
985 0.942478 0.0259698
986 0.942478 0.0338665
987 0.942478 -0.0526208
988 0.942478 -0.0788673
989 0.942478 0.0260569
990 0.942478 0.0678495
991 0.942478 0.183206
992 0.942478 -0.185795
993 0.942478 0.116648
994 0.942478 0.0514512
995 0.942478 -0.102667
996 0.942478 0.180034
997 0.942478 -0.0577217
998 0.942478 -0.0252873
999 0.942478 -0.132381
1000 0.942478 0.0191999
1 1.25664 -0.0145609
2 1.25664 0.0149028
3 1.25664 0.0575209
4 1.25664 -0.00323821
5 1.25664 -0.0601411
6 1.25664 0.126879
7 1.25664 0.0380184
8 1.25664 -0.139506
9 1.25664 -0.0529897
10 1.25664 -0.0557357
11 1.25664 0.0182446
12 1.25664 -0.147238
13 1.25664 -0.130875
14 1.25664 0.0840308
15 1.25664 0.183256
16 1.25664 -0.061955
17 1.25664 0.238035
18 1.25664 0.184212
19 1.25664 -0.318025
20 1.25664 0.144874
21 1.25664 -0.117049
22 1.25664 0.0441067
23 1.25664 -0.12685
24 1.25664 -0.0519778
25 1.25664 -0.145265
26 1.25664 -0.0870661
27 1.25664 -0.128316
28 1.25664 0.0103686
29 1.25664 0.095982
30 1.25664 0.0225415
31 1.25664 -0.093003
32 1.25664 0.000418398
33 1.25664 -0.145102
34 1.25664 0.118831
35 1.25664 0.0519274
36 1.25664 -0.183168
37 1.25664 0.0577513
38 1.25664 0.153184
39 1.25664 0.0628971
40 1.25664 0.217883
41 1.25664 -0.041471
42 1.25664 -0.0129741
43 1.25664 -0.0348099
44 1.25664 -0.081316
45 1.25664 0.0298415
46 1.25664 0.11537
47 1.25664 0.0736857
48 1.25664 -0.0121041
49 1.25664 -0.164264
50 1.25664 -0.166536
51 1.25664 -0.0381195
52 1.25664 -0.137557
53 1.25664 -0.0568254
54 1.25664 0.0659733
55 1.25664 -0.0461512
56 1.25664 -0.0154257
57 1.25664 0.0314285
58 1.25664 -0.00945855
59 1.25664 -0.353168
60 1.25664 -0.137527
61 1.25664 0.0595555
62 1.25664 -0.0612444
63 1.25664 -0.114918
64 1.25664 -0.15144
65 1.25664 -0.192381
66 1.25664 0.110221
67 1.25664 0.048774
68 1.25664 -0.0761313
69 1.25664 -0.170038
70 1.25664 0.197188
71 1.25664 0.0399835
72 1.25664 0.0133568
73 1.25664 -0.130186
74 1.25664 -0.0399692
75 1.25664 0.0554728
76 1.25664 -0.0996663
77 1.25664 -0.185546
78 1.25664 -0.0842413
79 1.25664 -0.0704866
80 1.25664 -0.0171833
81 1.25664 -0.0707228
82 1.25664 -0.0188135
83 1.25664 0.126745
84 1.25664 -0.0379102
85 1.25664 -0.0353895
86 1.25664 -0.159169
87 1.25664 0.0187659
88 1.25664 0.257578
89 1.25664 0.0761929
90 1.25664 0.210254
91 1.25664 0.0544991
92 1.25664 -0.0782781
93 1.25664 0.162928
94 1.25664 0.000957624
95 1.25664 0.0273201
96 1.25664 -0.0957411
97 1.25664 0.0880714
98 1.25664 -0.0320644
99 1.25664 -0.0614561
100 1.25664 -0.139895
101 1.25664 -0.0445303
102 1.25664 -0.0342746
103 1.25664 -0.0381979
104 1.25664 -0.130062
105 1.25664 0.00573029
106 1.25664 -0.0420916
107 1.25664 -0.134275
108 1.25664 0.0992718
109 1.25664 0.0211665
110 1.25664 -0.0247365
111 1.25664 0.103169
112 1.25664 -0.0826302
113 1.25664 0.00448676
114 1.25664 -0.136348
115 1.25664 0.0946576
116 1.25664 -0.142327
117 1.25664 0.0916644
118 1.25664 -0.0311731
119 1.25664 0.00287046
120 1.25664 -0.0238729
121 1.25664 -0.0986547
122 1.25664 0.0614472
123 1.25664 0.0184793
124 1.25664 -0.0300562
125 1.25664 0.12471
126 1.25664 -0.0873625
127 1.25664 0.089589
128 1.25664 0.0547851
129 1.25664 -0.177651
130 1.25664 -0.221106
131 1.25664 -0.00274109
132 1.25664 0.121292
133 1.25664 0.0809039
134 1.25664 0.065224
135 1.25664 -0.125997
136 1.25664 -0.0489266
137 1.25664 -0.0442796
138 1.25664 -0.127528
139 1.25664 -0.129736
140 1.25664 -0.0854282
141 1.25664 0.078882
142 1.25664 0.136151
143 1.25664 0.0871014
144 1.25664 0.146107
145 1.25664 0.0474105
146 1.25664 -0.0322076
147 1.25664 0.156187
148 1.25664 0.171402
149 1.25664 -0.0396222
150 1.25664 -0.100384
151 1.25664 0.0177249
152 1.25664 -0.186088
153 1.25664 -0.1984
154 1.25664 0.0290288
155 1.25664 0.0334091
156 1.25664 0.0199321
157 1.25664 0.10356
158 1.25664 0.106466
159 1.25664 -0.128793
160 1.25664 -0.153443
161 1.25664 -0.15505
162 1.25664 -0.003582
163 1.25664 -0.0378869
164 1.25664 -0.17794
165 1.25664 -0.0232862
166 1.25664 -0.127505
167 1.25664 0.000849104
168 1.25664 -0.0836265
169 1.25664 -0.0926671
170 1.25664 -0.017524
171 1.25664 0.0486416
172 1.25664 0.0388614
173 1.25664 -0.0275483
174 1.25664 0.00668598
175 1.25664 -0.149137
176 1.25664 -0.0133803
177 1.25664 0.157318
178 1.25664 0.174561
179 1.25664 0.0793861
180 1.25664 0.0349679
181 1.25664 0.0646091
182 1.25664 -0.0774346
183 1.25664 0.0446827
184 1.25664 -0.202383
185 1.25664 -0.121705
186 1.25664 -0.0920794
187 1.25664 -0.140373
188 1.25664 0.084039
189 1.25664 0.0876209
190 1.25664 0.00142524
191 1.25664 -0.0270298
192 1.25664 -0.0736266
193 1.25664 -0.0205635
194 1.25664 0.0091673
195 1.25664 0.105699
196 1.25664 0.180121
197 1.25664 0.086412
198 1.25664 -0.020517
199 1.25664 0.0914868
200 1.25664 -0.131446
201 1.25664 -0.0399943
202 1.25664 0.127168
203 1.25664 -0.0959748
204 1.25664 0.0275694
205 1.25664 0.0430745
206 1.25664 -0.0416453
207 1.25664 0.00614656
208 1.25664 0.0748859
209 1.25664 -0.0344633
210 1.25664 0.047443
211 1.25664 0.0646797
212 1.25664 0.0599179
213 1.25664 0.115646
214 1.25664 -0.0841528
215 1.25664 -0.118528
216 1.25664 -0.0960807
217 1.25664 -0.240547
218 1.25664 -0.185097
219 1.25664 -0.245164
220 1.25664 0.0322623
221 1.25664 -0.092465
222 1.25664 0.109241
223 1.25664 0.11239
224 1.25664 -0.00236062
225 1.25664 0.00691036
226 1.25664 -0.0583753
227 1.25664 -0.038542
228 1.25664 0.108375
229 1.25664 0.0332667
230 1.25664 0.0774078
231 1.25664 0.183189
232 1.25664 0.0778372
233 1.25664 -0.0796144
234 1.25664 0.067863
235 1.25664 0.325628
236 1.25664 -0.150075
237 1.25664 -0.0540006
238 1.25664 -0.0959267
239 1.25664 0.185972
240 1.25664 0.00883713
241 1.25664 0.0824426
242 1.25664 0.242189
243 1.25664 0.0991104
244 1.25664 0.0273257
245 1.25664 -0.179609
246 1.25664 -0.0453232
247 1.25664 0.114299
248 1.25664 -0.175198
249 1.25664 -0.0112056
250 1.25664 -0.0328703
251 1.25664 -0.0144405
252 1.25664 -0.121716
253 1.25664 -0.224325
254 1.25664 -0.0988875
255 1.25664 -0.00474367
256 1.25664 -0.100632
257 1.25664 -0.0971793
258 1.25664 0.0099368
259 1.25664 0.0680742
260 1.25664 -0.0146434
261 1.25664 0.155179
262 1.25664 -0.0986071
263 1.25664 0.0525263
264 1.25664 0.06857
265 1.25664 0.0139761
266 1.25664 0.0149461
267 1.25664 0.0373142
268 1.25664 -0.101338
269 1.25664 -0.127991
270 1.25664 0.0571945
271 1.25664 0.0223523
272 1.25664 0.0276798
273 1.25664 0.121621
274 1.25664 -0.0431748
275 1.25664 0.160178
276 1.25664 0.0696863
277 1.25664 0.0507093
278 1.25664 0.0440206
279 1.25664 -0.0810547
280 1.25664 0.140375
281 1.25664 -0.0942635
282 1.25664 -0.024925
283 1.25664 0.0263381
284 1.25664 -0.0776939
285 1.25664 -0.0518933
286 1.25664 -0.107043
287 1.25664 0.289163
288 1.25664 0.0593836
289 1.25664 -0.314266
290 1.25664 0.106499
291 1.25664 0.154943
292 1.25664 0.139635
293 1.25664 0.162424
294 1.25664 0.257017
295 1.25664 -0.0598098
296 1.25664 0.118228
297 1.25664 -0.0770561
298 1.25664 0.0261726
299 1.25664 0.064142
300 1.25664 -0.205742
301 1.25664 -0.0361023
302 1.25664 -0.0299408
303 1.25664 -0.0372262
304 1.25664 -0.0165405
305 1.25664 -0.0813164
306 1.25664 -0.0359705
307 1.25664 -0.204259
308 1.25664 -0.219584
309 1.25664 0.0337883
310 1.25664 -0.0488027
311 1.25664 0.0490475
312 1.25664 0.0392361
313 1.25664 -0.260839
314 1.25664 0.0720275
315 1.25664 -0.0337888
316 1.25664 0.132178
317 1.25664 0.0620444
318 1.25664 -0.144518
319 1.25664 0.0169242
320 1.25664 0.140818
321 1.25664 -0.0137428
322 1.25664 -0.131708
323 1.25664 -0.158478
324 1.25664 -0.0763247
325 1.25664 0.0191676
326 1.25664 -0.104963
327 1.25664 0.148573
328 1.25664 0.075495
329 1.25664 0.0169979
330 1.25664 -0.0484656
331 1.25664 0.167864
332 1.25664 -0.0508354
333 1.25664 0.069954
334 1.25664 0.0839593
335 1.25664 0.152719
336 1.25664 0.108616
337 1.25664 0.0123142
338 1.25664 -0.0209335
339 1.25664 -0.175326
340 1.25664 -0.187015
341 1.25664 0.201787
342 1.25664 -0.0130091
343 1.25664 0.0378009
344 1.25664 -0.0772809
345 1.25664 0.0611798
346 1.25664 0.0702087
347 1.25664 0.0220607
348 1.25664 -0.143186
349 1.25664 0.0966054
350 1.25664 0.0540838
351 1.25664 0.0590005
352 1.25664 0.00411948
353 1.25664 -0.0952268
354 1.25664 0.184097
355 1.25664 0.129702
356 1.25664 -0.179831
357 1.25664 0.116443
358 1.25664 -0.123959
359 1.25664 0.151401
360 1.25664 -0.264738
361 1.25664 0.151011
362 1.25664 0.0211856
363 1.25664 -0.128014
364 1.25664 -0.0828322
365 1.25664 0.00746469
366 1.25664 -0.167875
367 1.25664 0.139762
368 1.25664 0.0214945
369 1.25664 -0.277784
370 1.25664 0.122714
371 1.25664 -0.0403372
372 1.25664 0.00504475
373 1.25664 -0.0303813
374 1.25664 -0.149234
375 1.25664 -0.0777325
376 1.25664 0.0810582
377 1.25664 -0.0433174
378 1.25664 0.101927
379 1.25664 0.0309828
380 1.25664 0.0261788
381 1.25664 -0.0402609
382 1.25664 0.0995443
383 1.25664 0.135688
384 1.25664 0.00974594
385 1.25664 0.00920231
386 1.25664 -0.11629
387 1.25664 -0.122463
388 1.25664 0.0924035
389 1.25664 0.134251
390 1.25664 -0.0934404
391 1.25664 -0.173704
392 1.25664 -0.0711758
393 1.25664 -0.153855
394 1.25664 0.0268697
395 1.25664 0.0882708
396 1.25664 -0.0756289
397 1.25664 0.0848442
398 1.25664 -0.0961251
399 1.25664 0.0987743
400 1.25664 0.0144752
401 1.25664 -0.0722414
402 1.25664 -0.109571
403 1.25664 0.0449729
404 1.25664 0.0335189
405 1.25664 0.165119
406 1.25664 -0.0843324
407 1.25664 0.242339
408 1.25664 0.0817821
409 1.25664 -0.198612
410 1.25664 -0.379253
411 1.25664 -0.0637625
412 1.25664 0.0241911
413 1.25664 -0.0753117
414 1.25664 0.169022
415 1.25664 0.0564429
416 1.25664 0.0380716
417 1.25664 -0.124905
418 1.25664 0.0936505
419 1.25664 0.0621271
420 1.25664 0.212084
421 1.25664 0.0692989
422 1.25664 -0.155733
423 1.25664 0.0801033
424 1.25664 0.0769256
425 1.25664 0.207854
426 1.25664 0.0202825
427 1.25664 0.0737509
428 1.25664 0.0901884
429 1.25664 -0.00820051
430 1.25664 -0.0403706
431 1.25664 -0.189059
432 1.25664 -0.111256
433 1.25664 -0.0790612
434 1.25664 0.101001
435 1.25664 -0.0351843
436 1.25664 0.0655045
437 1.25664 0.00813143
438 1.25664 0.057386
439 1.25664 -0.0556281
440 1.25664 0.0549322
441 1.25664 0.120394
442 1.25664 -0.219761
443 1.25664 0.0461861
444 1.25664 -0.127161
445 1.25664 0.115056
446 1.25664 0.156805
447 1.25664 -0.100528
448 1.25664 -0.158024
449 1.25664 -0.178654
450 1.25664 0.0706823
451 1.25664 0.0398481
452 1.25664 0.0753083
453 1.25664 0.100192
454 1.25664 -0.118755
455 1.25664 0.0833998
456 1.25664 -0.139394
457 1.25664 0.0204987
458 1.25664 0.0243574
459 1.25664 -0.0632359
460 1.25664 -0.00299291
461 1.25664 0.119682
462 1.25664 0.132102
463 1.25664 0.0331832
464 1.25664 0.0334727
465 1.25664 0.147964
466 1.25664 -0.135818
467 1.25664 -0.0123202
468 1.25664 0.0825506
469 1.25664 0.026592
470 1.25664 -0.0925856
471 1.25664 -0.11948
472 1.25664 -0.0205269
473 1.25664 0.169847
474 1.25664 0.0155177
475 1.25664 -0.00690811
476 1.25664 0.033268
477 1.25664 0.109913
478 1.25664 -0.0796342
479 1.25664 0.187128
480 1.25664 -0.0963709
481 1.25664 -0.00100043
482 1.25664 -0.0353072
483 1.25664 -0.0444106
484 1.25664 0.155498
485 1.25664 0.0273209
486 1.25664 0.0196813
487 1.25664 -0.035347
488 1.25664 -0.0929879
489 1.25664 -0.0519703
490 1.25664 0.00302779
491 1.25664 -0.00501253
492 1.25664 0.0489342
493 1.25664 0.0765484
494 1.25664 0.131057
495 1.25664 0.0480861
496 1.25664 -0.215871
497 1.25664 -0.0316658
498 1.25664 0.0316276
499 1.25664 -0.00555889
500 1.25664 -0.200758
501 1.25664 0.0313405
502 1.25664 0.132006
503 1.25664 -0.0700535
504 1.25664 -0.143524
505 1.25664 0.0999941
506 1.25664 0.103717
507 1.25664 -0.0251852
508 1.25664 0.091615
509 1.25664 0.0175245
510 1.25664 0.120152
511 1.25664 0.0103437
512 1.25664 -0.0220393
513 1.25664 -0.0976026
514 1.25664 0.0140148
515 1.25664 -0.0365094
516 1.25664 0.161221
517 1.25664 -0.0872227
518 1.25664 -0.0507308
519 1.25664 -0.0338946
520 1.25664 -0.154603
521 1.25664 0.158285
522 1.25664 -0.0401672
523 1.25664 0.013973
524 1.25664 0.116707
525 1.25664 -0.019861
526 1.25664 0.0676787
527 1.25664 0.189152
528 1.25664 -0.050607
529 1.25664 0.0185051
530 1.25664 0.0187056
531 1.25664 0.0878077
532 1.25664 0.0122433
533 1.25664 0.0622561
534 1.25664 -0.203068
535 1.25664 0.16364
536 1.25664 0.0262884
537 1.25664 0.0955171
538 1.25664 0.180504
539 1.25664 0.174935
540 1.25664 0.128605
541 1.25664 -0.0842201
542 1.25664 0.00536275
543 1.25664 -0.0493492
544 1.25664 -0.194442
545 1.25664 0.088768
546 1.25664 -0.0738192
547 1.25664 0.00382721
548 1.25664 0.186054
549 1.25664 -0.100317
550 1.25664 0.126124
551 1.25664 -0.0378892
552 1.25664 -0.104161
553 1.25664 -0.174248
554 1.25664 0.0821952
555 1.25664 0.279832
556 1.25664 -0.138635
557 1.25664 0.0109646
558 1.25664 -0.00375434
559 1.25664 -0.00349221
560 1.25664 0.0837732
561 1.25664 0.00499601
562 1.25664 -0.0136682
563 1.25664 -0.0449413
564 1.25664 0.207069
565 1.25664 -0.125082
566 1.25664 0.168301
567 1.25664 0.0381909
568 1.25664 -0.0541627
569 1.25664 -0.113702
570 1.25664 0.00665493
571 1.25664 -0.0196616
572 1.25664 -0.000126751
573 1.25664 0.0852694
574 1.25664 0.0540212
575 1.25664 0.217001
576 1.25664 0.0621738
577 1.25664 -0.00373287
578 1.25664 -0.250506
579 1.25664 -0.0764913
580 1.25664 0.142321
581 1.25664 0.0209056
582 1.25664 -0.0140088
583 1.25664 -0.0867606
584 1.25664 -0.14476
585 1.25664 0.0290712
586 1.25664 0.125982
587 1.25664 -0.134427
588 1.25664 -0.00535737
589 1.25664 -0.0177855
590 1.25664 -0.330632
591 1.25664 -0.0530894
592 1.25664 0.188099
593 1.25664 0.241383
594 1.25664 -0.0348666
595 1.25664 0.147923
596 1.25664 0.0218051
597 1.25664 0.174712
598 1.25664 -0.151886
599 1.25664 -0.033248
600 1.25664 0.00160367
601 1.25664 0.0905897
602 1.25664 0.0262687
603 1.25664 -0.0135844
604 1.25664 -0.118009
605 1.25664 0.0240875
606 1.25664 0.0208291
607 1.25664 -0.17473
608 1.25664 -0.0762803
609 1.25664 -0.138725
610 1.25664 -0.136913
611 1.25664 0.0651751
612 1.25664 0.0975534
613 1.25664 -0.125561
614 1.25664 -0.0736181
615 1.25664 0.0694377
616 1.25664 0.0150805
617 1.25664 0.136813
618 1.25664 0.0761834
619 1.25664 0.0143502
620 1.25664 -0.0713601
621 1.25664 -0.0515696
622 1.25664 0.0501588
623 1.25664 -0.039965
624 1.25664 -0.0491848
625 1.25664 -0.0795512
626 1.25664 -0.175605
627 1.25664 -0.0430578
628 1.25664 0.0420495
629 1.25664 -0.0770659
630 1.25664 -0.0630001
631 1.25664 0.277065
632 1.25664 0.0301437
633 1.25664 0.180679
634 1.25664 -0.0584271
635 1.25664 -0.0174095
636 1.25664 -0.0802058
637 1.25664 -0.0949692
638 1.25664 -0.0655664
639 1.25664 0.115221
640 1.25664 -0.201322
641 1.25664 -0.0405221
642 1.25664 -0.0012575
643 1.25664 0.117963
644 1.25664 -0.134559
645 1.25664 0.23596
646 1.25664 0.0703221
647 1.25664 -0.0679674
648 1.25664 0.037083
649 1.25664 -0.0929657
650 1.25664 -0.00601998
651 1.25664 0.0872977
652 1.25664 -0.229305
653 1.25664 0.0194273
654 1.25664 0.0381754
655 1.25664 0.023311
656 1.25664 0.00907733
657 1.25664 0.0574745
658 1.25664 -0.0116382
659 1.25664 0.137398
660 1.25664 -0.219232
661 1.25664 -0.0772597
662 1.25664 -0.0398941
663 1.25664 -0.0472364
664 1.25664 0.0159393
665 1.25664 0.10544
666 1.25664 0.0647306
667 1.25664 0.0931687
668 1.25664 -0.0893991
669 1.25664 0.19702
670 1.25664 -0.00234786
671 1.25664 -0.0655721
672 1.25664 -0.0109735
673 1.25664 0.164548
674 1.25664 -0.0988552
675 1.25664 -0.00188175
676 1.25664 -0.102213
677 1.25664 -0.0880587
678 1.25664 -0.0761851
679 1.25664 -0.0172442
680 1.25664 0.0334178
681 1.25664 0.0930861
682 1.25664 -0.0387347
683 1.25664 -0.00282661
684 1.25664 0.0613773
685 1.25664 0.0241984
686 1.25664 0.114666
687 1.25664 -0.255622
688 1.25664 -0.126161
689 1.25664 0.0930329
690 1.25664 -0.100929
691 1.25664 -0.142035
692 1.25664 -0.254689
693 1.25664 -0.0453813
694 1.25664 -0.114666
695 1.25664 -0.0582964
696 1.25664 0.0038792
697 1.25664 -0.0900323
698 1.25664 -0.0295449
699 1.25664 -0.236457
700 1.25664 -0.0169906
701 1.25664 0.0531769
702 1.25664 -0.0312772
703 1.25664 0.0170521
704 1.25664 -0.00550719
705 1.25664 -0.0534983
706 1.25664 0.0822939
707 1.25664 0.127421
708 1.25664 0.127636
709 1.25664 0.0452656
710 1.25664 0.039988
711 1.25664 -0.180026
712 1.25664 0.179859
713 1.25664 0.271452
714 1.25664 -0.00359695
715 1.25664 -0.115854
716 1.25664 -0.105947
717 1.25664 0.0321885
718 1.25664 -0.0347816
719 1.25664 -0.0317009
720 1.25664 0.0996168
721 1.25664 -0.103938
722 1.25664 0.0398395
723 1.25664 -0.0341077
724 1.25664 -0.0366217
725 1.25664 0.0875109
726 1.25664 -0.0952004
727 1.25664 0.170453
728 1.25664 -0.0862954
729 1.25664 0.126667
730 1.25664 0.0516192
731 1.25664 -0.0593715
732 1.25664 -0.0114477
733 1.25664 0.0131223
734 1.25664 0.0117199
735 1.25664 0.0117984
736 1.25664 0.0267183
737 1.25664 0.0642207
738 1.25664 -0.0732021
739 1.25664 0.143553
740 1.25664 0.047914
741 1.25664 0.116169
742 1.25664 -0.0557334
743 1.25664 -0.0813202
744 1.25664 -0.0936226
745 1.25664 0.0376994
746 1.25664 -0.142715
747 1.25664 -0.0392468
748 1.25664 0.0215124
749 1.25664 -0.000918552
750 1.25664 -0.0570273
751 1.25664 -0.0512865
752 1.25664 -0.104718
753 1.25664 0.0180846
754 1.25664 -0.114593
755 1.25664 -0.106914
756 1.25664 -0.00936876
757 1.25664 0.170985
758 1.25664 0.204204
759 1.25664 0.0830161
760 1.25664 0.0322591
761 1.25664 0.254464
762 1.25664 -0.0224867
763 1.25664 -0.00556659
764 1.25664 -0.116271
765 1.25664 0.243966
766 1.25664 0.0305933
767 1.25664 -0.119923
768 1.25664 0.192293
769 1.25664 0.212759
770 1.25664 0.0158456
771 1.25664 0.0165613
772 1.25664 0.10025
773 1.25664 -0.0657208
774 1.25664 0.0596706
775 1.25664 0.0157901
776 1.25664 0.0408417
777 1.25664 0.114714
778 1.25664 0.0518214
779 1.25664 0.0105212
780 1.25664 -0.0307881
781 1.25664 -0.240296
782 1.25664 -0.178005
783 1.25664 -0.0806189
784 1.25664 -0.244473
785 1.25664 -0.119748
786 1.25664 -0.0722862
787 1.25664 0.155242
788 1.25664 -0.0409105
789 1.25664 0.154908
790 1.25664 0.0482292
791 1.25664 -0.102671
792 1.25664 0.0658796
793 1.25664 0.0265949
794 1.25664 -0.0357155
795 1.25664 0.00819822
796 1.25664 0.01752
797 1.25664 -0.129023
798 1.25664 0.107613
799 1.25664 -0.134395
800 1.25664 -0.228921
801 1.25664 0.129722
802 1.25664 -0.0560327
803 1.25664 0.0390223
804 1.25664 0.223197
805 1.25664 0.0889447
806 1.25664 0.151459
807 1.25664 0.021575
808 1.25664 -0.0774413
809 1.25664 0.0570965
810 1.25664 -0.0122892
811 1.25664 0.117773
812 1.25664 0.0646847
813 1.25664 -0.1519
814 1.25664 -0.17058
815 1.25664 -0.139667
816 1.25664 -0.208892
817 1.25664 0.148375
818 1.25664 0.01484
819 1.25664 0.121973
820 1.25664 0.0401941
821 1.25664 -0.000679694
822 1.25664 0.185856
823 1.25664 0.0902357
824 1.25664 -0.0633849
825 1.25664 -0.00561238
826 1.25664 -0.0499875
827 1.25664 -0.00322209
828 1.25664 0.171294
829 1.25664 0.0286734
830 1.25664 -0.00790384
831 1.25664 -0.11489
832 1.25664 -0.177126
833 1.25664 -0.0998033
834 1.25664 -0.158919
835 1.25664 -0.10213
836 1.25664 -0.102969
837 1.25664 0.000300154
838 1.25664 0.147252
839 1.25664 -0.135746
840 1.25664 -0.139462
841 1.25664 -0.1042
842 1.25664 -0.00935774
843 1.25664 0.104559
844 1.25664 0.0887464
845 1.25664 0.0781795
846 1.25664 -0.00309117
847 1.25664 -0.203112
848 1.25664 -0.164792
849 1.25664 -0.00761052
850 1.25664 -0.046032
851 1.25664 -0.00116518
852 1.25664 0.0464259
853 1.25664 0.116082
854 1.25664 0.0414199
855 1.25664 -0.00871149
856 1.25664 0.161004
857 1.25664 0.15403
858 1.25664 0.179795
859 1.25664 0.0992283
860 1.25664 -0.117277
861 1.25664 -0.200282
862 1.25664 -0.0189827
863 1.25664 -0.03176
864 1.25664 -0.0193785
865 1.25664 -0.127764
866 1.25664 0.115412
867 1.25664 0.0464997
868 1.25664 0.1613
869 1.25664 -0.0775463
870 1.25664 -0.115315
871 1.25664 -0.248088
872 1.25664 0.154645
873 1.25664 0.0780769
874 1.25664 -0.0383743
875 1.25664 0.109753
876 1.25664 -0.0191923
877 1.25664 0.0246737
878 1.25664 0.0363968
879 1.25664 -0.169774
880 1.25664 -0.000552092
881 1.25664 0.178024
882 1.25664 0.0715788
883 1.25664 0.121894
884 1.25664 -0.17589
885 1.25664 0.132805
886 1.25664 0.0240487
887 1.25664 -0.033907
888 1.25664 -0.211153
889 1.25664 0.125289
890 1.25664 -0.0189085
891 1.25664 0.201818
892 1.25664 0.151392
893 1.25664 -0.12978
894 1.25664 0.0965992
895 1.25664 -0.04601
896 1.25664 0.0223845
897 1.25664 -0.0118642
898 1.25664 -0.0255658
899 1.25664 -0.00305549
900 1.25664 -0.148245
901 1.25664 -0.0602725
902 1.25664 -0.0303909
903 1.25664 0.0822046
904 1.25664 -0.0411642
905 1.25664 0.021204
906 1.25664 -0.0192455
907 1.25664 0.203886
908 1.25664 -0.0709134
909 1.25664 0.0013855
910 1.25664 0.103374
911 1.25664 0.0690325
912 1.25664 0.206093
913 1.25664 0.0225962
914 1.25664 -0.060952
915 1.25664 -0.0693862
916 1.25664 -0.0666043
917 1.25664 0.0135148
918 1.25664 -0.0294783
919 1.25664 0.00331185
920 1.25664 -0.0492969
921 1.25664 -0.0557121
922 1.25664 -0.174772
923 1.25664 -0.184922
924 1.25664 -0.154095
925 1.25664 -0.0226265
926 1.25664 0.0662157
927 1.25664 -0.20369
928 1.25664 0.0613974
929 1.25664 -0.128208
930 1.25664 0.214552
931 1.25664 0.00715682
932 1.25664 -0.158653
933 1.25664 0.0622745
934 1.25664 -0.0148767
935 1.25664 -0.024513
936 1.25664 -0.208557
937 1.25664 -0.0893678
938 1.25664 0.00671317
939 1.25664 0.0211078
940 1.25664 -0.168804
941 1.25664 -0.241473
942 1.25664 -0.0895468
943 1.25664 0.00329226
944 1.25664 0.0629918
945 1.25664 -0.100941
946 1.25664 -0.0903712
947 1.25664 -0.124221
948 1.25664 -0.202315
949 1.25664 -0.0141592
950 1.25664 -0.20449
951 1.25664 -0.087137
952 1.25664 0.0205144
953 1.25664 0.08078
954 1.25664 0.157682
955 1.25664 -0.0952406
956 1.25664 -0.186734
957 1.25664 -0.0369059
958 1.25664 -0.115155
959 1.25664 -0.0991247
960 1.25664 0.0598283
961 1.25664 -0.0413842
962 1.25664 0.112723
963 1.25664 0.0137533
964 1.25664 -0.284515
965 1.25664 -0.0259215
966 1.25664 0.0195601
967 1.25664 -0.160361
968 1.25664 -0.0456545
969 1.25664 -0.118189
970 1.25664 0.10621
971 1.25664 0.0010981
972 1.25664 0.00803483
973 1.25664 -0.0755071
974 1.25664 -0.0631028
975 1.25664 -0.156161
976 1.25664 -0.0169419
977 1.25664 -0.150988
978 1.25664 0.144732
979 1.25664 -0.158617
980 1.25664 0.116393
981 1.25664 -0.256274
982 1.25664 0.10122
983 1.25664 0.0351226
984 1.25664 0.0487747
985 1.25664 0.0888756
986 1.25664 0.0567006
987 1.25664 -0.0882191
988 1.25664 -0.113543
989 1.25664 0.0259056
990 1.25664 0.0280021
991 1.25664 0.112869
992 1.25664 -0.188274
993 1.25664 0.0992772
994 1.25664 0.0858435
995 1.25664 -0.0975621
996 1.25664 0.12957
997 1.25664 -0.0199718
998 1.25664 -0.0126821
999 1.25664 -0.10174
1000 1.25664 0.0225765
1 1.5708 -0.0611484
2 1.5708 0.00116797
3 1.5708 0.0197497
4 1.5708 0.0664156
5 1.5708 -0.0829125
6 1.5708 0.111842
7 1.5708 0.0721719
8 1.5708 -0.172327
9 1.5708 0.0314773
10 1.5708 -0.0145776
11 1.5708 0.0232081
12 1.5708 -0.137097
13 1.5708 -0.115189
14 1.5708 0.0739934
15 1.5708 0.143058
16 1.5708 -0.00693615
17 1.5708 0.143612
18 1.5708 0.150056
19 1.5708 -0.301932
20 1.5708 0.137359
21 1.5708 -0.144929
22 1.5708 0.0992823
23 1.5708 -0.146068
24 1.5708 -0.0362367
25 1.5708 -0.158468
26 1.5708 -0.0789589
27 1.5708 -0.107155
28 1.5708 0.00968032
29 1.5708 0.0510397
30 1.5708 0.0676934
31 1.5708 -0.111034
32 1.5708 -0.023787
33 1.5708 -0.16059
34 1.5708 0.0727574
35 1.5708 0.01367
36 1.5708 -0.245875
37 1.5708 0.0376005
38 1.5708 0.139802
39 1.5708 0.0113132
40 1.5708 0.146003
41 1.5708 -0.073911
42 1.5708 -0.0673611
43 1.5708 -0.0377029
44 1.5708 -0.14092
45 1.5708 -0.0343803
46 1.5708 0.143564
47 1.5708 0.0812069
48 1.5708 0.00442507
49 1.5708 -0.132175
50 1.5708 -0.195061
51 1.5708 -0.0274848
52 1.5708 -0.178689
53 1.5708 -0.0951807
54 1.5708 -0.0128277
55 1.5708 -0.0773326
56 1.5708 0.0250128
57 1.5708 0.0182493
58 1.5708 -0.0520434
59 1.5708 -0.312622
60 1.5708 -0.161048
61 1.5708 0.042401
62 1.5708 -0.0286598
63 1.5708 -0.107395
64 1.5708 -0.189273
65 1.5708 -0.114033
66 1.5708 0.0501221
67 1.5708 0.0583784
68 1.5708 -0.123428
69 1.5708 -0.0856395
70 1.5708 0.216467
71 1.5708 -0.0463833
72 1.5708 0.0392948
73 1.5708 -0.175518
74 1.5708 0.0138079
75 1.5708 0.017268
76 1.5708 -0.133408
77 1.5708 -0.194772
78 1.5708 -0.136178
79 1.5708 -0.0663471
80 1.5708 -0.0349535
81 1.5708 -0.0354455
82 1.5708 -0.0253794
83 1.5708 0.0737352
84 1.5708 -0.0549372
85 1.5708 -0.0550758
86 1.5708 -0.115734
87 1.5708 0.0217503
88 1.5708 0.243759
89 1.5708 0.0763564
90 1.5708 0.16488
91 1.5708 0.0293825
92 1.5708 -0.0784271
93 1.5708 0.192851
94 1.5708 -0.00961601
95 1.5708 0.0255093
96 1.5708 -0.0719789
97 1.5708 0.0895145
98 1.5708 -0.0328348
99 1.5708 -0.0639888
100 1.5708 -0.151488
101 1.5708 -0.0250199
102 1.5708 -0.0314642
103 1.5708 -0.0263209
104 1.5708 -0.0566084
105 1.5708 -0.021184
106 1.5708 0.0286581
107 1.5708 -0.138823
108 1.5708 0.131796
109 1.5708 0.117228
110 1.5708 -0.0229372
111 1.5708 0.120104
112 1.5708 -0.154451
113 1.5708 -0.0154672
114 1.5708 -0.0590429
115 1.5708 0.119579
116 1.5708 -0.167295
117 1.5708 0.112273
118 1.5708 0.0212412
119 1.5708 0.0951006
120 1.5708 -0.0128447
121 1.5708 -0.141115
122 1.5708 0.0514287
123 1.5708 0.0226924
124 1.5708 -0.0258784
125 1.5708 0.123262
126 1.5708 -0.0661045
127 1.5708 0.0881502
128 1.5708 0.110105
129 1.5708 -0.223818
130 1.5708 -0.176869
131 1.5708 -0.0422097
132 1.5708 0.14858
133 1.5708 0.0669822
134 1.5708 0.0949672
135 1.5708 -0.133407
136 1.5708 -0.0359143
137 1.5708 -0.0399739
138 1.5708 -0.0770269
139 1.5708 -0.173506
140 1.5708 -0.106569
141 1.5708 0.0936308
142 1.5708 0.166107
143 1.5708 0.126777
144 1.5708 0.161459
145 1.5708 0.0203522
146 1.5708 0.00483873
147 1.5708 0.143138
148 1.5708 0.114517
149 1.5708 -0.021439
150 1.5708 -0.0769794
151 1.5708 0.00531075
152 1.5708 -0.184481
153 1.5708 -0.211092
154 1.5708 0.0136483
155 1.5708 0.0586647
156 1.5708 0.0571339
157 1.5708 0.109407
158 1.5708 0.0510596
159 1.5708 -0.122496
160 1.5708 -0.153983
161 1.5708 -0.152872
162 1.5708 0.075528
163 1.5708 -0.019756
164 1.5708 -0.147692
165 1.5708 -0.0659352
166 1.5708 -0.150582
167 1.5708 -0.0520345
168 1.5708 -0.137082
169 1.5708 -0.109123
170 1.5708 -0.0133559
171 1.5708 0.0406558
172 1.5708 0.110481
173 1.5708 -0.0161774
174 1.5708 -0.0227634
175 1.5708 -0.0813549
176 1.5708 -0.0403517
177 1.5708 0.130153
178 1.5708 0.189483
179 1.5708 0.0413896
180 1.5708 0.0395119
181 1.5708 0.0980866
182 1.5708 -0.0329087
183 1.5708 0.101495
184 1.5708 -0.21622
185 1.5708 -0.137416
186 1.5708 -0.138085
187 1.5708 -0.153654
188 1.5708 0.0781921
189 1.5708 0.107978
190 1.5708 -0.00571592
191 1.5708 0.0158009
192 1.5708 -0.0794254
193 1.5708 0.000527028
194 1.5708 0.0844551
195 1.5708 0.102332
196 1.5708 0.212039
197 1.5708 0.0659497
198 1.5708 -0.0402532
199 1.5708 0.116302
200 1.5708 -0.189451
201 1.5708 -0.0916903
202 1.5708 0.123434
203 1.5708 -0.118291
204 1.5708 0.0237021
205 1.5708 0.0269511
206 1.5708 -0.0406688
207 1.5708 0.0172055
208 1.5708 0.074008
209 1.5708 -0.0721041
210 1.5708 0.0502973
211 1.5708 0.115438
212 1.5708 0.00998721
213 1.5708 0.142417
214 1.5708 -0.0822434
215 1.5708 -0.125272
216 1.5708 -0.179041
217 1.5708 -0.168845
218 1.5708 -0.190896
219 1.5708 -0.25522
220 1.5708 0.00077768
221 1.5708 -0.0430777
222 1.5708 0.0846741
223 1.5708 0.1194
224 1.5708 0.0202307
225 1.5708 0.011935
226 1.5708 0.000677644
227 1.5708 -0.054808
228 1.5708 0.109678
229 1.5708 0.0261896
230 1.5708 0.0490219
231 1.5708 0.208163
232 1.5708 0.142024
233 1.5708 -0.104907
234 1.5708 0.0517709
235 1.5708 0.299455
236 1.5708 -0.140031
237 1.5708 -0.0313167
238 1.5708 -0.0622522
239 1.5708 0.231545
240 1.5708 0.0216107
241 1.5708 0.0869817
242 1.5708 0.234685
243 1.5708 0.141995
244 1.5708 0.00943252
245 1.5708 -0.150639
246 1.5708 -0.084074
247 1.5708 0.0695947
248 1.5708 -0.147159
249 1.5708 -0.0328639
250 1.5708 -0.0472633
251 1.5708 -0.00807497
252 1.5708 -0.0526871
253 1.5708 -0.138573
254 1.5708 -0.127018
255 1.5708 0.0173232
256 1.5708 -0.102123
257 1.5708 -0.093846
258 1.5708 -0.0240761
259 1.5708 0.0968625
260 1.5708 0.0174817
261 1.5708 0.157051
262 1.5708 -0.0903223
263 1.5708 0.0613764
264 1.5708 0.0500999
265 1.5708 0.0135511
266 1.5708 0.0140189
267 1.5708 0.0265115
268 1.5708 -0.0593
269 1.5708 -0.0985013
270 1.5708 0.0572053
271 1.5708 0.0783478
272 1.5708 -0.0308162
273 1.5708 0.153551
274 1.5708 -0.0727484
275 1.5708 0.130217
276 1.5708 0.0173808
277 1.5708 0.00873503
278 1.5708 0.0440805
279 1.5708 -0.0972666
280 1.5708 0.126179
281 1.5708 -0.0662197
282 1.5708 -0.0313903
283 1.5708 0.0307746
284 1.5708 -0.0965455
285 1.5708 -0.0881804
286 1.5708 -0.0581743
287 1.5708 0.294732
288 1.5708 0.12578
289 1.5708 -0.259867
290 1.5708 0.0770073
291 1.5708 0.105256
292 1.5708 0.140511
293 1.5708 0.152385
294 1.5708 0.178383
295 1.5708 -0.0595698
296 1.5708 0.0592627
297 1.5708 -0.031545
298 1.5708 -0.0026937
299 1.5708 0.0616774
300 1.5708 -0.117106
301 1.5708 -0.143291
302 1.5708 -0.0312719
303 1.5708 -0.0669069
304 1.5708 -0.00664874
305 1.5708 -0.0734028
306 1.5708 -0.0791892
307 1.5708 -0.131243
308 1.5708 -0.249339
309 1.5708 -0.0569031
310 1.5708 -0.0787134
311 1.5708 0.0746948
312 1.5708 -0.0456981
313 1.5708 -0.271509
314 1.5708 0.0981483
315 1.5708 -0.00504478
316 1.5708 0.101758
317 1.5708 0.0311357
318 1.5708 -0.0963379
319 1.5708 0.0578389
320 1.5708 0.0916026
321 1.5708 -0.0162844
322 1.5708 -0.1093
323 1.5708 -0.129616
324 1.5708 -0.0938655
325 1.5708 0.00908977
326 1.5708 -0.107162
327 1.5708 0.164619
328 1.5708 0.0339223
329 1.5708 -0.0255359
330 1.5708 -0.0267055
331 1.5708 0.191831
332 1.5708 -0.0737268
333 1.5708 0.0857642
334 1.5708 0.0781725
335 1.5708 0.135726
336 1.5708 0.0654811
337 1.5708 -0.0183693
338 1.5708 -0.0319701
339 1.5708 -0.132794
340 1.5708 -0.213582
341 1.5708 0.178322
342 1.5708 -0.0129527
343 1.5708 0.0500833
344 1.5708 -0.0358533
345 1.5708 0.0444154
346 1.5708 0.0569717
347 1.5708 0.0218158
348 1.5708 -0.195835
349 1.5708 0.0966827
350 1.5708 0.0252686
351 1.5708 -0.0178621
352 1.5708 0.0216632
353 1.5708 -0.0857997
354 1.5708 0.133755
355 1.5708 0.192232
356 1.5708 -0.165286
357 1.5708 0.123235
358 1.5708 -0.0658264
359 1.5708 0.0582881
360 1.5708 -0.245024
361 1.5708 0.139957
362 1.5708 -0.0233268
363 1.5708 -0.117236
364 1.5708 -0.0857084
365 1.5708 -0.00523082
366 1.5708 -0.118971
367 1.5708 0.168469
368 1.5708 0.0271528
369 1.5708 -0.000383757
370 1.5708 0.0313892
371 1.5708 -0.0617161
372 1.5708 0.0247652
373 1.5708 -0.0386048
374 1.5708 -0.170774
375 1.5708 -0.0826766
376 1.5708 0.0167495
377 1.5708 -0.0437942
378 1.5708 0.0799659
379 1.5708 -0.0108273
380 1.5708 -0.023751
381 1.5708 -0.0136302
382 1.5708 0.0923816
383 1.5708 0.143264
384 1.5708 0.0130459
385 1.5708 0.0413391
386 1.5708 -0.0998423
387 1.5708 -0.1304
388 1.5708 0.0998769
389 1.5708 0.104839
390 1.5708 -0.121106
391 1.5708 -0.164251
392 1.5708 -0.0775319
393 1.5708 -0.172747
394 1.5708 0.0250825
395 1.5708 0.0590615
396 1.5708 -0.101796
397 1.5708 0.0374728
398 1.5708 -0.036724
399 1.5708 0.0995521
400 1.5708 0.00844822
401 1.5708 -0.0554636
402 1.5708 -0.137461
403 1.5708 0.115483
404 1.5708 0.0290855
405 1.5708 0.164578
406 1.5708 -0.0626658
407 1.5708 0.254312
408 1.5708 0.141878
409 1.5708 -0.132319
410 1.5708 -0.373208
411 1.5708 -0.0428736
412 1.5708 0.00990917
413 1.5708 -0.110267
414 1.5708 0.155098
415 1.5708 0.0449618
416 1.5708 -0.0560982
417 1.5708 -0.111282
418 1.5708 0.0418745
419 1.5708 0.0436491
420 1.5708 0.186327
421 1.5708 -0.00378199
422 1.5708 -0.21357
423 1.5708 0.0401491
424 1.5708 0.0731296
425 1.5708 0.223359
426 1.5708 0.0390716
427 1.5708 0.083601
428 1.5708 0.0473553
429 1.5708 -0.0146514
430 1.5708 -0.0177316
431 1.5708 -0.159173
432 1.5708 -0.0869655
433 1.5708 -0.0214922
434 1.5708 0.141577
435 1.5708 -0.0842633
436 1.5708 0.143299
437 1.5708 -0.0193513
438 1.5708 0.0229781
439 1.5708 -0.026616
440 1.5708 0.0729211
441 1.5708 0.0614548
442 1.5708 -0.117506
443 1.5708 0.0300389
444 1.5708 -0.139734
445 1.5708 0.207609
446 1.5708 0.125651
447 1.5708 -0.144458
448 1.5708 -0.137845
449 1.5708 -0.113841
450 1.5708 0.103459
451 1.5708 -0.0317861
452 1.5708 0.137411
453 1.5708 0.0546811
454 1.5708 -0.101239
455 1.5708 0.0905186
456 1.5708 -0.175509
457 1.5708 -0.0151679
458 1.5708 0.0156282
459 1.5708 -0.0775207
460 1.5708 0.0660448
461 1.5708 0.15489
462 1.5708 0.164342
463 1.5708 0.0676663
464 1.5708 0.0314165
465 1.5708 0.163824
466 1.5708 -0.178158
467 1.5708 0.0262525
468 1.5708 0.0498398
469 1.5708 0.0601453
470 1.5708 -0.0388513
471 1.5708 -0.0530807
472 1.5708 -0.0373991
473 1.5708 0.188733
474 1.5708 0.0437403
475 1.5708 -0.0140716
476 1.5708 0.0788575
477 1.5708 0.0651362
478 1.5708 -0.0629845
479 1.5708 0.181595
480 1.5708 -0.131944
481 1.5708 -0.0183424
482 1.5708 -0.045236
483 1.5708 -0.0691928
484 1.5708 0.166512
485 1.5708 -0.00483574
486 1.5708 0.0177118
487 1.5708 -0.0698967
488 1.5708 -0.0604773
489 1.5708 -0.0218806
490 1.5708 0.0647508
491 1.5708 0.00657925
492 1.5708 0.073892
493 1.5708 0.0269988
494 1.5708 0.12343
495 1.5708 0.0778609
496 1.5708 -0.188951
497 1.5708 -0.0534795
498 1.5708 0.0860216
499 1.5708 0.0135573
500 1.5708 -0.21109
501 1.5708 0.0135498
502 1.5708 0.0860311
503 1.5708 -0.0534739
504 1.5708 -0.188935
505 1.5708 0.0778424
506 1.5708 0.123425
507 1.5708 0.0270025
508 1.5708 0.0738919
509 1.5708 0.00657509
510 1.5708 0.0647655
511 1.5708 -0.0218862
512 1.5708 -0.0604723
513 1.5708 -0.0698922
514 1.5708 0.017718
515 1.5708 -0.00482228
516 1.5708 0.166514
517 1.5708 -0.0692141
518 1.5708 -0.0452304
519 1.5708 -0.0183474
520 1.5708 -0.131943
521 1.5708 0.181595
522 1.5708 -0.0629792
523 1.5708 0.0651259
524 1.5708 0.0788377
525 1.5708 -0.0140801
526 1.5708 0.0437355
527 1.5708 0.188739
528 1.5708 -0.0373949
529 1.5708 -0.053091
530 1.5708 -0.0388354
531 1.5708 0.0601479
532 1.5708 0.0498341
533 1.5708 0.0262521
534 1.5708 -0.178166
535 1.5708 0.163813
536 1.5708 0.0314198
537 1.5708 0.0676565
538 1.5708 0.16435
539 1.5708 0.154891
540 1.5708 0.066033
541 1.5708 -0.0775249
542 1.5708 0.0156203
543 1.5708 -0.0151671
544 1.5708 -0.175509
545 1.5708 0.0905104
546 1.5708 -0.101248
547 1.5708 0.054691
548 1.5708 0.137402
549 1.5708 -0.0317947
550 1.5708 0.103466
551 1.5708 -0.113842
552 1.5708 -0.137837
553 1.5708 -0.144455
554 1.5708 0.125647
555 1.5708 0.207601
556 1.5708 -0.139746
557 1.5708 0.0300506
558 1.5708 -0.11751
559 1.5708 0.0614625
560 1.5708 0.0729219
561 1.5708 -0.0266255
562 1.5708 0.0229899
563 1.5708 -0.0193536
564 1.5708 0.143297
565 1.5708 -0.0842526
566 1.5708 0.141583
567 1.5708 -0.0214807
568 1.5708 -0.086965
569 1.5708 -0.159168
570 1.5708 -0.0177215
571 1.5708 -0.0146381
572 1.5708 0.047345
573 1.5708 0.0836041
574 1.5708 0.0390561
575 1.5708 0.223359
576 1.5708 0.0731301
577 1.5708 0.040148
578 1.5708 -0.213571
579 1.5708 -0.00377948
580 1.5708 0.186314
581 1.5708 0.0436549
582 1.5708 0.041869
583 1.5708 -0.11128
584 1.5708 -0.0560839
585 1.5708 0.0449603
586 1.5708 0.155088
587 1.5708 -0.110268
588 1.5708 0.00989512
589 1.5708 -0.0428732
590 1.5708 -0.37321
591 1.5708 -0.132337
592 1.5708 0.141886
593 1.5708 0.254309
594 1.5708 -0.0626704
595 1.5708 0.164569
596 1.5708 0.0290809
597 1.5708 0.115504
598 1.5708 -0.137451
599 1.5708 -0.0554557
600 1.5708 0.00845945
601 1.5708 0.0995617
602 1.5708 -0.0367261
603 1.5708 0.0374581
604 1.5708 -0.101811
605 1.5708 0.0590769
606 1.5708 0.0250721
607 1.5708 -0.17275
608 1.5708 -0.0775157
609 1.5708 -0.164253
610 1.5708 -0.121105
611 1.5708 0.104849
612 1.5708 0.0998602
613 1.5708 -0.130396
614 1.5708 -0.0998377
615 1.5708 0.0413462
616 1.5708 0.013058
617 1.5708 0.143263
618 1.5708 0.0923847
619 1.5708 -0.0136106
620 1.5708 -0.0237522
621 1.5708 -0.0108179
622 1.5708 0.0799494
623 1.5708 -0.0437779
624 1.5708 0.0167706
625 1.5708 -0.0826952
626 1.5708 -0.170781
627 1.5708 -0.0386131
628 1.5708 0.0247529
629 1.5708 -0.0617315
630 1.5708 0.0313954
631 1.5708 -0.000372111
632 1.5708 0.0271443
633 1.5708 0.168463
634 1.5708 -0.11898
635 1.5708 -0.00522455
636 1.5708 -0.0857195
637 1.5708 -0.117225
638 1.5708 -0.0233412
639 1.5708 0.139973
640 1.5708 -0.245025
641 1.5708 0.058299
642 1.5708 -0.0658312
643 1.5708 0.123233
644 1.5708 -0.165288
645 1.5708 0.192245
646 1.5708 0.133759
647 1.5708 -0.0857911
648 1.5708 0.0216577
649 1.5708 -0.0178519
650 1.5708 0.0252698
651 1.5708 0.0966818
652 1.5708 -0.195824
653 1.5708 0.0218076
654 1.5708 0.0569901
655 1.5708 0.0444238
656 1.5708 -0.0358573
657 1.5708 0.0500934
658 1.5708 -0.0129584
659 1.5708 0.178318
660 1.5708 -0.213571
661 1.5708 -0.132788
662 1.5708 -0.0319865
663 1.5708 -0.0183527
664 1.5708 0.0654879
665 1.5708 0.13572
666 1.5708 0.0781738
667 1.5708 0.0857508
668 1.5708 -0.0737232
669 1.5708 0.191832
670 1.5708 -0.0267189
671 1.5708 -0.0255403
672 1.5708 0.0339176
673 1.5708 0.164614
674 1.5708 -0.107147
675 1.5708 0.00908804
676 1.5708 -0.0938634
677 1.5708 -0.129608
678 1.5708 -0.109288
679 1.5708 -0.0162951
680 1.5708 0.0916002
681 1.5708 0.0578374
682 1.5708 -0.096348
683 1.5708 0.03113
684 1.5708 0.101754
685 1.5708 -0.00503929
686 1.5708 0.0981577
687 1.5708 -0.271526
688 1.5708 -0.0457026
689 1.5708 0.0746977
690 1.5708 -0.0787217
691 1.5708 -0.0569142
692 1.5708 -0.249341
693 1.5708 -0.131244
694 1.5708 -0.0792037
695 1.5708 -0.073395
696 1.5708 -0.00666507
697 1.5708 -0.0669045
698 1.5708 -0.0312732
699 1.5708 -0.143302
700 1.5708 -0.117091
701 1.5708 0.0616774
702 1.5708 -0.00267502
703 1.5708 -0.0315457
704 1.5708 0.0592582
705 1.5708 -0.0595679
706 1.5708 0.178388
707 1.5708 0.152378
708 1.5708 0.140513
709 1.5708 0.105254
710 1.5708 0.0770168
711 1.5708 -0.25986
712 1.5708 0.125778
713 1.5708 0.294731
714 1.5708 -0.0581582
715 1.5708 -0.0881961
716 1.5708 -0.0965477
717 1.5708 0.030765
718 1.5708 -0.0313902
719 1.5708 -0.066223
720 1.5708 0.126157
721 1.5708 -0.0972522
722 1.5708 0.0440981
723 1.5708 0.00872129
724 1.5708 0.0173825
725 1.5708 0.130221
726 1.5708 -0.0727485
727 1.5708 0.153553
728 1.5708 -0.030818
729 1.5708 0.0783435
730 1.5708 0.0572049
731 1.5708 -0.0985055
732 1.5708 -0.0592925
733 1.5708 0.0265197
734 1.5708 0.0140196
735 1.5708 0.0135499
736 1.5708 0.0500923
737 1.5708 0.0613771
738 1.5708 -0.0903309
739 1.5708 0.157054
740 1.5708 0.0174975
741 1.5708 0.0968644
742 1.5708 -0.0240813
743 1.5708 -0.0938358
744 1.5708 -0.102132
745 1.5708 0.0173263
746 1.5708 -0.127019
747 1.5708 -0.138568
748 1.5708 -0.0526704
749 1.5708 -0.00807524
750 1.5708 -0.0472625
751 1.5708 -0.0328447
752 1.5708 -0.14716
753 1.5708 0.0696002
754 1.5708 -0.0840689
755 1.5708 -0.150632
756 1.5708 0.00944795
757 1.5708 0.142004
758 1.5708 0.234683
759 1.5708 0.0869933
760 1.5708 0.0216026
761 1.5708 0.231554
762 1.5708 -0.0622512
763 1.5708 -0.0313143
764 1.5708 -0.140024
765 1.5708 0.299459
766 1.5708 0.0517566
767 1.5708 -0.104906
768 1.5708 0.142017
769 1.5708 0.208156
770 1.5708 0.0490268
771 1.5708 0.026201
772 1.5708 0.109686
773 1.5708 -0.05482
774 1.5708 0.000684505
775 1.5708 0.0119378
776 1.5708 0.0202292
777 1.5708 0.119396
778 1.5708 0.084673
779 1.5708 -0.0430832
780 1.5708 0.000773165
781 1.5708 -0.255221
782 1.5708 -0.190893
783 1.5708 -0.168851
784 1.5708 -0.179039
785 1.5708 -0.125267
786 1.5708 -0.082245
787 1.5708 0.142409
788 1.5708 0.00999331
789 1.5708 0.11545
790 1.5708 0.050297
791 1.5708 -0.0720912
792 1.5708 0.0740064
793 1.5708 0.0172235
794 1.5708 -0.0406752
795 1.5708 0.0269587
796 1.5708 0.0237081
797 1.5708 -0.118282
798 1.5708 0.123432
799 1.5708 -0.0916721
800 1.5708 -0.189461
801 1.5708 0.116298
802 1.5708 -0.0402422
803 1.5708 0.065944
804 1.5708 0.212037
805 1.5708 0.102332
806 1.5708 0.0844345
807 1.5708 0.000531492
808 1.5708 -0.0794181
809 1.5708 0.0158117
810 1.5708 -0.0057061
811 1.5708 0.10799
812 1.5708 0.0781908
813 1.5708 -0.153657
814 1.5708 -0.138094
815 1.5708 -0.137407
816 1.5708 -0.216219
817 1.5708 0.101499
818 1.5708 -0.0329079
819 1.5708 0.0980987
820 1.5708 0.0395236
821 1.5708 0.0413717
822 1.5708 0.189483
823 1.5708 0.130144
824 1.5708 -0.0403613
825 1.5708 -0.0813625
826 1.5708 -0.0227647
827 1.5708 -0.0161778
828 1.5708 0.11049
829 1.5708 0.0406431
830 1.5708 -0.0133814
831 1.5708 -0.109119
832 1.5708 -0.137094
833 1.5708 -0.0520173
834 1.5708 -0.150578
835 1.5708 -0.0659368
836 1.5708 -0.147675
837 1.5708 -0.0197626
838 1.5708 0.0755387
839 1.5708 -0.152884
840 1.5708 -0.153998
841 1.5708 -0.122489
842 1.5708 0.051045
843 1.5708 0.109418
844 1.5708 0.0571379
845 1.5708 0.05867
846 1.5708 0.0136281
847 1.5708 -0.211097
848 1.5708 -0.184458
849 1.5708 0.00532633
850 1.5708 -0.0769688
851 1.5708 -0.0214459
852 1.5708 0.114522
853 1.5708 0.143141
854 1.5708 0.00484749
855 1.5708 0.0203428
856 1.5708 0.161458
857 1.5708 0.126767
858 1.5708 0.166094
859 1.5708 0.0936454
860 1.5708 -0.10657
861 1.5708 -0.173498
862 1.5708 -0.0770156
863 1.5708 -0.0399785
864 1.5708 -0.0359054
865 1.5708 -0.133408
866 1.5708 0.094965
867 1.5708 0.0669821
868 1.5708 0.148557
869 1.5708 -0.0422124
870 1.5708 -0.176864
871 1.5708 -0.223829
872 1.5708 0.110106
873 1.5708 0.088142
874 1.5708 -0.0661021
875 1.5708 0.123268
876 1.5708 -0.025904
877 1.5708 0.0226776
878 1.5708 0.0514488
879 1.5708 -0.141128
880 1.5708 -0.0128402
881 1.5708 0.0951034
882 1.5708 0.0212428
883 1.5708 0.112272
884 1.5708 -0.167297
885 1.5708 0.119587
886 1.5708 -0.0590351
887 1.5708 -0.0154648
888 1.5708 -0.154453
889 1.5708 0.120116
890 1.5708 -0.0229536
891 1.5708 0.117233
892 1.5708 0.13177
893 1.5708 -0.138825
894 1.5708 0.0286516
895 1.5708 -0.0211757
896 1.5708 -0.0566058
897 1.5708 -0.0263195
898 1.5708 -0.0314589
899 1.5708 -0.0250133
900 1.5708 -0.151478
901 1.5708 -0.0640025
902 1.5708 -0.0328349
903 1.5708 0.0895213
904 1.5708 -0.0719688
905 1.5708 0.0255117
906 1.5708 -0.00961134
907 1.5708 0.192847
908 1.5708 -0.0784414
909 1.5708 0.0293737
910 1.5708 0.164889
911 1.5708 0.0763444
912 1.5708 0.243767
913 1.5708 0.0217446
914 1.5708 -0.115719
915 1.5708 -0.0550827
916 1.5708 -0.0549587
917 1.5708 0.0737389
918 1.5708 -0.0253972
919 1.5708 -0.0354412
920 1.5708 -0.0349453
921 1.5708 -0.0663488
922 1.5708 -0.136167
923 1.5708 -0.19476
924 1.5708 -0.133408
925 1.5708 0.0172735
926 1.5708 0.0137934
927 1.5708 -0.175543
928 1.5708 0.0393017
929 1.5708 -0.0463822
930 1.5708 0.216463
931 1.5708 -0.0856256
932 1.5708 -0.123438
933 1.5708 0.058381
934 1.5708 0.0501262
935 1.5708 -0.114028
936 1.5708 -0.189247
937 1.5708 -0.107396
938 1.5708 -0.0286789
939 1.5708 0.0424141
940 1.5708 -0.161049
941 1.5708 -0.312618
942 1.5708 -0.0520552
943 1.5708 0.0182558
944 1.5708 0.0250058
945 1.5708 -0.0773345
946 1.5708 -0.0128259
947 1.5708 -0.0951839
948 1.5708 -0.178675
949 1.5708 -0.0274825
950 1.5708 -0.19506
951 1.5708 -0.13216
952 1.5708 0.00442142
953 1.5708 0.0812114
954 1.5708 0.143542
955 1.5708 -0.0343818
956 1.5708 -0.140927
957 1.5708 -0.0377029
958 1.5708 -0.0673573
959 1.5708 -0.0739221
960 1.5708 0.146004
961 1.5708 0.0113069
962 1.5708 0.13979
963 1.5708 0.0375817
964 1.5708 -0.245881
965 1.5708 0.013673
966 1.5708 0.0727568
967 1.5708 -0.160594
968 1.5708 -0.0237822
969 1.5708 -0.111023
970 1.5708 0.0676862
971 1.5708 0.0510357
972 1.5708 0.00966717
973 1.5708 -0.10716
974 1.5708 -0.0789381
975 1.5708 -0.158472
976 1.5708 -0.0362303
977 1.5708 -0.146066
978 1.5708 0.0992724
979 1.5708 -0.144926
980 1.5708 0.13735
981 1.5708 -0.301926
982 1.5708 0.15007
983 1.5708 0.143601
984 1.5708 -0.00692664
985 1.5708 0.143082
986 1.5708 0.0739844
987 1.5708 -0.115182
988 1.5708 -0.137105
989 1.5708 0.0232187
990 1.5708 -0.0145864
991 1.5708 0.031484
992 1.5708 -0.172323
993 1.5708 0.0721878
994 1.5708 0.111833
995 1.5708 -0.0829075
996 1.5708 0.0664232
997 1.5708 0.0197333
998 1.5708 0.00116453
999 1.5708 -0.0611407
1000 1.5708 0.0237433
1 1.88496 -0.10175
2 1.88496 -0.0126812
3 1.88496 -0.0199545
4 1.88496 0.129568
5 1.88496 -0.097568
6 1.88496 0.0858571
7 1.88496 0.0992606
8 1.88496 -0.188279
9 1.88496 0.112863
10 1.88496 0.0280075
11 1.88496 0.0258997
12 1.88496 -0.113535
13 1.88496 -0.0882271
14 1.88496 0.056713
15 1.88496 0.0888558
16 1.88496 0.0487619
17 1.88496 0.0351304
18 1.88496 0.10121
19 1.88496 -0.256284
20 1.88496 0.116398
21 1.88496 -0.158622
22 1.88496 0.144739
23 1.88496 -0.150987
24 1.88496 -0.0169485
25 1.88496 -0.156158
26 1.88496 -0.0631228
27 1.88496 -0.0755057
28 1.88496 0.00804433
29 1.88496 0.00110091
30 1.88496 0.106219
31 1.88496 -0.118197
32 1.88496 -0.045664
33 1.88496 -0.160358
34 1.88496 0.0195614
35 1.88496 -0.0259255
36 1.88496 -0.284514
37 1.88496 0.0137689
38 1.88496 0.112735
39 1.88496 -0.0413783
40 1.88496 0.0598308
41 1.88496 -0.0991162
42 1.88496 -0.115154
43 1.88496 -0.0369053
44 1.88496 -0.186731
45 1.88496 -0.0952364
46 1.88496 0.157704
47 1.88496 0.0807789
48 1.88496 0.0205211
49 1.88496 -0.0871466
50 1.88496 -0.204492
51 1.88496 -0.0141598
52 1.88496 -0.202329
53 1.88496 -0.124219
54 1.88496 -0.090373
55 1.88496 -0.100944
56 1.88496 0.0630028
57 1.88496 0.00328363
58 1.88496 -0.0895337
59 1.88496 -0.241473
60 1.88496 -0.168804
61 1.88496 0.021096
62 1.88496 0.00673011
63 1.88496 -0.0893595
64 1.88496 -0.208579
65 1.88496 -0.0245229
66 1.88496 -0.014883
67 1.88496 0.0622684
68 1.88496 -0.158643
69 1.88496 0.0071426
70 1.88496 0.214556
71 1.88496 -0.12821
72 1.88496 0.0613863
73 1.88496 -0.20367
74 1.88496 0.0662334
75 1.88496 -0.0226272
76 1.88496 -0.154091
77 1.88496 -0.184932
78 1.88496 -0.174784
79 1.88496 -0.0557132
80 1.88496 -0.0493023
81 1.88496 0.00330125
82 1.88496 -0.029461
83 1.88496 0.0135078
84 1.88496 -0.0665866
85 1.88496 -0.0693707
86 1.88496 -0.0609704
87 1.88496 0.0226057
88 1.88496 0.206079
89 1.88496 0.0690456
90 1.88496 0.103367
91 1.88496 0.00138961
92 1.88496 -0.0708992
93 1.88496 0.203897
94 1.88496 -0.0192484
95 1.88496 0.0212015
96 1.88496 -0.0411707
97 1.88496 0.0821953
98 1.88496 -0.0303909
99 1.88496 -0.0602578
100 1.88496 -0.148252
101 1.88496 -0.00306026
102 1.88496 -0.0255741
103 1.88496 -0.0118679
104 1.88496 0.0223869
105 1.88496 -0.0460248
106 1.88496 0.0966025
107 1.88496 -0.129781
108 1.88496 0.151419
109 1.88496 0.201814
110 1.88496 -0.0188926
111 1.88496 0.125283
112 1.88496 -0.211152
113 1.88496 -0.0339073
114 1.88496 0.0240415
115 1.88496 0.132796
116 1.88496 -0.175887
117 1.88496 0.121891
118 1.88496 0.0715763
119 1.88496 0.178021
120 1.88496 -0.000559016
121 1.88496 -0.169761
122 1.88496 0.0363761
123 1.88496 0.0246842
124 1.88496 -0.0191675
125 1.88496 0.109749
126 1.88496 -0.0383756
127 1.88496 0.0780825
128 1.88496 0.154647
129 1.88496 -0.248076
130 1.88496 -0.115319
131 1.88496 -0.0775466
132 1.88496 0.161324
133 1.88496 0.0465038
134 1.88496 0.115414
135 1.88496 -0.127758
136 1.88496 -0.0193864
137 1.88496 -0.0317552
138 1.88496 -0.0189861
139 1.88496 -0.200293
140 1.88496 -0.117278
141 1.88496 0.0992142
142 1.88496 0.179803
143 1.88496 0.154043
144 1.88496 0.161007
145 1.88496 -0.00869819
146 1.88496 0.0414115
147 1.88496 0.116079
148 1.88496 0.0464225
149 1.88496 -0.00115724
150 1.88496 -0.0460392
151 1.88496 -0.00762314
152 1.88496 -0.164816
153 1.88496 -0.20312
154 1.88496 -0.00306828
155 1.88496 0.0781778
156 1.88496 0.088743
157 1.88496 0.104545
158 1.88496 -0.00934441
159 1.88496 -0.104208
160 1.88496 -0.139451
161 1.88496 -0.13573
162 1.88496 0.147245
163 1.88496 0.000308779
164 1.88496 -0.102987
165 1.88496 -0.10213
166 1.88496 -0.158919
167 1.88496 -0.0998246
168 1.88496 -0.177118
169 1.88496 -0.114898
170 1.88496 -0.00788051
171 1.88496 0.0286903
172 1.88496 0.171286
173 1.88496 -0.00322299
174 1.88496 -0.0499845
175 1.88496 -0.00560868
176 1.88496 -0.0633731
177 1.88496 0.0902475
178 1.88496 0.185857
179 1.88496 -0.000658349
180 1.88496 0.0401882
181 1.88496 0.121963
182 1.88496 0.0148384
183 1.88496 0.148372
184 1.88496 -0.208891
185 1.88496 -0.139676
186 1.88496 -0.170573
187 1.88496 -0.151894
188 1.88496 0.0646912
189 1.88496 0.117766
190 1.88496 -0.0122976
191 1.88496 0.0570849
192 1.88496 -0.0774494
193 1.88496 0.021566
194 1.88496 0.151476
195 1.88496 0.0889474
196 1.88496 0.223201
197 1.88496 0.0390318
198 1.88496 -0.0560491
199 1.88496 0.129734
200 1.88496 -0.228912
201 1.88496 -0.134411
202 1.88496 0.107617
203 1.88496 -0.129028
204 1.88496 0.0175146
205 1.88496 0.00818967
206 1.88496 -0.0357114
207 1.88496 0.0265803
208 1.88496 0.0658857
209 1.88496 -0.102687
210 1.88496 0.0482282
211 1.88496 0.154897
212 1.88496 -0.0409211
213 1.88496 0.155248
214 1.88496 -0.0722836
215 1.88496 -0.119753
216 1.88496 -0.244476
217 1.88496 -0.0806155
218 1.88496 -0.178009
219 1.88496 -0.240294
220 1.88496 -0.030783
221 1.88496 0.0105264
222 1.88496 0.0518191
223 1.88496 0.114722
224 1.88496 0.0408417
225 1.88496 0.0157913
226 1.88496 0.0596642
227 1.88496 -0.065709
228 1.88496 0.100246
229 1.88496 0.0165489
230 1.88496 0.0158374
231 1.88496 0.212761
232 1.88496 0.192309
233 1.88496 -0.119931
234 1.88496 0.0306111
235 1.88496 0.243969
236 1.88496 -0.11628
237 1.88496 -0.00556715
238 1.88496 -0.0224837
239 1.88496 0.254453
240 1.88496 0.0322688
241 1.88496 0.0830064
242 1.88496 0.204208
243 1.88496 0.17098
244 1.88496 -0.009384
245 1.88496 -0.106923
246 1.88496 -0.114595
247 1.88496 0.0180777
248 1.88496 -0.104715
249 1.88496 -0.0513052
250 1.88496 -0.0570297
251 1.88496 -0.00091918
252 1.88496 0.021499
253 1.88496 -0.0392563
254 1.88496 -0.142716
255 1.88496 0.0376943
256 1.88496 -0.0936181
257 1.88496 -0.0813265
258 1.88496 -0.0557324
259 1.88496 0.116169
260 1.88496 0.0478956
261 1.88496 0.143551
262 1.88496 -0.0731961
263 1.88496 0.0642186
264 1.88496 0.0267255
265 1.88496 0.0117997
266 1.88496 0.0117195
267 1.88496 0.0131137
268 1.88496 -0.0114574
269 1.88496 -0.0593695
270 1.88496 0.0516165
271 1.88496 0.126674
272 1.88496 -0.0862956
273 1.88496 0.17045
274 1.88496 -0.0952011
275 1.88496 0.0875088
276 1.88496 -0.036626
277 1.88496 -0.0340941
278 1.88496 0.0398255
279 1.88496 -0.103957
280 1.88496 0.0996319
281 1.88496 -0.0316938
282 1.88496 -0.0347829
283 1.88496 0.0321987
284 1.88496 -0.105947
285 1.88496 -0.115836
286 1.88496 -0.00361067
287 1.88496 0.271451
288 1.88496 0.179863
289 1.88496 -0.180031
290 1.88496 0.0399781
291 1.88496 0.045266
292 1.88496 0.127632
293 1.88496 0.127428
294 1.88496 0.0822884
295 1.88496 -0.0534985
296 1.88496 -0.00550374
297 1.88496 0.0170539
298 1.88496 -0.0312964
299 1.88496 0.0531755
300 1.88496 -0.017007
301 1.88496 -0.236453
302 1.88496 -0.029542
303 1.88496 -0.0900384
304 1.88496 0.00389391
305 1.88496 -0.0583038
306 1.88496 -0.114656
307 1.88496 -0.0453807
308 1.88496 -0.254687
309 1.88496 -0.142024
310 1.88496 -0.100919
311 1.88496 0.0930305
312 1.88496 -0.126159
313 1.88496 -0.255603
314 1.88496 0.114661
315 1.88496 0.024193
316 1.88496 0.0613769
317 1.88496 -0.00282061
318 1.88496 -0.0387277
319 1.88496 0.093092
320 1.88496 0.0334209
321 1.88496 -0.0172319
322 1.88496 -0.076192
323 1.88496 -0.0880653
324 1.88496 -0.102218
325 1.88496 -0.00187783
326 1.88496 -0.0988704
327 1.88496 0.164552
328 1.88496 -0.0109711
329 1.88496 -0.0655699
330 1.88496 -0.00233138
331 1.88496 0.197019
332 1.88496 -0.0894012
333 1.88496 0.0931791
334 1.88496 0.0647335
335 1.88496 0.105448
336 1.88496 0.0159367
337 1.88496 -0.0472546
338 1.88496 -0.0398772
339 1.88496 -0.0772642
340 1.88496 -0.219242
341 1.88496 0.137402
342 1.88496 -0.0116283
343 1.88496 0.0574632
344 1.88496 0.00908392
345 1.88496 0.0233033
346 1.88496 0.0381577
347 1.88496 0.0194354
348 1.88496 -0.229314
349 1.88496 0.0872961
350 1.88496 -0.00601992
351 1.88496 -0.0929761
352 1.88496 0.0370862
353 1.88496 -0.0679736
354 1.88496 0.0703199
355 1.88496 0.235946
356 1.88496 -0.134562
357 1.88496 0.117965
358 1.88496 -0.00125048
359 1.88496 -0.0405308
360 1.88496 -0.201325
361 1.88496 0.115204
362 1.88496 -0.0655559
363 1.88496 -0.094982
364 1.88496 -0.0801949
365 1.88496 -0.0174145
366 1.88496 -0.0584218
367 1.88496 0.180685
368 1.88496 0.0301534
369 1.88496 0.277054
370 1.88496 -0.0630086
371 1.88496 -0.0770536
372 1.88496 0.0420615
373 1.88496 -0.0430494
374 1.88496 -0.175597
375 1.88496 -0.0795279
376 1.88496 -0.0491985
377 1.88496 -0.0399843
378 1.88496 0.0501773
379 1.88496 -0.0515775
380 1.88496 -0.0713561
381 1.88496 0.0143347
382 1.88496 0.076176
383 1.88496 0.136816
384 1.88496 0.0150688
385 1.88496 0.0694293
386 1.88496 -0.0736217
387 1.88496 -0.125573
388 1.88496 0.0975737
389 1.88496 0.0651645
390 1.88496 -0.136917
391 1.88496 -0.13872
392 1.88496 -0.0762987
393 1.88496 -0.17473
394 1.88496 0.0208399
395 1.88496 0.0240709
396 1.88496 -0.117999
397 1.88496 -0.0135666
398 1.88496 0.026272
399 1.88496 0.0905851
400 1.88496 0.00159414
401 1.88496 -0.0332569
402 1.88496 -0.151895
403 1.88496 0.174688
404 1.88496 0.021805
405 1.88496 0.147926
406 1.88496 -0.034865
407 1.88496 0.24139
408 1.88496 0.188085
409 1.88496 -0.0530722
410 1.88496 -0.33063
411 1.88496 -0.017788
412 1.88496 -0.00534276
413 1.88496 -0.134428
414 1.88496 0.125992
415 1.88496 0.0290793
416 1.88496 -0.144777
417 1.88496 -0.086766
418 1.88496 -0.0140004
419 1.88496 0.0208984
420 1.88496 0.142332
421 1.88496 -0.0764927
422 1.88496 -0.2505
423 1.88496 -0.00373496
424 1.88496 0.062175
425 1.88496 0.217
426 1.88496 0.0540361
427 1.88496 0.0852676
428 1.88496 -0.000113141
429 1.88496 -0.0196682
430 1.88496 0.00664321
431 1.88496 -0.113706
432 1.88496 -0.0541627
433 1.88496 0.0381808
434 1.88496 0.168296
435 1.88496 -0.125094
436 1.88496 0.207067
437 1.88496 -0.0449397
438 1.88496 -0.0136788
439 1.88496 0.00500133
440 1.88496 0.083772
441 1.88496 -0.00350014
442 1.88496 -0.00375007
443 1.88496 0.0109512
444 1.88496 -0.138628
445 1.88496 0.279839
446 1.88496 0.0821965
447 1.88496 -0.174247
448 1.88496 -0.104173
449 1.88496 -0.037886
450 1.88496 0.126109
451 1.88496 -0.100309
452 1.88496 0.186064
453 1.88496 0.00381758
454 1.88496 -0.0738136
455 1.88496 0.0887768
456 1.88496 -0.194444
457 1.88496 -0.0493498
458 1.88496 0.00536902
459 1.88496 -0.0842169
460 1.88496 0.128618
461 1.88496 0.174936
462 1.88496 0.180495
463 1.88496 0.0955259
464 1.88496 0.0262849
465 1.88496 0.163648
466 1.88496 -0.203058
467 1.88496 0.0622554
468 1.88496 0.0122503
469 1.88496 0.087811
470 1.88496 0.018686
471 1.88496 0.0185144
472 1.88496 -0.0506104
473 1.88496 0.189145
474 1.88496 0.0676812
475 1.88496 -0.0198575
476 1.88496 0.116728
477 1.88496 0.013983
478 1.88496 -0.0401695
479 1.88496 0.158286
480 1.88496 -0.154602
481 1.88496 -0.033889
482 1.88496 -0.0507369
483 1.88496 -0.087202
484 1.88496 0.161227
485 1.88496 -0.0365191
486 1.88496 0.0140085
487 1.88496 -0.097604
488 1.88496 -0.0220469
489 1.88496 0.0103509
490 1.88496 0.120135
491 1.88496 0.017527
492 1.88496 0.0916169
493 1.88496 -0.0251936
494 1.88496 0.103722
495 1.88496 0.100014
496 1.88496 -0.143535
497 1.88496 -0.0700583
498 1.88496 0.131995
499 1.88496 0.0313463
500 1.88496 -0.200759
501 1.88496 -0.00556738
502 1.88496 0.0316346
503 1.88496 -0.0316599
504 1.88496 -0.215851
505 1.88496 0.0480709
506 1.88496 0.131052
507 1.88496 0.0765469
508 1.88496 0.0489359
509 1.88496 -0.0050181
510 1.88496 0.00303952
511 1.88496 -0.0519737
512 1.88496 -0.0929855
513 1.88496 -0.0353403
514 1.88496 0.0196867
515 1.88496 0.0273369
516 1.88496 0.155506
517 1.88496 -0.0444303
518 1.88496 -0.0353025
519 1.88496 -0.00100428
520 1.88496 -0.0963677
521 1.88496 0.187129
522 1.88496 -0.0796262
523 1.88496 0.109904
524 1.88496 0.0332513
525 1.88496 -0.00692103
526 1.88496 0.0155109
527 1.88496 0.169851
528 1.88496 -0.0205224
529 1.88496 -0.11949
530 1.88496 -0.0925748
531 1.88496 0.0266006
532 1.88496 0.0825467
533 1.88496 -0.0123217
534 1.88496 -0.135823
535 1.88496 0.147952
536 1.88496 0.0334758
537 1.88496 0.0331734
538 1.88496 0.132108
539 1.88496 0.119686
540 1.88496 -0.00300295
541 1.88496 -0.063241
542 1.88496 0.0243489
543 1.88496 0.0204996
544 1.88496 -0.139395
545 1.88496 0.083393
546 1.88496 -0.118766
547 1.88496 0.100201
548 1.88496 0.0752994
549 1.88496 0.0398395
550 1.88496 0.0706806
551 1.88496 -0.178652
552 1.88496 -0.15802
553 1.88496 -0.100522
554 1.88496 0.1568
555 1.88496 0.115049
556 1.88496 -0.127177
557 1.88496 0.046195
558 1.88496 -0.219763
559 1.88496 0.120401
560 1.88496 0.0549327
561 1.88496 -0.0556407
562 1.88496 0.0573974
563 1.88496 0.00812856
564 1.88496 0.0654995
565 1.88496 -0.0351755
566 1.88496 0.101006
567 1.88496 -0.0790498
568 1.88496 -0.111255
569 1.88496 -0.189054
570 1.88496 -0.040363
571 1.88496 -0.00818214
572 1.88496 0.0901823
573 1.88496 0.0737551
574 1.88496 0.020268
575 1.88496 0.207853
576 1.88496 0.0769278
577 1.88496 0.0800987
578 1.88496 -0.155732
579 1.88496 0.0693022
580 1.88496 0.212069
581 1.88496 0.0621309
582 1.88496 0.0936485
583 1.88496 -0.124906
584 1.88496 0.0380821
585 1.88496 0.0564485
586 1.88496 0.169013
587 1.88496 -0.0753154
588 1.88496 0.024179
589 1.88496 -0.0637642
590 1.88496 -0.379256
591 1.88496 -0.198631
592 1.88496 0.0817839
593 1.88496 0.242342
594 1.88496 -0.0843395
595 1.88496 0.165107
596 1.88496 0.0335099
597 1.88496 0.0449892
598 1.88496 -0.109563
599 1.88496 -0.0722349
600 1.88496 0.0144872
601 1.88496 0.0987883
602 1.88496 -0.0961262
603 1.88496 0.084834
604 1.88496 -0.0756469
605 1.88496 0.0882834
606 1.88496 0.0268607
607 1.88496 -0.15386
608 1.88496 -0.0711634
609 1.88496 -0.173702
610 1.88496 -0.093442
611 1.88496 0.13426
612 1.88496 0.0923919
613 1.88496 -0.122467
614 1.88496 -0.116284
615 1.88496 0.00920742
616 1.88496 0.00975733
617 1.88496 0.135689
618 1.88496 0.0995428
619 1.88496 -0.0402391
620 1.88496 0.0261808
621 1.88496 0.0309928
622 1.88496 0.101914
623 1.88496 -0.0433057
624 1.88496 0.0810843
625 1.88496 -0.0777444
626 1.88496 -0.149239
627 1.88496 -0.0303888
628 1.88496 0.00503323
629 1.88496 -0.0403545
630 1.88496 0.122717
631 1.88496 -0.277772
632 1.88496 0.021488
633 1.88496 0.139757
634 1.88496 -0.167887
635 1.88496 0.00747165
636 1.88496 -0.0828424
637 1.88496 -0.128006
638 1.88496 0.0211689
639 1.88496 0.151024
640 1.88496 -0.264743
641 1.88496 0.151413
642 1.88496 -0.123961
643 1.88496 0.11644
644 1.88496 -0.179838
645 1.88496 0.129712
646 1.88496 0.184103
647 1.88496 -0.0952172
648 1.88496 0.00411232
649 1.88496 0.0590094
650 1.88496 0.0540859
651 1.88496 0.0966018
652 1.88496 -0.143175
653 1.88496 0.0220533
654 1.88496 0.0702263
655 1.88496 0.0611881
656 1.88496 -0.0772819
657 1.88496 0.0378086
658 1.88496 -0.0130103
659 1.88496 0.201783
660 1.88496 -0.187003
661 1.88496 -0.175318
662 1.88496 -0.0209478
663 1.88496 0.0123274
664 1.88496 0.108626
665 1.88496 0.152716
666 1.88496 0.0839649
667 1.88496 0.0699388
668 1.88496 -0.0508309
669 1.88496 0.167865
670 1.88496 -0.0484745
671 1.88496 0.0169917
672 1.88496 0.0754887
673 1.88496 0.148567
674 1.88496 -0.10495
675 1.88496 0.0191683
676 1.88496 -0.0763256
677 1.88496 -0.15847
678 1.88496 -0.131694
679 1.88496 -0.013751
680 1.88496 0.140816
681 1.88496 0.016927
682 1.88496 -0.14453
683 1.88496 0.0620396
684 1.88496 0.13217
685 1.88496 -0.0337835
686 1.88496 0.072041
687 1.88496 -0.260851
688 1.88496 0.0392295
689 1.88496 0.0490505
690 1.88496 -0.0488088
691 1.88496 0.0337778
692 1.88496 -0.219585
693 1.88496 -0.204259
694 1.88496 -0.0359886
695 1.88496 -0.0813091
696 1.88496 -0.016557
697 1.88496 -0.0372274
698 1.88496 -0.0299399
699 1.88496 -0.0361195
700 1.88496 -0.20573
701 1.88496 0.0641403
702 1.88496 0.0261889
703 1.88496 -0.0770555
704 1.88496 0.118223
705 1.88496 -0.0598069
706 1.88496 0.257021
707 1.88496 0.162418
708 1.88496 0.139635
709 1.88496 0.15494
710 1.88496 0.106507
711 1.88496 -0.314258
712 1.88496 0.0593843
713 1.88496 0.28916
714 1.88496 -0.107026
715 1.88496 -0.0519053
716 1.88496 -0.0776979
717 1.88496 0.0263298
718 1.88496 -0.0249261
719 1.88496 -0.0942626
720 1.88496 0.140348
721 1.88496 -0.0810465
722 1.88496 0.0440398
723 1.88496 0.0506967
724 1.88496 0.0696852
725 1.88496 0.160185
726 1.88496 -0.0431756
727 1.88496 0.121623
728 1.88496 0.0276761
729 1.88496 0.0223508
730 1.88496 0.0571908
731 1.88496 -0.127997
732 1.88496 -0.101333
733 1.88496 0.0373212
734 1.88496 0.0149469
735 1.88496 0.0139751
736 1.88496 0.0685632
737 1.88496 0.0525255
738 1.88496 -0.0986175
739 1.88496 0.155181
740 1.88496 -0.0146319
741 1.88496 0.0680776
742 1.88496 0.00992806
743 1.88496 -0.0971661
744 1.88496 -0.100643
745 1.88496 -0.00474286
746 1.88496 -0.0988901
747 1.88496 -0.224325
748 1.88496 -0.121697
749 1.88496 -0.0144415
750 1.88496 -0.0328713
751 1.88496 -0.0111878
752 1.88496 -0.175197
753 1.88496 0.114303
754 1.88496 -0.0453157
755 1.88496 -0.179606
756 1.88496 0.02734
757 1.88496 0.0991219
758 1.88496 0.24219
759 1.88496 0.0824552
760 1.88496 0.00883154
761 1.88496 0.185978
762 1.88496 -0.095922
763 1.88496 -0.0539966
764 1.88496 -0.150071
765 1.88496 0.325638
766 1.88496 0.0678536
767 1.88496 -0.0796203
768 1.88496 0.0778381
769 1.88496 0.183178
770 1.88496 0.0774089
771 1.88496 0.033276
772 1.88496 0.108385
773 1.88496 -0.038553
774 1.88496 -0.0583685
775 1.88496 0.00691701
776 1.88496 -0.00236341
777 1.88496 0.112391
778 1.88496 0.109236
779 1.88496 -0.0924703
780 1.88496 0.0322586
781 1.88496 -0.245164
782 1.88496 -0.185094
783 1.88496 -0.240556
784 1.88496 -0.0960797
785 1.88496 -0.118523
786 1.88496 -0.0841532
787 1.88496 0.115635
788 1.88496 0.0599188
789 1.88496 0.06469
790 1.88496 0.0474414
791 1.88496 -0.0344547
792 1.88496 0.074889
793 1.88496 0.00616617
794 1.88496 -0.0416534
795 1.88496 0.0430803
796 1.88496 0.0275755
797 1.88496 -0.0959624
798 1.88496 0.127168
799 1.88496 -0.0399758
800 1.88496 -0.131456
801 1.88496 0.0914889
802 1.88496 -0.0205126
803 1.88496 0.0864106
804 1.88496 0.180121
805 1.88496 0.105703
806 1.88496 0.009145
807 1.88496 -0.0205639
808 1.88496 -0.0736209
809 1.88496 -0.0270208
810 1.88496 0.00143551
811 1.88496 0.0876358
812 1.88496 0.0840429
813 1.88496 -0.140374
814 1.88496 -0.0920896
815 1.88496 -0.121697
816 1.88496 -0.20238
817 1.88496 0.0446866
818 1.88496 -0.0774346
819 1.88496 0.0646222
820 1.88496 0.0349841
821 1.88496 0.0793732
822 1.88496 0.174562
823 1.88496 0.157313
824 1.88496 -0.0133869
825 1.88496 -0.149148
826 1.88496 0.00668637
827 1.88496 -0.0275498
828 1.88496 0.0388703
829 1.88496 0.0486343
830 1.88496 -0.0175492
831 1.88496 -0.0926666
832 1.88496 -0.0836428
833 1.88496 0.000860442
834 1.88496 -0.127498
835 1.88496 -0.0232895
836 1.88496 -0.177925
837 1.88496 -0.0378908
838 1.88496 -0.00356918
839 1.88496 -0.155057
840 1.88496 -0.153459
841 1.88496 -0.128788
842 1.88496 0.106451
843 1.88496 0.103566
844 1.88496 0.0199363
845 1.88496 0.0334175
846 1.88496 0.0290134
847 1.88496 -0.198417
848 1.88496 -0.186067
849 1.88496 0.0177418
850 1.88496 -0.100371
851 1.88496 -0.0396271
852 1.88496 0.171408
853 1.88496 0.15619
854 1.88496 -0.0321996
855 1.88496 0.0474059
856 1.88496 0.146107
857 1.88496 0.0870945
858 1.88496 0.136134
859 1.88496 0.0788959
860 1.88496 -0.0854306
861 1.88496 -0.12973
862 1.88496 -0.12751
863 1.88496 -0.0442836
864 1.88496 -0.0489176
865 1.88496 -0.125992
866 1.88496 0.0652223
867 1.88496 0.0809079
868 1.88496 0.121272
869 1.88496 -0.00274648
870 1.88496 -0.2211
871 1.88496 -0.177661
872 1.88496 0.0547895
873 1.88496 0.0895793
874 1.88496 -0.0873595
875 1.88496 0.124717
876 1.88496 -0.03008
877 1.88496 0.0184617
878 1.88496 0.0614643
879 1.88496 -0.0986681
880 1.88496 -0.0238712
881 1.88496 0.0028736
882 1.88496 -0.0311727
883 1.88496 0.0916615
884 1.88496 -0.142327
885 1.88496 0.0946634
886 1.88496 -0.13634
887 1.88496 0.00449118
888 1.88496 -0.0826336
889 1.88496 0.103186
890 1.88496 -0.024752
891 1.88496 0.0211729
892 1.88496 0.0992503
893 1.88496 -0.134282
894 1.88496 -0.0421006
895 1.88496 0.00573137
896 1.88496 -0.130055
897 1.88496 -0.0381984
898 1.88496 -0.0342724
899 1.88496 -0.0445226
900 1.88496 -0.139884
901 1.88496 -0.0614676
902 1.88496 -0.0320649
903 1.88496 0.088075
904 1.88496 -0.0957288
905 1.88496 0.0273221
906 1.88496 0.000963696
907 1.88496 0.16293
908 1.88496 -0.0782913
909 1.88496 0.0544866
910 1.88496 0.210264
911 1.88496 0.076183
912 1.88496 0.257579
913 1.88496 0.0187646
914 1.88496 -0.159158
915 1.88496 -0.0353867
916 1.88496 -0.0379335
917 1.88496 0.126745
918 1.88496 -0.01883
919 1.88496 -0.0707251
920 1.88496 -0.017173
921 1.88496 -0.070491
922 1.88496 -0.0842343
923 1.88496 -0.185533
924 1.88496 -0.0996612
925 1.88496 0.0554826
926 1.88496 -0.039979
927 1.88496 -0.130212
928 1.88496 0.0133588
929 1.88496 0.0399835
930 1.88496 0.197184
931 1.88496 -0.170026
932 1.88496 -0.076139
933 1.88496 0.0487729
934 1.88496 0.110222
935 1.88496 -0.19238
936 1.88496 -0.151411
937 1.88496 -0.114911
938 1.88496 -0.0612635
939 1.88496 0.0595688
940 1.88496 -0.137529
941 1.88496 -0.353162
942 1.88496 -0.0094679
943 1.88496 0.0314324
944 1.88496 -0.015428
945 1.88496 -0.0461583
946 1.88496 0.0659748
947 1.88496 -0.0568295
948 1.88496 -0.137545
949 1.88496 -0.0381157
950 1.88496 -0.166536
951 1.88496 -0.164246
952 1.88496 -0.0121044
953 1.88496 0.0736933
954 1.88496 0.11535
955 1.88496 0.0298425
956 1.88496 -0.0813256
957 1.88496 -0.0348093
958 1.88496 -0.0129662
959 1.88496 -0.0414833
960 1.88496 0.217888
961 1.88496 0.0628912
962 1.88496 0.153173
963 1.88496 0.0577312
964 1.88496 -0.183179
965 1.88496 0.0519292
966 1.88496 0.118831
967 1.88496 -0.145108
968 1.88496 0.000418216
969 1.88496 -0.09299
970 1.88496 0.022537
971 1.88496 0.0959774
972 1.88496 0.0103532
973 1.88496 -0.128324
974 1.88496 -0.0870464
975 1.88496 -0.145271
976 1.88496 -0.0519722
977 1.88496 -0.126846
978 1.88496 0.0440955
979 1.88496 -0.117049
980 1.88496 0.144863
981 1.88496 -0.318023
982 1.88496 0.18423
983 1.88496 0.238022
984 1.88496 -0.06195
985 1.88496 0.183282
986 1.88496 0.0840263
987 1.88496 -0.13087
988 1.88496 -0.147246
989 1.88496 0.0182589
990 1.88496 -0.0557471
991 1.88496 -0.0529835
992 1.88496 -0.139504
993 1.88496 0.0380323
994 1.88496 0.126875
995 1.88496 -0.0601373
996 1.88496 -0.00322564
997 1.88496 0.0575068
998 1.88496 0.0148971
999 1.88496 -0.0145561
1000 1.88496 0.0225858
1 2.19911 -0.132392
2 2.19911 -0.0252891
3 2.19911 -0.0577056
4 2.19911 0.180038
5 2.19911 -0.102673
6 2.19911 0.0514677
7 2.19911 0.116633
8 2.19911 -0.185802
9 2.19911 0.183201
10 2.19911 0.067851
11 2.19911 0.0260562
12 2.19911 -0.0788594
13 2.19911 -0.0526292
14 2.19911 0.0338814
15 2.19911 0.0259561
16 2.19911 0.0996866
17 2.19911 -0.0767894
18 2.19911 0.0424578
19 2.19911 -0.185548
20 2.19911 0.084043
21 2.19911 -0.156788
22 2.19911 0.176029
23 2.19911 -0.141126
24 2.19911 0.0039987
25 2.19911 -0.138563
26 2.19911 -0.0411077
27 2.19911 -0.0364652
28 2.19911 0.00562107
29 2.19911 -0.0489455
30 2.19911 0.134347
31 2.19911 -0.11379
32 2.19911 -0.0630712
33 2.19911 -0.144429
34 2.19911 -0.0355494
35 2.19911 -0.0629833
36 2.19911 -0.295303
37 2.19911 -0.0114104
38 2.19911 0.0746336
39 2.19911 -0.0900192
40 2.19911 -0.0321977
41 2.19911 -0.114619
42 2.19911 -0.151675
43 2.19911 -0.0324951
44 2.19911 -0.214262
45 2.19911 -0.14677
46 2.19911 0.156408
47 2.19911 0.0724438
48 2.19911 0.0346083
49 2.19911 -0.0335882
50 2.19911 -0.193905
51 2.19911 0.000551374
52 2.19911 -0.206164
53 2.19911 -0.141098
54 2.19911 -0.159072
55 2.19911 -0.114674
56 2.19911 0.0948257
57 2.19911 -0.0120034
58 2.19911 -0.11826
59 2.19911 -0.146689
60 2.19911 -0.160037
61 2.19911 -0.00227409
62 2.19911 0.0414612
63 2.19911 -0.0625768
64 2.19911 -0.207467
65 2.19911 0.0673875
66 2.19911 -0.0784312
67 2.19911 0.060063
68 2.19911 -0.178328
69 2.19911 0.0992254
70 2.19911 0.191643
71 2.19911 -0.197486
72 2.19911 0.0774687
73 2.19911 -0.211885
74 2.19911 0.112175
75 2.19911 -0.0603074
76 2.19911 -0.159691
77 2.19911 -0.15699
78 2.19911 -0.196281
79 2.19911 -0.0396258
80 2.19911 -0.058825
81 2.19911 0.0417249
82 2.19911 -0.0306587
83 2.19911 -0.0480419
84 2.19911 -0.071718
85 2.19911 -0.0768752
86 2.19911 -0.000238589
87 2.19911 0.0212482
88 2.19911 0.148227
89 2.19911 0.0549761
90 2.19911 0.031736
91 2.19911 -0.0267393
92 2.19911 -0.0564313
93 2.19911 0.194984
94 2.19911 -0.0269965
95 2.19911 0.0148183
96 2.19911 -0.00633257
97 2.19911 0.0668304
98 2.19911 -0.0249722
99 2.19911 -0.0506283
100 2.19911 -0.130503
101 2.19911 0.0191989
102 2.19911 -0.0171805
103 2.19911 0.00374713
104 2.19911 0.0991907
105 2.19911 -0.0663602
106 2.19911 0.155091
107 2.19911 -0.108036
108 2.19911 0.15622
109 2.19911 0.266645
110 2.19911 -0.0129988
111 2.19911 0.118198
112 2.19911 -0.247185
113 2.19911 -0.0490279
114 2.19911 0.104772
115 2.19911 0.133014
116 2.19911 -0.167262
117 2.19911 0.119577
118 2.19911 0.114905
119 2.19911 0.243516
120 2.19911 0.0117814
121 2.19911 -0.18179
122 2.19911 0.0177626
123 2.19911 0.0242598
124 2.19911 -0.0105804
125 2.19911 0.0854923
126 2.19911 -0.00689042
127 2.19911 0.0603717
128 2.19911 0.18405
129 2.19911 -0.24805
130 2.19911 -0.0424806
131 2.19911 -0.105293
132 2.19911 0.158276
133 2.19911 0.0214734
134 2.19911 0.124564
135 2.19911 -0.109603
136 2.19911 -0.000960823
137 2.19911 -0.0204281
138 2.19911 0.0409133
139 2.19911 -0.207474
140 2.19911 -0.116507
141 2.19911 0.095086
142 2.19911 0.175899
143 2.19911 0.16623
144 2.19911 0.144794
145 2.19911 -0.0368972
146 2.19911 0.0739306
147 2.19911 0.0776571
148 2.19911 -0.0262166
149 2.19911 0.0192378
150 2.19911 -0.0105923
151 2.19911 -0.0198108
152 2.19911 -0.129018
153 2.19911 -0.175266
154 2.19911 -0.0194844
155 2.19911 0.0900383
156 2.19911 0.111665
157 2.19911 0.0894497
158 2.19911 -0.0688337
159 2.19911 -0.0757193
160 2.19911 -0.111268
161 2.19911 -0.105302
162 2.19911 0.204548
163 2.19911 0.0203434
164 2.19911 -0.0482004
165 2.19911 -0.128328
166 2.19911 -0.151699
167 2.19911 -0.137843
168 2.19911 -0.199817
169 2.19911 -0.109426
170 2.19911 -0.00163371
171 2.19911 0.0139164
172 2.19911 0.215324
173 2.19911 0.0100468
174 2.19911 -0.0723128
175 2.19911 0.0706865
176 2.19911 -0.0801911
177 2.19911 0.0415081
178 2.19911 0.164038
179 2.19911 -0.0426419
180 2.19911 0.0369305
181 2.19911 0.1339
182 2.19911 0.0611331
183 2.19911 0.180725
184 2.19911 -0.181115
185 2.19911 -0.128264
186 2.19911 -0.186365
187 2.19911 -0.135265
188 2.19911 0.0448578
189 2.19911 0.116025
190 2.19911 -0.0176754
191 2.19911 0.0927811
192 2.19911 -0.0678921
193 2.19911 0.040494
194 2.19911 0.203669
195 2.19911 0.0668565
196 2.19911 0.212515
197 2.19911 0.00829317
198 2.19911 -0.0663585
199 2.19911 0.130466
200 2.19911 -0.245965
201 2.19911 -0.163975
202 2.19911 0.0812657
203 2.19911 -0.127135
204 2.19911 0.0096127
205 2.19911 -0.0113735
206 2.19911 -0.0272584
207 2.19911 0.0333532
208 2.19911 0.0513141
209 2.19911 -0.123218
210 2.19911 0.041438
211 2.19911 0.179194
212 2.19911 -0.0878238
213 2.19911 0.152882
214 2.19911 -0.0552482
215 2.19911 -0.102512
216 2.19911 -0.285979
217 2.19911 0.0155054
218 2.19911 -0.147697
219 2.19911 -0.201846
220 2.19911 -0.0593305
221 2.19911 0.0631
222 2.19911 0.0138915
223 2.19911 0.0988152
224 2.19911 0.0574548
225 2.19911 0.0181018
226 2.19911 0.11281
227 2.19911 -0.0701779
228 2.19911 0.0810005
229 2.19911 0.00528832
230 2.19911 -0.0188974
231 2.19911 0.196532
232 2.19911 0.223769
233 2.19911 -0.123215
234 2.19911 0.00645493
235 2.19911 0.164602
236 2.19911 -0.0811461
237 2.19911 0.0207274
238 2.19911 0.0194854
239 2.19911 0.252454
240 2.19911 0.0397682
241 2.19911 0.0709061
242 2.19911 0.153741
243 2.19911 0.183229
244 2.19911 -0.0272819
245 2.19911 -0.0527411
246 2.19911 -0.133899
247 2.19911 -0.035209
248 2.19911 -0.0520206
249 2.19911 -0.0647246
250 2.19911 -0.0612139
251 2.19911 0.00632658
252 2.19911 0.0935807
253 2.19911 0.0639027
254 2.19911 -0.144443
255 2.19911 0.0543757
256 2.19911 -0.075949
257 2.19911 -0.0608462
258 2.19911 -0.0819331
259 2.19911 0.124104
260 2.19911 0.0736212
261 2.19911 0.115998
262 2.19911 -0.0489052
263 2.19911 0.0607746
264 2.19911 0.00073515
265 2.19911 0.00889316
266 2.19911 0.00827284
267 2.19911 -0.00156781
268 2.19911 0.0375067
269 2.19911 -0.0144261
270 2.19911 0.0409751
271 2.19911 0.162601
272 2.19911 -0.133328
273 2.19911 0.170664
274 2.19911 -0.108335
275 2.19911 0.0362349
276 2.19911 -0.0870476
277 2.19911 -0.0735861
278 2.19911 0.031672
279 2.19911 -0.100472
280 2.19911 0.0633323
281 2.19911 0.00593449
282 2.19911 -0.0347707
283 2.19911 0.0304709
284 2.19911 -0.104977
285 2.19911 -0.132153
286 2.19911 0.0513061
287 2.19911 0.221598
288 2.19911 0.216341
289 2.19911 -0.0825712
290 2.19911 -0.000964827
291 2.19911 -0.0191549
292 2.19911 0.102259
293 2.19911 0.0899986
294 2.19911 -0.0218615
295 2.19911 -0.0421905
296 2.19911 -0.0697316
297 2.19911 0.0639833
298 2.19911 -0.0568356
299 2.19911 0.0394684
300 2.19911 0.0847568
301 2.19911 -0.30647
302 2.19911 -0.0249201
303 2.19911 -0.104356
304 2.19911 0.0140554
305 2.19911 -0.0374979
306 2.19911 -0.1389
307 2.19911 0.0449241
308 2.19911 -0.235104
309 2.19911 -0.213244
310 2.19911 -0.113246
311 2.19911 0.10226
312 2.19911 -0.194271
313 2.19911 -0.214677
314 2.19911 0.119951
315 2.19911 0.0510627
316 2.19911 0.0149881
317 2.19911 -0.0365008
318 2.19911 0.0226735
319 2.19911 0.119233
320 2.19911 -0.0280325
321 2.19911 -0.0164927
322 2.19911 -0.0356265
323 2.19911 -0.0378944
324 2.19911 -0.100565
325 2.19911 -0.0126616
326 2.19911 -0.080901
327 2.19911 0.148376
328 2.19911 -0.0547905
329 2.19911 -0.0991855
330 2.19911 0.0222709
331 2.19911 0.182923
332 2.19911 -0.0963245
333 2.19911 0.0914731
334 2.19911 0.044958
335 2.19911 0.0648476
336 2.19911 -0.0351678
337 2.19911 -0.0715144
338 2.19911 -0.0438808
339 2.19911 -0.014171
340 2.19911 -0.203441
341 2.19911 0.0830326
342 2.19911 -0.00916573
343 2.19911 0.0592182
344 2.19911 0.0531319
345 2.19911 -8.98884e-05
346 2.19911 0.0156087
347 2.19911 0.0151525
348 2.19911 -0.240347
349 2.19911 0.0693644
350 2.19911 -0.0367191
351 2.19911 -0.158989
352 2.19911 0.048879
353 2.19911 -0.043494
354 2.19911 1.44958e-06
355 2.19911 0.256564
356 2.19911 -0.0906664
357 2.19911 0.101147
358 2.19911 0.0634477
359 2.19911 -0.135382
360 2.19911 -0.137919
361 2.19911 0.0791736
362 2.19911 -0.101368
363 2.19911 -0.0634305
364 2.19911 -0.0668314
365 2.19911 -0.0278937
366 2.19911 0.00784654
367 2.19911 0.175214
368 2.19911 0.0302021
369 2.19911 0.527372
370 2.19911 -0.151238
371 2.19911 -0.0848487
372 2.19911 0.0552407
373 2.19911 -0.04328
374 2.19911 -0.163232
375 2.19911 -0.0685943
376 2.19911 -0.110331
377 2.19911 -0.0322603
378 2.19911 0.0154769
379 2.19911 -0.0872789
380 2.19911 -0.111976
381 2.19911 0.0408966
382 2.19911 0.0525137
383 2.19911 0.116975
384 2.19911 0.0156166
385 2.19911 0.0907232
386 2.19911 -0.0401945
387 2.19911 -0.108454
388 2.19911 0.0857194
389 2.19911 0.0191114
390 2.19911 -0.139326
391 2.19911 -0.0996094
392 2.19911 -0.0675967
393 2.19911 -0.159609
394 2.19911 0.0145574
395 2.19911 -0.013276
396 2.19911 -0.122651
397 2.19911 -0.0632779
398 2.19911 0.0866962
399 2.19911 0.0727508
400 2.19911 -0.00541582
401 2.19911 -0.00779469
402 2.19911 -0.15146
403 2.19911 0.216794
404 2.19911 0.0123902
405 2.19911 0.116795
406 2.19911 -0.00365125
407 2.19911 0.20484
408 2.19911 0.215882
409 2.19911 0.031369
410 2.19911 -0.255689
411 2.19911 0.00903873
412 2.19911 -0.0200716
413 2.19911 -0.14543
414 2.19911 0.0845534
415 2.19911 0.0103505
416 2.19911 -0.219283
417 2.19911 -0.0537568
418 2.19911 -0.0685049
419 2.19911 -0.00389802
420 2.19911 0.0844044
421 2.19911 -0.141716
422 2.19911 -0.262911
423 2.19911 -0.0472536
424 2.19911 0.0451344
425 2.19911 0.1894
426 2.19911 0.0637112
427 2.19911 0.0785877
428 2.19911 -0.0475707
429 2.19911 -0.0227595
430 2.19911 0.0303677
431 2.19911 -0.0571086
432 2.19911 -0.0160581
433 2.19911 0.0941163
434 2.19911 0.17854
435 2.19911 -0.15368
436 2.19911 0.250565
437 2.19911 -0.0661291
438 2.19911 -0.0489969
439 2.19911 0.0361291
440 2.19911 0.0864226
441 2.19911 -0.0681123
442 2.19911 0.110373
443 2.19911 -0.00920855
444 2.19911 -0.123953
445 2.19911 0.324676
446 2.19911 0.0306964
447 2.19911 -0.18698
448 2.19911 -0.0603031
449 2.19911 0.0417781
450 2.19911 0.136413
451 2.19911 -0.159013
452 2.19911 0.216503
453 2.19911 -0.0474195
454 2.19911 -0.0391625
455 2.19911 0.0783448
456 2.19911 -0.194346
457 2.19911 -0.078701
458 2.19911 -0.00541553
459 2.19911 -0.0826694
460 2.19911 0.1786
461 2.19911 0.177858
462 2.19911 0.17898
463 2.19911 0.114035
464 2.19911 0.0185804
465 2.19911 0.147453
466 2.19911 -0.208081
467 2.19911 0.0921643
468 2.19911 -0.0265383
469 2.19911 0.106881
470 2.19911 0.0743941
471 2.19911 0.0882972
472 2.19911 -0.0588675
473 2.19911 0.171043
474 2.19911 0.084997
475 2.19911 -0.0236998
476 2.19911 0.143172
477 2.19911 -0.0385389
478 2.19911 -0.0134224
479 2.19911 0.119483
480 2.19911 -0.162127
481 2.19911 -0.0461183
482 2.19911 -0.0512713
483 2.19911 -0.0966752
484 2.19911 0.14016
485 2.19911 -0.0646276
486 2.19911 0.00893389
487 2.19911 -0.115758
488 2.19911 0.0185416
489 2.19911 0.0415691
490 2.19911 0.163761
491 2.19911 0.0267591
492 2.19911 0.100374
493 2.19911 -0.0749198
494 2.19911 0.0738596
495 2.19911 0.112377
496 2.19911 -0.0840693
497 2.19911 -0.0797794
498 2.19911 0.165048
499 2.19911 0.0460669
500 2.19911 -0.170777
501 2.19911 -0.0241395
502 2.19911 -0.0258585
503 2.19911 -0.00674672
504 2.19911 -0.221639
505 2.19911 0.013594
506 2.19911 0.12585
507 2.19911 0.118598
508 2.19911 0.0191896
509 2.19911 -0.01612
510 2.19911 -0.058984
511 2.19911 -0.0769737
512 2.19911 -0.116397
513 2.19911 0.00267122
514 2.19911 0.0197284
515 2.19911 0.0568201
516 2.19911 0.129277
517 2.19911 -0.0152973
518 2.19911 -0.0219189
519 2.19911 0.0164372
520 2.19911 -0.0513592
521 2.19911 0.174346
522 2.19911 -0.0884788
523 2.19911 0.143923
524 2.19911 -0.0155899
525 2.19911 0.000915492
526 2.19911 -0.0142317
527 2.19911 0.134337
528 2.19911 -0.00164097
529 2.19911 -0.174193
530 2.19911 -0.137252
531 2.19911 -0.00955086
532 2.19911 0.107179
533 2.19911 -0.0496892
534 2.19911 -0.0801856
535 2.19911 0.117608
536 2.19911 0.0322549
537 2.19911 -0.00455698
538 2.19911 0.0869343
539 2.19911 0.0727652
540 2.19911 -0.0717447
541 2.19911 -0.0427668
542 2.19911 0.0306941
543 2.19911 0.0541597
544 2.19911 -0.0896365
545 2.19911 0.0681125
546 2.19911 -0.124658
547 2.19911 0.135903
548 2.19911 0.00582615
549 2.19911 0.107574
550 2.19911 0.0309767
551 2.19911 -0.225974
552 2.19911 -0.162734
553 2.19911 -0.0467487
554 2.19911 0.172604
555 2.19911 0.0112358
556 2.19911 -0.102159
557 2.19911 0.0578175
558 2.19911 -0.300504
559 2.19911 0.167554
560 2.19911 0.0315662
561 2.19911 -0.0792095
562 2.19911 0.0861865
563 2.19911 0.0348149
564 2.19911 -0.01871
565 2.19911 0.0173447
566 2.19911 0.050542
567 2.19911 -0.128881
568 2.19911 -0.124654
569 2.19911 -0.200434
570 2.19911 -0.0590539
571 2.19911 -0.00092499
572 2.19911 0.124192
573 2.19911 0.0566863
574 2.19911 -0.000504175
575 2.19911 0.172001
576 2.19911 0.0731953
577 2.19911 0.112209
578 2.19911 -0.082647
579 2.19911 0.1356
580 2.19911 0.217066
581 2.19911 0.0745252
582 2.19911 0.136261
583 2.19911 -0.126306
584 2.19911 0.12852
585 2.19911 0.062411
586 2.19911 0.166394
587 2.19911 -0.0329901
588 2.19911 0.0360962
589 2.19911 -0.0784135
590 2.19911 -0.348177
591 2.19911 -0.245481
592 2.19911 0.0136765
593 2.19911 0.206653
594 2.19911 -0.0977529
595 2.19911 0.149482
596 2.19911 0.0346588
597 2.19911 -0.0299295
598 2.19911 -0.0709489
599 2.19911 -0.0819434
600 2.19911 0.0190968
601 2.19911 0.0883444
602 2.19911 -0.146117
603 2.19911 0.123906
604 2.19911 -0.0420779
605 2.19911 0.108848
606 2.19911 0.02602
607 2.19911 -0.119909
608 2.19911 -0.0578451
609 2.19911 -0.166148
610 2.19911 -0.0566327
611 2.19911 0.150528
612 2.19911 0.0758795
613 2.19911 -0.102551
614 2.19911 -0.121348
615 2.19911 -0.0238326
616 2.19911 0.0055015
617 2.19911 0.114833
618 2.19911 0.0969569
619 2.19911 -0.0629287
620 2.19911 0.073551
621 2.19911 0.0697696
622 2.19911 0.113903
623 2.19911 -0.0385941
624 2.19911 0.137461
625 2.19911 -0.0651835
626 2.19911 -0.113089
627 2.19911 -0.0191897
628 2.19911 -0.0151791
629 2.19911 -0.0150274
630 2.19911 0.202026
631 2.19911 -0.527982
632 2.19911 0.013728
633 2.19911 0.0973703
634 2.19911 -0.20036
635 2.19911 0.0194366
636 2.19911 -0.0718562
637 2.19911 -0.126258
638 2.19911 0.0636067
639 2.19911 0.147291
640 2.19911 -0.258546
641 2.19911 0.229706
642 2.19911 -0.169956
643 2.19911 0.0982495
644 2.19911 -0.176783
645 2.19911 0.0544824
646 2.19911 0.216425
647 2.19911 -0.0953227
648 2.19911 -0.0138355
649 2.19911 0.130094
650 2.19911 0.0776076
651 2.19911 0.087066
652 2.19911 -0.0765108
653 2.19911 0.0201401
654 2.19911 0.0765882
655 2.19911 0.0719626
656 2.19911 -0.111142
657 2.19911 0.021823
658 2.19911 -0.0117886
659 2.19911 0.205496
660 2.19911 -0.142131
661 2.19911 -0.200687
662 2.19911 -0.00785864
663 2.19911 0.0418009
664 2.19911 0.141131
665 2.19911 0.154762
666 2.19911 0.0815369
667 2.19911 0.0472808
668 2.19911 -0.0229628
669 2.19911 0.127467
670 2.19911 -0.0654852
671 2.19911 0.0578603
672 2.19911 0.10967
673 2.19911 0.117977
674 2.19911 -0.0924802
675 2.19911 0.0273722
676 2.19911 -0.0513166
677 2.19911 -0.17182
678 2.19911 -0.141208
679 2.19911 -0.00986084
680 2.19911 0.176248
681 2.19911 -0.0256402
682 2.19911 -0.178565
683 2.19911 0.0868762
684 2.19911 0.149648
685 2.19911 -0.0592209
686 2.19911 0.0388722
687 2.19911 -0.224642
688 2.19911 0.120321
689 2.19911 0.018602
690 2.19911 -0.0141182
691 2.19911 0.121163
692 2.19911 -0.168336
693 2.19911 -0.25728
694 2.19911 0.0107493
695 2.19911 -0.0812642
696 2.19911 -0.0248282
697 2.19911 -0.0039064
698 2.19911 -0.0256761
699 2.19911 0.0745987
700 2.19911 -0.274231
701 2.19911 0.0603248
702 2.19911 0.0524894
703 2.19911 -0.115023
704 2.19911 0.165616
705 2.19911 -0.0541912
706 2.19911 0.310494
707 2.19911 0.156561
708 2.19911 0.125088
709 2.19911 0.189459
710 2.19911 0.125571
711 2.19911 -0.337894
712 2.19911 -0.012822
713 2.19911 0.255284
714 2.19911 -0.145418
715 2.19911 -0.0105338
716 2.19911 -0.0512424
717 2.19911 0.0193174
718 2.19911 -0.0160221
719 2.19911 -0.113075
720 2.19911 0.140801
721 2.19911 -0.0569073
722 2.19911 0.0396707
723 2.19911 0.0877095
724 2.19911 0.115167
725 2.19911 0.174468
726 2.19911 -0.00937623
727 2.19911 0.0777879
728 2.19911 0.0834612
729 2.19911 -0.03583
730 2.19911 0.0515784
731 2.19911 -0.144959
732 2.19911 -0.133455
733 2.19911 0.0444694
734 2.19911 0.0144111
735 2.19911 0.0130323
736 2.19911 0.0803224
737 2.19911 0.0385322
738 2.19911 -0.0972509
739 2.19911 0.138118
740 2.19911 -0.0453288
741 2.19911 0.0326271
742 2.19911 0.0429656
743 2.19911 -0.0909852
744 2.19911 -0.089303
745 2.19911 -0.0263477
746 2.19911 -0.0610808
747 2.19911 -0.288123
748 2.19911 -0.178812
749 2.19911 -0.0193941
750 2.19911 -0.0152625
751 2.19911 0.0115643
752 2.19911 -0.186085
753 2.19911 0.147817
754 2.19911 -0.00212666
755 2.19911 -0.190998
756 2.19911 0.0425555
757 2.19911 0.0465372
758 2.19911 0.225989
759 2.19911 0.0698456
760 2.19911 -0.00480397
761 2.19911 0.122197
762 2.19911 -0.120203
763 2.19911 -0.0713933
764 2.19911 -0.145427
765 2.19911 0.319941
766 2.19911 0.0773087
767 2.19911 -0.0465403
768 2.19911 0.00604049
769 2.19911 0.140268
770 2.19911 0.0982137
771 2.19911 0.0370937
772 2.19911 0.0964746
773 2.19911 -0.0185122
774 2.19911 -0.111708
775 2.19911 0.00121911
776 2.19911 -0.0247247
777 2.19911 0.0943836
778 2.19911 0.123107
779 2.19911 -0.132806
780 2.19911 0.0605865
781 2.19911 -0.211109
782 2.19911 -0.161177
783 2.19911 -0.288712
784 2.19911 -0.00371524
785 2.19911 -0.100178
786 2.19911 -0.0778239
787 2.19911 0.0775422
788 2.19911 0.103979
789 2.19911 0.00759796
790 2.19911 0.0399419
791 2.19911 0.00655444
792 2.19911 0.0684407
793 2.19911 -0.00549473
794 2.19911 -0.0385541
795 2.19911 0.0549849
796 2.19911 0.0287437
797 2.19911 -0.0642493
798 2.19911 0.118457
799 2.19911 0.0156336
800 2.19911 -0.0605831
801 2.19911 0.0577251
802 2.19911 0.00122511
803 2.19911 0.0984188
804 2.19911 0.130574
805 2.19911 0.0987264
806 2.19911 -0.0670396
807 2.19911 -0.0396464
808 2.19911 -0.0606171
809 2.19911 -0.0672084
810 2.19911 0.0084366
811 2.19911 0.0587034
812 2.19911 0.0816684
813 2.19911 -0.113349
814 2.19911 -0.0370711
815 2.19911 -0.0940744
816 2.19911 -0.168732
817 2.19911 -0.0164995
818 2.19911 -0.114381
819 2.19911 0.02482
820 2.19911 0.0270203
821 2.19911 0.109605
822 2.19911 0.142554
823 2.19911 0.169082
824 2.19911 0.0148979
825 2.19911 -0.202334
826 2.19911 0.035483
827 2.19911 -0.0362251
828 2.19911 -0.0365541
829 2.19911 0.0518651
830 2.19911 -0.019999
831 2.19911 -0.0671436
832 2.19911 -0.0220037
833 2.19911 0.053654
834 2.19911 -0.0919374
835 2.19911 0.0216376
836 2.19911 -0.190758
837 2.19911 -0.05231
838 2.19911 -0.0823277
839 2.19911 -0.142051
840 2.19911 -0.137898
841 2.19911 -0.12248
842 2.19911 0.151437
843 2.19911 0.0875754
844 2.19911 -0.0192168
845 2.19911 0.0048938
846 2.19911 0.0415585
847 2.19911 -0.166316
848 2.19911 -0.169463
849 2.19911 0.0284206
850 2.19911 -0.113949
851 2.19911 -0.0539295
852 2.19911 0.211515
853 2.19911 0.153949
854 2.19911 -0.0660946
855 2.19911 0.0698285
856 2.19911 0.116454
857 2.19911 0.0388967
858 2.19911 0.0928485
859 2.19911 0.0564234
860 2.19911 -0.0559288
861 2.19911 -0.0732639
862 2.19911 -0.165522
863 2.19911 -0.0442539
864 2.19911 -0.0571414
865 2.19911 -0.106243
866 2.19911 0.0290951
867 2.19911 0.0869138
868 2.19911 0.0821165
869 2.19911 0.0369883
870 2.19911 -0.243693
871 2.19911 -0.114102
872 2.19911 -0.00589029
873 2.19911 0.0822477
874 2.19911 -0.100065
875 2.19911 0.113957
876 2.19911 -0.0313115
877 2.19911 0.0124387
878 2.19911 0.0654635
879 2.19911 -0.0465497
880 2.19911 -0.0325656
881 2.19911 -0.0896376
882 2.19911 -0.0805367
883 2.19911 0.0620781
884 2.19911 -0.103426
885 2.19911 0.0604731
886 2.19911 -0.200299
887 2.19911 0.0240075
888 2.19911 -0.00272576
889 2.19911 0.0761558
890 2.19911 -0.0241274
891 2.19911 -0.0769598
892 2.19911 0.0570149
893 2.19911 -0.116593
894 2.19911 -0.108732
895 2.19911 0.0320775
896 2.19911 -0.190774
897 2.19911 -0.0463381
898 2.19911 -0.0337312
899 2.19911 -0.0596736
900 2.19911 -0.114597
901 2.19911 -0.0529157
902 2.19911 -0.0281562
903 2.19911 0.0780072
904 2.19911 -0.110118
905 2.19911 0.0264579
906 2.19911 0.0114443
907 2.19911 0.117065
908 2.19911 -0.0704772
909 2.19911 0.0742659
910 2.19911 0.235057
911 2.19911 0.0685643
912 2.19911 0.246178
913 2.19911 0.0139478
914 2.19911 -0.187017
915 2.19911 -0.0122271
916 2.19911 -0.0171949
917 2.19911 0.167344
918 2.19911 -0.0104195
919 2.19911 -0.0990859
920 2.19911 0.00228032
921 2.19911 -0.0677328
922 2.19911 -0.0240556
923 2.19911 -0.158145
924 2.19911 -0.0561592
925 2.19911 0.0882605
926 2.19911 -0.0898381
927 2.19911 -0.072136
928 2.19911 -0.0138917
929 2.19911 0.122435
930 2.19911 0.158605
931 2.19911 -0.237783
932 2.19911 -0.021387
933 2.19911 0.0343906
934 2.19911 0.159529
935 2.19911 -0.251901
936 2.19911 -0.0987545
937 2.19911 -0.111179
938 2.19911 -0.0878514
939 2.19911 0.0708924
940 2.19911 -0.100546
941 2.19911 -0.359136
942 2.19911 0.034046
943 2.19911 0.041532
944 2.19911 -0.0543514
945 2.19911 -0.0104643
946 2.19911 0.138318
947 2.19911 -0.0129122
948 2.19911 -0.0829507
949 2.19911 -0.0450179
950 2.19911 -0.12171
951 2.19911 -0.180254
952 2.19911 -0.0274454
953 2.19911 0.0589615
954 2.19911 0.0758676
955 2.19911 0.0911457
956 2.19911 -0.0137633
957 2.19911 -0.0285084
958 2.19911 0.042694
959 2.19911 -0.00498394
960 2.19911 0.268444
961 2.19911 0.108319
962 2.19911 0.151563
963 2.19911 0.0722297
964 2.19911 -0.102546
965 2.19911 0.085102
966 2.19911 0.153274
967 2.19911 -0.115417
968 2.19911 0.0245775
969 2.19911 -0.0658542
970 2.19911 -0.0248183
971 2.19911 0.131524
972 2.19911 0.0100258
973 2.19911 -0.136926
974 2.19911 -0.0866339
975 2.19911 -0.11785
976 2.19911 -0.0626267
977 2.19911 -0.0952095
978 2.19911 -0.0153977
979 2.19911 -0.0777135
980 2.19911 0.138196
981 2.19911 -0.302991
982 2.19911 0.200356
983 2.19911 0.309144
984 2.19911 -0.110909
985 2.19911 0.205541
986 2.19911 0.0858428
987 2.19911 -0.133748
988 2.19911 -0.142973
989 2.19911 0.0115117
990 2.19911 -0.0914508
991 2.19911 -0.132264
992 2.19911 -0.0930291
993 2.19911 0.000153972
994 2.19911 0.129498
995 2.19911 -0.0314804
996 2.19911 -0.0725587
997 2.19911 0.0896511
998 2.19911 0.0271715
999 2.19911 0.0334534
1000 2.19911 0.0192175
1 2.51327 -0.150075
2 2.51327 -0.0354215
3 2.51327 -0.0898081
4 2.51327 0.212884
5 2.51327 -0.0977269
6 2.51327 0.0120403
7 2.51327 0.122589
8 2.51327 -0.165136
9 2.51327 0.235606
10 2.51327 0.101053
11 2.51327 0.023662
12 2.51327 -0.0364648
13 2.51327 -0.0118795
14 2.51327 0.00773306
15 2.51327 -0.0394845
16 2.51327 0.140853
17 2.51327 -0.181193
18 2.51327 -0.0204507
19 2.51327 -0.0966505
20 2.51327 0.0434615
21 2.51327 -0.139606
22 2.51327 0.190087
23 2.51327 -0.117451
24 2.51327 0.0245545
25 2.51327 -0.107404
26 2.51327 -0.0150687
27 2.51327 0.00614479
28 2.51327 0.00264744
29 2.51327 -0.0942008
30 2.51327 0.149325
31 2.51327 -0.0982439
32 2.51327 -0.0743044
33 2.51327 -0.114363
34 2.51327 -0.0871803
35 2.51327 -0.0938759
36 2.51327 -0.277186
37 2.51327 -0.0354728
38 2.51327 0.0292261
39 2.51327 -0.129849
40 2.51327 -0.121074
41 2.51327 -0.118902
42 2.51327 -0.173349
43 2.51327 -0.0249042
44 2.51327 -0.220821
45 2.51327 -0.183937
46 2.51327 0.139801
47 2.51327 0.0570173
48 2.51327 0.0453078
49 2.51327 0.023258
50 2.51327 -0.164338
51 2.51327 0.0152086
52 2.51327 -0.189818
53 2.51327 -0.144165
54 2.51327 -0.2122
55 2.51327 -0.11718
56 2.51327 0.117366
57 2.51327 -0.0261154
58 2.51327 -0.13541
59 2.51327 -0.0375448
60 2.51327 -0.135604
61 2.51327 -0.0254215
62 2.51327 0.0721339
63 2.51327 -0.0296685
64 2.51327 -0.186047
65 2.51327 0.152702
66 2.51327 -0.134302
67 2.51327 0.0519784
68 2.51327 -0.180558
69 2.51327 0.181595
70 2.51327 0.149972
71 2.51327 -0.247431
72 2.51327 0.085968
73 2.51327 -0.199359
74 2.51327 0.147137
75 2.51327 -0.0920842
76 2.51327 -0.149659
77 2.51327 -0.113681
78 2.51327 -0.198565
79 2.51327 -0.0196595
80 2.51327 -0.0625895
81 2.51327 0.0760643
82 2.51327 -0.0288553
83 2.51327 -0.104889
84 2.51327 -0.069829
85 2.51327 -0.0768547
86 2.51327 0.0605167
87 2.51327 0.0178108
88 2.51327 0.0758654
89 2.51327 0.0355251
90 2.51327 -0.0430018
91 2.51327 -0.0522509
92 2.51327 -0.0364394
93 2.51327 0.166985
94 2.51327 -0.0321022
95 2.51327 0.00698465
96 2.51327 0.0291256
97 2.51327 0.0449235
98 2.51327 -0.017109
99 2.51327 -0.036043
100 2.51327 -0.0999806
101 2.51327 0.0395787
102 2.51327 -0.00710511
103 2.51327 0.0189953
104 2.51327 0.166285
105 2.51327 -0.0802
106 2.51327 0.198398
107 2.51327 -0.0757158
108 2.51327 0.14573
109 2.51327 0.305375
110 2.51327 -0.00583235
111 2.51327 0.0995434
112 2.51327 -0.259022
113 2.51327 -0.0593497
114 2.51327 0.175248
115 2.51327 0.120211
116 2.51327 -0.142264
117 2.51327 0.105559
118 2.51327 0.146986
119 2.51327 0.285174
120 2.51327 0.0229687
121 2.51327 -0.176025
122 2.51327 -0.00258951
123 2.51327 0.0214605
124 2.51327 -0.000957585
125 2.51327 0.0528673
126 2.51327 0.0252693
127 2.51327 0.0367512
128 2.51327 0.195438
129 2.51327 -0.223744
130 2.51327 0.0345159
131 2.51327 -0.122732
132 2.51327 0.139736
133 2.51327 -0.00565902
134 2.51327 0.12152
135 2.51327 -0.0807198
136 2.51327 0.0175588
137 2.51327 -0.0071014
138 2.51327 0.0968077
139 2.51327 -0.194346
140 2.51327 -0.104332
141 2.51327 0.0816499
142 2.51327 0.154776
143 2.51327 0.162146
144 2.51327 0.114407
145 2.51327 -0.0614845
146 2.51327 0.0992129
147 2.51327 0.0316331
148 2.51327 -0.0962895
149 2.51327 0.0377498
150 2.51327 0.0258913
151 2.51327 -0.0300593
152 2.51327 -0.0805905
153 2.51327 -0.130256
154 2.51327 -0.0339934
155 2.51327 0.0930852
156 2.51327 0.123657
157 2.51327 0.0655982
158 2.51327 -0.121585
159 2.51327 -0.0398189
160 2.51327 -0.0721931
161 2.51327 -0.0645658
162 2.51327 0.241829
163 2.51327 0.0383866
164 2.51327 0.0113041
165 2.51327 -0.141964
166 2.51327 -0.12963
167 2.51327 -0.162369
168 2.51327 -0.202957
169 2.51327 -0.0932419
170 2.51327 0.00477296
171 2.51327 -0.00221974
172 2.51327 0.238285
173 2.51327 0.0223333
174 2.51327 -0.0875626
175 2.51327 0.140063
176 2.51327 -0.0891595
177 2.51327 -0.0112943
178 2.51327 0.126162
179 2.51327 -0.0804514
180 2.51327 0.0300579
181 2.51327 0.132731
182 2.51327 0.101444
183 2.51327 0.195388
184 2.51327 -0.13561
185 2.51327 -0.104296
186 2.51327 -0.183914
187 2.51327 -0.105396
188 2.51327 0.0206333
189 2.51327 0.102928
190 2.51327 -0.0213232
191 2.51327 0.119395
192 2.51327 -0.0516891
193 2.51327 0.0554581
194 2.51327 0.235926
195 2.51327 0.038221
196 2.51327 0.181026
197 2.51327 -0.0232572
198 2.51327 -0.0701721
199 2.51327 0.118427
200 2.51327 -0.238942
201 2.51327 -0.177488
202 2.51327 0.0469596
203 2.51327 -0.112798
204 2.51327 0.000769878
205 2.51327 -0.0298235
206 2.51327 -0.016137
207 2.51327 0.0368613
208 2.51327 0.0317193
209 2.51327 -0.131687
210 2.51327 0.0305917
211 2.51327 0.185949
212 2.51327 -0.12613
213 2.51327 0.135551
214 2.51327 -0.0328045
215 2.51327 -0.0752366
216 2.51327 -0.299489
217 2.51327 0.110109
218 2.51327 -0.102927
219 2.51327 -0.14364
220 2.51327 -0.0820703
221 2.51327 0.109497
222 2.51327 -0.0253959
223 2.51327 0.0732351
224 2.51327 0.0684438
225 2.51327 0.0186404
226 2.51327 0.154914
227 2.51327 -0.0677774
228 2.51327 0.0538264
229 2.51327 -0.00648995
230 2.51327 -0.0517824
231 2.51327 0.161065
232 2.51327 0.233325
233 2.51327 -0.114438
234 2.51327 -0.0183332
235 2.51327 0.0691224
236 2.51327 -0.0380694
237 2.51327 0.044993
238 2.51327 0.0595473
239 2.51327 0.225742
240 2.51327 0.0433749
241 2.51327 0.0518648
242 2.51327 0.0882256
243 2.51327 0.177542
244 2.51327 -0.0425092
245 2.51327 0.00660354
246 2.51327 -0.140095
247 2.51327 -0.0850491
248 2.51327 0.00576596
249 2.51327 -0.0718081
250 2.51327 -0.0594058
251 2.51327 0.0129532
252 2.51327 0.156502
253 2.51327 0.160807
254 2.51327 -0.132031
255 2.51327 0.0657343
256 2.51327 -0.0508455
257 2.51327 -0.0344098
258 2.51327 -0.100114
259 2.51327 0.119892
260 2.51327 0.0921402
261 2.51327 0.0770913
262 2.51327 -0.019827
263 2.51327 0.0513815
264 2.51327 -0.0253272
265 2.51327 0.00511615
266 2.51327 0.0040164
267 2.51327 -0.0160958
268 2.51327 0.0827995
269 2.51327 0.0319295
270 2.51327 0.0263228
271 2.51327 0.182611
272 2.51327 -0.167309
273 2.51327 0.154173
274 2.51327 -0.110864
275 2.51327 -0.018586
276 2.51327 -0.128948
277 2.51327 -0.105875
278 2.51327 0.0204184
279 2.51327 -0.0871516
280 2.51327 0.020833
281 2.51327 0.0429819
282 2.51327 -0.0313549
283 2.51327 0.0257605
284 2.51327 -0.0937316
285 2.51327 -0.135533
286 2.51327 0.101201
287 2.51327 0.150054
288 2.51327 0.231642
289 2.51327 0.0229708
290 2.51327 -0.0418129
291 2.51327 -0.0817008
292 2.51327 0.066877
293 2.51327 0.0437593
294 2.51327 -0.123872
295 2.51327 -0.0267525
296 2.51327 -0.127133
297 2.51327 0.10465
298 2.51327 -0.0768112
299 2.51327 0.0218979
300 2.51327 0.178224
301 2.51327 -0.346487
302 2.51327 -0.0178589
303 2.51327 -0.108459
304 2.51327 0.0228411
305 2.51327 -0.0130213
306 2.51327 -0.149547
307 2.51327 0.130831
308 2.51327 -0.192507
309 2.51327 -0.263589
310 2.51327 -0.114488
311 2.51327 0.101479
312 2.51327 -0.243366
313 2.51327 -0.152736
314 2.51327 0.113499
315 2.51327 0.0729341
316 2.51327 -0.0328677
317 2.51327 -0.0666082
318 2.51327 0.0818553
319 2.51327 0.133702
320 2.51327 -0.0867418
321 2.51327 -0.0141389
322 2.51327 0.00842662
323 2.51327 0.0159859
324 2.51327 -0.0890676
325 2.51327 -0.0222061
326 2.51327 -0.0550125
327 2.51327 0.117677
328 2.51327 -0.0932467
329 2.51327 -0.123092
330 2.51327 0.0446933
331 2.51327 0.15092
332 2.51327 -0.0938188
333 2.51327 0.0808131
334 2.51327 0.0207816
335 2.51327 0.0178994
336 2.51327 -0.0828298
337 2.51327 -0.0887739
338 2.51327 -0.0435894
339 2.51327 0.0503094
340 2.51327 -0.167725
341 2.51327 0.0205349
342 2.51327 -0.00580599
343 2.51327 0.0551765
344 2.51327 0.091979
345 2.51327 -0.0234742
346 2.51327 -0.00846828
347 2.51327 0.00938638
348 2.51327 -0.227852
349 2.51327 0.0446427
350 2.51327 -0.0638242
351 2.51327 -0.209439
352 2.51327 0.0558872
353 2.51327 -0.0147568
354 2.51327 -0.0703172
355 2.51327 0.252067
356 2.51327 -0.0378954
357 2.51327 0.0744285
358 2.51327 0.121935
359 2.51327 -0.216982
360 2.51327 -0.0610132
361 2.51327 0.0353933
362 2.51327 -0.127257
363 2.51327 -0.0256703
364 2.51327 -0.046926
365 2.51327 -0.0356423
366 2.51327 0.0733467
367 2.51327 0.152592
368 2.51327 0.0272945
369 2.51327 0.726067
370 2.51327 -0.224664
371 2.51327 -0.0843382
372 2.51327 0.0630123
373 2.51327 -0.0392741
374 2.51327 -0.134888
375 2.51327 -0.0509463
376 2.51327 -0.160663
377 2.51327 -0.0213785
378 2.51327 -0.0207384
379 2.51327 -0.114437
380 2.51327 -0.141635
381 2.51327 0.063455
382 2.51327 0.023711
383 2.51327 0.0856837
384 2.51327 0.0146358
385 2.51327 0.103137
386 2.51327 -0.00283276
387 2.51327 -0.0807188
388 2.51327 0.0654741
389 2.51327 -0.0288125
390 2.51327 -0.128096
391 2.51327 -0.0507488
392 2.51327 -0.052278
393 2.51327 -0.128864
394 2.51327 0.00684996
395 2.51327 -0.0493233
396 2.51327 -0.115297
397 2.51327 -0.106795
398 2.51327 0.138634
399 2.51327 0.0477953
400 2.51327 -0.0118958
401 2.51327 0.0184306
402 2.51327 -0.1362
403 2.51327 0.237678
404 2.51327 0.0017624
405 2.51327 0.0742304
406 2.51327 0.0279198
407 2.51327 0.148238
408 2.51327 0.222546
409 2.51327 0.11274
410 2.51327 -0.155718
411 2.51327 0.0349809
412 2.51327 -0.0328359
413 2.51327 -0.142196
414 2.51327 0.0348379
415 2.51327 -0.0093915
416 2.51327 -0.272325
417 2.51327 -0.0154855
418 2.51327 -0.116304
419 2.51327 -0.0283128
420 2.51327 0.0182145
421 2.51327 -0.193066
422 2.51327 -0.249585
423 2.51327 -0.0861466
424 2.51327 0.0236757
425 2.51327 0.143259
426 2.51327 0.0671498
427 2.51327 0.064215
428 2.51327 -0.0903717
429 2.51327 -0.023623
430 2.51327 0.0511198
431 2.51327 0.00507916
432 2.51327 0.0236184
433 2.51327 0.140839
434 2.51327 0.171307
435 2.51327 -0.167222
436 2.51327 0.269536
437 2.51327 -0.0808453
438 2.51327 -0.0795189
439 2.51327 0.0637204
440 2.51327 0.0806137
441 2.51327 -0.126057
442 2.51327 0.213693
443 2.51327 -0.0284668
444 2.51327 -0.0971442
445 2.51327 0.337733
446 2.51327 -0.0238086
447 2.51327 -0.18141
448 2.51327 -0.010531
449 2.51327 0.117353
450 2.51327 0.133365
451 2.51327 -0.202151
452 2.51327 0.225749
453 2.51327 -0.0940151
454 2.51327 -0.000677849
455 2.51327 0.0602441
456 2.51327 -0.175223
457 2.51327 -0.100348
458 2.51327 -0.0156701
459 2.51327 -0.0730297
460 2.51327 0.211101
461 2.51327 0.16337
462 2.51327 0.159945
463 2.51327 0.121381
464 2.51327 0.00905719
465 2.51327 0.116824
466 2.51327 -0.192736
467 2.51327 0.113052
468 2.51327 -0.0627292
469 2.51327 0.115489
470 2.51327 0.12282
471 2.51327 0.149437
472 2.51327 -0.0613623
473 2.51327 0.136197
474 2.51327 0.0939927
475 2.51327 -0.0252221
476 2.51327 0.155602
477 2.51327 -0.0872884
478 2.51327 0.0146385
479 2.51327 0.0689841
480 2.51327 -0.153781
481 2.51327 -0.0538331
482 2.51327 -0.0467869
483 2.51327 -0.0966851
484 2.51327 0.105372
485 2.51327 -0.0864099
486 2.51327 0.00298481
487 2.51327 -0.12258
488 2.51327 0.0573152
489 2.51327 0.0687184
490 2.51327 0.191356
491 2.51327 0.0333719
492 2.51327 0.0993052
493 2.51327 -0.117312
494 2.51327 0.0367677
495 2.51327 0.11374
496 2.51327 -0.0163739
497 2.51327 -0.081691
498 2.51327 0.181945
499 2.51327 0.0562781
500 2.51327 -0.124077
501 2.51327 -0.0403487
502 2.51327 -0.0808203
503 2.51327 0.0188268
504 2.51327 -0.205731
505 2.51327 -0.0222137
506 2.51327 0.108329
507 2.51327 0.149041
508 2.51327 -0.012435
509 2.51327 -0.0256439
510 2.51327 -0.115234
511 2.51327 -0.0944389
512 2.51327 -0.128415
513 2.51327 0.0404212
514 2.51327 0.017839
515 2.51327 0.0807414
516 2.51327 0.0903931
517 2.51327 0.0153329
518 2.51327 -0.00638976
519 2.51327 0.0322697
520 2.51327 -0.00132335
521 2.51327 0.144496
522 2.51327 -0.0886707
523 2.51327 0.163855
524 2.51327 -0.062905
525 2.51327 0.00866248
526 2.51327 -0.0425814
527 2.51327 0.0856732
528 2.51327 0.0174011
529 2.51327 -0.211844
530 2.51327 -0.168495
531 2.51327 -0.0447673
532 2.51327 0.12132
533 2.51327 -0.082193
534 2.51327 -0.0166987
535 2.51327 0.0757513
536 2.51327 0.0278766
537 2.51327 -0.0418413
538 2.51327 0.0332508
539 2.51327 0.0187213
540 2.51327 -0.133464
541 2.51327 -0.018106
542 2.51327 0.0340347
543 2.51327 0.0825183
544 2.51327 -0.0311035
545 2.51327 0.0461647
546 2.51327 -0.118347
547 2.51327 0.158302
548 2.51327 -0.0642173
549 2.51327 0.164778
550 2.51327 -0.0117596
551 2.51327 -0.251176
552 2.51327 -0.15152
553 2.51327 0.0116004
554 2.51327 0.171513
555 2.51327 -0.0936779
556 2.51327 -0.0671419
557 2.51327 0.0637804
558 2.51327 -0.35183
559 2.51327 0.198305
560 2.51327 0.00510971
561 2.51327 -0.0950245
562 2.51327 0.106539
563 2.51327 0.0580935
564 2.51327 -0.101088
565 2.51327 0.0681671
566 2.51327 -0.00486955
567 2.51327 -0.166096
568 2.51327 -0.125851
569 2.51327 -0.192193
570 2.51327 -0.0719638
571 2.51327 0.00642272
572 2.51327 0.146045
573 2.51327 0.0340687
574 2.51327 -0.021227
575 2.51327 0.119312
576 2.51327 0.0622981
577 2.51327 0.133335
578 2.51327 -0.00147236
579 2.51327 0.188625
580 2.51327 0.200815
581 2.51327 0.0796244
582 2.51327 0.165535
583 2.51327 -0.115342
584 2.51327 0.206378
585 2.51327 0.0622644
586 2.51327 0.147487
587 2.51327 0.0125645
588 2.51327 0.04448
589 2.51327 -0.0853871
590 2.51327 -0.283017
591 2.51327 -0.268302
592 2.51327 -0.0557696
593 2.51327 0.150735
594 2.51327 -0.101598
595 2.51327 0.119225
596 2.51327 0.032415
597 2.51327 -0.101918
598 2.51327 -0.0253901
599 2.51327 -0.0836307
600 2.51327 0.0218371
601 2.51327 0.069253
602 2.51327 -0.181804
603 2.51327 0.150849
604 2.51327 -0.00438983
605 2.51327 0.118758
606 2.51327 0.0226324
607 2.51327 -0.0742202
608 2.51327 -0.0388646
609 2.51327 -0.142331
610 2.51327 -0.0142797
611 2.51327 0.152061
612 2.51327 0.0519396
613 2.51327 -0.0725958
614 2.51327 -0.114534
615 2.51327 -0.0545398
616 2.51327 0.000707163
617 2.51327 0.0827362
618 2.51327 0.0848802
619 2.51327 -0.0794584
620 2.51327 0.113722
621 2.51327 0.101717
622 2.51327 0.114741
623 2.51327 -0.0301049
624 2.51327 0.180382
625 2.51327 -0.046242
626 2.51327 -0.0658696
627 2.51327 -0.0061123
628 2.51327 -0.0339056
629 2.51327 0.0117708
630 2.51327 0.26156
631 2.51327 -0.72651
632 2.51327 0.00462426
633 2.51327 0.0454525
634 2.51327 -0.21322
635 2.51327 0.0294988
636 2.51327 -0.053836
637 2.51327 -0.11215
638 2.51327 0.0998183
639 2.51327 0.12914
640 2.51327 -0.227041
641 2.51327 0.285514
642 2.51327 -0.199315
643 2.51327 0.0704414
644 2.51327 -0.156424
645 2.51327 -0.0260808
646 2.51327 0.227563
647 2.51327 -0.0860973
648 2.51327 -0.0304291
649 2.51327 0.188445
650 2.51327 0.0935326
651 2.51327 0.0690074
652 2.51327 -0.00235697
653 2.51327 0.0162556
654 2.51327 0.0754531
655 2.51327 0.0756931
656 2.51327 -0.134122
657 2.51327 0.00370109
658 2.51327 -0.00941283
659 2.51327 0.189093
660 2.51327 -0.0833458
661 2.51327 -0.206411
662 2.51327 0.00599975
663 2.51327 0.0671827
664 2.51327 0.159821
665 2.51327 0.141659
666 2.51327 0.0711276
667 2.51327 0.0199945
668 2.51327 0.00715303
669 2.51327 0.074591
670 2.51327 -0.0760857
671 2.51327 0.0930652
672 2.51327 0.133117
673 2.51327 0.0758381
674 2.51327 -0.0709576
675 2.51327 0.0328968
676 2.51327 -0.0212844
677 2.51327 -0.168352
678 2.51327 -0.1369
679 2.51327 -0.00500542
680 2.51327 0.194428
681 2.51327 -0.0656976
682 2.51327 -0.19512
683 2.51327 0.103209
684 2.51327 0.152478
685 2.51327 -0.0788612
686 2.51327 0.00189841
687 2.51327 -0.166444
688 2.51327 0.189636
689 2.51327 -0.0136675
690 2.51327 0.0219544
691 2.51327 0.196688
692 2.51327 -0.100608
693 2.51327 -0.285117
694 2.51327 0.056435
695 2.51327 -0.0732646
696 2.51327 -0.030669
697 2.51327 0.0297971
698 2.51327 -0.0188988
699 2.51327 0.178015
700 2.51327 -0.315888
701 2.51327 0.0506044
702 2.51327 0.0736518
703 2.51327 -0.14173
704 2.51327 0.196796
705 2.51327 -0.0432712
706 2.51327 0.333575
707 2.51327 0.135378
708 2.51327 0.0982976
709 2.51327 0.205432
710 2.51327 0.132343
711 2.51327 -0.328454
712 2.51327 -0.0837732
713 2.51327 0.196419
714 2.51327 -0.169576
715 2.51327 0.031869
716 2.51327 -0.0197709
717 2.51327 0.0104142
718 2.51327 -0.00554972
719 2.51327 -0.120819
720 2.51327 0.127471
721 2.51327 -0.0271976
722 2.51327 0.0314183
723 2.51327 0.116137
724 2.51327 0.149375
725 2.51327 0.171674
726 2.51327 0.0253407
727 2.51327 0.0263378
728 2.51327 0.131076
729 2.51327 -0.0905032
730 2.51327 0.0409174
731 2.51327 -0.147732
732 2.51327 -0.152513
733 2.51327 0.0472646
734 2.51327 0.0124647
735 2.51327 0.0108138
736 2.51327 0.0842192
737 2.51327 0.0207672
738 2.51327 -0.0863646
739 2.51327 0.107534
740 2.51327 -0.0715888
741 2.51327 -0.00601729
742 2.51327 0.0717972
743 2.51327 -0.0758979
744 2.51327 -0.0692213
745 2.51327 -0.0453735
746 2.51327 -0.0172924
747 2.51327 -0.323718
748 2.51327 -0.218423
749 2.51327 -0.0224481
750 2.51327 0.00384036
751 2.51327 0.0331844
752 2.51327 -0.178758
753 2.51327 0.166861
754 2.51327 0.0412705
755 2.51327 -0.183694
756 2.51327 0.0536056
757 2.51327 -0.0106027
758 2.51327 0.187667
759 2.51327 0.0503993
760 2.51327 -0.0179692
761 2.51327 0.0464546
762 2.51327 -0.132718
763 2.51327 -0.0818017
764 2.51327 -0.126548
765 2.51327 0.282927
766 2.51327 0.0791963
767 2.51327 -0.00890484
768 2.51327 -0.0663487
769 2.51327 0.0836289
770 2.51327 0.109405
771 2.51327 0.0372804
772 2.51327 0.0751206
773 2.51327 0.00334077
774 2.51327 -0.154113
775 2.51327 -0.00459814
776 2.51327 -0.0446658
777 2.51327 0.0671378
778 2.51327 0.124927
779 2.51327 -0.160141
780 2.51327 0.0829837
781 2.51327 -0.156389
782 2.51327 -0.121483
783 2.51327 -0.308608
784 2.51327 0.0890129
785 2.51327 -0.0720259
786 2.51327 -0.0638765
787 2.51327 0.0318592
788 2.51327 0.137861
789 2.51327 -0.0502378
790 2.51327 0.0285326
791 2.51327 0.046922
792 2.51327 0.0552932
793 2.51327 -0.0166178
794 2.51327 -0.031681
795 2.51327 0.0615072
796 2.51327 0.0270982
797 2.51327 -0.026247
798 2.51327 0.09815
799 2.51327 0.0697128
800 2.51327 0.0162203
801 2.51327 0.0183104
802 2.51327 0.0228427
803 2.51327 0.100793
804 2.51327 0.0682447
805 2.51327 0.082086
806 2.51327 -0.136662
807 2.51327 -0.054848
808 2.51327 -0.0416797
809 2.51327 -0.100817
810 2.51327 0.0146119
811 2.51327 0.0240246
812 2.51327 0.0712996
813 2.51327 -0.0752292
814 2.51327 0.0215762
815 2.51327 -0.057243
816 2.51327 -0.118566
817 2.51327 -0.0760708
818 2.51327 -0.140132
819 2.51327 -0.0174118
820 2.51327 0.0164115
821 2.51327 0.129108
822 2.51327 0.0965914
823 2.51327 0.164301
824 2.51327 0.0417244
825 2.51327 -0.235714
826 2.51327 0.0608064
827 2.51327 -0.0413545
828 2.51327 -0.1084
829 2.51327 0.0500188
830 2.51327 -0.0204912
831 2.51327 -0.0350478
832 2.51327 0.0417892
833 2.51327 0.101196
834 2.51327 -0.0473773
835 2.51327 0.0644466
836 2.51327 -0.184919
837 2.51327 -0.0616088
838 2.51327 -0.153027
839 2.51327 -0.115141
840 2.51327 -0.108839
841 2.51327 -0.104183
842 2.51327 0.181599
843 2.51327 0.063013
844 2.51327 -0.0564889
845 2.51327 -0.0241089
846 2.51327 0.0500357
847 2.51327 -0.117934
848 2.51327 -0.13627
849 2.51327 0.0363173
850 2.51327 -0.116372
851 2.51327 -0.0629528
852 2.51327 0.230918
853 2.51327 0.136638
854 2.51327 -0.0935198
855 2.51327 0.0854158
856 2.51327 0.0754021
857 2.51327 -0.0131087
858 2.51327 0.0404743
859 2.51327 0.0284281
860 2.51327 -0.0209524
861 2.51327 -0.00962594
862 2.51327 -0.187332
863 2.51327 -0.0398924
864 2.51327 -0.0597718
865 2.51327 -0.0760951
866 2.51327 -0.00988007
867 2.51327 0.0844121
868 2.51327 0.0349225
869 2.51327 0.0731025
870 2.51327 -0.242432
871 2.51327 -0.0393743
872 2.51327 -0.0659935
873 2.51327 0.0668654
874 2.51327 -0.102976
875 2.51327 0.0920432
876 2.51327 -0.029478
877 2.51327 0.00519815
878 2.51327 0.0630546
879 2.51327 0.0101253
880 2.51327 -0.0380724
881 2.51327 -0.173374
882 2.51327 -0.122017
883 2.51327 0.026418
884 2.51327 -0.0544005
885 2.51327 0.0203632
886 2.51327 -0.244651
887 2.51327 0.041174
888 2.51327 0.0774488
889 2.51327 0.0416705
890 2.51327 -0.0211411
891 2.51327 -0.167559
892 2.51327 0.00919876
893 2.51327 -0.0874922
894 2.51327 -0.164719
895 2.51327 0.0552836
896 2.51327 -0.232818
897 2.51327 -0.0499421
898 2.51327 -0.0298882
899 2.51327 -0.0689836
900 2.51327 -0.078092
901 2.51327 -0.0391841
902 2.51327 -0.0214913
903 2.51327 0.0603036
904 2.51327 -0.113728
905 2.51327 0.023004
906 2.51327 0.0208048
907 2.51327 0.0597407
908 2.51327 -0.0557644
909 2.51327 0.0867756
910 2.51327 0.23684
911 2.51327 0.0542341
912 2.51327 0.210679
913 2.51327 0.00776557
914 2.51327 -0.196571
915 2.51327 0.0121294
916 2.51327 0.00522668
917 2.51327 0.191563
918 2.51327 -0.000989118
919 2.51327 -0.117747
920 2.51327 0.0215105
921 2.51327 -0.0583449
922 2.51327 0.0384777
923 2.51327 -0.115277
924 2.51327 -0.00715991
925 2.51327 0.112399
926 2.51327 -0.130903
927 2.51327 -0.00699832
928 2.51327 -0.0397824
929 2.51327 0.192902
930 2.51327 0.104499
931 2.51327 -0.282265
932 2.51327 0.0354584
933 2.51327 0.0166417
934 2.51327 0.19322
935 2.51327 -0.286765
936 2.51327 -0.036431
937 2.51327 -0.0965628
938 2.51327 -0.10584
939 2.51327 0.0752764
940 2.51327 -0.0537217
941 2.51327 -0.329955
942 2.51327 0.0742273
943 2.51327 0.0475664
944 2.51327 -0.0879547
945 2.51327 0.0262546
946 2.51327 0.197121
947 2.51327 0.032269
948 2.51327 -0.0202368
949 2.51327 -0.0475134
950 2.51327 -0.0649704
951 2.51327 -0.178618
952 2.51327 -0.0400998
953 2.51327 0.0384583
954 2.51327 0.0289585
955 2.51327 0.143527
956 2.51327 0.0551463
957 2.51327 -0.0194168
958 2.51327 0.0941751
959 2.51327 0.0320034
960 2.51327 0.292722
961 2.51327 0.143144
962 2.51327 0.135116
963 2.51327 0.0796578
964 2.51327 -0.0118755
965 2.51327 0.109945
966 2.51327 0.172713
967 2.51327 -0.0744288
968 2.51327 0.0463312
969 2.51327 -0.0322721
970 2.51327 -0.0697443
971 2.51327 0.154197
972 2.51327 0.00871713
973 2.51327 -0.132125
974 2.51327 -0.0777411
975 2.51327 -0.0788926
976 2.51327 -0.0671509
977 2.51327 -0.0542534
978 2.51327 -0.0733836
979 2.51327 -0.0307712
980 2.51327 0.118001
981 2.51327 -0.258299
982 2.51327 0.19687
983 2.51327 0.350006
984 2.51327 -0.149012
985 2.51327 0.207681
986 2.51327 0.0792566
987 2.51327 -0.123533
988 2.51327 -0.124705
989 2.51327 0.00363775
990 2.51327 -0.118203
991 2.51327 -0.198599
992 2.51327 -0.0374481
993 2.51327 -0.0377395
994 2.51327 0.119445
995 2.51327 0.000258046
996 2.51327 -0.134789
997 2.51327 0.11302
998 2.51327 0.0367861
999 2.51327 0.0781882
1000 2.51327 0.013968
1 2.82743 -0.153067
2 2.82743 -0.0420865
3 2.82743 -0.11312
4 2.82743 0.224892
5 2.82743 -0.0832151
6 2.82743 -0.0285657
7 2.82743 0.116545
8 2.82743 -0.128307
9 2.82743 0.264948
10 2.82743 0.124363
11 2.82743 0.0189518
12 2.82743 0.00949927
13 2.82743 0.0300329
14 2.82743 -0.0191723
15 2.82743 -0.10106
16 2.82743 0.168232
17 2.82743 -0.26786
18 2.82743 -0.0813574
19 2.82743 0.00170826
20 2.82743 -0.00137432
21 2.82743 -0.108759
22 2.82743 0.185538
23 2.82743 -0.0822793
24 2.82743 0.0427068
25 2.82743 -0.0657319
26 2.82743 0.0124453
27 2.82743 0.0481532
28 2.82743 -0.000585256
29 2.82743 -0.130235
30 2.82743 0.149685
31 2.82743 -0.0730812
32 2.82743 -0.0782643
33 2.82743 -0.0731014
34 2.82743 -0.130278
35 2.82743 -0.115579
36 2.82743 -0.231936
37 2.82743 -0.0560629
38 2.82743 -0.0190422
39 2.82743 -0.156967
40 2.82743 -0.198099
41 2.82743 -0.111547
42 2.82743 -0.178054
43 2.82743 -0.0148755
44 2.82743 -0.205763
45 2.82743 -0.203099
46 2.82743 0.109509
47 2.82743 0.0360097
48 2.82743 0.0515725
49 2.82743 0.0778276
50 2.82743 -0.118685
51 2.82743 0.028377
52 2.82743 -0.154891
53 2.82743 -0.13312
54 2.82743 -0.244556
55 2.82743 -0.108214
56 2.82743 0.128418
57 2.82743 -0.0376711
58 2.82743 -0.139305
59 2.82743 0.075274
60 2.82743 -0.0978968
61 2.82743 -0.0460805
62 2.82743 0.0957456
63 2.82743 0.00614388
64 2.82743 -0.146416
65 2.82743 0.223068
66 2.82743 -0.177027
67 2.82743 0.0388056
68 2.82743 -0.165113
69 2.82743 0.24619
70 2.82743 0.0936192
71 2.82743 -0.273156
72 2.82743 0.0860522
73 2.82743 -0.167319
74 2.82743 0.167696
75 2.82743 -0.114847
76 2.82743 -0.124977
77 2.82743 -0.0592433
78 2.82743 -0.181412
79 2.82743 0.0022313
80 2.82743 -0.0602274
81 2.82743 0.102958
82 2.82743 -0.0242273
83 2.82743 -0.151469
84 2.82743 -0.0611048
85 2.82743 -0.0693109
86 2.82743 0.115348
87 2.82743 0.0126303
88 2.82743 -0.00392243
89 2.82743 0.0125967
90 2.82743 -0.11353
91 2.82743 -0.0726476
92 2.82743 -0.0128806
93 2.82743 0.12264
94 2.82743 -0.0340654
95 2.82743 -0.00153283
96 2.82743 0.0617326
97 2.82743 0.0186192
98 2.82743 -0.00757112
99 2.82743 -0.0179296
100 2.82743 -0.0596711
101 2.82743 0.0560843
102 2.82743 0.00366569
103 2.82743 0.0323842
104 2.82743 0.217102
105 2.82743 -0.0861891
106 2.82743 0.222284
107 2.82743 -0.0359837
108 2.82743 0.120974
109 2.82743 0.314213
110 2.82743 0.00190483
111 2.82743 0.0711445
112 2.82743 -0.245503
113 2.82743 -0.0638619
114 2.82743 0.228568
115 2.82743 0.0956414
116 2.82743 -0.10334
117 2.82743 0.0812077
118 2.82743 0.164679
119 2.82743 0.298918
120 2.82743 0.0319075
121 2.82743 -0.153028
122 2.82743 -0.0226882
123 2.82743 0.0165606
124 2.82743 0.00875898
125 2.82743 0.0150672
126 2.82743 0.0549555
127 2.82743 0.00953338
128 2.82743 0.187695
129 2.82743 -0.177536
130 2.82743 0.108134
131 2.82743 -0.128157
132 2.82743 0.107517
133 2.82743 -0.0322375
134 2.82743 0.106581
135 2.82743 -0.043935
136 2.82743 0.0343596
137 2.82743 0.00692043
138 2.82743 0.143226
139 2.82743 -0.162194
140 2.82743 -0.0819433
141 2.82743 0.0602215
142 2.82743 0.118503
143 2.82743 0.142189
144 2.82743 0.072822
145 2.82743 -0.0800532
146 2.82743 0.114783
147 2.82743 -0.017487
148 2.82743 -0.156937
149 2.82743 0.0525664
150 2.82743 0.0598403
151 2.82743 -0.0373654
152 2.82743 -0.0242744
153 2.82743 -0.0724946
154 2.82743 -0.0451748
155 2.82743 0.0870203
156 2.82743 0.123544
157 2.82743 0.0353253
158 2.82743 -0.162435
159 2.82743 -2.05864e-05
160 2.82743 -0.0260518
161 2.82743 -0.0175098
162 2.82743 0.255438
163 2.82743 0.0526723
164 2.82743 0.0697019
165 2.82743 -0.141703
166 2.82743 -0.0948723
167 2.82743 -0.171001
168 2.82743 -0.18623
169 2.82743 -0.067931
170 2.82743 0.0107125
171 2.82743 -0.0181386
172 2.82743 0.237921
173 2.82743 0.0324336
174 2.82743 -0.0942411
175 2.82743 0.195728
176 2.82743 -0.0894003
177 2.82743 -0.0629911
178 2.82743 0.0759365
179 2.82743 -0.110386
180 2.82743 0.020243
181 2.82743 0.118569
182 2.82743 0.131824
183 2.82743 0.190925
184 2.82743 -0.0768312
185 2.82743 -0.0701192
186 2.82743 -0.163461
187 2.82743 -0.0652095
188 2.82743 -0.0056106
189 2.82743 0.0797551
190 2.82743 -0.0228836
191 2.82743 0.134322
192 2.82743 -0.0304264
193 2.82743 0.0649937
194 2.82743 0.245088
195 2.82743 0.00584426
196 2.82743 0.131817
197 2.82743 -0.0525311
198 2.82743 -0.067117
199 2.82743 0.0947954
200 2.82743 -0.208528
201 2.82743 -0.173626
202 2.82743 0.00805672
203 2.82743 -0.0874182
204 2.82743 -0.00814839
205 2.82743 -0.0453539
206 2.82743 -0.00343612
207 2.82743 0.0367611
208 2.82743 0.00901975
209 2.82743 -0.127267
210 2.82743 0.0167509
211 2.82743 0.174503
212 2.82743 -0.152089
213 2.82743 0.104951
214 2.82743 -0.00714987
215 2.82743 -0.0405965
216 2.82743 -0.283684
217 2.82743 0.193934
218 2.82743 -0.0480826
219 2.82743 -0.071373
220 2.82743 -0.0967765
221 2.82743 0.145176
222 2.82743 -0.0621973
223 2.82743 0.0404864
224 2.82743 0.0727331
225 2.82743 0.0173544
226 2.82743 0.181853
227 2.82743 -0.0587424
228 2.82743 0.0213833
229 2.82743 -0.0176329
230 2.82743 -0.0795986
231 2.82743 0.109832
232 2.82743 0.220041
233 2.82743 -0.0944594
234 2.82743 -0.0413267
235 2.82743 -0.0331234
236 2.82743 0.00873367
237 2.82743 0.0648543
238 2.82743 0.0937803
239 2.82743 0.176933
240 2.82743 0.0427358
241 2.82743 0.0277465
242 2.82743 0.0140739
243 2.82743 0.154475
244 2.82743 -0.0535756
245 2.82743 0.0653017
246 2.82743 -0.132579
247 2.82743 -0.126564
248 2.82743 0.0629881
249 2.82743 -0.0718625
250 2.82743 -0.0517828
251 2.82743 0.0183117
252 2.82743 0.204104
253 2.82743 0.241969
254 2.82743 -0.106695
255 2.82743 0.0706584
256 2.82743 -0.0207649
257 2.82743 -0.00460519
258 2.82743 -0.108494
259 2.82743 0.103943
260 2.82743 0.10164
261 2.82743 0.030638
262 2.82743 0.011192
263 2.82743 0.036959
264 2.82743 -0.0489103
265 2.82743 0.000838354
266 2.82743 -0.000633147
267 2.82743 -0.0290483
268 2.82743 0.119987
269 2.82743 0.0751594
270 2.82743 0.00909378
271 2.82743 0.184746
272 2.82743 -0.184913
273 2.82743 0.122589
274 2.82743 -0.102541
275 2.82743 -0.0715875
276 2.82743 -0.158227
277 2.82743 -0.1278
278 2.82743 0.00716605
279 2.82743 -0.0653004
280 2.82743 -0.0237054
281 2.82743 0.0758219
282 2.82743 -0.0248699
283 2.82743 0.0185284
284 2.82743 -0.0733111
285 2.82743 -0.125647
286 2.82743 0.141189
287 2.82743 0.0638218
288 2.82743 0.224267
289 2.82743 0.126264
290 2.82743 -0.0785685
291 2.82743 -0.136249
292 2.82743 0.0249484
293 2.82743 -0.00676351
294 2.82743 -0.213756
295 2.82743 -0.00869598
296 2.82743 -0.172091
297 2.82743 0.135072
298 2.82743 -0.0892681
299 2.82743 0.00218398
300 2.82743 0.254246
301 2.82743 -0.352587
302 2.82743 -0.0090497
303 2.82743 -0.101945
304 2.82743 0.0293909
305 2.82743 0.0127299
306 2.82743 -0.145556
307 2.82743 0.203932
308 2.82743 -0.131067
309 2.82743 -0.288132
310 2.82743 -0.104522
311 2.82743 0.0907649
312 2.82743 -0.268638
313 2.82743 -0.0758451
314 2.82743 0.0959364
315 2.82743 0.087666
316 2.82743 -0.0775061
317 2.82743 -0.0901954
318 2.82743 0.133024
319 2.82743 0.135083
320 2.82743 -0.13696
321 2.82743 -0.0104012
322 2.82743 0.0516547
323 2.82743 0.0683013
324 2.82743 -0.0688517
325 2.82743 -0.0295767
326 2.82743 -0.023739
327 2.82743 0.0754585
328 2.82743 -0.122575
329 2.82743 -0.13495
330 2.82743 0.0627406
331 2.82743 0.104144
332 2.82743 -0.0821295
333 2.82743 0.0622424
334 2.82743 -0.00542898
335 2.82743 -0.0308007
336 2.82743 -0.122384
337 2.82743 -0.0973434
338 2.82743 -0.0390306
339 2.82743 0.109865
340 2.82743 -0.115592
341 2.82743 -0.0439727
342 2.82743 -0.00187785
343 2.82743 0.0457337
344 2.82743 0.121823
345 2.82743 -0.0445608
346 2.82743 -0.0317163
347 2.82743 0.0027015
348 2.82743 -0.193054
349 2.82743 0.0155512
350 2.82743 -0.0846815
351 2.82743 -0.239388
352 2.82743 0.0574247
353 2.82743 0.0154248
354 2.82743 -0.133753
355 2.82743 0.222896
356 2.82743 0.0185849
357 2.82743 0.0404242
358 2.82743 0.168487
359 2.82743 -0.277341
360 2.82743 0.0218654
361 2.82743 -0.0118516
362 2.82743 -0.14069
363 2.82743 0.0146029
364 2.82743 -0.0224271
365 2.82743 -0.039902
366 2.82743 0.131667
367 2.82743 0.115033
368 2.82743 0.0217153
369 2.82743 0.853689
370 2.82743 -0.276098
371 2.82743 -0.0755721
372 2.82743 0.0646158
373 2.82743 -0.0314237
374 2.82743 -0.09334
375 2.82743 -0.0283113
376 2.82743 -0.195268
377 2.82743 -0.00840412
378 2.82743 -0.0549236
379 2.82743 -0.130393
380 2.82743 -0.15743
381 2.82743 0.0798022
382 2.82743 -0.00741261
383 2.82743 0.0460053
384 2.82743 0.0122223
385 2.82743 0.105454
386 2.82743 0.0348063
387 2.82743 -0.0450823
388 2.82743 0.0388199
389 2.82743 -0.073916
390 2.82743 -0.104328
391 2.82743 0.00307948
392 2.82743 -0.0318419
393 2.82743 -0.0855056
394 2.82743 -0.0015279
395 2.82743 -0.0805425
396 2.82743 -0.0966573
397 2.82743 -0.139859
398 2.82743 0.177001
399 2.82743 0.0181612
400 2.82743 -0.0172113
401 2.82743 0.0428517
402 2.82743 -0.107607
403 2.82743 0.235297
404 2.82743 -0.00903788
405 2.82743 0.0243999
406 2.82743 0.0567579
407 2.82743 0.0771258
408 2.82743 0.207427
409 2.82743 0.183075
410 2.82743 -0.0405053
411 2.82743 0.057499
412 2.82743 -0.0423858
413 2.82743 -0.125044
414 2.82743 -0.0182877
415 2.82743 -0.0282142
416 2.82743 -0.29871
417 2.82743 0.0243016
418 2.82743 -0.152718
419 2.82743 -0.0499562
420 2.82743 -0.0497582
421 2.82743 -0.225519
422 2.82743 -0.211829
423 2.82743 -0.116607
424 2.82743 -0.000100586
425 2.82743 0.0830957
426 2.82743 0.0640153
427 2.82743 0.0435566
428 2.82743 -0.124326
429 2.82743 -0.0221743
430 2.82743 0.0668677
431 2.82743 0.0667695
432 2.82743 0.060983
433 2.82743 0.173776
434 2.82743 0.147306
435 2.82743 -0.164396
436 2.82743 0.262124
437 2.82743 -0.0876478
438 2.82743 -0.102257
439 2.82743 0.0850741
440 2.82743 0.0669136
441 2.82743 -0.171663
442 2.82743 0.296094
443 2.82743 -0.0449385
444 2.82743 -0.0608262
445 2.82743 0.31773
446 2.82743 -0.0759829
447 2.82743 -0.158082
448 2.82743 0.0402721
449 2.82743 0.18144
450 2.82743 0.117263
451 2.82743 -0.225502
452 2.82743 0.212897
453 2.82743 -0.131408
454 2.82743 0.0378731
455 2.82743 0.0362461
456 2.82743 -0.138948
457 2.82743 -0.112173
458 2.82743 -0.0243907
459 2.82743 -0.0562414
460 2.82743 0.222937
461 2.82743 0.13289
462 2.82743 0.125254
463 2.82743 0.116846
464 2.82743 -0.00135266
465 2.82743 0.0747593
466 2.82743 -0.158525
467 2.82743 0.122873
468 2.82743 -0.0927797
469 2.82743 0.112792
470 2.82743 0.159223
471 2.82743 0.195949
472 2.82743 -0.0578505
473 2.82743 0.0880196
474 2.82743 0.0937878
475 2.82743 -0.0242755
476 2.82743 0.1528
477 2.82743 -0.127493
478 2.82743 0.0412666
479 2.82743 0.0117325
480 2.82743 -0.130382
481 2.82743 -0.0562784
482 2.82743 -0.0377227
483 2.82743 -0.0872309
484 2.82743 0.0602708
485 2.82743 -0.099734
486 2.82743 -0.00325644
487 2.82743 -0.117403
488 2.82743 0.0904783
489 2.82743 0.0891408
490 2.82743 0.200219
491 2.82743 0.0367179
492 2.82743 0.0885159
493 2.82743 -0.148222
494 2.82743 -0.0039232
495 2.82743 0.103969
496 2.82743 0.0529241
497 2.82743 -0.0756062
498 2.82743 0.181032
499 2.82743 0.0609805
500 2.82743 -0.0652325
501 2.82743 -0.0526082
502 2.82743 -0.127871
503 2.82743 0.0425574
504 2.82743 -0.169684
505 2.82743 -0.0558469
506 2.82743 0.0802042
507 2.82743 0.164894
508 2.82743 -0.0428425
509 2.82743 -0.0326577
510 2.82743 -0.160204
511 2.82743 -0.10266
512 2.82743 -0.127862
513 2.82743 0.0742145
514 2.82743 0.0142033
515 2.82743 0.0967592
516 2.82743 0.042661
517 2.82743 0.0444623
518 2.82743 0.00976487
519 2.82743 0.0449434
520 2.82743 0.0488422
521 2.82743 0.100503
522 2.82743 -0.0801826
523 2.82743 0.167747
524 2.82743 -0.104063
525 2.82743 0.0155615
526 2.82743 -0.0667629
527 2.82743 0.028623
528 2.82743 0.0347398
529 2.82743 -0.228759
530 2.82743 -0.183244
531 2.82743 -0.0756016
532 2.82743 0.123585
533 2.82743 -0.106651
534 2.82743 0.0484228
535 2.82743 0.0264797
536 2.82743 0.0207696
537 2.82743 -0.0750299
538 2.82743 -0.0236874
539 2.82743 -0.0371549
540 2.82743 -0.182118
541 2.82743 0.00832702
542 2.82743 0.0340438
543 2.82743 0.102799
544 2.82743 0.0304739
545 2.82743 0.019698
546 2.82743 -0.100453
547 2.82743 0.165205
548 2.82743 -0.127975
549 2.82743 0.205853
550 2.82743 -0.0533448
551 2.82743 -0.251791
552 2.82743 -0.125473
553 2.82743 0.068814
554 2.82743 0.153632
555 2.82743 -0.189422
556 2.82743 -0.0255519
557 2.82743 0.0635001
558 2.82743 -0.368716
559 2.82743 0.209645
560 2.82743 -0.0218468
561 2.82743 -0.101538
562 2.82743 0.116463
563 2.82743 0.0756854
564 2.82743 -0.173571
565 2.82743 0.112317
566 2.82743 -0.0598045
567 2.82743 -0.187053
568 2.82743 -0.114729
569 2.82743 -0.16514
570 2.82743 -0.0778297
571 2.82743 0.0131417
572 2.82743 0.153602
573 2.82743 0.00811637
574 2.82743 -0.0398719
575 2.82743 0.054944
576 2.82743 0.0453026
577 2.82743 0.14141
578 2.82743 0.0798462
579 2.82743 0.223185
580 2.82743 0.164906
581 2.82743 0.0769294
582 2.82743 0.178606
583 2.82743 -0.0930876
584 2.82743 0.264034
585 2.82743 0.0560229
586 2.82743 0.114143
587 2.82743 0.0568891
588 2.82743 0.0485098
589 2.82743 -0.0840025
590 2.82743 -0.190152
591 2.82743 -0.264859
592 2.82743 -0.119757
593 2.82743 0.0800613
594 2.82743 -0.0954974
595 2.82743 0.0772978
596 2.82743 0.0269982
597 2.82743 -0.163931
598 2.82743 0.0226539
599 2.82743 -0.0771316
600 2.82743 0.0224398
601 2.82743 0.0433825
602 2.82743 -0.199695
603 2.82743 0.163026
604 2.82743 0.0337278
605 2.82743 0.117043
606 2.82743 0.0170293
607 2.82743 -0.0212662
608 2.82743 -0.0160797
609 2.82743 -0.104581
610 2.82743 0.0294711
611 2.82743 0.13871
612 2.82743 0.0229155
613 2.82743 -0.0355348
614 2.82743 -0.0965081
615 2.82743 -0.0799082
616 2.82743 -0.00415637
617 2.82743 0.0425407
618 2.82743 0.0644948
619 2.82743 -0.0882102
620 2.82743 0.14276
621 2.82743 0.123707
622 2.82743 0.104349
623 2.82743 -0.0186689
624 2.82743 0.205646
625 2.82743 -0.022774
626 2.82743 -0.0122019
627 2.82743 0.00756345
628 2.82743 -0.0493132
629 2.82743 0.0374166
630 2.82743 0.29549
631 2.82743 -0.853922
632 2.82743 -0.00493201
633 2.82743 -0.0109146
634 2.82743 -0.205208
635 2.82743 0.0366737
636 2.82743 -0.0305461
637 2.82743 -0.0870641
638 2.82743 0.126259
639 2.82743 0.0983486
640 2.82743 -0.173312
641 2.82743 0.313374
642 2.82743 -0.209164
643 2.82743 0.0357378
644 2.82743 -0.120753
645 2.82743 -0.104091
646 2.82743 0.216425
647 2.82743 -0.0684442
648 2.82743 -0.0440441
649 2.82743 0.228349
650 2.82743 0.100302
651 2.82743 0.0441939
652 2.82743 0.0720275
653 2.82743 0.0107799
654 2.82743 0.0669322
655 2.82743 0.0720143
656 2.82743 -0.143974
657 2.82743 -0.014783
658 2.82743 -0.00611576
659 2.82743 0.154181
660 2.82743 -0.0164022
661 2.82743 -0.19193
662 2.82743 0.0192709
663 2.82743 0.0859879
664 2.82743 0.162867
665 2.82743 0.11469
666 2.82743 0.0537558
667 2.82743 -0.00924887
668 2.82743 0.0365687
669 2.82743 0.014414
670 2.82743 -0.0792383
671 2.82743 0.11916
672 2.82743 0.143533
673 2.82743 0.026276
674 2.82743 -0.0424893
675 2.82743 0.0352012
676 2.82743 0.0108312
677 2.82743 -0.148403
678 2.82743 -0.119191
679 2.82743 0.000339966
680 2.82743 0.193575
681 2.82743 -0.0993239
682 2.82743 -0.192576
683 2.82743 0.109439
684 2.82743 0.140382
685 2.82743 -0.0907822
686 2.82743 -0.0352613
687 2.82743 -0.0919534
688 2.82743 0.240387
689 2.82743 -0.0445991
690 2.82743 0.0558779
691 2.82743 0.25296
692 2.82743 -0.0230319
693 2.82743 -0.285044
694 2.82743 0.0965966
695 2.82743 -0.0580933
696 2.82743 -0.0335077
697 2.82743 0.0605838
698 2.82743 -0.0102717
699 2.82743 0.264005
700 2.82743 -0.326623
701 2.82743 0.0359303
702 2.82743 0.0876046
703 2.82743 -0.154565
704 2.82743 0.208713
705 2.82743 -0.0281156
706 2.82743 0.324002
707 2.82743 0.100943
708 2.82743 0.0618848
709 2.82743 0.201296
710 2.82743 0.126161
711 2.82743 -0.286863
712 2.82743 -0.146524
713 2.82743 0.118328
714 2.82743 -0.177133
715 2.82743 0.071152
716 2.82743 0.0136359
717 2.82743 0.000491415
718 2.82743 0.00546588
719 2.82743 -0.116737
720 2.82743 0.101663
721 2.82743 0.00517433
722 2.82743 0.0200905
723 2.82743 0.133196
724 2.82743 0.168961
725 2.82743 0.152074
726 2.82743 0.0575773
727 2.82743 -0.0276902
728 2.82743 0.165861
729 2.82743 -0.136317
730 2.82743 0.0262509
731 2.82743 -0.136044
732 2.82743 -0.156642
733 2.82743 0.0454333
734 2.82743 0.00929817
735 2.82743 0.00753672
736 2.82743 0.079872
737 2.82743 0.000969437
738 2.82743 -0.0670243
739 2.82743 0.066425
740 2.82743 -0.0908412
741 2.82743 -0.0440726
742 2.82743 0.0936009
743 2.82743 -0.0533812
744 2.82743 -0.0423639
745 2.82743 -0.0599578
746 2.82743 0.0281887
747 2.82743 -0.327625
748 2.82743 -0.236654
749 2.82743 -0.0233051
750 2.82743 0.0225672
751 2.82743 0.0515561
752 2.82743 -0.153932
753 2.82743 0.169572
754 2.82743 0.0806278
755 2.82743 -0.158409
756 2.82743 0.0594085
757 2.82743 -0.0667049
758 2.82743 0.130975
759 2.82743 0.0260193
760 2.82743 -0.0293755
761 2.82743 -0.0338353
762 2.82743 -0.132242
763 2.82743 -0.0842026
764 2.82743 -0.0952817
765 2.82743 0.218218
766 2.82743 0.0733315
767 2.82743 0.0296024
768 2.82743 -0.132243
769 2.82743 0.0188032
770 2.82743 0.109886
771 2.82743 0.0338178
772 2.82743 0.0464131
773 2.82743 0.0248666
774 2.82743 -0.181432
775 2.82743 -0.00996521
776 2.82743 -0.0602346
777 2.82743 0.03332
778 2.82743 0.114518
779 2.82743 -0.171801
780 2.82743 0.0972579
781 2.82743 -0.0863598
782 2.82743 -0.0698974
783 2.82743 -0.298295
784 2.82743 0.173028
785 2.82743 -0.036824
786 2.82743 -0.0436766
787 2.82743 -0.0169426
788 2.82743 0.158249
789 2.82743 -0.103156
790 2.82743 0.0143303
791 2.82743 0.0826964
792 2.82743 0.036733
793 2.82743 -0.0261142
794 2.82743 -0.0217066
795 2.82743 0.0620087
796 2.82743 0.0228002
797 2.82743 0.0143244
798 2.82743 0.0682356
799 2.82743 0.116968
800 2.82743 0.0914356
801 2.82743 -0.0228966
802 2.82743 0.0422244
803 2.82743 0.093301
804 2.82743 -0.000764284
805 2.82743 0.0574106
806 2.82743 -0.192907
807 2.82743 -0.0646805
808 2.82743 -0.0186626
809 2.82743 -0.124557
810 2.82743 0.0193569
811 2.82743 -0.0130058
812 2.82743 0.0539514
813 2.82743 -0.0297457
814 2.82743 0.0781114
815 2.82743 -0.0148083
816 2.82743 -0.0567951
817 2.82743 -0.128196
818 2.82743 -0.152165
819 2.82743 -0.0579391
820 2.82743 0.0041962
821 2.82743 0.135973
822 2.82743 0.041174
823 2.82743 0.143437
824 2.82743 0.0644667
825 2.82743 -0.246021
826 2.82743 0.0801775
827 2.82743 -0.0424358
828 2.82743 -0.169636
829 2.82743 0.0432763
830 2.82743 -0.0189776
831 2.82743 0.000478515
832 2.82743 0.101492
833 2.82743 0.138831
834 2.82743 0.00182047
835 2.82743 0.100947
836 2.82743 -0.160978
837 2.82743 -0.0648768
838 2.82743 -0.208748
839 2.82743 -0.0769598
840 2.82743 -0.0691265
841 2.82743 -0.0756877
842 2.82743 0.193985
843 2.82743 0.0322825
844 2.82743 -0.0882314
845 2.82743 -0.0507517
846 2.82743 0.0536152
847 2.82743 -0.0580075
848 2.82743 -0.0897391
849 2.82743 0.040659
850 2.82743 -0.107404
851 2.82743 -0.0658138
852 2.82743 0.227717
853 2.82743 0.105953
854 2.82743 -0.111791
855 2.82743 0.092642
856 2.82743 0.0269691
857 2.82743 -0.0638308
858 2.82743 -0.0158617
859 2.82743 -0.00235028
860 2.82743 0.0160749
861 2.82743 0.0549542
862 2.82743 -0.190805
863 2.82743 -0.0316259
864 2.82743 -0.0565513
865 2.82743 -0.0384981
866 2.82743 -0.0478882
867 2.82743 0.0736474
868 2.82743 -0.0156898
869 2.82743 0.102061
870 2.82743 -0.21744
871 2.82743 0.039208
872 2.82743 -0.119637
873 2.82743 0.0449378
874 2.82743 -0.0958072
875 2.82743 0.061119
876 2.82743 -0.0247591
877 2.82743 -0.00255137
878 2.82743 0.0544735
879 2.82743 0.0658092
880 2.82743 -0.0398522
881 2.82743 -0.24014
882 2.82743 -0.151554
883 2.82743 -0.0118282
884 2.82743 -5.00159e-05
885 2.82743 -0.0217399
886 2.82743 -0.265056
887 2.82743 0.0543099
888 2.82743 0.150042
889 2.82743 0.00310627
890 2.82743 -0.0160852
891 2.82743 -0.241757
892 2.82743 -0.0395183
893 2.82743 -0.0498268
894 2.82743 -0.204583
895 2.82743 0.0730784
896 2.82743 -0.252073
897 2.82743 -0.0486574
898 2.82743 -0.0231194
899 2.82743 -0.0715408
900 2.82743 -0.033943
901 2.82743 -0.0216168
902 2.82743 -0.0127228
903 2.82743 0.0366971
904 2.82743 -0.106206
905 2.82743 0.0172982
906 2.82743 0.0281287
907 2.82743 -0.00343151
908 2.82743 -0.035593
909 2.82743 0.090791
910 2.82743 0.21544
911 2.82743 0.0345951
912 2.82743 0.154558
913 2.82743 0.000823367
914 2.82743 -0.186883
915 2.82743 0.0352986
916 2.82743 0.0271367
917 2.82743 0.19703
918 2.82743 0.00853809
919 2.82743 -0.124883
920 2.82743 0.038635
921 2.82743 -0.0432453
922 2.82743 0.0972445
923 2.82743 -0.0611244
924 2.82743 0.0425401
925 2.82743 0.125535
926 2.82743 -0.159155
927 2.82743 0.0588243
928 2.82743 -0.0617789
929 2.82743 0.244486
930 2.82743 0.040165
931 2.82743 -0.299117
932 2.82743 0.0888328
933 2.82743 -0.00273594
934 2.82743 0.207997
935 2.82743 -0.293558
936 2.82743 0.0294585
937 2.82743 -0.0724948
938 2.82743 -0.113468
939 2.82743 0.0722921
940 2.82743 -0.00163859
941 2.82743 -0.268476
942 2.82743 0.107143
943 2.82743 0.0489446
944 2.82743 -0.112948
945 2.82743 0.0604033
946 2.82743 0.236628
947 2.82743 0.0742914
948 2.82743 0.0444581
949 2.82743 -0.0453579
950 2.82743 -0.00187117
951 2.82743 -0.159498
952 2.82743 -0.0488289
953 2.82743 0.0141904
954 2.82743 -0.0207852
955 2.82743 0.181859
956 2.82743 0.118658
957 2.82743 -0.00842451
958 2.82743 0.136437
959 2.82743 0.065858
960 2.82743 0.288347
961 2.82743 0.163957
962 2.82743 0.105444
963 2.82743 0.0792884
964 2.82743 0.0799577
965 2.82743 0.124025
966 2.82743 0.175246
967 2.82743 -0.0261549
968 2.82743 0.0635494
969 2.82743 0.00446898
970 2.82743 -0.107843
971 2.82743 0.161775
972 2.82743 0.00655509
973 2.82743 -0.114391
974 2.82743 -0.0612385
975 2.82743 -0.032213
976 2.82743 -0.0651019
977 2.82743 -0.00798663
978 2.82743 -0.124186
979 2.82743 0.0191831
980 2.82743 0.0862555
981 2.82743 -0.188323
982 2.82743 0.174112
983 2.82743 0.356606
984 2.82743 -0.172528
985 2.82743 0.189491
986 2.82743 0.0649121
987 2.82743 -0.101226
988 2.82743 -0.0942306
989 2.82743 -0.00459238
990 2.82743 -0.133384
991 2.82743 -0.245492
992 2.82743 0.0217986
993 2.82743 -0.0719388
994 2.82743 0.0976994
995 2.82743 0.0319712
996 2.82743 -0.183825
997 2.82743 0.125325
998 2.82743 0.0427999
999 2.82743 0.11527
1000 2.82743 0.00735129
1 3.14159 -0.141076
2 3.14159 -0.0446319
3 3.14159 -0.125358
4 3.14159 0.214885
5 3.14159 -0.0605576
6 3.14159 -0.0663756
7 3.14159 0.099092
8 3.14159 -0.078917
9 3.14159 0.268355
10 3.14159 0.135499
11 3.14159 0.0123862
12 3.14159 0.0545335
13 3.14159 0.0690054
14 3.14159 -0.0442008
15 3.14159 -0.152743
16 3.14159 0.179144
17 3.14159 -0.328306
18 3.14159 -0.134301
19 3.14159 0.0998999
20 3.14159 -0.0460757
21 3.14159 -0.0672656
22 3.14159 0.162827
23 3.14159 -0.0390533
24 3.14159 0.0566786
25 3.14159 -0.0176253
26 3.14159 0.0387411
27 3.14159 0.0854482
28 3.14159 -0.00376066
29 3.14159 -0.153521
30 3.14159 0.135393
31 3.14159 -0.0407648
32 3.14159 -0.074563
33 3.14159 -0.0246846
34 3.14159 -0.160622
35 3.14159 -0.125969
36 3.14159 -0.163982
37 3.14159 -0.0711651
38 3.14159 -0.0654467
39 3.14159 -0.168721
40 3.14159 -0.255733
41 3.14159 -0.093272
42 3.14159 -0.16533
43 3.14159 -0.00339047
44 3.14159 -0.170564
45 3.14159 -0.20238
46 3.14159 0.068498
47 3.14159 0.0114771
48 3.14159 0.0527886
49 3.14159 0.124779
50 3.14159 -0.0614137
51 3.14159 0.0387677
52 3.14159 -0.104803
53 3.14159 -0.109045
54 3.14159 -0.252973
55 3.14159 -0.0886566
56 3.14159 0.1269
57 3.14159 -0.0455392
58 3.14159 -0.129564
59 3.14159 0.180725
60 3.14159 -0.0506071
61 3.14159 -0.0622289
62 3.14159 0.109985
63 3.14159 0.0413549
64 3.14159 -0.0924523
65 3.14159 0.271599
66 3.14159 -0.202422
67 3.14159 0.0218343
68 3.14159 -0.133506
69 3.14159 0.286685
70 3.14159 0.0281028
71 3.14159 -0.272142
72 3.14159 0.0777131
73 3.14159 -0.1189
74 3.14159 0.17184
75 3.14159 -0.126368
76 3.14159 -0.0880614
77 3.14159 0.000993273
78 3.14159 -0.146501
79 3.14159 0.0239036
80 3.14159 -0.0519696
81 3.14159 0.119773
82 3.14159 -0.0172279
83 3.14159 -0.183222
84 3.14159 -0.0463992
85 3.14159 -0.0549827
86 3.14159 0.158889
87 3.14159 0.00621283
88 3.14159 -0.0833263
89 3.14159 -0.0115647
90 3.14159 -0.172946
91 3.14159 -0.0859331
92 3.14159 0.011939
93 3.14159 0.0662899
94 3.14159 -0.032694
95 3.14159 -0.00990015
96 3.14159 0.0882968
97 3.14159 -0.00950753
98 3.14159 0.00270797
99 3.14159 0.00193895
100 3.14159 -0.0135206
101 3.14159 0.0671
102 3.14159 0.0140777
103 3.14159 0.0426029
104 3.14159 0.246668
105 3.14159 -0.0837415
106 3.14159 0.224412
107 3.14159 0.00727066
108 3.14159 0.0843765
109 3.14159 0.292294
110 3.14159 0.00945559
111 3.14159 0.0357815
112 3.14159 -0.207953
113 3.14159 -0.0621227
114 3.14159 0.259515
115 3.14159 0.0617096
116 3.14159 -0.0543008
117 3.14159 0.0489074
118 3.14159 0.166252
119 3.14159 0.2834
120 3.14159 0.0377231
121 3.14159 -0.115053
122 3.14159 -0.040566
123 3.14159 0.0100397
124 3.14159 0.0176181
125 3.14159 -0.0242078
126 3.14159 0.0792623
127 3.14159 -0.0186178
128 3.14159 0.161579
129 3.14159 -0.113949
130 3.14159 0.171167
131 3.14159 -0.121038
132 3.14159 0.0647736
133 3.14159 -0.0556603
134 3.14159 0.0812095
135 3.14159 -0.00284933
136 3.14159 0.0477971
137 3.14159 0.0202649
138 3.14159 0.175624
139 3.14159 -0.114165
140 3.14159 -0.051534
141 3.14159 0.0328982
142 3.14159 0.0706305
143 3.14159 0.108314
144 3.14159 0.0241083
145 3.14159 -0.0907857
146 3.14159 0.119118
147 3.14159 -0.0648955
148 3.14159 -0.202222
149 3.14159 0.0622376
150 3.14159 0.087932
151 3.14159 -0.0410139
152 3.14159 0.034418
153 3.14159 -0.0076374
154 3.14159 -0.0519342
155 3.14159 0.0724373
156 3.14159 0.111338
157 3.14159 0.0015947
158 3.14159 -0.187384
159 3.14159 0.0397798
160 3.14159 0.0226397
161 3.14159 0.0312603
162 3.14159 0.244043
163 3.14159 0.061802
164 3.14159 0.121277
165 3.14159 -0.127572
166 3.14159 -0.0508275
167 3.14159 -0.162894
168 3.14159 -0.151273
169 3.14159 -0.0359705
170 3.14159 0.0156034
171 3.14159 -0.0322819
172 3.14159 0.214268
173 3.14159 0.0393591
174 3.14159 -0.0916947
175 3.14159 0.232235
176 3.14159 -0.0808899
177 3.14159 -0.108522
178 3.14159 0.0182777
179 3.14159 -0.129515
180 3.14159 0.00844655
181 3.14159 0.0928001
182 3.14159 0.149301
183 3.14159 0.167773
184 3.14159 -0.010531
185 3.14159 -0.0290785
186 3.14159 -0.127006
187 3.14159 -0.01864
188 3.14159 -0.0313055
189 3.14159 0.0487753
190 3.14159 -0.022204
191 3.14159 0.136101
192 3.14159 -0.00618534
193 3.14159 0.0681671
194 3.14159 0.23026
195 3.14159 -0.0271045
196 3.14159 0.0697053
197 3.14159 -0.0766628
198 3.14159 -0.057492
199 3.14159 0.0618848
200 3.14159 -0.157704
201 3.14159 -0.15277
202 3.14159 -0.0316348
203 3.14159 -0.0534818
204 3.14159 -0.016269
205 3.14159 -0.056445
206 3.14159 0.00960116
207 3.14159 0.0330625
208 3.14159 -0.0145627
209 3.14159 -0.110388
210 3.14159 0.0012703
211 3.14159 0.145975
212 3.14159 -0.163161
213 3.14159 0.0640784
214 3.14159 0.0192047
215 3.14159 -0.00198233
216 3.14159 -0.240108
217 3.14159 0.258775
218 3.14159 0.0114688
219 3.14159 0.00787988
220 3.14159 -0.102009
221 3.14159 0.166644
222 3.14159 -0.0929103
223 3.14159 0.00377443
224 3.14159 0.0699027
225 3.14159 0.0143695
226 3.14159 0.190992
227 3.14159 -0.0439572
228 3.14159 -0.0131529
229 3.14159 -0.0270498
230 3.14159 -0.0996231
231 3.14159 0.0478483
232 3.14159 0.185219
233 3.14159 -0.0652341
234 3.14159 -0.0602748
235 3.14159 -0.132127
236 3.14159 0.0546819
237 3.14159 0.0783672
238 3.14159 0.118833
239 3.14159 0.110805
240 3.14159 0.0379133
241 3.14159 0.000912408
242 3.14159 -0.0614555
243 3.14159 0.116288
244 3.14159 -0.0593975
245 3.14159 0.117608
246 3.14159 -0.112084
247 3.14159 -0.15569
248 3.14159 0.114045
249 3.14159 -0.0648826
250 3.14159 -0.039091
251 3.14159 0.0218778
252 3.14159 0.231727
253 3.14159 0.299447
254 3.14159 -0.0709152
255 3.14159 0.068666
256 3.14159 0.0113483
257 3.14159 0.0256504
258 3.14159 -0.106255
259 3.14159 0.0778193
260 3.14159 0.10119
261 3.14159 -0.0188145
262 3.14159 0.0411154
263 3.14159 0.0189186
264 3.14159 -0.0677058
265 3.14159 -0.00352152
266 3.14159 -0.00522075
267 3.14159 -0.0391573
268 3.14159 0.14543
269 3.14159 0.111032
270 3.14159 -0.0090253
271 3.14159 0.168797
272 3.14159 -0.184416
273 3.14159 0.0790064
274 3.14159 -0.0841804
275 3.14159 -0.117581
276 3.14159 -0.172017
277 3.14159 -0.137215
278 3.14159 -0.00678783
279 3.14159 -0.0370571
280 3.14159 -0.0659235
281 3.14159 0.10124
282 3.14159 -0.0159505
283 3.14159 0.00948264
284 3.14159 -0.0457143
285 3.14159 -0.103461
286 3.14159 0.167357
287 3.14159 -0.028658
288 3.14159 0.19494
289 3.14159 0.217198
290 3.14159 -0.107633
291 3.14159 -0.177461
292 3.14159 -0.0194223
293 3.14159 -0.0566244
294 3.14159 -0.282716
295 3.14159 0.010212
296 3.14159 -0.200203
297 3.14159 0.152273
298 3.14159 -0.0929867
299 3.14159 -0.017744
300 3.14159 0.30538
301 3.14159 -0.324175
302 3.14159 0.000645377
303 3.14159 -0.085452
304 3.14159 0.0330637
305 3.14159 0.0372351
306 3.14159 -0.127316
307 3.14159 0.25707
308 3.14159 -0.0567969
309 3.14159 -0.284471
310 3.14159 -0.0843258
311 3.14159 0.071166
312 3.14159 -0.267615
313 3.14159 0.00847068
314 3.14159 0.0689833
315 3.14159 0.0938167
316 3.14159 -0.114558
317 3.14159 -0.104954
318 3.14159 0.171172
319 3.14159 0.123242
320 3.14159 -0.173772
321 3.14159 -0.00564543
322 3.14159 0.0898266
323 3.14159 0.113931
324 3.14159 -0.0418963
325 3.14159 -0.0340524
326 3.14159 0.00985835
327 3.14159 0.0258537
328 3.14159 -0.139905
329 3.14159 -0.133598
330 3.14159 0.0746466
331 3.14159 0.0471742
332 3.14159 -0.0624008
333 3.14159 0.0375791
334 3.14159 -0.0311081
335 3.14159 -0.0764861
336 3.14159 -0.149958
337 3.14159 -0.0963845
338 3.14159 -0.0306517
339 3.14159 0.158667
340 3.14159 -0.0521435
341 3.14159 -0.104176
342 3.14159 0.00223405
343 3.14159 0.0318142
344 3.14159 0.139741
345 3.14159 -0.0612854
346 3.14159 -0.0518597
347 3.14159 -0.00424787
348 3.14159 -0.139359
349 3.14159 -0.0150627
350 3.14159 -0.0972497
351 3.14159 -0.245903
352 3.14159 0.0533412
353 3.14159 0.0440966
354 3.14159 -0.184096
355 3.14159 0.171907
356 3.14159 0.073246
357 3.14159 0.00246287
358 3.14159 0.198546
359 3.14159 -0.310553
360 3.14159 0.102604
361 3.14159 -0.0579365
362 3.14159 -0.140351
363 3.14159 0.0534466
364 3.14159 0.00426709
365 3.14159 -0.0402557
366 3.14159 0.177099
367 3.14159 0.0662141
368 3.14159 0.0140104
369 3.14159 0.897747
370 3.14159 -0.300505
371 3.14159 -0.0594083
372 3.14159 0.0598945
373 3.14159 -0.0204973
374 3.14159 -0.0426557
375 3.14159 -0.00290494
376 3.14159 -0.21076
377 3.14159 0.00539313
378 3.14159 -0.0837326
379 3.14159 -0.133585
380 3.14159 -0.157815
381 3.14159 0.0883378
382 3.14159 -0.0378107
383 3.14159 0.00182366
384 3.14159 0.00861248
385 3.14159 0.0974493
386 3.14159 0.0690383
387 3.14159 -0.00503256
388 3.14159 0.00836569
389 3.14159 -0.111784
390 3.14159 -0.0703472
391 3.14159 0.0566063
392 3.14159 -0.0082889
393 3.14159 -0.0337769
394 3.14159 -0.00975629
395 3.14159 -0.103878
396 3.14159 -0.068556
397 3.14159 -0.159232
398 3.14159 0.198043
399 3.14159 -0.0132506
400 3.14159 -0.020842
401 3.14159 0.0630782
402 3.14159 -0.0684815
403 3.14159 0.209884
404 3.14159 -0.0189534
405 3.14159 -0.027819
406 3.14159 0.0800402
407 3.14159 -0.001536
408 3.14159 0.172002
409 3.14159 0.235489
410 3.14159 0.0786727
411 3.14159 0.0743884
412 3.14159 -0.0477868
413 3.14159 -0.0956512
414 3.14159 -0.0696232
415 3.14159 -0.0442751
416 3.14159 -0.295855
417 3.14159 0.0617099
418 3.14159 -0.174183
419 3.14159 -0.0667096
420 3.14159 -0.11286
421 3.14159 -0.235896
422 3.14159 -0.153337
423 3.14159 -0.135653
424 3.14159 -0.023867
425 3.14159 0.0147981
426 3.14159 0.0546145
427 3.14159 0.0186346
428 3.14159 -0.146111
429 3.14159 -0.0185548
430 3.14159 0.0760702
431 3.14159 0.121924
432 3.14159 0.0923782
433 3.14159 0.189702
434 3.14159 0.108885
435 3.14159 -0.145477
436 3.14159 0.229053
437 3.14159 -0.0858709
438 3.14159 -0.114985
439 3.14159 0.0981004
440 3.14159 0.0466636
441 3.14159 -0.200465
442 3.14159 0.349512
443 3.14159 -0.0570114
444 3.14159 -0.0185542
445 3.14159 0.266624
446 3.14159 -0.12072
447 3.14159 -0.11928
448 3.14159 0.0871331
449 3.14159 0.227767
450 3.14159 0.0896811
451 3.14159 -0.226778
452 3.14159 0.179206
453 3.14159 -0.155937
454 3.14159 0.0727167
455 3.14159 0.0087001
456 3.14159 -0.0890726
457 3.14159 -0.113017
458 3.14159 -0.0307238
459 3.14159 -0.0339477
460 3.14159 0.21295
461 3.14159 0.0894024
462 3.14159 0.0783017
463 3.14159 0.100873
464 3.14159 -0.0116301
465 3.14159 0.0253769
466 3.14159 -0.108796
467 3.14159 0.120666
468 3.14159 -0.113748
469 3.14159 0.0990545
470 3.14159 0.180041
471 3.14159 0.22328
472 3.14159 -0.0486759
473 3.14159 0.0312261
474 3.14159 0.0844021
475 3.14159 -0.0209526
476 3.14159 0.135041
477 3.14159 -0.155219
478 3.14159 0.0638551
479 3.14159 -0.0466675
480 3.14159 -0.0942204
481 3.14159 -0.0532149
482 3.14159 -0.024966
483 3.14159 -0.0692378
484 3.14159 0.0092694
485 3.14159 -0.103295
486 3.14159 -0.00917896
487 3.14159 -0.100734
488 3.14159 0.114785
489 3.14159 0.100838
490 3.14159 0.189484
491 3.14159 0.0364698
492 3.14159 0.0690622
493 3.14159 -0.164622
494 3.14159 -0.0442301
495 3.14159 0.0840214
496 3.14159 0.117042
497 3.14159 -0.0621204
498 3.14159 0.162398
499 3.14159 0.0597136
500 3.14159 -2.11825e-06
501 3.14159 -0.0597182
502 3.14159 -0.162405
503 3.14159 0.0621223
504 3.14159 -0.117028
505 3.14159 -0.0840134
506 3.14159 0.0442284
507 3.14159 0.164606
508 3.14159 -0.0690562
509 3.14159 -0.0364747
510 3.14159 -0.189492
511 3.14159 -0.100832
512 3.14159 -0.114794
513 3.14159 0.100743
514 3.14159 0.00917741
515 3.14159 0.103306
516 3.14159 -0.00924722
517 3.14159 0.0692395
518 3.14159 0.0249636
519 3.14159 0.0532178
520 3.14159 0.0942265
521 3.14159 0.0466711
522 3.14159 -0.0638459
523 3.14159 0.155219
524 3.14159 -0.135034
525 3.14159 0.0209372
526 3.14159 -0.0844092
527 3.14159 -0.0312291
528 3.14159 0.048678
529 3.14159 -0.223281
530 3.14159 -0.180055
531 3.14159 -0.0990355
532 3.14159 0.113753
533 3.14159 -0.120669
534 3.14159 0.108804
535 3.14159 -0.0253837
536 3.14159 0.0116295
537 3.14159 -0.100874
538 3.14159 -0.0783069
539 3.14159 -0.0893942
540 3.14159 -0.212946
541 3.14159 0.0339449
542 3.14159 0.0307203
543 3.14159 0.113018
544 3.14159 0.0890684
545 3.14159 -0.00869687
546 3.14159 -0.0727245
547 3.14159 0.155937
548 3.14159 -0.179205
549 3.14159 0.226777
550 3.14159 -0.0897083
551 3.14159 -0.227759
552 3.14159 -0.0871443
553 3.14159 0.119292
554 3.14159 0.120713
555 3.14159 -0.266623
556 3.14159 0.0185395
557 3.14159 0.057004
558 3.14159 -0.349509
559 3.14159 0.200464
560 3.14159 -0.046665
561 3.14159 -0.0981122
562 3.14159 0.114987
563 3.14159 0.0858687
564 3.14159 -0.229064
565 3.14159 0.145472
566 3.14159 -0.108885
567 3.14159 -0.189699
568 3.14159 -0.0923765
569 3.14159 -0.121922
570 3.14159 -0.0760769
571 3.14159 0.0185742
572 3.14159 0.146123
573 3.14159 -0.0186306
574 3.14159 -0.0546139
575 3.14159 -0.0148022
576 3.14159 0.0238725
577 3.14159 0.135642
578 3.14159 0.153349
579 3.14159 0.235899
580 3.14159 0.112856
581 3.14159 0.0667041
582 3.14159 0.174193
583 3.14159 -0.061721
584 3.14159 0.295845
585 3.14159 0.0442973
586 3.14159 0.0696256
587 3.14159 0.0956451
588 3.14159 0.0477911
589 3.14159 -0.074395
590 3.14159 -0.0786744
591 3.14159 -0.235491
592 3.14159 -0.172021
593 3.14159 0.00155136
594 3.14159 -0.080049
595 3.14159 0.0278038
596 3.14159 0.0189386
597 3.14159 -0.209897
598 3.14159 0.0684805
599 3.14159 -0.0630823
600 3.14159 0.020846
601 3.14159 0.0132654
602 3.14159 -0.198039
603 3.14159 0.159244
604 3.14159 0.068544
605 3.14159 0.103871
606 3.14159 0.00975936
607 3.14159 0.0337691
608 3.14159 0.00827922
609 3.14159 -0.0565939
610 3.14159 0.0703372
611 3.14159 0.111781
612 3.14159 -0.00835174
613 3.14159 0.00500468
614 3.14159 -0.0690354
615 3.14159 -0.0974547
616 3.14159 -0.00861308
617 3.14159 -0.00181918
618 3.14159 0.0377963
619 3.14159 -0.0883275
620 3.14159 0.157825
621 3.14159 0.133589
622 3.14159 0.0837416
623 3.14159 -0.00540515
624 3.14159 0.21078
625 3.14159 0.00292334
626 3.14159 0.0426602
627 3.14159 0.020499
628 3.14159 -0.0598937
629 3.14159 0.0594
630 3.14159 0.300497
631 3.14159 -0.897746
632 3.14159 -0.0140055
633 3.14159 -0.0662132
634 3.14159 -0.17711
635 3.14159 0.0402585
636 3.14159 -0.00426608
637 3.14159 -0.0534558
638 3.14159 0.140341
639 3.14159 0.0579296
640 3.14159 -0.102617
641 3.14159 0.310558
642 3.14159 -0.198538
643 3.14159 -0.00246388
644 3.14159 -0.0732616
645 3.14159 -0.171912
646 3.14159 0.184101
647 3.14159 -0.0440911
648 3.14159 -0.0533478
649 3.14159 0.245901
650 3.14159 0.0972531
651 3.14159 0.0150544
652 3.14159 0.139361
653 3.14159 0.00424897
654 3.14159 0.0518594
655 3.14159 0.0612861
656 3.14159 -0.139732
657 3.14159 -0.0318201
658 3.14159 -0.00222004
659 3.14159 0.104177
660 3.14159 0.0521472
661 3.14159 -0.158662
662 3.14159 0.0306556
663 3.14159 0.0963764
664 3.14159 0.14997
665 3.14159 0.0764938
666 3.14159 0.0311219
667 3.14159 -0.0375869
668 3.14159 0.0624047
669 3.14159 -0.0471742
670 3.14159 -0.0746347
671 3.14159 0.133591
672 3.14159 0.139899
673 3.14159 -0.0258581
674 3.14159 -0.00986174
675 3.14159 0.0340598
676 3.14159 0.0418868
677 3.14159 -0.113928
678 3.14159 -0.0898148
679 3.14159 0.00565207
680 3.14159 0.173774
681 3.14159 -0.123228
682 3.14159 -0.171181
683 3.14159 0.104956
684 3.14159 0.114545
685 3.14159 -0.0938167
686 3.14159 -0.0689692
687 3.14159 -0.00846128
688 3.14159 0.267607
689 3.14159 -0.0711653
690 3.14159 0.0843317
691 3.14159 0.284471
692 3.14159 0.0567986
693 3.14159 -0.257069
694 3.14159 0.127303
695 3.14159 -0.0372354
696 3.14159 -0.0330665
697 3.14159 0.08544
698 3.14159 -0.000639058
699 3.14159 0.324153
700 3.14159 -0.305387
701 3.14159 0.0177392
702 3.14159 0.0929822
703 3.14159 -0.152269
704 3.14159 0.2002
705 3.14159 -0.0102075
706 3.14159 0.282714
707 3.14159 0.0566275
708 3.14159 0.0194142
709 3.14159 0.177457
710 3.14159 0.107629
711 3.14159 -0.217192
712 3.14159 -0.194932
713 3.14159 0.028653
714 3.14159 -0.167352
715 3.14159 0.10347
716 3.14159 0.0457079
717 3.14159 -0.00947944
718 3.14159 0.0159464
719 3.14159 -0.101227
720 3.14159 0.0659042
721 3.14159 0.0370398
722 3.14159 0.00679609
723 3.14159 0.137217
724 3.14159 0.172008
725 3.14159 0.117589
726 3.14159 0.0841779
727 3.14159 -0.0790078
728 3.14159 0.18441
729 3.14159 -0.168788
730 3.14159 0.00901495
731 3.14159 -0.111039
732 3.14159 -0.145438
733 3.14159 0.0391547
734 3.14159 0.00522148
735 3.14159 0.00352194
736 3.14159 0.0677063
737 3.14159 -0.0189232
738 3.14159 -0.0411232
739 3.14159 0.0188135
740 3.14159 -0.101201
741 3.14159 -0.0778138
742 3.14159 0.106242
743 3.14159 -0.0256392
744 3.14159 -0.0113594
745 3.14159 -0.068673
746 3.14159 0.0709104
747 3.14159 -0.299462
748 3.14159 -0.231719
749 3.14159 -0.0218806
750 3.14159 0.0390851
751 3.14159 0.0648812
752 3.14159 -0.114038
753 3.14159 0.155684
754 3.14159 0.112093
755 3.14159 -0.117618
756 3.14159 0.0593958
757 3.14159 -0.116278
758 3.14159 0.0614618
759 3.14159 -0.000907619
760 3.14159 -0.0379064
761 3.14159 -0.110813
762 3.14159 -0.118821
763 3.14159 -0.0783612
764 3.14159 -0.0546885
765 3.14159 0.132148
766 3.14159 0.0602886
767 3.14159 0.0652119
768 3.14159 -0.185193
769 3.14159 -0.0478632
770 3.14159 0.0996116
771 3.14159 0.0270449
772 3.14159 0.0131625
773 3.14159 0.0439584
774 3.14159 -0.190991
775 3.14159 -0.0143569
776 3.14159 -0.0699074
777 3.14159 -0.00375935
778 3.14159 0.0928992
779 3.14159 -0.166644
780 3.14159 0.102012
781 3.14159 -0.00787789
782 3.14159 -0.0114696
783 3.14159 -0.258783
784 3.14159 0.240105
785 3.14159 0.00198262
786 3.14159 -0.0192013
787 3.14159 -0.0640859
788 3.14159 0.163145
789 3.14159 -0.145976
790 3.14159 -0.00127466
791 3.14159 0.110376
792 3.14159 0.0145773
793 3.14159 -0.0330543
794 3.14159 -0.00960755
795 3.14159 0.0564404
796 3.14159 0.0162703
797 3.14159 0.0534937
798 3.14159 0.0316418
799 3.14159 0.152773
800 3.14159 0.157701
801 3.14159 -0.0618622
802 3.14159 0.0574728
803 3.14159 0.076676
804 3.14159 -0.0696985
805 3.14159 0.0271153
806 3.14159 -0.230269
807 3.14159 -0.068182
808 3.14159 0.00618162
809 3.14159 -0.136105
810 3.14159 0.022207
811 3.14159 -0.0487632
812 3.14159 0.0313222
813 3.14159 0.0186499
814 3.14159 0.127001
815 3.14159 0.029076
816 3.14159 0.0105357
817 3.14159 -0.167772
818 3.14159 -0.149303
819 3.14159 -0.0927951
820 3.14159 -0.00842984
821 3.14159 0.129528
822 3.14159 -0.0182739
823 3.14159 0.108533
824 3.14159 0.0808984
825 3.14159 -0.232246
826 3.14159 0.0917003
827 3.14159 -0.0393631
828 3.14159 -0.214266
829 3.14159 0.0322977
830 3.14159 -0.0156063
831 3.14159 0.0359582
832 3.14159 0.151259
833 3.14159 0.162877
834 3.14159 0.0508401
835 3.14159 0.127566
836 3.14159 -0.12128
837 3.14159 -0.0617942
838 3.14159 -0.244034
839 3.14159 -0.0312454
840 3.14159 -0.022647
841 3.14159 -0.0397836
842 3.14159 0.187383
843 3.14159 -0.0016082
844 3.14159 -0.111337
845 3.14159 -0.0724265
846 3.14159 0.0519462
847 3.14159 0.00759683
848 3.14159 -0.0344233
849 3.14159 0.0410209
850 3.14159 -0.0879228
851 3.14159 -0.0622326
852 3.14159 0.202226
853 3.14159 0.0648959
854 3.14159 -0.119119
855 3.14159 0.0907999
856 3.14159 -0.0241037
857 3.14159 -0.108305
858 3.14159 -0.0706453
859 3.14159 -0.0328983
860 3.14159 0.0515288
861 3.14159 0.114155
862 3.14159 -0.1756
863 3.14159 -0.0202636
864 3.14159 -0.0477952
865 3.14159 0.00286745
866 3.14159 -0.0812086
867 3.14159 0.0556737
868 3.14159 -0.0647663
869 3.14159 0.121029
870 3.14159 -0.171164
871 3.14159 0.113952
872 3.14159 -0.161569
873 3.14159 0.0186113
874 3.14159 -0.0792598
875 3.14159 0.0242121
876 3.14159 -0.0176165
877 3.14159 -0.0100511
878 3.14159 0.04056
879 3.14159 0.115051
880 3.14159 -0.0377311
881 3.14159 -0.283399
882 3.14159 -0.166255
883 3.14159 -0.0489165
884 3.14159 0.0543055
885 3.14159 -0.061715
886 3.14159 -0.259515
887 3.14159 0.0621297
888 3.14159 0.207948
889 3.14159 -0.035762
890 3.14159 -0.00945495
891 3.14159 -0.292289
892 3.14159 -0.0843665
893 3.14159 -0.00728378
894 3.14159 -0.224421
895 3.14159 0.0837194
896 3.14159 -0.246653
897 3.14159 -0.0426097
898 3.14159 -0.0140876
899 3.14159 -0.0670952
900 3.14159 0.0135286
901 3.14159 -0.00193358
902 3.14159 -0.0027088
903 3.14159 0.00949831
904 3.14159 -0.0882873
905 3.14159 0.0098991
906 3.14159 0.0326992
907 3.14159 -0.0662679
908 3.14159 -0.0119375
909 3.14159 0.0859193
910 3.14159 0.172952
911 3.14159 0.0115696
912 3.14159 0.0833067
913 3.14159 -0.00619932
914 3.14159 -0.1589
915 3.14159 0.0550125
916 3.14159 0.0463903
917 3.14159 0.18321
918 3.14159 0.0172295
919 3.14159 -0.119794
920 3.14159 0.0519776
921 3.14159 -0.023913
922 3.14159 0.146492
923 3.14159 -0.000988645
924 3.14159 0.0880762
925 3.14159 0.126383
926 3.14159 -0.171827
927 3.14159 0.118889
928 3.14159 -0.077728
929 3.14159 0.272139
930 3.14159 -0.0281011
931 3.14159 -0.286688
932 3.14159 0.133511
933 3.14159 -0.021846
934 3.14159 0.202415
935 3.14159 -0.271615
936 3.14159 0.0924646
937 3.14159 -0.0413304
938 3.14159 -0.109989
939 3.14159 0.0622311
940 3.14159 0.0506049
941 3.14159 -0.180716
942 3.14159 0.129571
943 3.14159 0.0455317
944 3.14159 -0.126886
945 3.14159 0.0886393
946 3.14159 0.252973
947 3.14159 0.109042
948 3.14159 0.104801
949 3.14159 -0.0387625
950 3.14159 0.0614113
951 3.14159 -0.124765
952 3.14159 -0.0527783
953 3.14159 -0.0114665
954 3.14159 -0.0684943
955 3.14159 0.202389
956 3.14159 0.170554
957 3.14159 0.00339241
958 3.14159 0.165345
959 3.14159 0.0932658
960 3.14159 0.255746
961 3.14159 0.168721
962 3.14159 0.0654494
963 3.14159 0.0711578
964 3.14159 0.163964
965 3.14159 0.125965
966 3.14159 0.160624
967 3.14159 0.0246795
968 3.14159 0.0745471
969 3.14159 0.0407727
970 3.14159 -0.135386
971 3.14159 0.153518
972 3.14159 0.00375135
973 3.14159 -0.0854592
974 3.14159 -0.0387414
975 3.14159 0.01762
976 3.14159 -0.0566802
977 3.14159 0.0390621
978 3.14159 -0.162833
979 3.14159 0.0672597
980 3.14159 0.0460665
981 3.14159 -0.099913
982 3.14159 0.134312
983 3.14159 0.328298
984 3.14159 -0.179157
985 3.14159 0.152752
986 3.14159 0.0442137
987 3.14159 -0.0690106
988 3.14159 -0.0545318
989 3.14159 -0.0123728
990 3.14159 -0.135509
991 3.14159 -0.268356
992 3.14159 0.0789114
993 3.14159 -0.0990962
994 3.14159 0.0663905
995 3.14159 0.0605548
996 3.14159 -0.214868
997 3.14159 0.125363
998 3.14159 0.0446241
999 3.14159 0.141067
1000 3.14159 1.49297e-05
1 3.45575 -0.115275
2 3.45575 -0.0428084
3 3.45575 -0.125326
4 3.45575 0.183844
5 3.45575 -0.0319724
6 3.45575 -0.097688
7 3.45575 0.0719398
8 3.45575 -0.0218027
9 3.45575 0.245494
10 3.45575 0.133372
11 3.45575 0.00460839
12 3.45575 0.0942297
13 3.45575 0.101223
14 3.45575 -0.0649026
15 3.45575 -0.189475
16 3.45575 0.172519
17 3.45575 -0.356616
18 3.45575 -0.174097
19 3.45575 0.188312
20 3.45575 -0.0862667
21 3.45575 -0.0191879
22 3.45575 0.124178
23 3.45575 0.00799552
24 3.45575 0.0651023
25 3.45575 0.0322065
26 3.45575 0.0612446
27 3.45575 0.114379
28 3.45575 -0.00656799
29 3.45575 -0.161779
30 3.45575 0.107848
31 3.45575 -0.0044581
32 3.45575 -0.0635631
33 3.45575 0.0261485
34 3.45575 -0.175244
35 3.45575 -0.124028
36 3.45575 -0.0799764
37 3.45575 -0.0793011
38 3.45575 -0.105445
39 3.45575 -0.163959
40 3.45575 -0.288334
41 3.45575 -0.0658671
42 3.45575 -0.136423
43 3.45575 0.00842626
44 3.45575 -0.11867
45 3.45575 -0.181851
46 3.45575 0.0207819
47 3.45575 -0.0141789
48 3.45575 0.0488375
49 3.45575 0.159516
50 3.45575 0.0018691
51 3.45575 0.0453636
52 3.45575 -0.0444557
53 3.45575 -0.0742956
54 3.45575 -0.236628
55 3.45575 -0.0604204
56 3.45575 0.11296
57 3.45575 -0.0489497
58 3.45575 -0.107141
59 3.45575 0.268485
60 3.45575 0.00163626
61 3.45575 -0.0722857
62 3.45575 0.113458
63 3.45575 0.0725178
64 3.45575 -0.0294387
65 3.45575 0.293545
66 3.45575 -0.208004
67 3.45575 0.0027258
68 3.45575 -0.0888307
69 3.45575 0.299118
70 3.45575 -0.0401645
71 3.45575 -0.244489
72 3.45575 0.0617669
73 3.45575 -0.0588428
74 3.45575 0.159162
75 3.45575 -0.12552
76 3.45575 -0.0425261
77 3.45575 0.0611327
78 3.45575 -0.0972495
79 3.45575 0.043236
80 3.45575 -0.0386249
81 3.45575 0.124865
82 3.45575 -0.00854202
83 3.45575 -0.19704
84 3.45575 -0.0271517
85 3.45575 -0.0352723
86 3.45575 0.186876
87 3.45575 -0.000812426
88 3.45575 -0.154574
89 3.45575 -0.0345941
90 3.45575 -0.215432
91 3.45575 -0.090807
92 3.45575 0.03559
93 3.45575 0.00345113
94 3.45575 -0.0281223
95 3.45575 -0.0172984
96 3.45575 0.106218
97 3.45575 -0.0367037
98 3.45575 0.0127219
99 3.45575 0.0216177
100 3.45575 0.0339534
101 3.45575 0.0715474
102 3.45575 0.0231117
103 3.45575 0.0486516
104 3.45575 0.252088
105 3.45575 -0.0730967
106 3.45575 0.204572
107 3.45575 0.0498133
108 3.45575 0.0395196
109 3.45575 0.241762
110 3.45575 0.0160807
111 3.45575 -0.00308398
112 3.45575 -0.150047
113 3.45575 -0.0543025
114 3.45575 0.265059
115 3.45575 0.0217372
116 3.45575 5.37887e-05
117 3.45575 0.0118195
118 3.45575 0.151551
119 3.45575 0.240142
120 3.45575 0.0398461
121 3.45575 -0.0658148
122 3.45575 -0.054473
123 3.45575 0.00253597
124 3.45575 0.0247527
125 3.45575 -0.0611131
126 3.45575 0.0958102
127 3.45575 -0.0449465
128 3.45575 0.119647
129 3.45575 -0.0392087
130 3.45575 0.217445
131 3.45575 -0.10207
132 3.45575 0.0156897
133 3.45575 -0.0736348
134 3.45575 0.0478883
135 3.45575 0.0385152
136 3.45575 0.0565559
137 3.45575 0.0316257
138 3.45575 0.190831
139 3.45575 -0.0549607
140 3.45575 -0.0160801
141 3.45575 0.00235466
142 3.45575 0.0158437
143 3.45575 0.0638362
144 3.45575 -0.0269652
145 3.45575 -0.0926317
146 3.45575 0.111793
147 3.45575 -0.105952
148 3.45575 -0.227713
149 3.45575 0.0658164
150 3.45575 0.107416
151 3.45575 -0.0406476
152 3.45575 0.0897413
153 3.45575 0.0579674
154 3.45575 -0.0536099
155 3.45575 0.0507634
156 3.45575 0.0882338
157 3.45575 -0.0322921
158 3.45575 -0.193992
159 3.45575 0.0756862
160 3.45575 0.069115
161 3.45575 0.0769704
162 3.45575 0.20876
163 3.45575 0.0648822
164 3.45575 0.160981
165 3.45575 -0.100953
166 3.45575 -0.00180745
167 3.45575 -0.138841
168 3.45575 -0.101509
169 3.45575 -0.000489044
170 3.45575 0.018967
171 3.45575 -0.0432652
172 3.45575 0.16964
173 3.45575 0.0424318
174 3.45575 -0.0801726
175 3.45575 0.246008
176 3.45575 -0.0644616
177 3.45575 -0.14343
178 3.45575 -0.0411702
179 3.45575 -0.135966
180 3.45575 -0.00417672
181 3.45575 0.0579477
182 3.45575 0.152163
183 3.45575 0.128198
184 3.45575 0.0567999
185 3.45575 0.0148085
186 3.45575 -0.0781195
187 3.45575 0.029754
188 3.45575 -0.0539361
189 3.45575 0.0130211
190 3.45575 -0.019351
191 3.45575 0.124557
192 3.45575 0.0186612
193 3.45575 0.0646679
194 3.45575 0.192892
195 3.45575 -0.0574003
196 3.45575 0.000770234
197 3.45575 -0.0932902
198 3.45575 -0.0422391
199 3.45575 0.0229165
200 3.45575 -0.0914412
201 3.45575 -0.116959
202 3.45575 -0.0682297
203 3.45575 -0.0143102
204 3.45575 -0.0227971
205 3.45575 -0.0620107
206 3.45575 0.0216986
207 3.45575 0.0261275
208 3.45575 -0.0367197
209 3.45575 -0.0827039
210 3.45575 -0.0143346
211 3.45575 0.103158
212 3.45575 -0.158261
213 3.45575 0.0169328
214 3.45575 0.0436793
215 3.45575 0.0368257
216 3.45575 -0.17303
217 3.45575 0.298286
218 3.45575 0.0698977
219 3.45575 0.0863616
220 3.45575 -0.0972572
221 3.45575 0.171799
222 3.45575 -0.114529
223 3.45575 -0.0333069
224 3.45575 0.0602298
225 3.45575 0.00997815
226 3.45575 0.181434
227 3.45575 -0.0248692
228 3.45575 -0.0464016
229 3.45575 -0.033819
230 3.45575 -0.109896
231 3.45575 -0.0188194
232 3.45575 0.132266
233 3.45575 -0.0296232
234 3.45575 -0.0733228
235 3.45575 -0.218197
236 3.45575 0.0952774
237 3.45575 0.0842092
238 3.45575 0.132254
239 3.45575 0.0338303
240 3.45575 0.0293796
241 3.45575 -0.0260111
242 3.45575 -0.130969
243 3.45575 0.0667175
244 3.45575 -0.0594052
245 3.45575 0.158402
246 3.45575 -0.080618
247 3.45575 -0.169576
248 3.45575 0.153937
249 3.45575 -0.0515515
250 3.45575 -0.0225725
251 3.45575 0.0233024
252 3.45575 0.236666
253 3.45575 0.327612
254 3.45575 -0.0281936
255 3.45575 0.0599521
256 3.45575 0.0423507
257 3.45575 0.053395
258 3.45575 -0.0936146
259 3.45575 0.0440786
260 3.45575 0.0908356
261 3.45575 -0.0664251
262 3.45575 0.0670142
263 3.45575 -0.00097373
264 3.45575 -0.0798737
265 3.45575 -0.00753669
266 3.45575 -0.0092973
267 3.45575 -0.0454333
268 3.45575 0.156636
269 3.45575 0.136037
270 3.45575 -0.026261
271 3.45575 0.136324
272 3.45575 -0.165867
273 3.45575 0.0276898
274 3.45575 -0.0575798
275 3.45575 -0.152066
276 3.45575 -0.168969
277 3.45575 -0.133198
278 3.45575 -0.0200772
279 3.45575 -0.00518639
280 3.45575 -0.101688
281 3.45575 0.116748
282 3.45575 -0.00546969
283 3.45575 -0.000491344
284 3.45575 -0.0136426
285 3.45575 -0.0711483
286 3.45575 0.177143
287 3.45575 -0.118333
288 3.45575 0.146531
289 3.45575 0.286871
290 3.45575 -0.126162
291 3.45575 -0.201301
292 3.45575 -0.0618919
293 3.45575 -0.100942
294 3.45575 -0.324003
295 3.45575 0.0281202
296 3.45575 -0.208717
297 3.45575 0.154568
298 3.45575 -0.0876033
299 3.45575 -0.0359347
300 3.45575 0.326621
301 3.45575 -0.264029
302 3.45575 0.0102773
303 3.45575 -0.0605942
304 3.45575 0.0335
305 3.45575 0.0580953
306 3.45575 -0.0966141
307 3.45575 0.285045
308 3.45575 0.0230328
309 3.45575 -0.252964
310 3.45575 -0.0558749
311 3.45575 0.0446008
312 3.45575 -0.240395
313 3.45575 0.0919573
314 3.45575 0.0352776
315 3.45575 0.090784
316 3.45575 -0.140396
317 3.45575 -0.109438
318 3.45575 0.192564
319 3.45575 0.0993369
320 3.45575 -0.193574
321 3.45575 -0.00033701
322 3.45575 0.119206
323 3.45575 0.148408
324 3.45575 -0.0108397
325 3.45575 -0.0351946
326 3.45575 0.0424907
327 3.45575 -0.0262817
328 3.45575 -0.14354
329 3.45575 -0.119168
330 3.45575 0.0792456
331 3.45575 -0.0144135
332 3.45575 -0.0365638
333 3.45575 0.00923723
334 3.45575 -0.0537422
335 3.45575 -0.114684
336 3.45575 -0.162853
337 3.45575 -0.0859907
338 3.45575 -0.0192722
339 3.45575 0.191937
340 3.45575 0.0164091
341 3.45575 -0.154182
342 3.45575 0.00612725
343 3.45575 0.0147806
344 3.45575 0.143981
345 3.45575 -0.072011
346 3.45575 -0.0669267
347 3.45575 -0.0107814
348 3.45575 -0.0720216
349 3.45575 -0.044202
350 3.45575 -0.100298
351 3.45575 -0.228348
352 3.45575 0.0440362
353 3.45575 0.0684519
354 3.45575 -0.216418
355 3.45575 0.10409
356 3.45575 0.120737
357 3.45575 -0.0357396
358 3.45575 0.20917
359 3.45575 -0.313366
360 3.45575 0.173298
361 3.45575 -0.09835
362 3.45575 -0.126273
363 3.45575 0.0870586
364 3.45575 0.0305436
365 3.45575 -0.036669
366 3.45575 0.205196
367 3.45575 0.0109135
368 3.45575 0.00493392
369 3.45575 0.853927
370 3.45575 -0.295497
371 3.45575 -0.0374293
372 3.45575 0.0493101
373 3.45575 -0.00756448
374 3.45575 0.0122041
375 3.45575 0.0227857
376 3.45575 -0.20562
377 3.45575 0.0186621
378 3.45575 -0.104345
379 3.45575 -0.123701
380 3.45575 -0.142751
381 3.45575 0.0882259
382 3.45575 -0.0645076
383 3.45575 -0.0425365
384 3.45575 0.00415958
385 3.45575 0.0799053
386 3.45575 0.0965123
387 3.45575 0.0355097
388 3.45575 -0.0229075
389 3.45575 -0.13871
390 3.45575 -0.0294802
391 3.45575 0.104592
392 3.45575 0.0160755
393 3.45575 0.021258
394 3.45575 -0.0170297
395 3.45575 -0.117045
396 3.45575 -0.0337438
397 3.45575 -0.163018
398 3.45575 0.199698
399 3.45575 -0.0433654
400 3.45575 -0.0224325
401 3.45575 0.0771301
402 3.45575 -0.0226522
403 3.45575 0.163925
404 3.45575 -0.0270137
405 3.45575 -0.0773148
406 3.45575 0.0954875
407 3.45575 -0.0800474
408 3.45575 0.119741
409 3.45575 0.264852
410 3.45575 0.19015
411 3.45575 0.0839962
412 3.45575 -0.0485101
413 3.45575 -0.0568956
414 3.45575 -0.114144
415 3.45575 -0.0560022
416 3.45575 -0.264039
417 3.45575 0.0930776
418 3.45575 -0.178597
419 3.45575 -0.0769329
420 3.45575 -0.164915
421 3.45575 -0.223181
422 3.45575 -0.0798356
423 3.45575 -0.141421
424 3.45575 -0.0452971
425 3.45575 -0.0549479
426 3.45575 0.0398677
427 3.45575 -0.00811165
428 3.45575 -0.153593
429 3.45575 -0.0131192
430 3.45575 0.0778264
431 3.45575 0.165144
432 3.45575 0.114731
433 3.45575 0.187059
434 3.45575 0.0598063
435 3.45575 -0.112318
436 3.45575 0.17356
437 3.45575 -0.0756881
438 3.45575 -0.116458
439 3.45575 0.101524
440 3.45575 0.0218458
441 3.45575 -0.209644
442 3.45575 0.368718
443 3.45575 -0.0635036
444 3.45575 0.025534
445 3.45575 0.18942
446 3.45575 -0.153639
447 3.45575 -0.0688022
448 3.45575 0.125465
449 3.45575 0.251798
450 3.45575 0.0533213
451 3.45575 -0.205857
452 3.45575 0.127972
453 3.45575 -0.165203
454 3.45575 0.100442
455 3.45575 -0.0196975
456 3.45575 -0.0304778
457 3.45575 -0.102799
458 3.45575 -0.0340495
459 3.45575 -0.00833103
460 3.45575 0.182119
461 3.45575 0.0371632
462 3.45575 0.023685
463 3.45575 0.0750254
464 3.45575 -0.0207691
465 3.45575 -0.0264895
466 3.45575 -0.0484177
467 3.45575 0.106648
468 3.45575 -0.123582
469 3.45575 0.0756205
470 3.45575 0.183235
471 3.45575 0.228754
472 3.45575 -0.0347367
473 3.45575 -0.028624
474 3.45575 0.0667547
475 3.45575 -0.0155788
476 3.45575 0.104063
477 3.45575 -0.16775
478 3.45575 0.0801931
479 3.45575 -0.1005
480 3.45575 -0.0488359
481 3.45575 -0.0449422
482 3.45575 -0.00976526
483 3.45575 -0.0444673
484 3.45575 -0.0426393
485 3.45575 -0.0967454
486 3.45575 -0.0142029
487 3.45575 -0.0742045
488 3.45575 0.127855
489 3.45575 0.102664
490 3.45575 0.160201
491 3.45575 0.0326517
492 3.45575 0.0428481
493 3.45575 -0.164908
494 3.45575 -0.0802075
495 3.45575 0.0558487
496 3.45575 0.169702
497 3.45575 -0.042554
498 3.45575 0.127868
499 3.45575 0.0526017
500 3.45575 0.0652284
501 3.45575 -0.0609825
502 3.45575 -0.181041
503 3.45575 0.0756061
504 3.45575 -0.0529164
505 3.45575 -0.103956
506 3.45575 0.00392313
507 3.45575 0.148205
508 3.45575 -0.0885102
509 3.45575 -0.0367213
510 3.45575 -0.200231
511 3.45575 -0.0891335
512 3.45575 -0.0904882
513 3.45575 0.11741
514 3.45575 0.00325299
515 3.45575 0.0997396
516 3.45575 -0.0602502
517 3.45575 0.0872391
518 3.45575 0.0377188
519 3.45575 0.0562827
520 3.45575 0.130387
521 3.45575 -0.0117291
522 3.45575 -0.0412595
523 3.45575 0.127497
524 3.45575 -0.152787
525 3.45575 0.0242635
526 3.45575 -0.0937929
527 3.45575 -0.0880241
528 3.45575 0.0578512
529 3.45575 -0.195947
530 3.45575 -0.159242
531 3.45575 -0.112775
532 3.45575 0.0927862
533 3.45575 -0.122876
534 3.45575 0.158535
535 3.45575 -0.0747624
536 3.45575 0.00135099
537 3.45575 -0.116844
538 3.45575 -0.125261
539 3.45575 -0.132883
540 3.45575 -0.222929
541 3.45575 0.05624
542 3.45575 0.0243898
543 3.45575 0.112173
544 3.45575 0.138944
545 3.45575 -0.0362404
546 3.45575 -0.0378778
547 3.45575 0.131404
548 3.45575 -0.212894
549 3.45575 0.225503
550 3.45575 -0.11729
551 3.45575 -0.181432
552 3.45575 -0.0402852
553 3.45575 0.158092
554 3.45575 0.075978
555 3.45575 -0.317726
556 3.45575 0.0608158
557 3.45575 0.044928
558 3.45575 -0.296091
559 3.45575 0.171659
560 3.45575 -0.0669151
561 3.45575 -0.0850826
562 3.45575 0.102255
563 3.45575 0.0876466
564 3.45575 -0.262134
565 3.45575 0.164388
566 3.45575 -0.147308
567 3.45575 -0.173777
568 3.45575 -0.0609816
569 3.45575 -0.0667686
570 3.45575 -0.0668772
571 3.45575 0.0221886
572 3.45575 0.124341
573 3.45575 -0.0435539
574 3.45575 -0.0640099
575 3.45575 -0.0830994
576 3.45575 0.000105592
577 3.45575 0.116597
578 3.45575 0.211841
579 3.45575 0.225521
580 3.45575 0.0497581
581 3.45575 0.0499492
582 3.45575 0.152729
583 3.45575 -0.0243129
584 3.45575 0.298696
585 3.45575 0.0282357
586 3.45575 0.0182931
587 3.45575 0.125039
588 3.45575 0.0423943
589 3.45575 -0.0575054
590 3.45575 0.0405044
591 3.45575 -0.183071
592 3.45575 -0.207447
593 3.45575 -0.0771105
594 3.45575 -0.0567649
595 3.45575 -0.0244117
596 3.45575 0.0090253
597 3.45575 -0.235316
598 3.45575 0.107604
599 3.45575 -0.0428581
600 3.45575 0.0172116
601 3.45575 -0.0181501
602 3.45575 -0.176997
603 3.45575 0.139875
604 3.45575 0.0966506
605 3.45575 0.0805317
606 3.45575 0.00153379
607 3.45575 0.085499
608 3.45575 0.0318277
609 3.45575 -0.00306708
610 3.45575 0.104318
611 3.45575 0.0739101
612 3.45575 -0.0388014
613 3.45575 0.0450543
614 3.45575 -0.034805
615 3.45575 -0.105462
616 3.45575 -0.0122266
617 3.45575 -0.0460009
618 3.45575 0.00739792
619 3.45575 -0.0797985
620 3.45575 0.15744
621 3.45575 0.130393
622 3.45575 0.0549373
623 3.45575 0.00838747
624 3.45575 0.195281
625 3.45575 0.0283344
626 3.45575 0.0933463
627 3.45575 0.0314278
628 3.45575 -0.0646114
629 3.45575 0.0755688
630 3.45575 0.276088
631 3.45575 -0.853691
632 3.45575 -0.0217083
633 3.45575 -0.11503
634 3.45575 -0.131674
635 3.45575 0.0399026
636 3.45575 0.0224315
637 3.45575 -0.0146149
638 3.45575 0.140685
639 3.45575 0.0118403
640 3.45575 -0.0218781
641 3.45575 0.277343
642 3.45575 -0.168478
643 3.45575 -0.0404244
644 3.45575 -0.0185991
645 3.45575 -0.222905
646 3.45575 0.133757
647 3.45575 -0.0154222
648 3.45575 -0.0574293
649 3.45575 0.239382
650 3.45575 0.0846845
651 3.45575 -0.0155587
652 3.45575 0.193054
653 3.45575 -0.00269796
654 3.45575 0.0317103
655 3.45575 0.0445589
656 3.45575 -0.121813
657 3.45575 -0.0457424
658 3.45575 0.00189295
659 3.45575 0.0439747
660 3.45575 0.115592
661 3.45575 -0.109863
662 3.45575 0.0390397
663 3.45575 0.0973305
664 3.45575 0.122393
665 3.45575 0.0308101
666 3.45575 0.00544164
667 3.45575 -0.0622456
668 3.45575 0.0821321
669 3.45575 -0.104145
670 3.45575 -0.0627251
671 3.45575 0.134945
672 3.45575 0.12257
673 3.45575 -0.0754614
674 3.45575 0.0237312
675 3.45575 0.0295844
676 3.45575 0.0688421
677 3.45575 -0.0683012
678 3.45575 -0.051647
679 3.45575 0.0104109
680 3.45575 0.136963
681 3.45575 -0.135069
682 3.45575 -0.13303
683 3.45575 0.0901991
684 3.45575 0.0774952
685 3.45575 -0.0876677
686 3.45575 -0.095926
687 3.45575 0.075859
688 3.45575 0.268633
689 3.45575 -0.090765
690 3.45575 0.104531
691 3.45575 0.288135
692 3.45575 0.131069
693 3.45575 -0.203931
694 3.45575 0.145547
695 3.45575 -0.0127327
696 3.45575 -0.0293884
697 3.45575 0.101933
698 3.45575 0.00905618
699 3.45575 0.352571
700 3.45575 -0.254257
701 3.45575 -0.00218842
702 3.45575 0.0892579
703 3.45575 -0.135068
704 3.45575 0.17209
705 3.45575 0.00869958
706 3.45575 0.213752
707 3.45575 0.00676881
708 3.45575 -0.0249569
709 3.45575 0.136246
710 3.45575 0.0785622
711 3.45575 -0.126261
712 3.45575 -0.224259
713 3.45575 -0.0638264
714 3.45575 -0.14119
715 3.45575 0.12566
716 3.45575 0.0733057
717 3.45575 -0.0185224
718 3.45575 0.024866
719 3.45575 -0.0758086
720 3.45575 0.023694
721 3.45575 0.0652795
722 3.45575 -0.00716355
723 3.45575 0.127806
724 3.45575 0.158218
725 3.45575 0.0715931
726 3.45575 0.102539
727 3.45575 -0.122592
728 3.45575 0.184908
729 3.45575 -0.184736
730 3.45575 -0.00910353
731 3.45575 -0.0751641
732 3.45575 -0.119997
733 3.45575 0.0290432
734 3.45575 0.000633608
735 3.45575 -0.000837597
736 3.45575 0.0489132
737 3.45575 -0.0369636
738 3.45575 -0.0111967
739 3.45575 -0.0306396
740 3.45575 -0.101655
741 3.45575 -0.103938
742 3.45575 0.108484
743 3.45575 0.00461251
744 3.45575 0.0207569
745 3.45575 -0.0706661
746 3.45575 0.106691
747 3.45575 -0.241985
748 3.45575 -0.204101
749 3.45575 -0.0183143
750 3.45575 0.0517771
751 3.45575 0.0718552
752 3.45575 -0.0629817
753 3.45575 0.126557
754 3.45575 0.132585
755 3.45575 -0.0653136
756 3.45575 0.0535694
757 3.45575 -0.154468
758 3.45575 -0.0140673
759 3.45575 -0.0277455
760 3.45575 -0.0427267
761 3.45575 -0.176944
762 3.45575 -0.0937685
763 3.45575 -0.0648494
764 3.45575 -0.00874201
765 3.45575 0.0331422
766 3.45575 0.0413442
767 3.45575 0.094438
768 3.45575 -0.220014
769 3.45575 -0.109844
770 3.45575 0.0795861
771 3.45575 0.0176247
772 3.45575 -0.0213766
773 3.45575 0.0587473
774 3.45575 -0.181855
775 3.45575 -0.0173433
776 3.45575 -0.072737
777 3.45575 -0.0404707
778 3.45575 0.062187
779 3.45575 -0.145174
780 3.45575 0.0967801
781 3.45575 0.0713756
782 3.45575 0.0480808
783 3.45575 -0.193939
784 3.45575 0.28368
785 3.45575 0.0405951
786 3.45575 0.00715354
787 3.45575 -0.104956
788 3.45575 0.152072
789 3.45575 -0.174508
790 3.45575 -0.0167549
791 3.45575 0.127251
792 3.45575 -0.00900541
793 3.45575 -0.0367588
794 3.45575 0.00343204
795 3.45575 0.0453473
796 3.45575 0.00814777
797 3.45575 0.0874267
798 3.45575 -0.00804928
799 3.45575 0.173624
800 3.45575 0.208529
801 3.45575 -0.0947723
802 3.45575 0.0670955
803 3.45575 0.0525453
804 3.45575 -0.13181
805 3.45575 -0.00583436
806 3.45575 -0.24509
807 3.45575 -0.0650093
808 3.45575 0.0304206
809 3.45575 -0.134329
810 3.45575 0.0228834
811 3.45575 -0.0797473
812 3.45575 0.00562693
813 3.45575 0.0652199
814 3.45575 0.163458
815 3.45575 0.0701142
816 3.45575 0.0768353
817 3.45575 -0.190925
818 3.45575 -0.131827
819 3.45575 -0.118568
820 3.45575 -0.0202307
821 3.45575 0.110404
822 3.45575 -0.0759328
823 3.45575 0.0630041
824 3.45575 0.0894114
825 3.45575 -0.195736
826 3.45575 0.0942468
827 3.45575 -0.0324373
828 3.45575 -0.237922
829 3.45575 0.0181575
830 3.45575 -0.0107074
831 3.45575 0.0679178
832 3.45575 0.18622
833 3.45575 0.17098
834 3.45575 0.094883
835 3.45575 0.141698
836 3.45575 -0.0697105
837 3.45575 -0.0526628
838 3.45575 -0.255433
839 3.45575 0.0175276
840 3.45575 0.0260493
841 3.45575 1.48108e-05
842 3.45575 0.162438
843 3.45575 -0.0353414
844 3.45575 -0.123545
845 3.45575 -0.0870118
846 3.45575 0.0451925
847 3.45575 0.0724574
848 3.45575 0.024262
849 3.45575 0.0373672
850 3.45575 -0.0598349
851 3.45575 -0.0525597
852 3.45575 0.156939
853 3.45575 0.0174866
854 3.45575 -0.114787
855 3.45575 0.0800695
856 3.45575 -0.0728172
857 3.45575 -0.142177
858 3.45575 -0.118514
859 3.45575 -0.0602263
860 3.45575 0.0819387
861 3.45575 0.162182
862 3.45575 -0.143207
863 3.45575 -0.00691777
864 3.45575 -0.0343606
865 3.45575 0.0439523
866 3.45575 -0.10658
867 3.45575 0.0322502
868 3.45575 -0.107503
869 3.45575 0.128149
870 3.45575 -0.108132
871 3.45575 0.177542
872 3.45575 -0.187686
873 3.45575 -0.00953705
874 3.45575 -0.0549538
875 3.45575 -0.0150648
876 3.45575 -0.00874956
877 3.45575 -0.0165669
878 3.45575 0.0226764
879 3.45575 0.153031
880 3.45575 -0.0319166
881 3.45575 -0.298917
882 3.45575 -0.164683
883 3.45575 -0.0812164
884 3.45575 0.103345
885 3.45575 -0.095649
886 3.45575 -0.22857
887 3.45575 0.0638677
888 3.45575 0.245499
889 3.45575 -0.0711296
890 3.45575 -0.00189917
891 3.45575 -0.314211
892 3.45575 -0.120957
893 3.45575 0.0359721
894 3.45575 -0.222291
895 3.45575 0.0861656
896 3.45575 -0.217088
897 3.45575 -0.032391
898 3.45575 -0.00367679
899 3.45575 -0.0560818
900 3.45575 0.0596759
901 3.45575 0.0179389
902 3.45575 0.00757038
903 3.45575 -0.0186301
904 3.45575 -0.0617267
905 3.45575 0.00153116
906 3.45575 0.0340689
907 3.45575 -0.122617
908 3.45575 0.0128865
909 3.45575 0.0726371
910 3.45575 0.113534
911 3.45575 -0.0125884
912 3.45575 0.00390132
913 3.45575 -0.0126154
914 3.45575 -0.115364
915 3.45575 0.0693414
916 3.45575 0.0611031
917 3.45575 0.151457
918 3.45575 0.0242343
919 3.45575 -0.102979
920 3.45575 0.0602323
921 3.45575 -0.00223947
922 3.45575 0.1814
923 3.45575 0.0592439
924 3.45575 0.124991
925 3.45575 0.11486
926 3.45575 -0.167679
927 3.45575 0.167316
928 3.45575 -0.0860686
929 3.45575 0.273152
930 3.45575 -0.0936163
931 3.45575 -0.246197
932 3.45575 0.165121
933 3.45575 -0.0388175
934 3.45575 0.177018
935 3.45575 -0.223085
936 3.45575 0.146419
937 3.45575 -0.0061204
938 3.45575 -0.0957433
939 3.45575 0.0460786
940 3.45575 0.0978948
941 3.45575 -0.0752672
942 3.45575 0.139315
943 3.45575 0.0376619
944 3.45575 -0.128403
945 3.45575 0.108199
946 3.45575 0.244555
947 3.45575 0.133118
948 3.45575 0.154885
949 3.45575 -0.0283729
950 3.45575 0.118682
951 3.45575 -0.0778187
952 3.45575 -0.0515614
953 3.45575 -0.036001
954 3.45575 -0.109499
955 3.45575 0.203108
956 3.45575 0.205756
957 3.45575 0.0148772
958 3.45575 0.178067
959 3.45575 0.111544
960 3.45575 0.198112
961 3.45575 0.156969
962 3.45575 0.0190486
963 3.45575 0.0560617
964 3.45575 0.231921
965 3.45575 0.115575
966 3.45575 0.13028
967 3.45575 0.0730979
968 3.45575 0.0782476
969 3.45575 0.0730852
970 3.45575 -0.149676
971 3.45575 0.130233
972 3.45575 0.000580381
973 3.45575 -0.0481622
974 3.45575 -0.0124521
975 3.45575 0.0657281
976 3.45575 -0.0427103
977 3.45575 0.082287
978 3.45575 -0.18554
979 3.45575 0.108752
980 3.45575 0.00136815
981 3.45575 -0.00172267
982 3.45575 0.0813644
983 3.45575 0.267856
984 3.45575 -0.168248
985 3.45575 0.101062
986 3.45575 0.0191873
987 3.45575 -0.0300397
988 3.45575 -0.00949506
989 3.45575 -0.0189423
990 3.45575 -0.124369
991 3.45575 -0.26495
992 3.45575 0.1283
993 3.45575 -0.116553
994 3.45575 0.0285829
995 3.45575 0.0832109
996 3.45575 -0.224877
997 3.45575 0.113129
998 3.45575 0.0420801
999 3.45575 0.153056
1000 3.45575 -0.00732289
1 3.76991 -0.0781904
2 3.76991 -0.0367945
3 3.76991 -0.113025
4 3.76991 0.134808
5 3.76991 -0.000257381
6 3.76991 -0.119438
7 3.76991 0.0377455
8 3.76991 0.0374459
9 3.76991 0.198602
10 3.76991 0.11819
11 3.76991 -0.00362059
12 3.76991 0.124702
13 3.76991 0.123533
14 3.76991 -0.0792514
15 3.76991 -0.207659
16 3.76991 0.149007
17 3.76991 -0.350018
18 3.76991 -0.196852
19 3.76991 0.258292
20 3.76991 -0.118014
21 3.76991 0.0307681
22 3.76991 0.0733734
23 3.76991 0.0542616
24 3.76991 0.0671534
25 3.76991 0.0788858
26 3.76991 0.0777532
27 3.76991 0.132113
28 3.76991 -0.00873238
29 3.76991 -0.154202
30 3.76991 0.069746
31 3.76991 0.032285
32 3.76991 -0.0463411
33 3.76991 0.074422
34 3.76991 -0.172712
35 3.76991 -0.109946
36 3.76991 0.0118577
37 3.76991 -0.0796748
38 3.76991 -0.135121
39 3.76991 -0.143148
40 3.76991 -0.292711
41 3.76991 -0.0320146
42 3.76991 -0.0941613
43 3.76991 0.0194182
44 3.76991 -0.0551586
45 3.76991 -0.143521
46 3.76991 -0.0289685
47 3.76991 -0.038447
48 3.76991 0.0401059
49 3.76991 0.178638
50 3.76991 0.064969
51 3.76991 0.0475189
52 3.76991 0.0202433
53 3.76991 -0.0322735
54 3.76991 -0.19712
55 3.76991 -0.0262698
56 3.76991 0.0879618
57 3.76991 -0.0475687
58 3.76991 -0.0742295
59 3.76991 0.329964
60 3.76991 0.0537195
61 3.76991 -0.0752668
62 3.76991 0.105826
63 3.76991 0.0965822
64 3.76991 0.0364565
65 3.76991 0.286756
66 3.76991 -0.193224
67 3.76991 -0.0166495
68 3.76991 -0.0354597
69 3.76991 0.28227
70 3.76991 -0.1045
71 3.76991 -0.192904
72 3.76991 0.0397743
73 3.76991 0.00697472
74 3.76991 0.130905
75 3.76991 -0.112384
76 3.76991 0.00717213
77 3.76991 0.115288
78 3.76991 -0.0384786
79 3.76991 0.0583363
80 3.76991 -0.0214991
81 3.76991 0.117733
82 3.76991 0.000979928
83 3.76991 -0.19157
84 3.76991 -0.00524644
85 3.76991 -0.0121092
86 3.76991 0.196571
87 3.76991 -0.00775811
88 3.76991 -0.21069
89 3.76991 -0.0542373
90 3.76991 -0.23683
91 3.76991 -0.086792
92 3.76991 0.0557571
93 3.76991 -0.0597255
94 3.76991 -0.0207978
95 3.76991 -0.0230034
96 3.76991 0.113742
97 3.76991 -0.0603071
98 3.76991 0.0214905
99 3.76991 0.0391804
100 3.76991 0.0781039
101 3.76991 0.0689912
102 3.76991 0.0298833
103 3.76991 0.0499376
104 3.76991 0.232832
105 3.76991 -0.0552966
106 3.76991 0.164708
107 3.76991 0.0874799
108 3.76991 -0.00920579
109 3.76991 0.167566
110 3.76991 0.0211318
111 3.76991 -0.0416476
112 3.76991 -0.0774537
113 3.76991 -0.0411669
114 3.76991 0.244657
115 3.76991 -0.020363
116 3.76991 0.054403
117 3.76991 -0.0264254
118 3.76991 0.122015
119 3.76991 0.173377
120 3.76991 0.0380686
121 3.76991 -0.0101345
122 3.76991 -0.0630476
123 3.76991 -0.00521601
124 3.76991 0.0294643
125 3.76991 -0.0920362
126 3.76991 0.10298
127 3.76991 -0.0668755
128 3.76991 0.0660023
129 3.76991 0.0393699
130 3.76991 0.242437
131 3.76991 -0.0731114
132 3.76991 -0.03493
133 3.76991 -0.0844013
134 3.76991 0.00987951
135 3.76991 0.0761096
136 3.76991 0.0597785
137 3.76991 0.0398907
138 3.76991 0.187358
139 3.76991 0.0096233
140 3.76991 0.0209478
141 3.76991 -0.0284196
142 3.76991 -0.0404939
143 3.76991 0.0131099
144 3.76991 -0.0753992
145 3.76991 -0.0854101
146 3.76991 0.0935245
147 3.76991 -0.136636
148 3.76991 -0.230913
149 3.76991 0.0629527
150 3.76991 0.116386
151 3.76991 -0.0363024
152 3.76991 0.13628
153 3.76991 0.117898
154 3.76991 -0.0500378
155 3.76991 0.0241207
156 3.76991 0.0564922
157 3.76991 -0.0630178
158 3.76991 -0.181609
159 3.76991 0.104184
160 3.76991 0.108825
161 3.76991 0.115146
162 3.76991 0.153041
163 3.76991 0.0616112
164 3.76991 0.184926
165 3.76991 -0.0644521
166 3.76991 0.0473895
167 3.76991 -0.101199
168 3.76991 -0.0418078
169 3.76991 0.0350404
170 3.76991 0.0204738
171 3.76991 -0.0500135
172 3.76991 0.108407
173 3.76991 0.041351
174 3.76991 -0.0608027
175 3.76991 0.235701
176 3.76991 -0.0417233
177 3.76991 -0.164298
178 3.76991 -0.0965881
179 3.76991 -0.129108
180 3.76991 -0.0163912
181 3.76991 0.017423
182 3.76991 0.14013
183 3.76991 0.0760739
184 3.76991 0.118571
185 3.76991 0.0572461
186 3.76991 -0.0215859
187 3.76991 0.0752353
188 3.76991 -0.0712869
189 3.76991 -0.0240079
190 3.76991 -0.0146037
191 3.76991 0.10082
192 3.76991 0.041681
193 3.76991 0.0548385
194 3.76991 0.136643
195 3.76991 -0.0820773
196 3.76991 -0.0682403
197 3.76991 -0.100786
198 3.76991 -0.0228518
199 3.76991 -0.018295
200 3.76991 -0.0162281
201 3.76991 -0.0696989
202 3.76991 -0.0981458
203 3.76991 0.0262621
204 3.76991 -0.0270936
205 3.76991 -0.0615064
206 3.76991 0.031672
207 3.76991 0.016635
208 3.76991 -0.0552824
209 3.76991 -0.046924
210 3.76991 -0.0285363
211 3.76991 0.0502432
212 3.76991 -0.13787
213 3.76991 -0.0318703
214 3.76991 0.0638784
215 3.76991 0.072029
216 3.76991 -0.0890139
217 3.76991 0.308598
218 3.76991 0.121484
219 3.76991 0.15639
220 3.76991 -0.0829846
221 3.76991 0.160138
222 3.76991 -0.124936
223 3.76991 -0.0671279
224 3.76991 0.0446612
225 3.76991 0.0046101
226 3.76991 0.154117
227 3.76991 -0.00334678
228 3.76991 -0.0751083
229 3.76991 -0.0372776
230 3.76991 -0.109411
231 3.76991 -0.083645
232 3.76991 0.0663657
233 3.76991 0.00888751
234 3.76991 -0.0791935
235 3.76991 -0.282908
236 3.76991 0.126547
237 3.76991 0.081808
238 3.76991 0.132729
239 3.76991 -0.0464559
240 3.76991 0.0179701
241 3.76991 -0.0503885
242 3.76991 -0.187663
243 3.76991 0.0106165
244 3.76991 -0.0535979
245 3.76991 0.18369
246 3.76991 -0.0412605
247 3.76991 -0.166863
248 3.76991 0.178762
249 3.76991 -0.0331742
250 3.76991 -0.00384454
251 3.76991 0.0224459
252 3.76991 0.21844
253 3.76991 0.323709
254 3.76991 0.0172879
255 3.76991 0.0453696
256 3.76991 0.0692075
257 3.76991 0.0759129
258 3.76991 -0.0718104
259 3.76991 0.00602283
260 3.76991 0.0715892
261 3.76991 -0.107534
262 3.76991 0.0863532
263 3.76991 -0.0207707
264 3.76991 -0.084223
265 3.76991 -0.0108141
266 3.76991 -0.0124638
267 3.76991 -0.047262
268 3.76991 0.152511
269 3.76991 0.147725
270 3.76991 -0.0409262
271 3.76991 0.0905075
272 3.76991 -0.131082
273 3.76991 -0.0263373
274 3.76991 -0.0253429
275 3.76991 -0.171665
276 3.76991 -0.149381
277 3.76991 -0.116143
278 3.76991 -0.0314013
279 3.76991 0.027192
280 3.76991 -0.127499
281 3.76991 0.120828
282 3.76991 0.00554651
283 3.76991 -0.0104172
284 3.76991 0.0197645
285 3.76991 -0.0318707
286 3.76991 0.169588
287 3.76991 -0.196424
288 3.76991 0.0837786
289 3.76991 0.328463
290 3.76991 -0.132341
291 3.76991 -0.205437
292 3.76991 -0.0983031
293 3.76991 -0.135379
294 3.76991 -0.333574
295 3.76991 0.0432759
296 3.76991 -0.196801
297 3.76991 0.141733
298 3.76991 -0.0736446
299 3.76991 -0.0506082
300 3.76991 0.315891
301 3.76991 -0.178038
302 3.76991 0.0189033
303 3.76991 -0.0298051
304 3.76991 0.0306571
305 3.76991 0.0732689
306 3.76991 -0.0564547
307 3.76991 0.285117
308 3.76991 0.100608
309 3.76991 -0.196695
310 3.76991 -0.0219545
311 3.76991 0.0136699
312 3.76991 -0.189644
313 3.76991 0.166442
314 3.76991 -0.00188142
315 3.76991 0.0788645
316 3.76991 -0.152491
317 3.76991 -0.10321
318 3.76991 0.195107
319 3.76991 0.0657081
320 3.76991 -0.194427
321 3.76991 0.00500447
322 3.76991 0.136916
323 3.76991 0.168358
324 3.76991 0.021278
325 3.76991 -0.0328917
326 3.76991 0.0709637
327 3.76991 -0.0758447
328 3.76991 -0.133125
329 3.76991 -0.093073
330 3.76991 0.0760877
331 3.76991 -0.0745904
332 3.76991 -0.00714781
333 3.76991 -0.0200088
334 3.76991 -0.0711156
335 3.76991 -0.141656
336 3.76991 -0.159807
337 3.76991 -0.0671794
338 3.76991 -0.00600616
339 3.76991 0.206419
340 3.76991 0.0833554
341 3.76991 -0.189095
342 3.76991 0.00942071
343 3.76991 -0.0037
344 3.76991 0.134127
345 3.76991 -0.0756876
346 3.76991 -0.0754424
347 3.76991 -0.0162596
348 3.76991 0.0023654
349 3.76991 -0.0690147
350 3.76991 -0.0935292
351 3.76991 -0.188441
352 3.76991 0.0304207
353 3.76991 0.0861067
354 3.76991 -0.227555
355 3.76991 0.0260842
356 3.76991 0.15641
357 3.76991 -0.0704433
358 3.76991 0.199319
359 3.76991 -0.285504
360 3.76991 0.22703
361 3.76991 -0.129136
362 3.76991 -0.0998351
363 3.76991 0.112149
364 3.76991 0.0538303
365 3.76991 -0.0294929
366 3.76991 0.213206
367 3.76991 -0.0454554
368 3.76991 -0.00462539
369 3.76991 0.726518
370 3.76991 -0.261564
371 3.76991 -0.0117865
372 3.76991 0.033899
373 3.76991 0.00610863
374 3.76991 0.0658694
375 3.76991 0.046246
376 3.76991 -0.180353
377 3.76991 0.0301047
378 3.76991 -0.114744
379 3.76991 -0.101709
380 3.76991 -0.113714
381 3.76991 0.0794783
382 3.76991 -0.08489
383 3.76991 -0.0827329
384 3.76991 -0.000700523
385 3.76991 0.0545396
386 3.76991 0.114539
387 3.76991 0.072576
388 3.76991 -0.0519383
389 3.76991 -0.152058
390 3.76991 0.0142724
391 3.76991 0.14234
392 3.76991 0.0388663
393 3.76991 0.0742122
394 3.76991 -0.0226361
395 3.76991 -0.118754
396 3.76991 0.00437138
397 3.76991 -0.150847
398 3.76991 0.181806
399 3.76991 -0.0692352
400 3.76991 -0.0218273
401 3.76991 0.0836321
402 3.76991 0.0253946
403 3.76991 0.10192
404 3.76991 -0.0324297
405 3.76991 -0.119242
406 3.76991 0.101588
407 3.76991 -0.150723
408 3.76991 0.0557591
409 3.76991 0.268289
410 3.76991 0.283013
411 3.76991 0.0853818
412 3.76991 -0.0444847
413 3.76991 -0.0125705
414 3.76991 -0.147491
415 3.76991 -0.0622472
416 3.76991 -0.206378
417 3.76991 0.115334
418 3.76991 -0.16553
419 3.76991 -0.0796254
420 3.76991 -0.200826
421 3.76991 -0.188621
422 3.76991 0.00148078
423 3.76991 -0.133345
424 3.76991 -0.0622932
425 3.76991 -0.119315
426 3.76991 0.0212183
427 3.76991 -0.0340638
428 3.76991 -0.146041
429 3.76991 -0.00639932
430 3.76991 0.0719644
431 3.76991 0.192198
432 3.76991 0.125853
433 3.76991 0.166105
434 3.76991 0.00487289
435 3.76991 -0.0681645
436 3.76991 0.101078
437 3.76991 -0.0580964
438 3.76991 -0.106531
439 3.76991 0.0950093
440 3.76991 -0.00511032
441 3.76991 -0.198302
442 3.76991 0.35183
443 3.76991 -0.0637795
444 3.76991 0.067123
445 3.76991 0.0936743
446 3.76991 -0.17152
447 3.76991 -0.0115894
448 3.76991 0.151515
449 3.76991 0.251181
450 3.76991 0.011742
451 3.76991 -0.164785
452 3.76991 0.064212
453 3.76991 -0.158297
454 3.76991 0.118336
455 3.76991 -0.046167
456 3.76991 0.0311005
457 3.76991 -0.0825175
458 3.76991 -0.034042
459 3.76991 0.0181012
460 3.76991 0.13346
461 3.76991 -0.0187139
462 3.76991 -0.0332503
463 3.76991 0.0418342
464 3.76991 -0.0278751
465 3.76991 -0.0757629
466 3.76991 0.0167004
467 3.76991 0.08219
468 3.76991 -0.12132
469 3.76991 0.0447843
470 3.76991 0.168493
471 3.76991 0.211837
472 3.76991 -0.017397
473 3.76991 -0.0856722
474 3.76991 0.0425729
475 3.76991 -0.00868003
476 3.76991 0.0628991
477 3.76991 -0.163861
478 3.76991 0.0886812
479 3.76991 -0.144494
480 3.76991 0.00132911
481 3.76991 -0.0322703
482 3.76991 0.00639126
483 3.76991 -0.0153441
484 3.76991 -0.0903744
485 3.76991 -0.0807253
486 3.76991 -0.0178366
487 3.76991 -0.0404113
488 3.76991 0.128411
489 3.76991 0.0944407
490 3.76991 0.115236
491 3.76991 0.0256375
492 3.76991 0.0124398
493 3.76991 -0.149052
494 3.76991 -0.108334
495 3.76991 0.0222092
496 3.76991 0.205751
497 3.76991 -0.0188221
498 3.76991 0.0808206
499 3.76991 0.0403405
500 3.76991 0.124074
501 3.76991 -0.0562774
502 3.76991 -0.181956
503 3.76991 0.0816892
504 3.76991 0.0163752
505 3.76991 -0.113723
506 3.76991 -0.0367661
507 3.76991 0.117297
508 3.76991 -0.0993002
509 3.76991 -0.0333733
510 3.76991 -0.19137
511 3.76991 -0.0687102
512 3.76991 -0.0573253
513 3.76991 0.122584
514 3.76991 -0.00298969
515 3.76991 0.0864104
516 3.76991 -0.105355
517 3.76991 0.096699
518 3.76991 0.0467818
519 3.76991 0.0538384
520 3.76991 0.153785
521 3.76991 -0.0689811
522 3.76991 -0.0146343
523 3.76991 0.0872949
524 3.76991 -0.155584
525 3.76991 0.0252146
526 3.76991 -0.0939956
527 3.76991 -0.136203
528 3.76991 0.0613615
529 3.76991 -0.149432
530 3.76991 -0.122841
531 3.76991 -0.115476
532 3.76991 0.0627366
533 3.76991 -0.113054
534 3.76991 0.192748
535 3.76991 -0.116823
536 3.76991 -0.00905968
537 3.76991 -0.121376
538 3.76991 -0.159954
539 3.76991 -0.163364
540 3.76991 -0.21109
541 3.76991 0.07303
542 3.76991 0.0156719
543 3.76991 0.100348
544 3.76991 0.175219
545 3.76991 -0.0602365
546 3.76991 0.000676607
547 3.76991 0.0940089
548 3.76991 -0.225743
549 3.76991 0.202155
550 3.76991 -0.133391
551 3.76991 -0.117346
552 3.76991 0.0105171
553 3.76991 0.181417
554 3.76991 0.0238055
555 3.76991 -0.337728
556 3.76991 0.0971392
557 3.76991 0.028454
558 3.76991 -0.213688
559 3.76991 0.126052
560 3.76991 -0.0806152
561 3.76991 -0.0637244
562 3.76991 0.079513
563 3.76991 0.0808451
564 3.76991 -0.269544
565 3.76991 0.167212
566 3.76991 -0.171311
567 3.76991 -0.140844
568 3.76991 -0.0236174
569 3.76991 -0.00507984
570 3.76991 -0.051131
571 3.76991 0.0236311
572 3.76991 0.0903874
573 3.76991 -0.0642138
574 3.76991 -0.0671402
575 3.76991 -0.143262
576 3.76991 -0.0236716
577 3.76991 0.0861386
578 3.76991 0.249596
579 3.76991 0.193068
580 3.76991 -0.0182102
581 3.76991 0.0283049
582 3.76991 0.116315
583 3.76991 0.0154752
584 3.76991 0.272309
585 3.76991 0.00941026
586 3.76991 -0.0348301
587 3.76991 0.142193
588 3.76991 0.0328477
589 3.76991 -0.0349868
590 3.76991 0.155718
591 3.76991 -0.11273
592 3.76991 -0.222566
593 3.76991 -0.148224
594 3.76991 -0.0279242
595 3.76991 -0.0742376
596 3.76991 -0.0017715
597 3.76991 -0.237702
598 3.76991 0.136194
599 3.76991 -0.0184386
600 3.76991 0.0118924
601 3.76991 -0.047789
602 3.76991 -0.13863
603 3.76991 0.106814
604 3.76991 0.115296
605 3.76991 0.0493091
606 3.76991 -0.00684165
607 3.76991 0.12886
608 3.76991 0.0522606
609 3.76991 0.0507598
610 3.76991 0.128088
611 3.76991 0.0288041
612 3.76991 -0.065453
613 3.76991 0.0806938
614 3.76991 0.00283233
615 3.76991 -0.103145
616 3.76991 -0.0146434
617 3.76991 -0.0856797
618 3.76991 -0.0237246
619 3.76991 -0.0634582
620 3.76991 0.141644
621 3.76991 0.114434
622 3.76991 0.0207553
623 3.76991 0.0213591
624 3.76991 0.160667
625 3.76991 0.050972
626 3.76991 0.134895
627 3.76991 0.0392802
628 3.76991 -0.0630043
629 3.76991 0.0843406
630 3.76991 0.224653
631 3.76991 -0.726073
632 3.76991 -0.0272858
633 3.76991 -0.152587
634 3.76991 -0.0733497
635 3.76991 0.0356409
636 3.76991 0.0469334
637 3.76991 0.0256567
638 3.76991 0.127258
639 3.76991 -0.0354081
640 3.76991 0.0610027
641 3.76991 0.216979
642 3.76991 -0.121926
643 3.76991 -0.074428
644 3.76991 0.0378841
645 3.76991 -0.252079
646 3.76991 0.0703194
647 3.76991 0.0147563
648 3.76991 -0.0558893
649 3.76991 0.209431
650 3.76991 0.0638263
651 3.76991 -0.0446489
652 3.76991 0.227849
653 3.76991 -0.00938069
654 3.76991 0.00845718
655 3.76991 0.0234698
656 3.76991 -0.0919693
657 3.76991 -0.0551871
658 3.76991 0.00582071
659 3.76991 -0.0205319
660 3.76991 0.167722
661 3.76991 -0.0503092
662 3.76991 0.0436022
663 3.76991 0.0887576
664 3.76991 0.0828358
665 3.76991 -0.0178896
666 3.76991 -0.0207713
667 3.76991 -0.0808115
668 3.76991 0.0938198
669 3.76991 -0.15092
670 3.76991 -0.0446757
671 3.76991 0.12309
672 3.76991 0.0932441
673 3.76991 -0.117678
674 3.76991 0.055001
675 3.76991 0.0222131
676 3.76991 0.0890586
677 3.76991 -0.0159883
678 3.76991 -0.00842368
679 3.76991 0.0141506
680 3.76991 0.0867451
681 3.76991 -0.133689
682 3.76991 -0.0818564
683 3.76991 0.0666133
684 3.76991 0.0328595
685 3.76991 -0.0729374
686 3.76991 -0.113493
687 3.76991 0.152754
688 3.76991 0.243362
689 3.76991 -0.10148
690 3.76991 0.114497
691 3.76991 0.263595
692 3.76991 0.19251
693 3.76991 -0.13083
694 3.76991 0.149545
695 3.76991 0.0130164
696 3.76991 -0.0228337
697 3.76991 0.108448
698 3.76991 0.0178648
699 3.76991 0.346477
700 3.76991 -0.178239
701 3.76991 -0.0219018
702 3.76991 0.0767965
703 3.76991 -0.104646
704 3.76991 0.127134
705 3.76991 0.026755
706 3.76991 0.123867
707 3.76991 -0.0437526
708 3.76991 -0.066885
709 3.76991 0.0816985
710 3.76991 0.0418048
711 3.76991 -0.0229702
712 3.76991 -0.231634
713 3.76991 -0.150058
714 3.76991 -0.101207
715 3.76991 0.13555
716 3.76991 0.0937278
717 3.76991 -0.0257522
718 3.76991 0.0313517
719 3.76991 -0.0429694
720 3.76991 -0.0208355
721 3.76991 0.0871292
722 3.76991 -0.020422
723 3.76991 0.105884
724 3.76991 0.12894
725 3.76991 0.0185892
726 3.76991 0.110862
727 3.76991 -0.154175
728 3.76991 0.167305
729 3.76991 -0.182602
730 3.76991 -0.0263311
731 3.76991 -0.0319321
732 3.76991 -0.0828104
733 3.76991 0.0160889
734 3.76991 -0.00401624
735 3.76991 -0.00511517
736 3.76991 0.025332
737 3.76991 -0.0513858
738 3.76991 0.0198257
739 3.76991 -0.0770935
740 3.76991 -0.0921584
741 3.76991 -0.119888
742 3.76991 0.100107
743 3.76991 0.0344127
744 3.76991 0.0508414
745 3.76991 -0.0657418
746 3.76991 0.132028
747 3.76991 -0.160822
748 3.76991 -0.156505
749 3.76991 -0.0129553
750 3.76991 0.0594007
751 3.76991 0.0717956
752 3.76991 -0.00575999
753 3.76991 0.0850411
754 3.76991 0.140099
755 3.76991 -0.00661563
756 3.76991 0.0424988
757 3.76991 -0.177538
758 3.76991 -0.0882195
759 3.76991 -0.0518677
760 3.76991 -0.0433645
761 3.76991 -0.225754
762 3.76991 -0.0595376
763 3.76991 -0.0449895
764 3.76991 0.0380602
765 3.76991 -0.0691075
766 3.76991 0.0183527
767 3.76991 0.11442
768 3.76991 -0.233299
769 3.76991 -0.161073
770 3.76991 0.0517702
771 3.76991 0.00647924
772 3.76991 -0.0538233
773 3.76991 0.0677856
774 3.76991 -0.154917
775 3.76991 -0.0186318
776 3.76991 -0.0684467
777 3.76991 -0.0732205
778 3.76991 0.0253875
779 3.76991 -0.109494
780 3.76991 0.0820748
781 3.76991 0.143642
782 3.76991 0.102925
783 3.76991 -0.110112
784 3.76991 0.299487
785 3.76991 0.0752339
786 3.76991 0.0328083
787 3.76991 -0.135552
788 3.76991 0.126113
789 3.76991 -0.185957
790 3.76991 -0.030595
791 3.76991 0.13167
792 3.76991 -0.0317066
793 3.76991 -0.0368652
794 3.76991 0.0161357
795 3.76991 0.0298153
796 3.76991 -0.000772352
797 3.76991 0.112802
798 3.76991 -0.0469525
799 3.76991 0.17748
800 3.76991 0.238945
801 3.76991 -0.118405
802 3.76991 0.0701503
803 3.76991 0.0232713
804 3.76991 -0.181019
805 3.76991 -0.0382128
806 3.76991 -0.235921
807 3.76991 -0.0554729
808 3.76991 0.0516818
809 3.76991 -0.119405
810 3.76991 0.0213199
811 3.76991 -0.102925
812 3.76991 -0.0206192
813 3.76991 0.105406
814 3.76991 0.183915
815 3.76991 0.104289
816 3.76991 0.135614
817 3.76991 -0.19539
818 3.76991 -0.101446
819 3.76991 -0.132734
820 3.76991 -0.0300512
821 3.76991 0.0804729
822 3.76991 -0.126159
823 3.76991 0.0113081
824 3.76991 0.089172
825 3.76991 -0.140067
826 3.76991 0.0875678
827 3.76991 -0.0223364
828 3.76991 -0.238289
829 3.76991 0.00223997
830 3.76991 -0.0047604
831 3.76991 0.0932293
832 3.76991 0.202953
833 3.76991 0.162346
834 3.76991 0.129638
835 3.76991 0.14196
836 3.76991 -0.011317
837 3.76991 -0.0383764
838 3.76991 -0.241828
839 3.76991 0.0645849
840 3.76991 0.0721956
841 3.76991 0.0398117
842 3.76991 0.121592
843 3.76991 -0.0656152
844 3.76991 -0.123658
845 3.76991 -0.0930797
846 3.76991 0.034015
847 3.76991 0.130225
848 3.76991 0.0805725
849 3.76991 0.0300559
850 3.76991 -0.0258899
851 3.76991 -0.0377417
852 3.76991 0.0962895
853 3.76991 -0.0316345
854 3.76991 -0.0992182
855 3.76991 0.0615013
856 3.76991 -0.114403
857 3.76991 -0.162132
858 3.76991 -0.154781
859 3.76991 -0.0816587
860 3.76991 0.104328
861 3.76991 0.194333
862 3.76991 -0.0967948
863 3.76991 0.00710523
864 3.76991 -0.0175624
865 3.76991 0.0807348
866 3.76991 -0.121518
867 3.76991 0.00566986
868 3.76991 -0.139717
869 3.76991 0.122726
870 3.76991 -0.0345165
871 3.76991 0.223753
872 3.76991 -0.195431
873 3.76991 -0.0367518
874 3.76991 -0.0252685
875 3.76991 -0.0528671
876 3.76991 0.000973902
877 3.76991 -0.0214611
878 3.76991 0.00257299
879 3.76991 0.176031
880 3.76991 -0.0229778
881 3.76991 -0.285175
882 3.76991 -0.14699
883 3.76991 -0.105566
884 3.76991 0.142269
885 3.76991 -0.12022
886 3.76991 -0.175252
887 3.76991 0.059354
888 3.76991 0.259019
889 3.76991 -0.0995346
890 3.76991 0.00584264
891 3.76991 -0.305375
892 3.76991 -0.145707
893 3.76991 0.0757068
894 3.76991 -0.198401
895 3.76991 0.0801772
896 3.76991 -0.166274
897 3.76991 -0.0190017
898 3.76991 0.00709394
899 3.76991 -0.0395787
900 3.76991 0.0999817
901 3.76991 0.0360554
902 3.76991 0.0171085
903 3.76991 -0.0449349
904 3.76991 -0.0291237
905 3.76991 -0.00698689
906 3.76991 0.0321037
907 3.76991 -0.166964
908 3.76991 0.0364491
909 3.76991 0.0522447
910 3.76991 0.0430018
911 3.76991 -0.0355141
912 3.76991 -0.075886
913 3.76991 -0.0177968
914 3.76991 -0.0605356
915 3.76991 0.0768827
916 3.76991 0.0698346
917 3.76991 0.104877
918 3.76991 0.028867
919 3.76991 -0.0760837
920 3.76991 0.0625911
921 3.76991 0.019653
922 3.76991 0.198552
923 3.76991 0.113677
924 3.76991 0.14967
925 3.76991 0.092093
926 3.76991 -0.147118
927 3.76991 0.199364
928 3.76991 -0.0859843
929 3.76991 0.247428
930 3.76991 -0.149968
931 3.76991 -0.181606
932 3.76991 0.180568
933 3.76991 -0.0519892
934 3.76991 0.134293
935 3.76991 -0.152717
936 3.76991 0.186042
937 3.76991 0.0296887
938 3.76991 -0.0721258
939 3.76991 0.0254156
940 3.76991 0.135602
941 3.76991 0.0375498
942 3.76991 0.135422
943 3.76991 0.0261054
944 3.76991 -0.117351
945 3.76991 0.117167
946 3.76991 0.212198
947 3.76991 0.144164
948 3.76991 0.189808
949 3.76991 -0.0152058
950 3.76991 0.164336
951 3.76991 -0.0232552
952 3.76991 -0.0452974
953 3.76991 -0.0570115
954 3.76991 -0.139785
955 3.76991 0.183945
956 3.76991 0.220816
957 3.76991 0.0249058
958 3.76991 0.173358
959 3.76991 0.118904
960 3.76991 0.121084
961 3.76991 0.129852
962 3.76991 -0.0292169
963 3.76991 0.0354779
964 3.76991 0.277175
965 3.76991 0.093871
966 3.76991 0.0871823
967 3.76991 0.114361
968 3.76991 0.0742887
969 3.76991 0.0982436
970 3.76991 -0.149314
971 3.76991 0.0942006
972 3.76991 -0.00264721
973 3.76991 -0.00615076
974 3.76991 0.0150562
975 3.76991 0.107402
976 3.76991 -0.0245596
977 3.76991 0.117457
978 3.76991 -0.190085
979 3.76991 0.1396
980 3.76991 -0.0434641
981 3.76991 0.0966364
982 3.76991 0.0204517
983 3.76991 0.181193
984 3.76991 -0.140869
985 3.76991 0.0394781
986 3.76991 -0.00771735
987 3.76991 0.0118715
988 3.76991 0.0364712
989 3.76991 -0.0236574
990 3.76991 -0.101055
991 3.76991 -0.23561
992 3.76991 0.165129
993 3.76991 -0.122601
994 3.76991 -0.0120226
995 3.76991 0.0977217
996 3.76991 -0.212874
997 3.76991 0.0898216
998 3.76991 0.0354172
999 3.76991 0.150063
1000 3.76991 -0.0139438
1 4.08407 -0.033452
2 4.08407 -0.0271789
3 4.08407 -0.0896615
4 4.08407 0.0725749
5 4.08407 0.0314827
6 4.08407 -0.129497
7 4.08407 -0.00014338
8 4.08407 0.093029
9 4.08407 0.13227
10 4.08407 0.0914381
11 4.08407 -0.0114952
12 4.08407 0.142967
13 4.08407 0.13375
14 4.08407 -0.0858425
15 4.08407 -0.205517
16 4.08407 0.110909
17 4.08407 -0.309158
18 4.08407 -0.200337
19 4.08407 0.302988
20 4.08407 -0.138208
21 4.08407 0.0777122
22 4.08407 0.0153863
23 4.08407 0.0952162
24 4.08407 0.062631
25 4.08407 0.117843
26 4.08407 0.0866506
27 4.08407 0.136916
28 4.08407 -0.010042
29 4.08407 -0.131529
30 4.08407 0.0248169
31 4.08407 0.0658679
32 4.08407 -0.0245829
33 4.08407 0.11541
34 4.08407 -0.153273
35 4.08407 -0.085102
36 4.08407 0.102531
37 4.08407 -0.0722492
38 4.08407 -0.151571
39 4.08407 -0.108324
40 4.08407 -0.268435
41 4.08407 0.00497154
42 4.08407 -0.0426826
43 4.08407 0.0285093
44 4.08407 0.0137517
45 4.08407 -0.0911421
46 4.08407 -0.0758835
47 4.08407 -0.0589517
48 4.08407 0.0274484
49 4.08407 0.180274
50 4.08407 0.121709
51 4.08407 0.0450228
52 4.08407 0.0829607
53 4.08407 0.0129077
54 4.08407 -0.138316
55 4.08407 0.0104523
56 4.08407 0.054354
57 4.08407 -0.0415312
58 4.08407 -0.0340521
59 4.08407 0.359143
60 4.08407 0.100544
61 4.08407 -0.0708803
62 4.08407 0.0878339
63 4.08407 0.111192
64 4.08407 0.098783
65 4.08407 0.251897
66 4.08407 -0.15953
67 4.08407 -0.0343952
68 4.08407 0.0213823
69 4.08407 0.237793
70 4.08407 -0.158607
71 4.08407 -0.122436
72 4.08407 0.0138885
73 4.08407 0.0721095
74 4.08407 0.0898339
75 4.08407 -0.0882474
76 4.08407 0.0561683
77 4.08407 0.158158
78 4.08407 0.0240591
79 4.08407 0.0677259
80 4.08407 -0.00226887
81 4.08407 0.0990771
82 4.08407 0.010406
83 4.08407 -0.167348
84 4.08407 0.0171724
85 4.08407 0.0122392
86 4.08407 0.187023
87 4.08407 -0.0139445
88 4.08407 -0.246183
89 4.08407 -0.0685712
90 4.08407 -0.235046
91 4.08407 -0.0742811
92 4.08407 0.0704663
93 4.08407 -0.117056
94 4.08407 -0.0114375
95 4.08407 -0.0264566
96 4.08407 0.110132
97 4.08407 -0.0780071
98 4.08407 0.0281555
99 4.08407 0.0529077
100 4.08407 0.114609
101 4.08407 0.0596818
102 4.08407 0.0337298
103 4.08407 0.0463358
104 4.08407 0.190785
105 4.08407 -0.0320837
106 4.08407 0.108721
107 4.08407 0.116583
108 4.08407 -0.0570301
109 4.08407 0.0769665
110 4.08407 0.0241144
111 4.08407 -0.0761345
112 4.08407 0.00272143
113 4.08407 -0.0240015
114 4.08407 0.200306
115 4.08407 -0.0604698
116 4.08407 0.103427
117 4.08407 -0.0620835
118 4.08407 0.0805359
119 4.08407 0.0896405
120 4.08407 0.0325647
121 4.08407 0.0465379
122 4.08407 -0.0654509
123 4.08407 -0.0124574
124 4.08407 0.0312917
125 4.08407 -0.11395
126 4.08407 0.100069
127 4.08407 -0.0822582
128 4.08407 0.00589717
129 4.08407 0.114095
130 4.08407 0.243699
131 4.08407 -0.0369958
132 4.08407 -0.0821305
133 4.08407 -0.086906
134 4.08407 -0.0290963
135 4.08407 0.106254
136 4.08407 0.0571497
137 4.08407 0.0442509
138 4.08407 0.165545
139 4.08407 0.0732654
140 4.08407 0.0559251
141 4.08407 -0.0564117
142 4.08407 -0.0928678
143 4.08407 -0.0388997
144 4.08407 -0.116453
145 4.08407 -0.0698278
146 4.08407 0.0661013
147 4.08407 -0.153946
148 4.08407 -0.21151
149 4.08407 0.0539268
150 4.08407 0.113963
151 4.08407 -0.0284038
152 4.08407 0.169479
153 4.08407 0.166288
154 4.08407 -0.0415678
155 4.08407 -0.00488316
156 4.08407 0.0192208
157 4.08407 -0.0875751
158 4.08407 -0.15145
159 4.08407 0.122483
160 4.08407 0.137882
161 4.08407 0.14205
162 4.08407 0.0823414
163 4.08407 0.0523092
164 4.08407 0.19077
165 4.08407 -0.0216422
166 4.08407 0.0919478
167 4.08407 -0.0536495
168 4.08407 0.0219854
169 4.08407 0.0671398
170 4.08407 0.0199766
171 4.08407 -0.0518662
172 4.08407 0.0365623
173 4.08407 0.0362225
174 4.08407 -0.0354808
175 4.08407 0.202322
176 4.08407 -0.0149008
177 4.08407 -0.169083
178 4.08407 -0.142551
179 4.08407 -0.109612
180 4.08407 -0.027001
181 4.08407 -0.0248072
182 4.08407 0.114381
183 4.08407 0.0165033
184 4.08407 0.168735
185 4.08407 0.09408
186 4.08407 0.0370606
187 4.08407 0.113352
188 4.08407 -0.0816597
189 4.08407 -0.0586867
190 4.08407 -0.0084269
191 4.08407 0.0672147
192 4.08407 0.0606209
193 4.08407 0.0396412
194 4.08407 0.0670178
195 4.08407 -0.0987199
196 4.08407 -0.130571
197 4.08407 -0.0984156
198 4.08407 -0.00122744
199 4.08407 -0.0577157
200 4.08407 0.0605738
201 4.08407 -0.0156167
202 4.08407 -0.118455
203 4.08407 0.0642638
204 4.08407 -0.028738
205 4.08407 -0.0549814
206 4.08407 0.0385451
207 4.08407 0.00551411
208 4.08407 -0.0684335
209 4.08407 -0.00655103
210 4.08407 -0.0399447
211 4.08407 -0.0075897
212 4.08407 -0.103983
213 4.08407 -0.0775537
214 4.08407 0.0778246
215 4.08407 0.100182
216 4.08407 0.0037153
217 4.08407 0.288703
218 4.08407 0.161179
219 4.08407 0.211109
220 4.08407 -0.0605888
221 4.08407 0.132801
222 4.08407 -0.123114
223 4.08407 -0.094378
224 4.08407 0.0247208
225 4.08407 -0.00120938
226 4.08407 0.111714
227 4.08407 0.0185032
228 4.08407 -0.0964629
229 4.08407 -0.0370873
230 4.08407 -0.0982165
231 4.08407 -0.140283
232 4.08407 -0.00603091
233 4.08407 0.0465282
234 4.08407 -0.0773122
235 4.08407 -0.319927
236 4.08407 0.145429
237 4.08407 0.0713989
238 4.08407 0.120211
239 4.08407 -0.122195
240 4.08407 0.00480147
241 4.08407 -0.0698335
242 4.08407 -0.225986
243 4.08407 -0.0465242
244 4.08407 -0.042544
245 4.08407 0.190997
246 4.08407 0.00213588
247 4.08407 -0.147816
248 4.08407 0.186088
249 4.08407 -0.0115495
250 4.08407 0.0152598
251 4.08407 0.0193924
252 4.08407 0.17883
253 4.08407 0.288118
254 4.08407 0.0610771
255 4.08407 0.0263461
256 4.08407 0.0892897
257 4.08407 0.091
258 4.08407 -0.0429771
259 4.08407 -0.0326224
260 4.08407 0.0453351
261 4.08407 -0.138116
262 4.08407 0.0972392
263 4.08407 -0.0385345
264 4.08407 -0.080328
265 4.08407 -0.013033
266 4.08407 -0.0144102
267 4.08407 -0.0444643
268 4.08407 0.133456
269 4.08407 0.144952
270 4.08407 -0.0515851
271 4.08407 0.0358312
272 4.08407 -0.0834662
273 4.08407 -0.0777866
274 4.08407 0.00937479
275 4.08407 -0.17446
276 4.08407 -0.11517
277 4.08407 -0.0877196
278 4.08407 -0.0396516
279 4.08407 0.0569086
280 4.08407 -0.14083
281 4.08407 0.11308
282 4.08407 0.0160198
283 4.08407 -0.0193234
284 4.08407 0.0512369
285 4.08407 0.0105266
286 4.08407 0.145434
287 4.08407 -0.255288
288 4.08407 0.0128252
289 4.08407 0.337903
290 4.08407 -0.125565
291 4.08407 -0.189463
292 4.08407 -0.125092
293 4.08407 -0.156565
294 4.08407 -0.310492
295 4.08407 0.0541954
296 4.08407 -0.165621
297 4.08407 0.115024
298 4.08407 -0.0524769
299 4.08407 -0.0603278
300 4.08407 0.274238
301 4.08407 -0.0746202
302 4.08407 0.0256789
303 4.08407 0.0039015
304 4.08407 0.0248133
305 4.08407 0.0812703
306 4.08407 -0.0107693
307 4.08407 0.25728
308 4.08407 0.168335
309 4.08407 -0.121172
310 4.08407 0.014115
311 4.08407 -0.0185991
312 4.08407 -0.120329
313 4.08407 0.224635
314 4.08407 -0.0388563
315 4.08407 0.0592254
316 4.08407 -0.149659
317 4.08407 -0.0868796
318 4.08407 0.178551
319 4.08407 0.0256471
320 4.08407 -0.176249
321 4.08407 0.00985607
322 4.08407 0.141224
323 4.08407 0.171828
324 4.08407 0.0513128
325 4.08407 -0.0273692
326 4.08407 0.0924901
327 4.08407 -0.117983
328 4.08407 -0.109678
329 4.08407 -0.0578677
330 4.08407 0.0654814
331 4.08407 -0.127466
332 4.08407 0.0229679
333 4.08407 -0.0472963
334 4.08407 -0.0815276
335 4.08407 -0.154762
336 4.08407 -0.141118
337 4.08407 -0.0417923
338 4.08407 0.00784774
339 4.08407 0.200695
340 4.08407 0.142142
341 4.08407 -0.205499
342 4.08407 0.011792
343 4.08407 -0.0218183
344 4.08407 0.111144
345 4.08407 -0.0719554
346 4.08407 -0.0765733
347 4.08407 -0.0201461
348 4.08407 0.0765209
349 4.08407 -0.0870716
350 4.08407 -0.0776047
351 4.08407 -0.130088
352 4.08407 0.0138273
353 4.08407 0.0953325
354 4.08407 -0.216419
355 4.08407 -0.054475
356 4.08407 0.176772
357 4.08407 -0.098252
358 4.08407 0.169957
359 4.08407 -0.229695
360 4.08407 0.258537
361 4.08407 -0.147282
362 4.08407 -0.0636243
363 4.08407 0.126261
364 4.08407 0.0718476
365 4.08407 -0.0194298
366 4.08407 0.200346
367 4.08407 -0.0973748
368 4.08407 -0.0137321
369 4.08407 0.527993
370 4.08407 -0.202027
371 4.08407 0.0150099
372 4.08407 0.0151695
373 4.08407 0.0191838
374 4.08407 0.113087
375 4.08407 0.0651794
376 4.08407 -0.137432
377 4.08407 0.0386002
378 4.08407 -0.11391
379 4.08407 -0.06976
380 4.08407 -0.0735461
381 4.08407 0.0629506
382 4.08407 -0.0969629
383 4.08407 -0.114831
384 4.08407 -0.00549205
385 4.08407 0.0238352
386 4.08407 0.121354
387 4.08407 0.102538
388 4.08407 -0.075885
389 4.08407 -0.150522
390 4.08407 0.0566281
391 4.08407 0.166154
392 4.08407 0.0578526
393 4.08407 0.119902
394 4.08407 -0.0260267
395 4.08407 -0.10884
396 4.08407 0.0420586
397 4.08407 -0.12391
398 4.08407 0.146117
399 4.08407 -0.0883279
400 4.08407 -0.0190853
401 4.08407 0.0819475
402 4.08407 0.0709554
403 4.08407 0.0299391
404 4.08407 -0.0346712
405 4.08407 -0.149498
406 4.08407 0.0977441
407 4.08407 -0.206646
408 4.08407 -0.0136812
409 4.08407 0.245465
410 4.08407 0.348174
411 4.08407 0.0784099
412 4.08407 -0.0361051
413 4.08407 0.0329851
414 4.08407 -0.1664
415 4.08407 -0.0623991
416 4.08407 -0.128515
417 4.08407 0.126301
418 4.08407 -0.136259
419 4.08407 -0.0745237
420 4.08407 -0.21708
421 4.08407 -0.135596
422 4.08407 0.0826521
423 4.08407 -0.112216
424 4.08407 -0.0731916
425 4.08407 -0.172003
426 4.08407 0.000491927
427 4.08407 -0.0566815
428 4.08407 -0.124193
429 4.08407 0.000946937
430 4.08407 0.0590581
431 4.08407 0.200439
432 4.08407 0.124655
433 4.08407 0.128891
434 4.08407 -0.0505374
435 4.08407 -0.0173387
436 4.08407 0.0187022
437 4.08407 -0.0348181
438 4.08407 -0.0861764
439 4.08407 0.0791947
440 4.08407 -0.0315663
441 4.08407 -0.167548
442 4.08407 0.300503
443 4.08407 -0.0578123
444 4.08407 0.102141
445 4.08407 -0.011241
446 4.08407 -0.172611
447 4.08407 0.0467578
448 4.08407 0.162734
449 4.08407 0.225978
450 4.08407 -0.0309869
451 4.08407 -0.107582
452 4.08407 -0.00583371
453 4.08407 -0.135896
454 4.08407 0.124646
455 4.08407 -0.0681173
456 4.08407 0.0896345
457 4.08407 -0.0541588
458 4.08407 -0.0307025
459 4.08407 0.0427616
460 4.08407 0.0717377
461 4.08407 -0.0727591
462 4.08407 -0.0869307
463 4.08407 0.00454806
464 4.08407 -0.0322524
465 4.08407 -0.11762
466 4.08407 0.0801836
467 4.08407 0.0496869
468 4.08407 -0.107181
469 4.08407 0.00956418
470 4.08407 0.137257
471 4.08407 0.174184
472 4.08407 0.0016455
473 4.08407 -0.134334
474 4.08407 0.0142236
475 4.08407 -0.000931549
476 4.08407 0.0155779
477 4.08407 -0.143931
478 4.08407 0.0884886
479 4.08407 -0.174344
480 4.08407 0.051364
481 4.08407 -0.0164395
482 4.08407 0.0219222
483 4.08407 0.0152812
484 4.08407 -0.129263
485 4.08407 -0.0568032
486 4.08407 -0.0197244
487 4.08407 -0.00266246
488 4.08407 0.116396
489 4.08407 0.0769727
490 4.08407 0.0589915
491 4.08407 0.0161137
492 4.08407 -0.0191862
493 4.08407 -0.118605
494 4.08407 -0.125855
495 4.08407 -0.0136043
496 4.08407 0.22166
497 4.08407 0.00675235
498 4.08407 0.0258623
499 4.08407 0.0241307
500 4.08407 0.170774
501 4.08407 -0.0460634
502 4.08407 -0.16506
503 4.08407 0.0797759
504 4.08407 0.0840639
505 4.08407 -0.112358
506 4.08407 -0.0738564
507 4.08407 0.0749075
508 4.08407 -0.10037
509 4.08407 -0.0267586
510 4.08407 -0.163777
511 4.08407 -0.0415611
512 4.08407 -0.0185509
513 4.08407 0.115759
514 4.08407 -0.00893977
515 4.08407 0.0646228
516 4.08407 -0.140148
517 4.08407 0.0966933
518 4.08407 0.0512654
519 4.08407 0.046124
520 4.08407 0.162129
521 4.08407 -0.119481
522 4.08407 0.0134235
523 4.08407 0.0385475
524 4.08407 -0.143152
525 4.08407 0.0236977
526 4.08407 -0.0849972
527 4.08407 -0.171049
528 4.08407 0.0588653
529 4.08407 -0.0882896
530 4.08407 -0.0744154
531 4.08407 -0.106872
532 4.08407 0.0265458
533 4.08407 -0.092166
534 4.08407 0.208093
535 4.08407 -0.147448
536 4.08407 -0.0185836
537 4.08407 -0.114028
538 4.08407 -0.17899
539 4.08407 -0.177855
540 4.08407 -0.178589
541 4.08407 0.0826713
542 4.08407 0.00541985
543 4.08407 0.0787007
544 4.08407 0.194342
545 4.08407 -0.0783363
546 4.08407 0.0391649
547 4.08407 0.0474112
548 4.08407 -0.216495
549 4.08407 0.159019
550 4.08407 -0.136435
551 4.08407 -0.0417729
552 4.08407 0.0602901
553 4.08407 0.186984
554 4.08407 -0.0306973
555 4.08407 -0.32467
556 4.08407 0.123954
557 4.08407 0.00919473
558 4.08407 -0.110369
559 4.08407 0.0681051
560 4.08407 -0.0864241
561 4.08407 -0.0361285
562 4.08407 0.0489883
563 4.08407 0.0661298
564 4.08407 -0.25057
565 4.08407 0.153668
566 4.08407 -0.178545
567 4.08407 -0.0941242
568 4.08407 0.0160587
569 4.08407 0.0571061
570 4.08407 -0.0303799
571 4.08407 0.0227603
572 4.08407 0.047586
573 4.08407 -0.078588
574 4.08407 -0.0636983
575 4.08407 -0.189402
576 4.08407 -0.0451316
577 4.08407 0.0472481
578 4.08407 0.26292
579 4.08407 0.141716
580 4.08407 -0.0843961
581 4.08407 0.00389011
582 4.08407 0.0685153
583 4.08407 0.0537486
584 4.08407 0.219266
585 4.08407 -0.0103363
586 4.08407 -0.084544
587 4.08407 0.145428
588 4.08407 0.0200856
589 4.08407 -0.0090431
590 4.08407 0.25569
591 4.08407 -0.0313551
592 4.08407 -0.215899
593 4.08407 -0.204829
594 4.08407 0.00364986
595 4.08407 -0.116797
596 4.08407 -0.012395
597 4.08407 -0.216819
598 4.08407 0.151453
599 4.08407 0.00778574
600 4.08407 0.00540913
601 4.08407 -0.0727501
602 4.08407 -0.0866922
603 4.08407 0.0632973
604 4.08407 0.122656
605 4.08407 0.0132597
606 4.08407 -0.0145474
607 4.08407 0.159607
608 4.08407 0.0675779
609 4.08407 0.0996182
610 4.08407 0.139319
611 4.08407 -0.0191214
612 4.08407 -0.0856976
613 4.08407 0.108434
614 4.08407 0.0401924
615 4.08407 -0.0907322
616 4.08407 -0.0156268
617 4.08407 -0.116972
618 4.08407 -0.0525248
619 4.08407 -0.0409063
620 4.08407 0.111983
621 4.08407 0.0872732
622 4.08407 -0.0154584
623 4.08407 0.03224
624 4.08407 0.110326
625 4.08407 0.0686202
626 4.08407 0.163239
627 4.08407 0.0432877
628 4.08407 -0.05523
629 4.08407 0.0848563
630 4.08407 0.151228
631 4.08407 -0.52738
632 4.08407 -0.0301925
633 4.08407 -0.175208
634 4.08407 -0.00784521
635 4.08407 0.0278901
636 4.08407 0.0668411
637 4.08407 0.0634168
638 4.08407 0.101374
639 4.08407 -0.0791904
640 4.08407 0.137912
641 4.08407 0.135377
642 4.08407 -0.0634392
643 4.08407 -0.101146
644 4.08407 0.090659
645 4.08407 -0.256577
646 4.08407 -1.50039e-06
647 4.08407 0.0434904
648 4.08407 -0.0488784
649 4.08407 0.158979
650 4.08407 0.0367203
651 4.08407 -0.0693683
652 4.08407 0.24034
653 4.08407 -0.0151452
654 4.08407 -0.0156238
655 4.08407 8.34652e-05
656 4.08407 -0.0531233
657 4.08407 -0.0592298
658 4.08407 0.00917874
659 4.08407 -0.0830287
660 4.08407 0.203434
661 4.08407 0.0141687
662 4.08407 0.0438966
663 4.08407 0.0714964
664 4.08407 0.0351695
665 4.08407 -0.0648381
666 4.08407 -0.0449509
667 4.08407 -0.0914668
668 4.08407 0.0963239
669 4.08407 -0.182923
670 4.08407 -0.0222531
671 4.08407 0.0991853
672 4.08407 0.0547904
673 4.08407 -0.148375
674 4.08407 0.080887
675 4.08407 0.0126674
676 4.08407 0.100558
677 4.08407 0.0378897
678 4.08407 0.0356243
679 4.08407 0.0165052
680 4.08407 0.0280358
681 4.08407 -0.119223
682 4.08407 -0.0226704
683 4.08407 0.0365067
684 4.08407 -0.0149927
685 4.08407 -0.0510673
686 4.08407 -0.11995
687 4.08407 0.214696
688 4.08407 0.19427
689 4.08407 -0.102262
690 4.08407 0.113256
691 4.08407 0.213252
692 4.08407 0.235106
693 4.08407 -0.0449233
694 4.08407 0.138904
695 4.08407 0.0374913
696 4.08407 -0.0140438
697 4.08407 0.104347
698 4.08407 0.0249248
699 4.08407 0.306466
700 4.08407 -0.0847732
701 4.08407 -0.0394712
702 4.08407 0.0568177
703 4.08407 -0.0639806
704 4.08407 0.0697335
705 4.08407 0.0421916
706 4.08407 0.0218559
707 4.08407 -0.0899911
708 4.08407 -0.102266
709 4.08407 0.0191539
710 4.08407 0.000955109
711 4.08407 0.0825689
712 4.08407 -0.216335
713 4.08407 -0.221601
714 4.08407 -0.0513163
715 4.08407 0.13217
716 4.08407 0.104975
717 4.08407 -0.0304612
718 4.08407 0.0347682
719 4.08407 -0.00592414
720 4.08407 -0.0633255
721 4.08407 0.10045
722 4.08407 -0.0316814
723 4.08407 0.0735982
724 4.08407 0.0870412
725 4.08407 -0.0362342
726 4.08407 0.108333
727 4.08407 -0.170667
728 4.08407 0.133326
729 4.08407 -0.162592
730 4.08407 -0.040981
731 4.08407 0.0144258
732 4.08407 -0.0375175
733 4.08407 0.00155957
734 4.08407 -0.00827296
735 4.08407 -0.00889199
736 4.08407 -0.000728817
737 4.08407 -0.060778
738 4.08407 0.0489076
739 4.08407 -0.116001
740 4.08407 -0.0736405
741 4.08407 -0.124103
742 4.08407 0.0819298
743 4.08407 0.0608444
744 4.08407 0.0759492
745 4.08407 -0.0543822
746 4.08407 0.144441
747 4.08407 -0.0639158
748 4.08407 -0.0935895
749 4.08407 -0.00632797
750 4.08407 0.0612099
751 4.08407 0.0647081
752 4.08407 0.0520253
753 4.08407 0.0352011
754 4.08407 0.133899
755 4.08407 0.0527299
756 4.08407 0.0272684
757 4.08407 -0.18323
758 4.08407 -0.153736
759 4.08407 -0.0709126
760 4.08407 -0.0397578
761 4.08407 -0.252466
762 4.08407 -0.0194787
763 4.08407 -0.0207259
764 4.08407 0.0811368
765 4.08407 -0.164593
766 4.08407 -0.00643521
767 4.08407 0.123202
768 4.08407 -0.223747
769 4.08407 -0.196535
770 4.08407 0.0188867
771 4.08407 -0.0053005
772 4.08407 -0.0810013
773 4.08407 0.0701885
774 4.08407 -0.112815
775 4.08407 -0.0180966
776 4.08407 -0.0574563
777 4.08407 -0.098803
778 4.08407 -0.0138972
779 4.08407 -0.0630958
780 4.08407 0.0593356
781 4.08407 0.201848
782 4.08407 0.147694
783 4.08407 -0.0155052
784 4.08407 0.285977
785 4.08407 0.102508
786 4.08407 0.0552515
787 4.08407 -0.15288
788 4.08407 0.0878097
789 4.08407 -0.179204
790 4.08407 -0.0414403
791 4.08407 0.1232
792 4.08407 -0.0513042
793 4.08407 -0.033363
794 4.08407 0.0272598
795 4.08407 0.0113648
796 4.08407 -0.00961681
797 4.08407 0.127135
798 4.08407 -0.0812597
799 4.08407 0.163962
800 4.08407 0.245972
801 4.08407 -0.130448
802 4.08407 0.0663384
803 4.08407 -0.00828082
804 4.08407 -0.212509
805 4.08407 -0.0668505
806 4.08407 -0.203658
807 4.08407 -0.0405064
808 4.08407 0.067884
809 4.08407 -0.0927923
810 4.08407 0.0176693
811 4.08407 -0.116028
812 4.08407 -0.0448469
813 4.08407 0.135273
814 4.08407 0.186369
815 4.08407 0.128255
816 4.08407 0.181117
817 4.08407 -0.180728
818 4.08407 -0.0611352
819 4.08407 -0.133907
820 4.08407 -0.0369301
821 4.08407 0.0426643
822 4.08407 -0.164036
823 4.08407 -0.0414947
824 4.08407 0.0802039
825 4.08407 -0.0706869
826 4.08407 0.0723171
827 4.08407 -0.010049
828 4.08407 -0.21533
829 4.08407 -0.0138969
830 4.08407 0.00165265
831 4.08407 0.109415
832 4.08407 0.19982
833 4.08407 0.13782
834 4.08407 0.151704
835 4.08407 0.128326
836 4.08407 0.0481845
837 4.08407 -0.0203335
838 4.08407 -0.204552
839 4.08407 0.10532
840 4.08407 0.111275
841 4.08407 0.0757115
842 4.08407 0.0688445
843 4.08407 -0.0894661
844 4.08407 -0.111668
845 4.08407 -0.0900362
846 4.08407 0.0195079
847 4.08407 0.175246
848 4.08407 0.128996
849 4.08407 0.0198023
850 4.08407 0.0105894
851 4.08407 -0.0192294
852 4.08407 0.0262149
853 4.08407 -0.077659
854 4.08407 -0.0739379
855 4.08407 0.0369131
856 4.08407 -0.14479
857 4.08407 -0.166217
858 4.08407 -0.175897
859 4.08407 -0.095098
860 4.08407 0.116505
861 4.08407 0.207461
862 4.08407 -0.0409082
863 4.08407 0.0204327
864 4.08407 0.000954769
865 4.08407 0.109615
866 4.08407 -0.124562
867 4.08407 -0.0214655
868 4.08407 -0.158254
869 4.08407 0.105289
870 4.08407 0.0424782
871 4.08407 0.248061
872 4.08407 -0.184046
873 4.08407 -0.060369
874 4.08407 0.00689014
875 4.08407 -0.0854943
876 4.08407 0.010602
877 4.08407 -0.0242545
878 4.08407 -0.0177823
879 4.08407 0.181801
880 4.08407 -0.0117899
881 4.08407 -0.243518
882 4.08407 -0.114908
883 4.08407 -0.119583
884 4.08407 0.167266
885 4.08407 -0.133024
886 4.08407 -0.104778
887 4.08407 0.0490303
888 4.08407 0.247183
889 4.08407 -0.118196
890 4.08407 0.0130124
891 4.08407 -0.266647
892 4.08407 -0.156194
893 4.08407 0.108031
894 4.08407 -0.155091
895 4.08407 0.0663406
896 4.08407 -0.0991836
897 4.08407 -0.00375244
898 4.08407 0.0171703
899 4.08407 -0.0192014
900 4.08407 0.130501
901 4.08407 0.0506426
902 4.08407 0.0249718
903 4.08407 -0.0668412
904 4.08407 0.00633006
905 4.08407 -0.0148209
906 4.08407 0.0269958
907 4.08407 -0.194968
908 4.08407 0.0564437
909 4.08407 0.0267382
910 4.08407 -0.0317394
911 4.08407 -0.0549634
912 4.08407 -0.148245
913 4.08407 -0.0212359
914 4.08407 0.00021895
915 4.08407 0.0768982
916 4.08407 0.0717301
917 4.08407 0.0480321
918 4.08407 0.030674
919 4.08407 -0.0417407
920 4.08407 0.058823
921 4.08407 0.0396218
922 4.08407 0.196268
923 4.08407 0.156983
924 4.08407 0.159699
925 4.08407 0.0603116
926 4.08407 -0.112156
927 4.08407 0.211898
928 4.08407 -0.0774832
929 4.08407 0.197483
930 4.08407 -0.191639
931 4.08407 -0.0992386
932 4.08407 0.178339
933 4.08407 -0.0600719
934 4.08407 0.0784234
935 4.08407 -0.0674011
936 4.08407 0.207453
937 4.08407 0.0625918
938 4.08407 -0.0414481
939 4.08407 0.00226475
940 4.08407 0.160036
941 4.08407 0.146691
942 4.08407 0.118273
943 4.08407 0.0119935
944 4.08407 -0.0948117
945 4.08407 0.114666
946 4.08407 0.15907
947 4.08407 0.141098
948 4.08407 0.206152
949 4.08407 -0.000550209
950 4.08407 0.193903
951 4.08407 0.0335846
952 4.08407 -0.0345993
953 4.08407 -0.0724413
954 4.08407 -0.156388
955 4.08407 0.146777
956 4.08407 0.214262
957 4.08407 0.0324963
958 4.08407 0.15168
959 4.08407 0.114625
960 4.08407 0.032204
961 4.08407 0.0900242
962 4.08407 -0.0746223
963 4.08407 0.0114213
964 4.08407 0.295298
965 4.08407 0.0629786
966 4.08407 0.0355511
967 4.08407 0.14443
968 4.08407 0.0630579
969 4.08407 0.113785
970 4.08407 -0.134337
971 4.08407 0.0489469
972 4.08407 -0.00561594
973 4.08407 0.0364628
974 4.08407 0.0410906
975 4.08407 0.138563
976 4.08407 -0.00400483
977 4.08407 0.14113
978 4.08407 -0.176024
979 4.08407 0.156782
980 4.08407 -0.0840418
981 4.08407 0.185536
982 4.08407 -0.0424624
983 4.08407 0.0767936
984 4.08407 -0.0997018
985 4.08407 -0.0259698
986 4.08407 -0.0338665
987 4.08407 0.0526208
988 4.08407 0.0788673
989 4.08407 -0.0260569
990 4.08407 -0.0678495
991 4.08407 -0.183207
992 4.08407 0.185795
993 4.08407 -0.116648
994 4.08407 -0.0514512
995 4.08407 0.102667
996 4.08407 -0.180034
997 4.08407 0.0577217
998 4.08407 0.0252873
999 4.08407 0.132381
1000 4.08407 -0.0191999
1 4.39823 0.0145608
2 4.39823 -0.0149028
3 4.39823 -0.057521
4 4.39823 0.00323822
5 4.39823 0.0601411
6 4.39823 -0.126879
7 4.39823 -0.0380184
8 4.39823 0.139506
9 4.39823 0.0529897
10 4.39823 0.0557357
11 4.39823 -0.0182446
12 4.39823 0.147238
13 4.39823 0.130875
14 4.39823 -0.0840308
15 4.39823 -0.183257
16 4.39823 0.061955
17 4.39823 -0.238035
18 4.39823 -0.184212
19 4.39823 0.318025
20 4.39823 -0.144874
21 4.39823 0.117049
22 4.39823 -0.0441066
23 4.39823 0.12685
24 4.39823 0.0519778
25 4.39823 0.145265
26 4.39823 0.0870661
27 4.39823 0.128316
28 4.39823 -0.0103686
29 4.39823 -0.0959822
30 4.39823 -0.0225415
31 4.39823 0.0930031
32 4.39823 -0.000418389
33 4.39823 0.145102
34 4.39823 -0.118831
35 4.39823 -0.0519275
36 4.39823 0.183168
37 4.39823 -0.0577514
38 4.39823 -0.153184
39 4.39823 -0.0628972
40 4.39823 -0.217883
41 4.39823 0.041471
42 4.39823 0.0129741
43 4.39823 0.0348098
44 4.39823 0.081316
45 4.39823 -0.0298415
46 4.39823 -0.11537
47 4.39823 -0.0736857
48 4.39823 0.0121041
49 4.39823 0.164264
50 4.39823 0.166536
51 4.39823 0.0381195
52 4.39823 0.137557
53 4.39823 0.0568254
54 4.39823 -0.0659733
55 4.39823 0.0461511
56 4.39823 0.0154257
57 4.39823 -0.0314285
58 4.39823 0.00945857
59 4.39823 0.353168
60 4.39823 0.137527
61 4.39823 -0.0595554
62 4.39823 0.0612443
63 4.39823 0.114918
64 4.39823 0.15144
65 4.39823 0.192381
66 4.39823 -0.110221
67 4.39823 -0.048774
68 4.39823 0.0761312
69 4.39823 0.170038
70 4.39823 -0.197188
71 4.39823 -0.0399836
72 4.39823 -0.0133568
73 4.39823 0.130186
74 4.39823 0.0399693
75 4.39823 -0.0554729
76 4.39823 0.0996663
77 4.39823 0.185546
78 4.39823 0.0842413
79 4.39823 0.0704865
80 4.39823 0.0171833
81 4.39823 0.0707228
82 4.39823 0.0188134
83 4.39823 -0.126745
84 4.39823 0.0379103
85 4.39823 0.0353895
86 4.39823 0.159169
87 4.39823 -0.0187659
88 4.39823 -0.257578
89 4.39823 -0.0761928
90 4.39823 -0.210254
91 4.39823 -0.0544992
92 4.39823 0.0782781
93 4.39823 -0.162928
94 4.39823 -0.000957624
95 4.39823 -0.0273202
96 4.39823 0.0957412
97 4.39823 -0.0880713
98 4.39823 0.0320644
99 4.39823 0.0614561
100 4.39823 0.139895
101 4.39823 0.0445303
102 4.39823 0.0342745
103 4.39823 0.0381979
104 4.39823 0.130062
105 4.39823 -0.00573027
106 4.39823 0.0420916
107 4.39823 0.134275
108 4.39823 -0.0992717
109 4.39823 -0.0211665
110 4.39823 0.0247365
111 4.39823 -0.103169
112 4.39823 0.0826301
113 4.39823 -0.00448682
114 4.39823 0.136348
115 4.39823 -0.0946576
116 4.39823 0.142327
117 4.39823 -0.0916644
118 4.39823 0.0311731
119 4.39823 -0.00287035
120 4.39823 0.023873
121 4.39823 0.0986547
122 4.39823 -0.0614473
123 4.39823 -0.0184793
124 4.39823 0.0300561
125 4.39823 -0.12471
126 4.39823 0.0873625
127 4.39823 -0.089589
128 4.39823 -0.0547851
129 4.39823 0.177651
130 4.39823 0.221106
131 4.39823 0.00274107
132 4.39823 -0.121292
133 4.39823 -0.0809039
134 4.39823 -0.065224
135 4.39823 0.125997
136 4.39823 0.0489266
137 4.39823 0.0442796
138 4.39823 0.127528
139 4.39823 0.129736
140 4.39823 0.0854282
141 4.39823 -0.078882
142 4.39823 -0.136151
143 4.39823 -0.0871015
144 4.39823 -0.146107
145 4.39823 -0.0474105
146 4.39823 0.0322076
147 4.39823 -0.156187
148 4.39823 -0.171403
149 4.39823 0.0396222
150 4.39823 0.100384
151 4.39823 -0.0177249
152 4.39823 0.186088
153 4.39823 0.1984
154 4.39823 -0.0290288
155 4.39823 -0.0334091
156 4.39823 -0.0199321
157 4.39823 -0.10356
158 4.39823 -0.106466
159 4.39823 0.128793
160 4.39823 0.153443
161 4.39823 0.15505
162 4.39823 0.00358206
163 4.39823 0.037887
164 4.39823 0.17794
165 4.39823 0.0232862
166 4.39823 0.127505
167 4.39823 -0.000849112
168 4.39823 0.0836264
169 4.39823 0.0926672
170 4.39823 0.0175239
171 4.39823 -0.0486416
172 4.39823 -0.0388613
173 4.39823 0.0275483
174 4.39823 -0.00668597
175 4.39823 0.149138
176 4.39823 0.0133803
177 4.39823 -0.157318
178 4.39823 -0.174561
179 4.39823 -0.0793861
180 4.39823 -0.0349679
181 4.39823 -0.0646091
182 4.39823 0.0774346
183 4.39823 -0.0446827
184 4.39823 0.202383
185 4.39823 0.121705
186 4.39823 0.0920794
187 4.39823 0.140373
188 4.39823 -0.084039
189 4.39823 -0.0876209
190 4.39823 -0.00142525
191 4.39823 0.0270299
192 4.39823 0.0736266
193 4.39823 0.0205634
194 4.39823 -0.00916725
195 4.39823 -0.105699
196 4.39823 -0.180121
197 4.39823 -0.0864122
198 4.39823 0.020517
199 4.39823 -0.0914867
200 4.39823 0.131446
201 4.39823 0.0399942
202 4.39823 -0.127168
203 4.39823 0.0959748
204 4.39823 -0.0275694
205 4.39823 -0.0430745
206 4.39823 0.0416453
207 4.39823 -0.00614654
208 4.39823 -0.0748859
209 4.39823 0.0344632
210 4.39823 -0.047443
211 4.39823 -0.0646797
212 4.39823 -0.0599179
213 4.39823 -0.115645
214 4.39823 0.0841527
215 4.39823 0.118528
216 4.39823 0.0960807
217 4.39823 0.240547
218 4.39823 0.185097
219 4.39823 0.245164
220 4.39823 -0.0322623
221 4.39823 0.092465
222 4.39823 -0.109241
223 4.39823 -0.11239
224 4.39823 0.00236062
225 4.39823 -0.00691038
226 4.39823 0.0583753
227 4.39823 0.038542
228 4.39823 -0.108375
229 4.39823 -0.0332667
230 4.39823 -0.0774078
231 4.39823 -0.183189
232 4.39823 -0.0778371
233 4.39823 0.0796143
234 4.39823 -0.067863
235 4.39823 -0.325628
236 4.39823 0.150075
237 4.39823 0.0540007
238 4.39823 0.0959267
239 4.39823 -0.185972
240 4.39823 -0.00883714
241 4.39823 -0.0824425
242 4.39823 -0.242189
243 4.39823 -0.0991104
244 4.39823 -0.0273257
245 4.39823 0.179609
246 4.39823 0.0453232
247 4.39823 -0.114299
248 4.39823 0.175198
249 4.39823 0.0112056
250 4.39823 0.0328702
251 4.39823 0.0144405
252 4.39823 0.121716
253 4.39823 0.224325
254 4.39823 0.0988875
255 4.39823 0.00474364
256 4.39823 0.100632
257 4.39823 0.0971793
258 4.39823 -0.0099368
259 4.39823 -0.0680742
260 4.39823 0.0146434
261 4.39823 -0.155179
262 4.39823 0.098607
263 4.39823 -0.0525262
264 4.39823 -0.06857
265 4.39823 -0.0139761
266 4.39823 -0.0149461
267 4.39823 -0.0373142
268 4.39823 0.101338
269 4.39823 0.127991
270 4.39823 -0.0571945
271 4.39823 -0.0223523
272 4.39823 -0.0276797
273 4.39823 -0.121621
274 4.39823 0.0431748
275 4.39823 -0.160178
276 4.39823 -0.0696863
277 4.39823 -0.0507093
278 4.39823 -0.0440206
279 4.39823 0.0810547
280 4.39823 -0.140375
281 4.39823 0.0942635
282 4.39823 0.0249249
283 4.39823 -0.0263381
284 4.39823 0.0776938
285 4.39823 0.0518933
286 4.39823 0.107043
287 4.39823 -0.289163
288 4.39823 -0.0593836
289 4.39823 0.314266
290 4.39823 -0.106499
291 4.39823 -0.154943
292 4.39823 -0.139635
293 4.39823 -0.162424
294 4.39823 -0.257017
295 4.39823 0.0598098
296 4.39823 -0.118228
297 4.39823 0.0770561
298 4.39823 -0.0261726
299 4.39823 -0.064142
300 4.39823 0.205742
301 4.39823 0.0361023
302 4.39823 0.0299408
303 4.39823 0.0372262
304 4.39823 0.0165405
305 4.39823 0.0813164
306 4.39823 0.0359704
307 4.39823 0.204259
308 4.39823 0.219584
309 4.39823 -0.0337884
310 4.39823 0.0488027
311 4.39823 -0.0490475
312 4.39823 -0.0392361
313 4.39823 0.260839
314 4.39823 -0.0720275
315 4.39823 0.0337888
316 4.39823 -0.132178
317 4.39823 -0.0620444
318 4.39823 0.144518
319 4.39823 -0.0169242
320 4.39823 -0.140818
321 4.39823 0.0137428
322 4.39823 0.131708
323 4.39823 0.158478
324 4.39823 0.0763247
325 4.39823 -0.0191676
326 4.39823 0.104963
327 4.39823 -0.148573
328 4.39823 -0.0754951
329 4.39823 -0.0169979
330 4.39823 0.0484656
331 4.39823 -0.167864
332 4.39823 0.0508354
333 4.39823 -0.069954
334 4.39823 -0.0839593
335 4.39823 -0.152719
336 4.39823 -0.108616
337 4.39823 -0.0123142
338 4.39823 0.0209335
339 4.39823 0.175326
340 4.39823 0.187015
341 4.39823 -0.201787
342 4.39823 0.013009
343 4.39823 -0.0378008
344 4.39823 0.0772808
345 4.39823 -0.0611798
346 4.39823 -0.0702087
347 4.39823 -0.0220607
348 4.39823 0.143186
349 4.39823 -0.0966053
350 4.39823 -0.0540837
351 4.39823 -0.0590006
352 4.39823 -0.00411946
353 4.39823 0.0952269
354 4.39823 -0.184097
355 4.39823 -0.129702
356 4.39823 0.179831
357 4.39823 -0.116443
358 4.39823 0.123959
359 4.39823 -0.151402
360 4.39823 0.264738
361 4.39823 -0.151011
362 4.39823 -0.0211857
363 4.39823 0.128014
364 4.39823 0.0828322
365 4.39823 -0.00746477
366 4.39823 0.167875
367 4.39823 -0.139762
368 4.39823 -0.0214944
369 4.39823 0.277784
370 4.39823 -0.122714
371 4.39823 0.0403372
372 4.39823 -0.00504473
373 4.39823 0.0303813
374 4.39823 0.149234
375 4.39823 0.0777325
376 4.39823 -0.0810582
377 4.39823 0.0433173
378 4.39823 -0.101927
379 4.39823 -0.0309828
380 4.39823 -0.0261789
381 4.39823 0.0402609
382 4.39823 -0.0995442
383 4.39823 -0.135688
384 4.39823 -0.00974598
385 4.39823 -0.00920233
386 4.39823 0.11629
387 4.39823 0.122463
388 4.39823 -0.0924034
389 4.39823 -0.134251
390 4.39823 0.0934404
391 4.39823 0.173704
392 4.39823 0.0711758
393 4.39823 0.153855
394 4.39823 -0.0268697
395 4.39823 -0.0882708
396 4.39823 0.0756289
397 4.39823 -0.0848442
398 4.39823 0.0961252
399 4.39823 -0.0987744
400 4.39823 -0.0144753
401 4.39823 0.0722414
402 4.39823 0.109571
403 4.39823 -0.0449729
404 4.39823 -0.0335189
405 4.39823 -0.165119
406 4.39823 0.0843324
407 4.39823 -0.242339
408 4.39823 -0.0817822
409 4.39823 0.198613
410 4.39823 0.379253
411 4.39823 0.0637625
412 4.39823 -0.0241911
413 4.39823 0.0753117
414 4.39823 -0.169022
415 4.39823 -0.0564429
416 4.39823 -0.0380716
417 4.39823 0.124905
418 4.39823 -0.0936505
419 4.39823 -0.0621271
420 4.39823 -0.212084
421 4.39823 -0.0692989
422 4.39823 0.155733
423 4.39823 -0.0801033
424 4.39823 -0.0769257
425 4.39823 -0.207854
426 4.39823 -0.0202825
427 4.39823 -0.0737508
428 4.39823 -0.0901884
429 4.39823 0.00820048
430 4.39823 0.0403706
431 4.39823 0.189059
432 4.39823 0.111256
433 4.39823 0.0790612
434 4.39823 -0.101001
435 4.39823 0.0351843
436 4.39823 -0.0655045
437 4.39823 -0.00813146
438 4.39823 -0.057386
439 4.39823 0.0556281
440 4.39823 -0.0549322
441 4.39823 -0.120394
442 4.39823 0.219761
443 4.39823 -0.0461861
444 4.39823 0.127161
445 4.39823 -0.115056
446 4.39823 -0.156805
447 4.39823 0.100528
448 4.39823 0.158024
449 4.39823 0.178654
450 4.39823 -0.0706823
451 4.39823 -0.0398481
452 4.39823 -0.0753083
453 4.39823 -0.100192
454 4.39823 0.118755
455 4.39823 -0.0833999
456 4.39823 0.139394
457 4.39823 -0.0204987
458 4.39823 -0.0243574
459 4.39823 0.0632359
460 4.39823 0.00299293
461 4.39823 -0.119682
462 4.39823 -0.132102
463 4.39823 -0.0331832
464 4.39823 -0.0334727
465 4.39823 -0.147964
466 4.39823 0.135818
467 4.39823 0.0123202
468 4.39823 -0.0825506
469 4.39823 -0.026592
470 4.39823 0.0925856
471 4.39823 0.11948
472 4.39823 0.0205269
473 4.39823 -0.169847
474 4.39823 -0.0155177
475 4.39823 0.00690807
476 4.39823 -0.033268
477 4.39823 -0.109913
478 4.39823 0.0796342
479 4.39823 -0.187128
480 4.39823 0.0963709
481 4.39823 0.00100041
482 4.39823 0.0353072
483 4.39823 0.0444106
484 4.39823 -0.155498
485 4.39823 -0.0273209
486 4.39823 -0.0196814
487 4.39823 0.035347
488 4.39823 0.0929879
489 4.39823 0.0519704
490 4.39823 -0.00302775
491 4.39823 0.00501256
492 4.39823 -0.0489342
493 4.39823 -0.0765484
494 4.39823 -0.131057
495 4.39823 -0.0480861
496 4.39823 0.215871
497 4.39823 0.0316658
498 4.39823 -0.0316275
499 4.39823 0.00555886
500 4.39823 0.200758
501 4.39823 -0.0313405
502 4.39823 -0.132006
503 4.39823 0.0700536
504 4.39823 0.143524
505 4.39823 -0.0999941
506 4.39823 -0.103717
507 4.39823 0.0251852
508 4.39823 -0.0916149
509 4.39823 -0.0175246
510 4.39823 -0.120152
511 4.39823 -0.0103437
512 4.39823 0.0220392
513 4.39823 0.0976026
514 4.39823 -0.0140148
515 4.39823 0.0365094
516 4.39823 -0.161221
517 4.39823 0.0872227
518 4.39823 0.0507308
519 4.39823 0.0338946
520 4.39823 0.154603
521 4.39823 -0.158285
522 4.39823 0.0401672
523 4.39823 -0.0139729
524 4.39823 -0.116707
525 4.39823 0.0198609
526 4.39823 -0.0676787
527 4.39823 -0.189152
528 4.39823 0.0506071
529 4.39823 -0.0185051
530 4.39823 -0.0187056
531 4.39823 -0.0878078
532 4.39823 -0.0122433
533 4.39823 -0.0622561
534 4.39823 0.203068
535 4.39823 -0.16364
536 4.39823 -0.0262884
537 4.39823 -0.0955172
538 4.39823 -0.180504
539 4.39823 -0.174935
540 4.39823 -0.128605
541 4.39823 0.0842201
542 4.39823 -0.00536279
543 4.39823 0.0493492
544 4.39823 0.194442
545 4.39823 -0.088768
546 4.39823 0.0738192
547 4.39823 -0.0038272
548 4.39823 -0.186054
549 4.39823 0.100317
550 4.39823 -0.126124
551 4.39823 0.0378892
552 4.39823 0.104161
553 4.39823 0.174248
554 4.39823 -0.0821952
555 4.39823 -0.279832
556 4.39823 0.138635
557 4.39823 -0.0109645
558 4.39823 0.00375426
559 4.39823 0.00349228
560 4.39823 -0.0837732
561 4.39823 -0.00499601
562 4.39823 0.0136683
563 4.39823 0.0449413
564 4.39823 -0.207069
565 4.39823 0.125083
566 4.39823 -0.168301
567 4.39823 -0.038191
568 4.39823 0.0541627
569 4.39823 0.113702
570 4.39823 -0.00665502
571 4.39823 0.0196617
572 4.39823 0.000126766
573 4.39823 -0.0852694
574 4.39823 -0.0540212
575 4.39823 -0.217001
576 4.39823 -0.0621738
577 4.39823 0.00373294
578 4.39823 0.250506
579 4.39823 0.0764913
580 4.39823 -0.142321
581 4.39823 -0.0209056
582 4.39823 0.0140088
583 4.39823 0.0867606
584 4.39823 0.14476
585 4.39823 -0.0290712
586 4.39823 -0.125982
587 4.39823 0.134427
588 4.39823 0.00535739
589 4.39823 0.0177856
590 4.39823 0.330632
591 4.39823 0.0530894
592 4.39823 -0.188099
593 4.39823 -0.241383
594 4.39823 0.0348667
595 4.39823 -0.147923
596 4.39823 -0.0218051
597 4.39823 -0.174712
598 4.39823 0.151886
599 4.39823 0.033248
600 4.39823 -0.00160368
601 4.39823 -0.0905897
602 4.39823 -0.0262688
603 4.39823 0.0135845
604 4.39823 0.118009
605 4.39823 -0.0240875
606 4.39823 -0.0208292
607 4.39823 0.17473
608 4.39823 0.0762803
609 4.39823 0.138725
610 4.39823 0.136913
611 4.39823 -0.065175
612 4.39823 -0.0975535
613 4.39823 0.125561
614 4.39823 0.0736181
615 4.39823 -0.0694377
616 4.39823 -0.0150805
617 4.39823 -0.136814
618 4.39823 -0.0761833
619 4.39823 -0.0143502
620 4.39823 0.07136
621 4.39823 0.0515696
622 4.39823 -0.0501588
623 4.39823 0.039965
624 4.39823 0.0491848
625 4.39823 0.0795512
626 4.39823 0.175605
627 4.39823 0.0430578
628 4.39823 -0.0420495
629 4.39823 0.0770659
630 4.39823 0.063
631 4.39823 -0.277065
632 4.39823 -0.0301439
633 4.39823 -0.180679
634 4.39823 0.058427
635 4.39823 0.0174095
636 4.39823 0.0802058
637 4.39823 0.0949691
638 4.39823 0.0655665
639 4.39823 -0.115221
640 4.39823 0.201322
641 4.39823 0.0405222
642 4.39823 0.00125747
643 4.39823 -0.117963
644 4.39823 0.134559
645 4.39823 -0.23596
646 4.39823 -0.0703221
647 4.39823 0.0679674
648 4.39823 -0.037083
649 4.39823 0.0929658
650 4.39823 0.00601999
651 4.39823 -0.0872978
652 4.39823 0.229305
653 4.39823 -0.0194272
654 4.39823 -0.0381754
655 4.39823 -0.023311
656 4.39823 -0.00907731
657 4.39823 -0.0574746
658 4.39823 0.0116382
659 4.39823 -0.137398
660 4.39823 0.219232
661 4.39823 0.0772596
662 4.39823 0.0398941
663 4.39823 0.0472364
664 4.39823 -0.0159393
665 4.39823 -0.10544
666 4.39823 -0.0647305
667 4.39823 -0.0931687
668 4.39823 0.089399
669 4.39823 -0.19702
670 4.39823 0.00234786
671 4.39823 0.0655721
672 4.39823 0.0109735
673 4.39823 -0.164548
674 4.39823 0.0988552
675 4.39823 0.00188178
676 4.39823 0.102213
677 4.39823 0.0880587
678 4.39823 0.0761851
679 4.39823 0.0172442
680 4.39823 -0.0334178
681 4.39823 -0.0930861
682 4.39823 0.0387346
683 4.39823 0.00282669
684 4.39823 -0.0613772
685 4.39823 -0.0241983
686 4.39823 -0.114666
687 4.39823 0.255622
688 4.39823 0.126161
689 4.39823 -0.093033
690 4.39823 0.100929
691 4.39823 0.142035
692 4.39823 0.254689
693 4.39823 0.0453813
694 4.39823 0.114666
695 4.39823 0.0582963
696 4.39823 -0.00387917
697 4.39823 0.0900323
698 4.39823 0.0295449
699 4.39823 0.236457
700 4.39823 0.0169906
701 4.39823 -0.053177
702 4.39823 0.0312772
703 4.39823 -0.0170521
704 4.39823 0.00550724
705 4.39823 0.0534982
706 4.39823 -0.0822938
707 4.39823 -0.127421
708 4.39823 -0.127636
709 4.39823 -0.0452655
710 4.39823 -0.039988
711 4.39823 0.180026
712 4.39823 -0.179859
713 4.39823 -0.271452
714 4.39823 0.00359695
715 4.39823 0.115854
716 4.39823 0.105947
717 4.39823 -0.0321885
718 4.39823 0.0347815
719 4.39823 0.0317009
720 4.39823 -0.0996167
721 4.39823 0.103938
722 4.39823 -0.0398396
723 4.39823 0.0341079
724 4.39823 0.0366218
725 4.39823 -0.0875107
726 4.39823 0.0952004
727 4.39823 -0.170453
728 4.39823 0.0862954
729 4.39823 -0.126667
730 4.39823 -0.0516193
731 4.39823 0.0593715
732 4.39823 0.0114477
733 4.39823 -0.0131223
734 4.39823 -0.0117199
735 4.39823 -0.0117984
736 4.39823 -0.0267183
737 4.39823 -0.0642207
738 4.39823 0.073202
739 4.39823 -0.143553
740 4.39823 -0.047914
741 4.39823 -0.116169
742 4.39823 0.0557334
743 4.39823 0.0813202
744 4.39823 0.0936226
745 4.39823 -0.0376995
746 4.39823 0.142715
747 4.39823 0.0392467
748 4.39823 -0.0215125
749 4.39823 0.000918562
750 4.39823 0.0570273
751 4.39823 0.0512865
752 4.39823 0.104718
753 4.39823 -0.0180846
754 4.39823 0.114593
755 4.39823 0.106914
756 4.39823 0.00936878
757 4.39823 -0.170985
758 4.39823 -0.204204
759 4.39823 -0.0830161
760 4.39823 -0.0322591
761 4.39823 -0.254464
762 4.39823 0.0224868
763 4.39823 0.00556657
764 4.39823 0.116271
765 4.39823 -0.243966
766 4.39823 -0.0305932
767 4.39823 0.119923
768 4.39823 -0.192293
769 4.39823 -0.212759
770 4.39823 -0.0158456
771 4.39823 -0.0165613
772 4.39823 -0.10025
773 4.39823 0.0657208
774 4.39823 -0.0596706
775 4.39823 -0.0157901
776 4.39823 -0.0408417
777 4.39823 -0.114714
778 4.39823 -0.0518214
779 4.39823 -0.0105212
780 4.39823 0.0307881
781 4.39823 0.240296
782 4.39823 0.178005
783 4.39823 0.0806189
784 4.39823 0.244473
785 4.39823 0.119748
786 4.39823 0.0722861
787 4.39823 -0.155242
788 4.39823 0.0409105
789 4.39823 -0.154908
790 4.39823 -0.0482292
791 4.39823 0.102671
792 4.39823 -0.0658796
793 4.39823 -0.0265949
794 4.39823 0.0357156
795 4.39823 -0.00819822
796 4.39823 -0.01752
797 4.39823 0.129023
798 4.39823 -0.107613
799 4.39823 0.134395
800 4.39823 0.228921
801 4.39823 -0.129722
802 4.39823 0.0560327
803 4.39823 -0.0390222
804 4.39823 -0.223197
805 4.39823 -0.0889447
806 4.39823 -0.151459
807 4.39823 -0.021575
808 4.39823 0.0774413
809 4.39823 -0.0570966
810 4.39823 0.0122892
811 4.39823 -0.117773
812 4.39823 -0.0646847
813 4.39823 0.1519
814 4.39823 0.17058
815 4.39823 0.139667
816 4.39823 0.208892
817 4.39823 -0.148375
818 4.39823 -0.01484
819 4.39823 -0.121973
820 4.39823 -0.0401941
821 4.39823 0.000679684
822 4.39823 -0.185856
823 4.39823 -0.0902356
824 4.39823 0.063385
825 4.39823 0.00561235
826 4.39823 0.0499876
827 4.39823 0.00322213
828 4.39823 -0.171294
829 4.39823 -0.0286734
830 4.39823 0.0079038
831 4.39823 0.11489
832 4.39823 0.177126
833 4.39823 0.0998033
834 4.39823 0.158919
835 4.39823 0.10213
836 4.39823 0.102969
837 4.39823 -0.000300129
838 4.39823 -0.147252
839 4.39823 0.135746
840 4.39823 0.139462
841 4.39823 0.1042
842 4.39823 0.00935778
843 4.39823 -0.104559
844 4.39823 -0.0887464
845 4.39823 -0.0781795
846 4.39823 0.00309118
847 4.39823 0.203112
848 4.39823 0.164792
849 4.39823 0.00761055
850 4.39823 0.0460319
851 4.39823 0.00116519
852 4.39823 -0.0464259
853 4.39823 -0.116081
854 4.39823 -0.0414199
855 4.39823 0.00871155
856 4.39823 -0.161004
857 4.39823 -0.15403
858 4.39823 -0.179795
859 4.39823 -0.0992282
860 4.39823 0.117277
861 4.39823 0.200282
862 4.39823 0.0189827
863 4.39823 0.03176
864 4.39823 0.0193785
865 4.39823 0.127764
866 4.39823 -0.115412
867 4.39823 -0.0464997
868 4.39823 -0.1613
869 4.39823 0.0775463
870 4.39823 0.115315
871 4.39823 0.248088
872 4.39823 -0.154645
873 4.39823 -0.0780769
874 4.39823 0.0383743
875 4.39823 -0.109753
876 4.39823 0.0191923
877 4.39823 -0.0246737
878 4.39823 -0.0363969
879 4.39823 0.169774
880 4.39823 0.000552148
881 4.39823 -0.178024
882 4.39823 -0.0715789
883 4.39823 -0.121894
884 4.39823 0.17589
885 4.39823 -0.132805
886 4.39823 -0.0240487
887 4.39823 0.0339069
888 4.39823 0.211153
889 4.39823 -0.125288
890 4.39823 0.0189085
891 4.39823 -0.201818
892 4.39823 -0.151392
893 4.39823 0.12978
894 4.39823 -0.0965992
895 4.39823 0.0460101
896 4.39823 -0.0223845
897 4.39823 0.0118642
898 4.39823 0.0255658
899 4.39823 0.0030555
900 4.39823 0.148245
901 4.39823 0.0602725
902 4.39823 0.0303908
903 4.39823 -0.0822046
904 4.39823 0.0411641
905 4.39823 -0.021204
906 4.39823 0.0192456
907 4.39823 -0.203886
908 4.39823 0.0709134
909 4.39823 -0.00138555
910 4.39823 -0.103374
911 4.39823 -0.0690325
912 4.39823 -0.206093
913 4.39823 -0.0225962
914 4.39823 0.0609519
915 4.39823 0.0693862
916 4.39823 0.0666043
917 4.39823 -0.0135148
918 4.39823 0.0294783
919 4.39823 -0.00331185
920 4.39823 0.0492969
921 4.39823 0.055712
922 4.39823 0.174772
923 4.39823 0.184922
924 4.39823 0.154095
925 4.39823 0.0226265
926 4.39823 -0.0662158
927 4.39823 0.20369
928 4.39823 -0.0613974
929 4.39823 0.128208
930 4.39823 -0.214552
931 4.39823 -0.00715693
932 4.39823 0.158653
933 4.39823 -0.0622745
934 4.39823 0.0148767
935 4.39823 0.0245129
936 4.39823 0.208557
937 4.39823 0.0893678
938 4.39823 -0.00671318
939 4.39823 -0.0211077
940 4.39823 0.168804
941 4.39823 0.241473
942 4.39823 0.0895468
943 4.39823 -0.00329228
944 4.39823 -0.0629919
945 4.39823 0.100941
946 4.39823 0.0903712
947 4.39823 0.124221
948 4.39823 0.202316
949 4.39823 0.0141592
950 4.39823 0.20449
951 4.39823 0.0871369
952 4.39823 -0.0205143
953 4.39823 -0.0807801
954 4.39823 -0.157682
955 4.39823 0.0952407
956 4.39823 0.186734
957 4.39823 0.0369059
958 4.39823 0.115155
959 4.39823 0.0991247
960 4.39823 -0.0598282
961 4.39823 0.0413842
962 4.39823 -0.112723
963 4.39823 -0.0137533
964 4.39823 0.284515
965 4.39823 0.0259215
966 4.39823 -0.0195601
967 4.39823 0.160361
968 4.39823 0.0456546
969 4.39823 0.118189
970 4.39823 -0.10621
971 4.39823 -0.00109814
972 4.39823 -0.00803479
973 4.39823 0.075507
974 4.39823 0.0631028
975 4.39823 0.156161
976 4.39823 0.0169419
977 4.39823 0.150988
978 4.39823 -0.144732
979 4.39823 0.158617
980 4.39823 -0.116393
981 4.39823 0.256274
982 4.39823 -0.10122
983 4.39823 -0.0351224
984 4.39823 -0.0487747
985 4.39823 -0.0888756
986 4.39823 -0.0567006
987 4.39823 0.0882191
988 4.39823 0.113543
989 4.39823 -0.0259057
990 4.39823 -0.0280021
991 4.39823 -0.112869
992 4.39823 0.188274
993 4.39823 -0.0992772
994 4.39823 -0.0858434
995 4.39823 0.0975622
996 4.39823 -0.12957
997 4.39823 0.0199717
998 4.39823 0.0126821
999 4.39823 0.10174
1000 4.39823 -0.0225766
1 4.71239 0.0611484
2 4.71239 -0.00116796
3 4.71239 -0.0197497
4 4.71239 -0.0664156
5 4.71239 0.0829125
6 4.71239 -0.111842
7 4.71239 -0.0721719
8 4.71239 0.172327
9 4.71239 -0.0314773
10 4.71239 0.0145776
11 4.71239 -0.023208
12 4.71239 0.137097
13 4.71239 0.115189
14 4.71239 -0.0739935
15 4.71239 -0.143058
16 4.71239 0.00693613
17 4.71239 -0.143612
18 4.71239 -0.150056
19 4.71239 0.301932
20 4.71239 -0.137359
21 4.71239 0.144929
22 4.71239 -0.0992822
23 4.71239 0.146068
24 4.71239 0.0362367
25 4.71239 0.158468
26 4.71239 0.078959
27 4.71239 0.107155
28 4.71239 -0.00968031
29 4.71239 -0.0510397
30 4.71239 -0.0676933
31 4.71239 0.111035
32 4.71239 0.023787
33 4.71239 0.16059
34 4.71239 -0.0727575
35 4.71239 -0.01367
36 4.71239 0.245875
37 4.71239 -0.0376005
38 4.71239 -0.139802
39 4.71239 -0.0113132
40 4.71239 -0.146003
41 4.71239 0.073911
42 4.71239 0.067361
43 4.71239 0.0377029
44 4.71239 0.14092
45 4.71239 0.0343803
46 4.71239 -0.143564
47 4.71239 -0.0812069
48 4.71239 -0.00442511
49 4.71239 0.132175
50 4.71239 0.195061
51 4.71239 0.0274848
52 4.71239 0.178689
53 4.71239 0.0951807
54 4.71239 0.0128277
55 4.71239 0.0773326
56 4.71239 -0.0250128
57 4.71239 -0.0182493
58 4.71239 0.0520434
59 4.71239 0.312622
60 4.71239 0.161048
61 4.71239 -0.042401
62 4.71239 0.0286598
63 4.71239 0.107395
64 4.71239 0.189273
65 4.71239 0.114033
66 4.71239 -0.0501221
67 4.71239 -0.0583784
68 4.71239 0.123428
69 4.71239 0.0856395
70 4.71239 -0.216467
71 4.71239 0.0463833
72 4.71239 -0.0392948
73 4.71239 0.175518
74 4.71239 -0.0138079
75 4.71239 -0.017268
76 4.71239 0.133408
77 4.71239 0.194772
78 4.71239 0.136178
79 4.71239 0.0663471
80 4.71239 0.0349536
81 4.71239 0.0354455
82 4.71239 0.0253794
83 4.71239 -0.0737352
84 4.71239 0.0549372
85 4.71239 0.0550758
86 4.71239 0.115734
87 4.71239 -0.0217503
88 4.71239 -0.243759
89 4.71239 -0.0763564
90 4.71239 -0.16488
91 4.71239 -0.0293825
92 4.71239 0.0784272
93 4.71239 -0.192851
94 4.71239 0.00961602
95 4.71239 -0.0255094
96 4.71239 0.0719789
97 4.71239 -0.0895144
98 4.71239 0.0328348
99 4.71239 0.0639888
100 4.71239 0.151487
101 4.71239 0.0250199
102 4.71239 0.0314642
103 4.71239 0.0263209
104 4.71239 0.0566084
105 4.71239 0.021184
106 4.71239 -0.0286581
107 4.71239 0.138823
108 4.71239 -0.131796
109 4.71239 -0.117228
110 4.71239 0.0229372
111 4.71239 -0.120104
112 4.71239 0.154451
113 4.71239 0.0154672
114 4.71239 0.0590429
115 4.71239 -0.119579
116 4.71239 0.167295
117 4.71239 -0.112273
118 4.71239 -0.0212412
119 4.71239 -0.0951006
120 4.71239 0.0128447
121 4.71239 0.141115
122 4.71239 -0.0514287
123 4.71239 -0.0226924
124 4.71239 0.0258784
125 4.71239 -0.123262
126 4.71239 0.0661045
127 4.71239 -0.0881502
128 4.71239 -0.110105
129 4.71239 0.223818
130 4.71239 0.176869
131 4.71239 0.0422097
132 4.71239 -0.14858
133 4.71239 -0.0669822
134 4.71239 -0.0949671
135 4.71239 0.133407
136 4.71239 0.0359143
137 4.71239 0.0399739
138 4.71239 0.0770269
139 4.71239 0.173506
140 4.71239 0.106569
141 4.71239 -0.0936308
142 4.71239 -0.166107
143 4.71239 -0.126777
144 4.71239 -0.161459
145 4.71239 -0.0203522
146 4.71239 -0.00483873
147 4.71239 -0.143138
148 4.71239 -0.114517
149 4.71239 0.021439
150 4.71239 0.0769794
151 4.71239 -0.00531076
152 4.71239 0.184481
153 4.71239 0.211092
154 4.71239 -0.0136483
155 4.71239 -0.0586647
156 4.71239 -0.0571339
157 4.71239 -0.109407
158 4.71239 -0.0510596
159 4.71239 0.122496
160 4.71239 0.153983
161 4.71239 0.152872
162 4.71239 -0.075528
163 4.71239 0.019756
164 4.71239 0.147692
165 4.71239 0.0659352
166 4.71239 0.150582
167 4.71239 0.0520345
168 4.71239 0.137082
169 4.71239 0.109123
170 4.71239 0.0133559
171 4.71239 -0.0406558
172 4.71239 -0.110481
173 4.71239 0.0161774
174 4.71239 0.0227633
175 4.71239 0.0813549
176 4.71239 0.0403517
177 4.71239 -0.130153
178 4.71239 -0.189483
179 4.71239 -0.0413896
180 4.71239 -0.0395119
181 4.71239 -0.0980866
182 4.71239 0.0329087
183 4.71239 -0.101495
184 4.71239 0.21622
185 4.71239 0.137416
186 4.71239 0.138085
187 4.71239 0.153654
188 4.71239 -0.0781921
189 4.71239 -0.107978
190 4.71239 0.00571592
191 4.71239 -0.0158009
192 4.71239 0.0794254
193 4.71239 -0.000527
194 4.71239 -0.0844551
195 4.71239 -0.102332
196 4.71239 -0.212039
197 4.71239 -0.0659497
198 4.71239 0.0402531
199 4.71239 -0.116302
200 4.71239 0.189451
201 4.71239 0.0916903
202 4.71239 -0.123434
203 4.71239 0.118291
204 4.71239 -0.0237021
205 4.71239 -0.0269511
206 4.71239 0.0406688
207 4.71239 -0.0172055
208 4.71239 -0.074008
209 4.71239 0.0721041
210 4.71239 -0.0502973
211 4.71239 -0.115438
212 4.71239 -0.00998722
213 4.71239 -0.142417
214 4.71239 0.0822434
215 4.71239 0.125272
216 4.71239 0.179041
217 4.71239 0.168845
218 4.71239 0.190896
219 4.71239 0.25522
220 4.71239 -0.000777708
221 4.71239 0.0430777
222 4.71239 -0.0846741
223 4.71239 -0.1194
224 4.71239 -0.0202307
225 4.71239 -0.0119349
226 4.71239 -0.000677639
227 4.71239 0.054808
228 4.71239 -0.109678
229 4.71239 -0.0261896
230 4.71239 -0.0490219
231 4.71239 -0.208163
232 4.71239 -0.142024
233 4.71239 0.104907
234 4.71239 -0.0517709
235 4.71239 -0.299455
236 4.71239 0.140031
237 4.71239 0.0313167
238 4.71239 0.0622521
239 4.71239 -0.231545
240 4.71239 -0.0216107
241 4.71239 -0.0869817
242 4.71239 -0.234685
243 4.71239 -0.141995
244 4.71239 -0.00943252
245 4.71239 0.150639
246 4.71239 0.084074
247 4.71239 -0.0695947
248 4.71239 0.147159
249 4.71239 0.0328639
250 4.71239 0.0472633
251 4.71239 0.00807499
252 4.71239 0.0526871
253 4.71239 0.138573
254 4.71239 0.127018
255 4.71239 -0.0173232
256 4.71239 0.102123
257 4.71239 0.093846
258 4.71239 0.0240761
259 4.71239 -0.0968625
260 4.71239 -0.0174817
261 4.71239 -0.157051
262 4.71239 0.0903223
263 4.71239 -0.0613764
264 4.71239 -0.0500998
265 4.71239 -0.0135511
266 4.71239 -0.0140189
267 4.71239 -0.0265115
268 4.71239 0.0593001
269 4.71239 0.0985013
270 4.71239 -0.0572054
271 4.71239 -0.0783478
272 4.71239 0.0308162
273 4.71239 -0.153551
274 4.71239 0.0727484
275 4.71239 -0.130217
276 4.71239 -0.0173808
277 4.71239 -0.00873504
278 4.71239 -0.0440805
279 4.71239 0.0972666
280 4.71239 -0.126179
281 4.71239 0.0662197
282 4.71239 0.0313903
283 4.71239 -0.0307746
284 4.71239 0.0965455
285 4.71239 0.0881804
286 4.71239 0.0581742
287 4.71239 -0.294732
288 4.71239 -0.12578
289 4.71239 0.259867
290 4.71239 -0.0770073
291 4.71239 -0.105256
292 4.71239 -0.140511
293 4.71239 -0.152385
294 4.71239 -0.178383
295 4.71239 0.0595698
296 4.71239 -0.0592627
297 4.71239 0.031545
298 4.71239 0.00269369
299 4.71239 -0.0616774
300 4.71239 0.117106
301 4.71239 0.143291
302 4.71239 0.0312719
303 4.71239 0.0669069
304 4.71239 0.00664877
305 4.71239 0.0734028
306 4.71239 0.0791891
307 4.71239 0.131243
308 4.71239 0.249339
309 4.71239 0.0569031
310 4.71239 0.0787134
311 4.71239 -0.0746948
312 4.71239 0.0456981
313 4.71239 0.271509
314 4.71239 -0.0981483
315 4.71239 0.00504479
316 4.71239 -0.101758
317 4.71239 -0.0311357
318 4.71239 0.0963379
319 4.71239 -0.057839
320 4.71239 -0.0916026
321 4.71239 0.0162844
322 4.71239 0.1093
323 4.71239 0.129616
324 4.71239 0.0938655
325 4.71239 -0.00908978
326 4.71239 0.107162
327 4.71239 -0.164619
328 4.71239 -0.0339223
329 4.71239 0.0255359
330 4.71239 0.0267055
331 4.71239 -0.191831
332 4.71239 0.0737268
333 4.71239 -0.0857642
334 4.71239 -0.0781725
335 4.71239 -0.135726
336 4.71239 -0.0654811
337 4.71239 0.0183693
338 4.71239 0.0319701
339 4.71239 0.132794
340 4.71239 0.213582
341 4.71239 -0.178322
342 4.71239 0.0129527
343 4.71239 -0.0500833
344 4.71239 0.0358533
345 4.71239 -0.0444154
346 4.71239 -0.0569716
347 4.71239 -0.0218157
348 4.71239 0.195835
349 4.71239 -0.0966827
350 4.71239 -0.0252686
351 4.71239 0.0178621
352 4.71239 -0.0216631
353 4.71239 0.0857997
354 4.71239 -0.133755
355 4.71239 -0.192232
356 4.71239 0.165286
357 4.71239 -0.123235
358 4.71239 0.0658264
359 4.71239 -0.0582881
360 4.71239 0.245024
361 4.71239 -0.139957
362 4.71239 0.0233268
363 4.71239 0.117236
364 4.71239 0.0857084
365 4.71239 0.00523078
366 4.71239 0.118971
367 4.71239 -0.168469
368 4.71239 -0.0271527
369 4.71239 0.000383828
370 4.71239 -0.0313893
371 4.71239 0.0617161
372 4.71239 -0.0247652
373 4.71239 0.0386048
374 4.71239 0.170774
375 4.71239 0.0826766
376 4.71239 -0.0167495
377 4.71239 0.0437942
378 4.71239 -0.0799659
379 4.71239 0.0108273
380 4.71239 0.023751
381 4.71239 0.0136302
382 4.71239 -0.0923816
383 4.71239 -0.143264
384 4.71239 -0.0130459
385 4.71239 -0.0413391
386 4.71239 0.0998423
387 4.71239 0.1304
388 4.71239 -0.0998769
389 4.71239 -0.104839
390 4.71239 0.121106
391 4.71239 0.164251
392 4.71239 0.0775319
393 4.71239 0.172747
394 4.71239 -0.0250825
395 4.71239 -0.0590615
396 4.71239 0.101796
397 4.71239 -0.0374728
398 4.71239 0.036724
399 4.71239 -0.0995521
400 4.71239 -0.00844823
401 4.71239 0.0554636
402 4.71239 0.137461
403 4.71239 -0.115483
404 4.71239 -0.0290856
405 4.71239 -0.164578
406 4.71239 0.0626659
407 4.71239 -0.254312
408 4.71239 -0.141878
409 4.71239 0.132318
410 4.71239 0.373208
411 4.71239 0.0428736
412 4.71239 -0.00990921
413 4.71239 0.110267
414 4.71239 -0.155098
415 4.71239 -0.0449617
416 4.71239 0.0560982
417 4.71239 0.111282
418 4.71239 -0.0418745
419 4.71239 -0.0436491
420 4.71239 -0.186327
421 4.71239 0.003782
422 4.71239 0.21357
423 4.71239 -0.0401491
424 4.71239 -0.0731296
425 4.71239 -0.223359
426 4.71239 -0.0390716
427 4.71239 -0.083601
428 4.71239 -0.0473553
429 4.71239 0.0146514
430 4.71239 0.0177316
431 4.71239 0.159173
432 4.71239 0.0869655
433 4.71239 0.0214922
434 4.71239 -0.141577
435 4.71239 0.0842633
436 4.71239 -0.143299
437 4.71239 0.0193513
438 4.71239 -0.0229782
439 4.71239 0.026616
440 4.71239 -0.0729211
441 4.71239 -0.0614548
442 4.71239 0.117506
443 4.71239 -0.0300389
444 4.71239 0.139734
445 4.71239 -0.207609
446 4.71239 -0.125651
447 4.71239 0.144458
448 4.71239 0.137845
449 4.71239 0.113842
450 4.71239 -0.103459
451 4.71239 0.0317861
452 4.71239 -0.137411
453 4.71239 -0.0546811
454 4.71239 0.101239
455 4.71239 -0.0905186
456 4.71239 0.175509
457 4.71239 0.0151679
458 4.71239 -0.0156282
459 4.71239 0.0775207
460 4.71239 -0.0660448
461 4.71239 -0.15489
462 4.71239 -0.164342
463 4.71239 -0.0676663
464 4.71239 -0.0314165
465 4.71239 -0.163824
466 4.71239 0.178158
467 4.71239 -0.0262525
468 4.71239 -0.0498398
469 4.71239 -0.0601453
470 4.71239 0.0388513
471 4.71239 0.0530807
472 4.71239 0.0373991
473 4.71239 -0.188733
474 4.71239 -0.0437403
475 4.71239 0.0140716
476 4.71239 -0.0788575
477 4.71239 -0.0651362
478 4.71239 0.0629845
479 4.71239 -0.181595
480 4.71239 0.131944
481 4.71239 0.0183424
482 4.71239 0.045236
483 4.71239 0.0691928
484 4.71239 -0.166512
485 4.71239 0.00483574
486 4.71239 -0.0177118
487 4.71239 0.0698967
488 4.71239 0.0604772
489 4.71239 0.0218807
490 4.71239 -0.0647508
491 4.71239 -0.00657923
492 4.71239 -0.073892
493 4.71239 -0.0269988
494 4.71239 -0.12343
495 4.71239 -0.077861
496 4.71239 0.188951
497 4.71239 0.0534795
498 4.71239 -0.0860217
499 4.71239 -0.0135572
500 4.71239 0.21109
501 4.71239 -0.0135497
502 4.71239 -0.0860311
503 4.71239 0.0534739
504 4.71239 0.188935
505 4.71239 -0.0778424
506 4.71239 -0.123425
507 4.71239 -0.0270025
508 4.71239 -0.073892
509 4.71239 -0.00657507
510 4.71239 -0.0647655
511 4.71239 0.0218862
512 4.71239 0.0604723
513 4.71239 0.0698922
514 4.71239 -0.0177179
515 4.71239 0.00482232
516 4.71239 -0.166514
517 4.71239 0.0692141
518 4.71239 0.0452304
519 4.71239 0.0183474
520 4.71239 0.131943
521 4.71239 -0.181595
522 4.71239 0.0629792
523 4.71239 -0.0651259
524 4.71239 -0.0788377
525 4.71239 0.0140801
526 4.71239 -0.0437354
527 4.71239 -0.188739
528 4.71239 0.0373949
529 4.71239 0.053091
530 4.71239 0.0388354
531 4.71239 -0.060148
532 4.71239 -0.0498341
533 4.71239 -0.026252
534 4.71239 0.178166
535 4.71239 -0.163813
536 4.71239 -0.0314198
537 4.71239 -0.0676566
538 4.71239 -0.16435
539 4.71239 -0.154891
540 4.71239 -0.066033
541 4.71239 0.0775249
542 4.71239 -0.0156203
543 4.71239 0.0151671
544 4.71239 0.175508
545 4.71239 -0.0905104
546 4.71239 0.101248
547 4.71239 -0.054691
548 4.71239 -0.137402
549 4.71239 0.0317947
550 4.71239 -0.103466
551 4.71239 0.113842
552 4.71239 0.137837
553 4.71239 0.144455
554 4.71239 -0.125647
555 4.71239 -0.207601
556 4.71239 0.139746
557 4.71239 -0.0300505
558 4.71239 0.11751
559 4.71239 -0.0614625
560 4.71239 -0.072922
561 4.71239 0.0266255
562 4.71239 -0.0229899
563 4.71239 0.0193536
564 4.71239 -0.143297
565 4.71239 0.0842526
566 4.71239 -0.141583
567 4.71239 0.0214807
568 4.71239 0.086965
569 4.71239 0.159168
570 4.71239 0.0177215
571 4.71239 0.0146381
572 4.71239 -0.047345
573 4.71239 -0.0836041
574 4.71239 -0.0390561
575 4.71239 -0.223359
576 4.71239 -0.0731301
577 4.71239 -0.040148
578 4.71239 0.213571
579 4.71239 0.00377949
580 4.71239 -0.186314
581 4.71239 -0.0436549
582 4.71239 -0.0418691
583 4.71239 0.11128
584 4.71239 0.0560839
585 4.71239 -0.0449603
586 4.71239 -0.155088
587 4.71239 0.110268
588 4.71239 -0.00989506
589 4.71239 0.0428732
590 4.71239 0.37321
591 4.71239 0.132337
592 4.71239 -0.141886
593 4.71239 -0.254309
594 4.71239 0.0626704
595 4.71239 -0.164569
596 4.71239 -0.0290809
597 4.71239 -0.115504
598 4.71239 0.137451
599 4.71239 0.0554556
600 4.71239 -0.00845947
601 4.71239 -0.0995618
602 4.71239 0.0367261
603 4.71239 -0.0374581
604 4.71239 0.101811
605 4.71239 -0.0590769
606 4.71239 -0.0250721
607 4.71239 0.17275
608 4.71239 0.0775157
609 4.71239 0.164253
610 4.71239 0.121105
611 4.71239 -0.104849
612 4.71239 -0.0998602
613 4.71239 0.130396
614 4.71239 0.0998377
615 4.71239 -0.0413462
616 4.71239 -0.013058
617 4.71239 -0.143263
618 4.71239 -0.0923847
619 4.71239 0.0136106
620 4.71239 0.0237522
621 4.71239 0.0108179
622 4.71239 -0.0799494
623 4.71239 0.0437779
624 4.71239 -0.0167705
625 4.71239 0.0826952
626 4.71239 0.170781
627 4.71239 0.0386131
628 4.71239 -0.0247529
629 4.71239 0.0617315
630 4.71239 -0.0313954
631 4.71239 0.000372143
632 4.71239 -0.0271443
633 4.71239 -0.168463
634 4.71239 0.11898
635 4.71239 0.00522455
636 4.71239 0.0857195
637 4.71239 0.117225
638 4.71239 0.0233411
639 4.71239 -0.139973
640 4.71239 0.245025
641 4.71239 -0.058299
642 4.71239 0.0658312
643 4.71239 -0.123233
644 4.71239 0.165288
645 4.71239 -0.192245
646 4.71239 -0.133759
647 4.71239 0.0857911
648 4.71239 -0.0216577
649 4.71239 0.0178519
650 4.71239 -0.0252698
651 4.71239 -0.0966818
652 4.71239 0.195824
653 4.71239 -0.0218076
654 4.71239 -0.0569901
655 4.71239 -0.0444238
656 4.71239 0.0358573
657 4.71239 -0.0500933
658 4.71239 0.0129584
659 4.71239 -0.178318
660 4.71239 0.213571
661 4.71239 0.132788
662 4.71239 0.0319865
663 4.71239 0.0183527
664 4.71239 -0.0654879
665 4.71239 -0.13572
666 4.71239 -0.0781738
667 4.71239 -0.0857508
668 4.71239 0.0737233
669 4.71239 -0.191832
670 4.71239 0.0267189
671 4.71239 0.0255404
672 4.71239 -0.0339176
673 4.71239 -0.164614
674 4.71239 0.107147
675 4.71239 -0.00908806
676 4.71239 0.0938634
677 4.71239 0.129608
678 4.71239 0.109288
679 4.71239 0.0162951
680 4.71239 -0.0916002
681 4.71239 -0.0578373
682 4.71239 0.0963481
683 4.71239 -0.03113
684 4.71239 -0.101754
685 4.71239 0.00503928
686 4.71239 -0.0981577
687 4.71239 0.271526
688 4.71239 0.0457026
689 4.71239 -0.0746978
690 4.71239 0.0787217
691 4.71239 0.0569142
692 4.71239 0.249341
693 4.71239 0.131244
694 4.71239 0.0792037
695 4.71239 0.0733949
696 4.71239 0.00666509
697 4.71239 0.0669045
698 4.71239 0.0312732
699 4.71239 0.143302
700 4.71239 0.117091
701 4.71239 -0.0616774
702 4.71239 0.00267503
703 4.71239 0.0315457
704 4.71239 -0.0592582
705 4.71239 0.0595679
706 4.71239 -0.178388
707 4.71239 -0.152378
708 4.71239 -0.140513
709 4.71239 -0.105254
710 4.71239 -0.0770168
711 4.71239 0.25986
712 4.71239 -0.125778
713 4.71239 -0.294731
714 4.71239 0.0581582
715 4.71239 0.0881961
716 4.71239 0.0965477
717 4.71239 -0.030765
718 4.71239 0.0313902
719 4.71239 0.066223
720 4.71239 -0.126157
721 4.71239 0.0972522
722 4.71239 -0.0440981
723 4.71239 -0.00872132
724 4.71239 -0.0173825
725 4.71239 -0.130221
726 4.71239 0.0727485
727 4.71239 -0.153553
728 4.71239 0.030818
729 4.71239 -0.0783435
730 4.71239 -0.0572049
731 4.71239 0.0985055
732 4.71239 0.0592925
733 4.71239 -0.0265197
734 4.71239 -0.0140196
735 4.71239 -0.0135499
736 4.71239 -0.0500924
737 4.71239 -0.0613771
738 4.71239 0.0903309
739 4.71239 -0.157054
740 4.71239 -0.0174975
741 4.71239 -0.0968644
742 4.71239 0.0240813
743 4.71239 0.0938358
744 4.71239 0.102132
745 4.71239 -0.0173263
746 4.71239 0.127019
747 4.71239 0.138568
748 4.71239 0.0526703
749 4.71239 0.00807524
750 4.71239 0.0472625
751 4.71239 0.0328447
752 4.71239 0.14716
753 4.71239 -0.0696002
754 4.71239 0.0840688
755 4.71239 0.150632
756 4.71239 -0.00944795
757 4.71239 -0.142004
758 4.71239 -0.234683
759 4.71239 -0.0869933
760 4.71239 -0.0216026
761 4.71239 -0.231554
762 4.71239 0.0622512
763 4.71239 0.0313143
764 4.71239 0.140024
765 4.71239 -0.299459
766 4.71239 -0.0517566
767 4.71239 0.104906
768 4.71239 -0.142017
769 4.71239 -0.208156
770 4.71239 -0.0490268
771 4.71239 -0.026201
772 4.71239 -0.109686
773 4.71239 0.05482
774 4.71239 -0.000684501
775 4.71239 -0.0119378
776 4.71239 -0.0202292
777 4.71239 -0.119396
778 4.71239 -0.084673
779 4.71239 0.0430832
780 4.71239 -0.000773159
781 4.71239 0.255221
782 4.71239 0.190893
783 4.71239 0.168851
784 4.71239 0.179039
785 4.71239 0.125267
786 4.71239 0.0822451
787 4.71239 -0.142409
788 4.71239 -0.00999328
789 4.71239 -0.11545
790 4.71239 -0.050297
791 4.71239 0.0720912
792 4.71239 -0.0740064
793 4.71239 -0.0172235
794 4.71239 0.0406752
795 4.71239 -0.0269587
796 4.71239 -0.0237081
797 4.71239 0.118282
798 4.71239 -0.123432
799 4.71239 0.0916721
800 4.71239 0.189461
801 4.71239 -0.116298
802 4.71239 0.0402422
803 4.71239 -0.065944
804 4.71239 -0.212037
805 4.71239 -0.102332
806 4.71239 -0.0844344
807 4.71239 -0.000531509
808 4.71239 0.0794181
809 4.71239 -0.0158117
810 4.71239 0.00570609
811 4.71239 -0.10799
812 4.71239 -0.0781907
813 4.71239 0.153657
814 4.71239 0.138094
815 4.71239 0.137407
816 4.71239 0.216219
817 4.71239 -0.101499
818 4.71239 0.0329079
819 4.71239 -0.0980987
820 4.71239 -0.0395236
821 4.71239 -0.0413717
822 4.71239 -0.189483
823 4.71239 -0.130144
824 4.71239 0.0403613
825 4.71239 0.0813625
826 4.71239 0.0227647
827 4.71239 0.0161778
828 4.71239 -0.11049
829 4.71239 -0.0406432
830 4.71239 0.0133814
831 4.71239 0.109119
832 4.71239 0.137094
833 4.71239 0.0520173
834 4.71239 0.150578
835 4.71239 0.0659368
836 4.71239 0.147675
837 4.71239 0.0197626
838 4.71239 -0.0755387
839 4.71239 0.152884
840 4.71239 0.153998
841 4.71239 0.122489
842 4.71239 -0.051045
843 4.71239 -0.109418
844 4.71239 -0.0571378
845 4.71239 -0.05867
846 4.71239 -0.0136281
847 4.71239 0.211097
848 4.71239 0.184458
849 4.71239 -0.00532633
850 4.71239 0.0769688
851 4.71239 0.0214459
852 4.71239 -0.114522
853 4.71239 -0.143141
854 4.71239 -0.00484749
855 4.71239 -0.0203428
856 4.71239 -0.161458
857 4.71239 -0.126767
858 4.71239 -0.166094
859 4.71239 -0.0936454
860 4.71239 0.10657
861 4.71239 0.173498
862 4.71239 0.0770156
863 4.71239 0.0399785
864 4.71239 0.0359054
865 4.71239 0.133408
866 4.71239 -0.094965
867 4.71239 -0.0669821
868 4.71239 -0.148557
869 4.71239 0.0422124
870 4.71239 0.176864
871 4.71239 0.223829
872 4.71239 -0.110106
873 4.71239 -0.088142
874 4.71239 0.0661022
875 4.71239 -0.123268
876 4.71239 0.025904
877 4.71239 -0.0226776
878 4.71239 -0.0514487
879 4.71239 0.141128
880 4.71239 0.0128402
881 4.71239 -0.0951035
882 4.71239 -0.0212428
883 4.71239 -0.112272
884 4.71239 0.167297
885 4.71239 -0.119587
886 4.71239 0.0590351
887 4.71239 0.0154648
888 4.71239 0.154453
889 4.71239 -0.120116
890 4.71239 0.0229536
891 4.71239 -0.117233
892 4.71239 -0.13177
893 4.71239 0.138825
894 4.71239 -0.0286516
895 4.71239 0.0211757
896 4.71239 0.0566058
897 4.71239 0.0263195
898 4.71239 0.0314589
899 4.71239 0.0250132
900 4.71239 0.151478
901 4.71239 0.0640025
902 4.71239 0.0328349
903 4.71239 -0.0895212
904 4.71239 0.0719688
905 4.71239 -0.0255117
906 4.71239 0.00961136
907 4.71239 -0.192847
908 4.71239 0.0784414
909 4.71239 -0.0293737
910 4.71239 -0.164889
911 4.71239 -0.0763443
912 4.71239 -0.243767
913 4.71239 -0.0217446
914 4.71239 0.115718
915 4.71239 0.0550827
916 4.71239 0.0549587
917 4.71239 -0.0737389
918 4.71239 0.0253972
919 4.71239 0.0354412
920 4.71239 0.0349453
921 4.71239 0.0663488
922 4.71239 0.136167
923 4.71239 0.19476
924 4.71239 0.133408
925 4.71239 -0.0172734
926 4.71239 -0.0137934
927 4.71239 0.175543
928 4.71239 -0.0393017
929 4.71239 0.0463822
930 4.71239 -0.216463
931 4.71239 0.0856255
932 4.71239 0.123438
933 4.71239 -0.058381
934 4.71239 -0.0501262
935 4.71239 0.114028
936 4.71239 0.189247
937 4.71239 0.107396
938 4.71239 0.0286789
939 4.71239 -0.0424141
940 4.71239 0.161049
941 4.71239 0.312618
942 4.71239 0.0520552
943 4.71239 -0.0182558
944 4.71239 -0.0250058
945 4.71239 0.0773344
946 4.71239 0.0128259
947 4.71239 0.0951839
948 4.71239 0.178675
949 4.71239 0.0274825
950 4.71239 0.19506
951 4.71239 0.13216
952 4.71239 -0.00442142
953 4.71239 -0.0812114
954 4.71239 -0.143542
955 4.71239 0.0343818
956 4.71239 0.140927
957 4.71239 0.0377029
958 4.71239 0.0673573
959 4.71239 0.0739221
960 4.71239 -0.146004
961 4.71239 -0.0113069
962 4.71239 -0.13979
963 4.71239 -0.0375817
964 4.71239 0.245881
965 4.71239 -0.0136731
966 4.71239 -0.0727567
967 4.71239 0.160594
968 4.71239 0.0237821
969 4.71239 0.111023
970 4.71239 -0.0676862
971 4.71239 -0.0510357
972 4.71239 -0.00966717
973 4.71239 0.10716
974 4.71239 0.0789381
975 4.71239 0.158472
976 4.71239 0.0362303
977 4.71239 0.146066
978 4.71239 -0.0992724
979 4.71239 0.144926
980 4.71239 -0.13735
981 4.71239 0.301926
982 4.71239 -0.15007
983 4.71239 -0.143601
984 4.71239 0.00692663
985 4.71239 -0.143082
986 4.71239 -0.0739844
987 4.71239 0.115182
988 4.71239 0.137105
989 4.71239 -0.0232187
990 4.71239 0.0145863
991 4.71239 -0.0314839
992 4.71239 0.172323
993 4.71239 -0.0721879
994 4.71239 -0.111833
995 4.71239 0.0829075
996 4.71239 -0.0664232
997 4.71239 -0.0197333
998 4.71239 -0.00116455
999 4.71239 0.0611407
1000 4.71239 -0.0237433
1 5.02655 0.10175
2 5.02655 0.0126812
3 5.02655 0.0199545
4 5.02655 -0.129568
5 5.02655 0.0975679
6 5.02655 -0.0858571
7 5.02655 -0.0992606
8 5.02655 0.188279
9 5.02655 -0.112863
10 5.02655 -0.0280075
11 5.02655 -0.0258997
12 5.02655 0.113535
13 5.02655 0.088227
14 5.02655 -0.0567129
15 5.02655 -0.0888559
16 5.02655 -0.0487619
17 5.02655 -0.0351303
18 5.02655 -0.10121
19 5.02655 0.256284
20 5.02655 -0.116398
21 5.02655 0.158622
22 5.02655 -0.144739
23 5.02655 0.150987
24 5.02655 0.0169485
25 5.02655 0.156158
26 5.02655 0.0631228
27 5.02655 0.0755057
28 5.02655 -0.00804435
29 5.02655 -0.00110092
30 5.02655 -0.106219
31 5.02655 0.118197
32 5.02655 0.0456641
33 5.02655 0.160358
34 5.02655 -0.0195614
35 5.02655 0.0259256
36 5.02655 0.284514
37 5.02655 -0.0137689
38 5.02655 -0.112735
39 5.02655 0.0413782
40 5.02655 -0.0598308
41 5.02655 0.0991163
42 5.02655 0.115154
43 5.02655 0.0369052
44 5.02655 0.186731
45 5.02655 0.0952365
46 5.02655 -0.157704
47 5.02655 -0.0807789
48 5.02655 -0.020521
49 5.02655 0.0871465
50 5.02655 0.204492
51 5.02655 0.0141598
52 5.02655 0.202329
53 5.02655 0.124219
54 5.02655 0.0903731
55 5.02655 0.100944
56 5.02655 -0.0630028
57 5.02655 -0.00328363
58 5.02655 0.0895338
59 5.02655 0.241473
60 5.02655 0.168804
61 5.02655 -0.021096
62 5.02655 -0.00673012
63 5.02655 0.0893595
64 5.02655 0.208579
65 5.02655 0.0245229
66 5.02655 0.014883
67 5.02655 -0.0622684
68 5.02655 0.158643
69 5.02655 -0.00714261
70 5.02655 -0.214556
71 5.02655 0.12821
72 5.02655 -0.0613863
73 5.02655 0.20367
74 5.02655 -0.0662335
75 5.02655 0.0226272
76 5.02655 0.154091
77 5.02655 0.184932
78 5.02655 0.174784
79 5.02655 0.0557132
80 5.02655 0.0493024
81 5.02655 -0.00330126
82 5.02655 0.029461
83 5.02655 -0.0135077
84 5.02655 0.0665866
85 5.02655 0.0693707
86 5.02655 0.0609704
87 5.02655 -0.0226057
88 5.02655 -0.206079
89 5.02655 -0.0690456
90 5.02655 -0.103367
91 5.02655 -0.00138961
92 5.02655 0.0708992
93 5.02655 -0.203897
94 5.02655 0.0192484
95 5.02655 -0.0212014
96 5.02655 0.0411706
97 5.02655 -0.0821953
98 5.02655 0.0303909
99 5.02655 0.0602578
100 5.02655 0.148252
101 5.02655 0.00306026
102 5.02655 0.0255741
103 5.02655 0.0118679
104 5.02655 -0.0223869
105 5.02655 0.0460248
106 5.02655 -0.0966025
107 5.02655 0.129781
108 5.02655 -0.151419
109 5.02655 -0.201814
110 5.02655 0.0188926
111 5.02655 -0.125283
112 5.02655 0.211152
113 5.02655 0.0339072
114 5.02655 -0.0240415
115 5.02655 -0.132796
116 5.02655 0.175887
117 5.02655 -0.121891
118 5.02655 -0.0715763
119 5.02655 -0.178021
120 5.02655 0.000559012
121 5.02655 0.169761
122 5.02655 -0.0363761
123 5.02655 -0.0246842
124 5.02655 0.0191676
125 5.02655 -0.109749
126 5.02655 0.0383756
127 5.02655 -0.0780825
128 5.02655 -0.154647
129 5.02655 0.248076
130 5.02655 0.115319
131 5.02655 0.0775466
132 5.02655 -0.161324
133 5.02655 -0.0465038
134 5.02655 -0.115414
135 5.02655 0.127758
136 5.02655 0.0193864
137 5.02655 0.0317552
138 5.02655 0.0189861
139 5.02655 0.200293
140 5.02655 0.117278
141 5.02655 -0.0992142
142 5.02655 -0.179803
143 5.02655 -0.154043
144 5.02655 -0.161007
145 5.02655 0.00869818
146 5.02655 -0.0414116
147 5.02655 -0.116079
148 5.02655 -0.0464224
149 5.02655 0.00115723
150 5.02655 0.0460392
151 5.02655 0.00762317
152 5.02655 0.164816
153 5.02655 0.20312
154 5.02655 0.00306825
155 5.02655 -0.0781778
156 5.02655 -0.088743
157 5.02655 -0.104545
158 5.02655 0.00934443
159 5.02655 0.104208
160 5.02655 0.139451
161 5.02655 0.13573
162 5.02655 -0.147245
163 5.02655 -0.000308778
164 5.02655 0.102987
165 5.02655 0.10213
166 5.02655 0.158918
167 5.02655 0.0998246
168 5.02655 0.177118
169 5.02655 0.114898
170 5.02655 0.00788054
171 5.02655 -0.0286903
172 5.02655 -0.171286
173 5.02655 0.00322294
174 5.02655 0.0499846
175 5.02655 0.00560866
176 5.02655 0.0633731
177 5.02655 -0.0902475
178 5.02655 -0.185857
179 5.02655 0.000658359
180 5.02655 -0.0401882
181 5.02655 -0.121963
182 5.02655 -0.0148384
183 5.02655 -0.148372
184 5.02655 0.208891
185 5.02655 0.139676
186 5.02655 0.170574
187 5.02655 0.151894
188 5.02655 -0.0646912
189 5.02655 -0.117766
190 5.02655 0.0122976
191 5.02655 -0.0570849
192 5.02655 0.0774494
193 5.02655 -0.0215661
194 5.02655 -0.151476
195 5.02655 -0.0889475
196 5.02655 -0.223201
197 5.02655 -0.0390318
198 5.02655 0.0560491
199 5.02655 -0.129734
200 5.02655 0.228912
201 5.02655 0.134411
202 5.02655 -0.107617
203 5.02655 0.129028
204 5.02655 -0.0175146
205 5.02655 -0.00818963
206 5.02655 0.0357114
207 5.02655 -0.0265803
208 5.02655 -0.0658857
209 5.02655 0.102687
210 5.02655 -0.0482281
211 5.02655 -0.154897
212 5.02655 0.0409211
213 5.02655 -0.155248
214 5.02655 0.0722836
215 5.02655 0.119753
216 5.02655 0.244476
217 5.02655 0.0806154
218 5.02655 0.178009
219 5.02655 0.240294
220 5.02655 0.030783
221 5.02655 -0.0105264
222 5.02655 -0.0518191
223 5.02655 -0.114722
224 5.02655 -0.0408417
225 5.02655 -0.0157913
226 5.02655 -0.0596642
227 5.02655 0.065709
228 5.02655 -0.100246
229 5.02655 -0.0165489
230 5.02655 -0.0158374
231 5.02655 -0.212761
232 5.02655 -0.192309
233 5.02655 0.119931
234 5.02655 -0.0306111
235 5.02655 -0.243969
236 5.02655 0.11628
237 5.02655 0.00556714
238 5.02655 0.0224837
239 5.02655 -0.254453
240 5.02655 -0.0322688
241 5.02655 -0.0830064
242 5.02655 -0.204208
243 5.02655 -0.17098
244 5.02655 0.009384
245 5.02655 0.106923
246 5.02655 0.114595
247 5.02655 -0.0180776
248 5.02655 0.104715
249 5.02655 0.0513052
250 5.02655 0.0570298
251 5.02655 0.000919152
252 5.02655 -0.021499
253 5.02655 0.0392562
254 5.02655 0.142716
255 5.02655 -0.0376943
256 5.02655 0.093618
257 5.02655 0.0813265
258 5.02655 0.0557324
259 5.02655 -0.116169
260 5.02655 -0.0478957
261 5.02655 -0.143551
262 5.02655 0.0731961
263 5.02655 -0.0642186
264 5.02655 -0.0267256
265 5.02655 -0.0117997
266 5.02655 -0.0117195
267 5.02655 -0.0131137
268 5.02655 0.0114574
269 5.02655 0.0593695
270 5.02655 -0.0516165
271 5.02655 -0.126674
272 5.02655 0.0862956
273 5.02655 -0.17045
274 5.02655 0.0952011
275 5.02655 -0.0875088
276 5.02655 0.036626
277 5.02655 0.0340942
278 5.02655 -0.0398255
279 5.02655 0.103957
280 5.02655 -0.0996319
281 5.02655 0.0316938
282 5.02655 0.0347829
283 5.02655 -0.0321987
284 5.02655 0.105947
285 5.02655 0.115836
286 5.02655 0.00361065
287 5.02655 -0.271451
288 5.02655 -0.179863
289 5.02655 0.180031
290 5.02655 -0.0399781
291 5.02655 -0.045266
292 5.02655 -0.127632
293 5.02655 -0.127428
294 5.02655 -0.0822884
295 5.02655 0.0534985
296 5.02655 0.00550377
297 5.02655 -0.0170538
298 5.02655 0.0312963
299 5.02655 -0.0531755
300 5.02655 0.017007
301 5.02655 0.236453
302 5.02655 0.0295419
303 5.02655 0.0900384
304 5.02655 -0.00389395
305 5.02655 0.0583039
306 5.02655 0.114656
307 5.02655 0.0453806
308 5.02655 0.254687
309 5.02655 0.142025
310 5.02655 0.100919
311 5.02655 -0.0930304
312 5.02655 0.126159
313 5.02655 0.255603
314 5.02655 -0.114662
315 5.02655 -0.0241931
316 5.02655 -0.0613769
317 5.02655 0.00282063
318 5.02655 0.0387276
319 5.02655 -0.093092
320 5.02655 -0.0334209
321 5.02655 0.0172319
322 5.02655 0.076192
323 5.02655 0.0880653
324 5.02655 0.102218
325 5.02655 0.00187786
326 5.02655 0.0988703
327 5.02655 -0.164552
328 5.02655 0.0109711
329 5.02655 0.0655699
330 5.02655 0.00233138
331 5.02655 -0.197019
332 5.02655 0.0894012
333 5.02655 -0.0931792
334 5.02655 -0.0647336
335 5.02655 -0.105448
336 5.02655 -0.0159366
337 5.02655 0.0472546
338 5.02655 0.0398772
339 5.02655 0.0772642
340 5.02655 0.219242
341 5.02655 -0.137402
342 5.02655 0.0116284
343 5.02655 -0.0574632
344 5.02655 -0.00908394
345 5.02655 -0.0233033
346 5.02655 -0.0381577
347 5.02655 -0.0194354
348 5.02655 0.229314
349 5.02655 -0.0872961
350 5.02655 0.00601992
351 5.02655 0.0929762
352 5.02655 -0.0370862
353 5.02655 0.0679736
354 5.02655 -0.0703199
355 5.02655 -0.235946
356 5.02655 0.134562
357 5.02655 -0.117965
358 5.02655 0.00125049
359 5.02655 0.0405309
360 5.02655 0.201325
361 5.02655 -0.115204
362 5.02655 0.0655559
363 5.02655 0.094982
364 5.02655 0.0801949
365 5.02655 0.0174145
366 5.02655 0.0584217
367 5.02655 -0.180685
368 5.02655 -0.0301535
369 5.02655 -0.277054
370 5.02655 0.0630088
371 5.02655 0.0770537
372 5.02655 -0.0420614
373 5.02655 0.0430494
374 5.02655 0.175597
375 5.02655 0.0795279
376 5.02655 0.0491985
377 5.02655 0.0399843
378 5.02655 -0.0501772
379 5.02655 0.0515775
380 5.02655 0.0713561
381 5.02655 -0.0143347
382 5.02655 -0.076176
383 5.02655 -0.136815
384 5.02655 -0.0150688
385 5.02655 -0.0694293
386 5.02655 0.0736217
387 5.02655 0.125573
388 5.02655 -0.0975737
389 5.02655 -0.0651645
390 5.02655 0.136917
391 5.02655 0.13872
392 5.02655 0.0762987
393 5.02655 0.17473
394 5.02655 -0.0208399
395 5.02655 -0.0240709
396 5.02655 0.117999
397 5.02655 0.0135665
398 5.02655 -0.026272
399 5.02655 -0.090585
400 5.02655 -0.00159418
401 5.02655 0.0332569
402 5.02655 0.151895
403 5.02655 -0.174688
404 5.02655 -0.021805
405 5.02655 -0.147926
406 5.02655 0.0348649
407 5.02655 -0.24139
408 5.02655 -0.188085
409 5.02655 0.0530722
410 5.02655 0.33063
411 5.02655 0.017788
412 5.02655 0.00534272
413 5.02655 0.134428
414 5.02655 -0.125992
415 5.02655 -0.0290793
416 5.02655 0.144777
417 5.02655 0.086766
418 5.02655 0.0140005
419 5.02655 -0.0208984
420 5.02655 -0.142332
421 5.02655 0.0764926
422 5.02655 0.250501
423 5.02655 0.003735
424 5.02655 -0.062175
425 5.02655 -0.217
426 5.02655 -0.0540361
427 5.02655 -0.0852675
428 5.02655 0.000113203
429 5.02655 0.0196682
430 5.02655 -0.0066432
431 5.02655 0.113706
432 5.02655 0.0541627
433 5.02655 -0.0381808
434 5.02655 -0.168296
435 5.02655 0.125094
436 5.02655 -0.207067
437 5.02655 0.0449397
438 5.02655 0.0136789
439 5.02655 -0.00500137
440 5.02655 -0.083772
441 5.02655 0.00350017
442 5.02655 0.00375001
443 5.02655 -0.0109512
444 5.02655 0.138628
445 5.02655 -0.279839
446 5.02655 -0.0821965
447 5.02655 0.174247
448 5.02655 0.104173
449 5.02655 0.037886
450 5.02655 -0.126109
451 5.02655 0.100309
452 5.02655 -0.186063
453 5.02655 -0.00381755
454 5.02655 0.0738136
455 5.02655 -0.0887768
456 5.02655 0.194444
457 5.02655 0.0493498
458 5.02655 -0.00536904
459 5.02655 0.0842169
460 5.02655 -0.128618
461 5.02655 -0.174936
462 5.02655 -0.180495
463 5.02655 -0.0955259
464 5.02655 -0.0262849
465 5.02655 -0.163648
466 5.02655 0.203058
467 5.02655 -0.0622555
468 5.02655 -0.0122503
469 5.02655 -0.087811
470 5.02655 -0.0186861
471 5.02655 -0.0185144
472 5.02655 0.0506104
473 5.02655 -0.189145
474 5.02655 -0.0676812
475 5.02655 0.0198575
476 5.02655 -0.116728
477 5.02655 -0.013983
478 5.02655 0.0401695
479 5.02655 -0.158286
480 5.02655 0.154602
481 5.02655 0.033889
482 5.02655 0.0507369
483 5.02655 0.087202
484 5.02655 -0.161227
485 5.02655 0.0365191
486 5.02655 -0.0140084
487 5.02655 0.097604
488 5.02655 0.0220469
489 5.02655 -0.0103509
490 5.02655 -0.120136
491 5.02655 -0.0175269
492 5.02655 -0.0916169
493 5.02655 0.0251936
494 5.02655 -0.103722
495 5.02655 -0.100014
496 5.02655 0.143535
497 5.02655 0.0700584
498 5.02655 -0.131995
499 5.02655 -0.0313464
500 5.02655 0.200759
501 5.02655 0.00556737
502 5.02655 -0.0316346
503 5.02655 0.0316599
504 5.02655 0.215851
505 5.02655 -0.0480709
506 5.02655 -0.131052
507 5.02655 -0.076547
508 5.02655 -0.0489359
509 5.02655 0.0050181
510 5.02655 -0.0030395
511 5.02655 0.0519737
512 5.02655 0.0929855
513 5.02655 0.0353403
514 5.02655 -0.0196867
515 5.02655 -0.0273369
516 5.02655 -0.155506
517 5.02655 0.0444302
518 5.02655 0.0353025
519 5.02655 0.00100428
520 5.02655 0.0963676
521 5.02655 -0.187129
522 5.02655 0.0796261
523 5.02655 -0.109904
524 5.02655 -0.0332513
525 5.02655 0.00692106
526 5.02655 -0.0155109
527 5.02655 -0.169851
528 5.02655 0.0205224
529 5.02655 0.11949
530 5.02655 0.0925748
531 5.02655 -0.0266006
532 5.02655 -0.0825467
533 5.02655 0.0123217
534 5.02655 0.135823
535 5.02655 -0.147952
536 5.02655 -0.0334758
537 5.02655 -0.0331734
538 5.02655 -0.132108
539 5.02655 -0.119686
540 5.02655 0.00300292
541 5.02655 0.0632409
542 5.02655 -0.0243489
543 5.02655 -0.0204997
544 5.02655 0.139395
545 5.02655 -0.0833929
546 5.02655 0.118765
547 5.02655 -0.100201
548 5.02655 -0.0752993
549 5.02655 -0.0398395
550 5.02655 -0.0706806
551 5.02655 0.178652
552 5.02655 0.158019
553 5.02655 0.100522
554 5.02655 -0.1568
555 5.02655 -0.115049
556 5.02655 0.127177
557 5.02655 -0.046195
558 5.02655 0.219763
559 5.02655 -0.120401
560 5.02655 -0.0549327
561 5.02655 0.0556407
562 5.02655 -0.0573974
563 5.02655 -0.00812855
564 5.02655 -0.0654995
565 5.02655 0.0351755
566 5.02655 -0.101006
567 5.02655 0.0790498
568 5.02655 0.111255
569 5.02655 0.189054
570 5.02655 0.0403631
571 5.02655 0.00818214
572 5.02655 -0.0901823
573 5.02655 -0.073755
574 5.02655 -0.0202679
575 5.02655 -0.207853
576 5.02655 -0.0769279
577 5.02655 -0.0800987
578 5.02655 0.155731
579 5.02655 -0.0693022
580 5.02655 -0.212069
581 5.02655 -0.0621309
582 5.02655 -0.0936484
583 5.02655 0.124906
584 5.02655 -0.0380821
585 5.02655 -0.0564485
586 5.02655 -0.169013
587 5.02655 0.0753154
588 5.02655 -0.0241791
589 5.02655 0.0637642
590 5.02655 0.379256
591 5.02655 0.198631
592 5.02655 -0.0817838
593 5.02655 -0.242342
594 5.02655 0.0843395
595 5.02655 -0.165107
596 5.02655 -0.0335099
597 5.02655 -0.0449891
598 5.02655 0.109563
599 5.02655 0.0722349
600 5.02655 -0.0144872
601 5.02655 -0.0987883
602 5.02655 0.0961263
603 5.02655 -0.084834
604 5.02655 0.0756468
605 5.02655 -0.0882834
606 5.02655 -0.0268608
607 5.02655 0.15386
608 5.02655 0.0711634
609 5.02655 0.173702
610 5.02655 0.093442
611 5.02655 -0.13426
612 5.02655 -0.0923918
613 5.02655 0.122467
614 5.02655 0.116284
615 5.02655 -0.00920742
616 5.02655 -0.0097573
617 5.02655 -0.135689
618 5.02655 -0.0995428
619 5.02655 0.0402391
620 5.02655 -0.0261809
621 5.02655 -0.0309928
622 5.02655 -0.101914
623 5.02655 0.0433057
624 5.02655 -0.0810844
625 5.02655 0.0777444
626 5.02655 0.149239
627 5.02655 0.0303887
628 5.02655 -0.00503322
629 5.02655 0.0403546
630 5.02655 -0.122717
631 5.02655 0.277773
632 5.02655 -0.021488
633 5.02655 -0.139757
634 5.02655 0.167887
635 5.02655 -0.0074717
636 5.02655 0.0828424
637 5.02655 0.128006
638 5.02655 -0.0211689
639 5.02655 -0.151024
640 5.02655 0.264743
641 5.02655 -0.151413
642 5.02655 0.123961
643 5.02655 -0.11644
644 5.02655 0.179838
645 5.02655 -0.129712
646 5.02655 -0.184103
647 5.02655 0.0952171
648 5.02655 -0.00411233
649 5.02655 -0.0590095
650 5.02655 -0.0540858
651 5.02655 -0.0966018
652 5.02655 0.143175
653 5.02655 -0.0220533
654 5.02655 -0.0702263
655 5.02655 -0.0611881
656 5.02655 0.0772819
657 5.02655 -0.0378086
658 5.02655 0.0130102
659 5.02655 -0.201783
660 5.02655 0.187003
661 5.02655 0.175318
662 5.02655 0.0209478
663 5.02655 -0.0123275
664 5.02655 -0.108626
665 5.02655 -0.152716
666 5.02655 -0.0839649
667 5.02655 -0.0699387
668 5.02655 0.0508308
669 5.02655 -0.167865
670 5.02655 0.0484745
671 5.02655 -0.0169916
672 5.02655 -0.0754886
673 5.02655 -0.148567
674 5.02655 0.10495
675 5.02655 -0.0191683
676 5.02655 0.0763256
677 5.02655 0.15847
678 5.02655 0.131694
679 5.02655 0.013751
680 5.02655 -0.140816
681 5.02655 -0.016927
682 5.02655 0.14453
683 5.02655 -0.0620396
684 5.02655 -0.13217
685 5.02655 0.0337835
686 5.02655 -0.072041
687 5.02655 0.260851
688 5.02655 -0.0392296
689 5.02655 -0.0490505
690 5.02655 0.0488088
691 5.02655 -0.0337777
692 5.02655 0.219585
693 5.02655 0.204259
694 5.02655 0.0359886
695 5.02655 0.0813091
696 5.02655 0.016557
697 5.02655 0.0372274
698 5.02655 0.0299399
699 5.02655 0.0361195
700 5.02655 0.20573
701 5.02655 -0.0641404
702 5.02655 -0.0261889
703 5.02655 0.0770555
704 5.02655 -0.118223
705 5.02655 0.0598068
706 5.02655 -0.257021
707 5.02655 -0.162418
708 5.02655 -0.139635
709 5.02655 -0.15494
710 5.02655 -0.106507
711 5.02655 0.314258
712 5.02655 -0.0593843
713 5.02655 -0.28916
714 5.02655 0.107026
715 5.02655 0.0519054
716 5.02655 0.0776979
717 5.02655 -0.0263298
718 5.02655 0.0249261
719 5.02655 0.0942626
720 5.02655 -0.140348
721 5.02655 0.0810465
722 5.02655 -0.0440399
723 5.02655 -0.0506967
724 5.02655 -0.0696853
725 5.02655 -0.160185
726 5.02655 0.0431756
727 5.02655 -0.121623
728 5.02655 -0.0276762
729 5.02655 -0.0223507
730 5.02655 -0.0571908
731 5.02655 0.127997
732 5.02655 0.101333
733 5.02655 -0.0373212
734 5.02655 -0.0149469
735 5.02655 -0.0139751
736 5.02655 -0.0685633
737 5.02655 -0.0525255
738 5.02655 0.0986175
739 5.02655 -0.155181
740 5.02655 0.0146318
741 5.02655 -0.0680776
742 5.02655 -0.00992806
743 5.02655 0.0971661
744 5.02655 0.100643
745 5.02655 0.00474284
746 5.02655 0.0988902
747 5.02655 0.224325
748 5.02655 0.121697
749 5.02655 0.0144415
750 5.02655 0.0328713
751 5.02655 0.0111878
752 5.02655 0.175197
753 5.02655 -0.114303
754 5.02655 0.0453157
755 5.02655 0.179606
756 5.02655 -0.0273399
757 5.02655 -0.0991219
758 5.02655 -0.24219
759 5.02655 -0.0824552
760 5.02655 -0.00883155
761 5.02655 -0.185978
762 5.02655 0.0959219
763 5.02655 0.0539966
764 5.02655 0.150071
765 5.02655 -0.325638
766 5.02655 -0.0678536
767 5.02655 0.0796203
768 5.02655 -0.077838
769 5.02655 -0.183178
770 5.02655 -0.077409
771 5.02655 -0.033276
772 5.02655 -0.108385
773 5.02655 0.038553
774 5.02655 0.0583685
775 5.02655 -0.00691704
776 5.02655 0.00236342
777 5.02655 -0.112391
778 5.02655 -0.109236
779 5.02655 0.0924703
780 5.02655 -0.0322587
781 5.02655 0.245164
782 5.02655 0.185094
783 5.02655 0.240556
784 5.02655 0.0960797
785 5.02655 0.118523
786 5.02655 0.0841531
787 5.02655 -0.115635
788 5.02655 -0.0599189
789 5.02655 -0.0646899
790 5.02655 -0.0474414
791 5.02655 0.0344547
792 5.02655 -0.074889
793 5.02655 -0.00616616
794 5.02655 0.0416534
795 5.02655 -0.0430803
796 5.02655 -0.0275755
797 5.02655 0.0959624
798 5.02655 -0.127168
799 5.02655 0.0399758
800 5.02655 0.131456
801 5.02655 -0.091489
802 5.02655 0.0205125
803 5.02655 -0.0864106
804 5.02655 -0.180121
805 5.02655 -0.105703
806 5.02655 -0.00914497
807 5.02655 0.0205639
808 5.02655 0.0736208
809 5.02655 0.0270209
810 5.02655 -0.00143553
811 5.02655 -0.0876358
812 5.02655 -0.0840429
813 5.02655 0.140374
814 5.02655 0.0920896
815 5.02655 0.121697
816 5.02655 0.20238
817 5.02655 -0.0446866
818 5.02655 0.0774346
819 5.02655 -0.0646222
820 5.02655 -0.0349841
821 5.02655 -0.0793732
822 5.02655 -0.174562
823 5.02655 -0.157313
824 5.02655 0.0133869
825 5.02655 0.149148
826 5.02655 -0.00668639
827 5.02655 0.0275498
828 5.02655 -0.0388703
829 5.02655 -0.0486344
830 5.02655 0.0175492
831 5.02655 0.0926666
832 5.02655 0.0836428
833 5.02655 -0.000860456
834 5.02655 0.127498
835 5.02655 0.0232894
836 5.02655 0.177925
837 5.02655 0.0378909
838 5.02655 0.00356918
839 5.02655 0.155057
840 5.02655 0.153459
841 5.02655 0.128788
842 5.02655 -0.106451
843 5.02655 -0.103566
844 5.02655 -0.0199363
845 5.02655 -0.0334175
846 5.02655 -0.0290134
847 5.02655 0.198417
848 5.02655 0.186067
849 5.02655 -0.0177418
850 5.02655 0.100371
851 5.02655 0.0396271
852 5.02655 -0.171408
853 5.02655 -0.156189
854 5.02655 0.0321996
855 5.02655 -0.047406
856 5.02655 -0.146107
857 5.02655 -0.0870944
858 5.02655 -0.136134
859 5.02655 -0.0788958
860 5.02655 0.0854306
861 5.02655 0.12973
862 5.02655 0.12751
863 5.02655 0.0442836
864 5.02655 0.0489176
865 5.02655 0.125992
866 5.02655 -0.0652222
867 5.02655 -0.0809079
868 5.02655 -0.121272
869 5.02655 0.00274646
870 5.02655 0.2211
871 5.02655 0.177661
872 5.02655 -0.0547894
873 5.02655 -0.0895793
874 5.02655 0.0873595
875 5.02655 -0.124717
876 5.02655 0.03008
877 5.02655 -0.0184618
878 5.02655 -0.0614643
879 5.02655 0.0986681
880 5.02655 0.0238712
881 5.02655 -0.00287353
882 5.02655 0.0311726
883 5.02655 -0.0916615
884 5.02655 0.142327
885 5.02655 -0.0946634
886 5.02655 0.13634
887 5.02655 -0.0044912
888 5.02655 0.0826335
889 5.02655 -0.103186
890 5.02655 0.024752
891 5.02655 -0.0211728
892 5.02655 -0.0992503
893 5.02655 0.134282
894 5.02655 0.0421007
895 5.02655 -0.00573138
896 5.02655 0.130055
897 5.02655 0.0381984
898 5.02655 0.0342724
899 5.02655 0.0445227
900 5.02655 0.139884
901 5.02655 0.0614676
902 5.02655 0.032065
903 5.02655 -0.0880749
904 5.02655 0.0957288
905 5.02655 -0.0273221
906 5.02655 -0.000963649
907 5.02655 -0.16293
908 5.02655 0.0782913
909 5.02655 -0.0544866
910 5.02655 -0.210264
911 5.02655 -0.076183
912 5.02655 -0.257579
913 5.02655 -0.0187646
914 5.02655 0.159158
915 5.02655 0.0353866
916 5.02655 0.0379335
917 5.02655 -0.126745
918 5.02655 0.01883
919 5.02655 0.070725
920 5.02655 0.017173
921 5.02655 0.0704909
922 5.02655 0.0842343
923 5.02655 0.185533
924 5.02655 0.0996612
925 5.02655 -0.0554827
926 5.02655 0.039979
927 5.02655 0.130212
928 5.02655 -0.0133588
929 5.02655 -0.0399835
930 5.02655 -0.197184
931 5.02655 0.170026
932 5.02655 0.0761389
933 5.02655 -0.0487729
934 5.02655 -0.110222
935 5.02655 0.19238
936 5.02655 0.151411
937 5.02655 0.114911
938 5.02655 0.0612635
939 5.02655 -0.0595688
940 5.02655 0.137529
941 5.02655 0.353162
942 5.02655 0.00946784
943 5.02655 -0.0314324
944 5.02655 0.015428
945 5.02655 0.0461584
946 5.02655 -0.0659749
947 5.02655 0.0568295
948 5.02655 0.137545
949 5.02655 0.0381157
950 5.02655 0.166536
951 5.02655 0.164246
952 5.02655 0.0121044
953 5.02655 -0.0736933
954 5.02655 -0.11535
955 5.02655 -0.0298425
956 5.02655 0.0813256
957 5.02655 0.0348093
958 5.02655 0.0129662
959 5.02655 0.0414833
960 5.02655 -0.217888
961 5.02655 -0.0628912
962 5.02655 -0.153173
963 5.02655 -0.0577313
964 5.02655 0.183179
965 5.02655 -0.0519292
966 5.02655 -0.118831
967 5.02655 0.145108
968 5.02655 -0.000418224
969 5.02655 0.09299
970 5.02655 -0.022537
971 5.02655 -0.0959773
972 5.02655 -0.0103533
973 5.02655 0.128324
974 5.02655 0.0870463
975 5.02655 0.145271
976 5.02655 0.0519722
977 5.02655 0.126846
978 5.02655 -0.0440955
979 5.02655 0.117049
980 5.02655 -0.144863
981 5.02655 0.318023
982 5.02655 -0.18423
983 5.02655 -0.238022
984 5.02655 0.06195
985 5.02655 -0.183282
986 5.02655 -0.0840262
987 5.02655 0.13087
988 5.02655 0.147246
989 5.02655 -0.0182589
990 5.02655 0.0557471
991 5.02655 0.0529835
992 5.02655 0.139504
993 5.02655 -0.0380323
994 5.02655 -0.126875
995 5.02655 0.0601373
996 5.02655 0.00322565
997 5.02655 -0.0575069
998 5.02655 -0.0148971
999 5.02655 0.0145561
1000 5.02655 -0.0225858
1 5.34071 0.132392
2 5.34071 0.0252891
3 5.34071 0.0577056
4 5.34071 -0.180038
5 5.34071 0.102673
6 5.34071 -0.0514677
7 5.34071 -0.116633
8 5.34071 0.185802
9 5.34071 -0.183201
10 5.34071 -0.067851
11 5.34071 -0.0260562
12 5.34071 0.0788595
13 5.34071 0.0526292
14 5.34071 -0.0338812
15 5.34071 -0.0259562
16 5.34071 -0.0996865
17 5.34071 0.0767893
18 5.34071 -0.0424578
19 5.34071 0.185548
20 5.34071 -0.0840431
21 5.34071 0.156788
22 5.34071 -0.176029
23 5.34071 0.141126
24 5.34071 -0.00399874
25 5.34071 0.138563
26 5.34071 0.0411077
27 5.34071 0.0364653
28 5.34071 -0.00562112
29 5.34071 0.0489455
30 5.34071 -0.134347
31 5.34071 0.11379
32 5.34071 0.0630712
33 5.34071 0.144429
34 5.34071 0.0355494
35 5.34071 0.0629833
36 5.34071 0.295303
37 5.34071 0.0114104
38 5.34071 -0.0746335
39 5.34071 0.0900192
40 5.34071 0.0321977
41 5.34071 0.114619
42 5.34071 0.151675
43 5.34071 0.0324952
44 5.34071 0.214262
45 5.34071 0.14677
46 5.34071 -0.156408
47 5.34071 -0.0724438
48 5.34071 -0.0346083
49 5.34071 0.0335882
50 5.34071 0.193905
51 5.34071 -0.000551416
52 5.34071 0.206164
53 5.34071 0.141098
54 5.34071 0.159072
55 5.34071 0.114674
56 5.34071 -0.0948257
57 5.34071 0.0120034
58 5.34071 0.11826
59 5.34071 0.146689
60 5.34071 0.160037
61 5.34071 0.00227411
62 5.34071 -0.0414613
63 5.34071 0.0625768
64 5.34071 0.207467
65 5.34071 -0.0673874
66 5.34071 0.0784312
67 5.34071 -0.060063
68 5.34071 0.178328
69 5.34071 -0.0992253
70 5.34071 -0.191644
71 5.34071 0.197486
72 5.34071 -0.0774687
73 5.34071 0.211885
74 5.34071 -0.112175
75 5.34071 0.0603073
76 5.34071 0.159691
77 5.34071 0.15699
78 5.34071 0.196281
79 5.34071 0.0396257
80 5.34071 0.0588251
81 5.34071 -0.041725
82 5.34071 0.0306587
83 5.34071 0.0480418
84 5.34071 0.0717179
85 5.34071 0.0768752
86 5.34071 0.000238604
87 5.34071 -0.0212482
88 5.34071 -0.148227
89 5.34071 -0.0549761
90 5.34071 -0.031736
91 5.34071 0.0267393
92 5.34071 0.0564313
93 5.34071 -0.194984
94 5.34071 0.0269965
95 5.34071 -0.0148183
96 5.34071 0.00633253
97 5.34071 -0.0668303
98 5.34071 0.0249722
99 5.34071 0.0506283
100 5.34071 0.130503
101 5.34071 -0.0191989
102 5.34071 0.0171804
103 5.34071 -0.00374712
104 5.34071 -0.0991906
105 5.34071 0.0663602
106 5.34071 -0.155091
107 5.34071 0.108036
108 5.34071 -0.15622
109 5.34071 -0.266645
110 5.34071 0.0129988
111 5.34071 -0.118198
112 5.34071 0.247185
113 5.34071 0.0490279
114 5.34071 -0.104772
115 5.34071 -0.133014
116 5.34071 0.167262
117 5.34071 -0.119577
118 5.34071 -0.114905
119 5.34071 -0.243516
120 5.34071 -0.0117815
121 5.34071 0.18179
122 5.34071 -0.0177627
123 5.34071 -0.0242598
124 5.34071 0.0105804
125 5.34071 -0.0854923
126 5.34071 0.00689046
127 5.34071 -0.0603717
128 5.34071 -0.18405
129 5.34071 0.24805
130 5.34071 0.0424806
131 5.34071 0.105293
132 5.34071 -0.158276
133 5.34071 -0.0214734
134 5.34071 -0.124564
135 5.34071 0.109603
136 5.34071 0.000960814
137 5.34071 0.0204281
138 5.34071 -0.0409133
139 5.34071 0.207474
140 5.34071 0.116507
141 5.34071 -0.095086
142 5.34071 -0.175899
143 5.34071 -0.16623
144 5.34071 -0.144794
145 5.34071 0.0368972
146 5.34071 -0.0739306
147 5.34071 -0.0776571
148 5.34071 0.0262166
149 5.34071 -0.0192378
150 5.34071 0.0105924
151 5.34071 0.0198108
152 5.34071 0.129018
153 5.34071 0.175266
154 5.34071 0.0194845
155 5.34071 -0.0900383
156 5.34071 -0.111665
157 5.34071 -0.0894496
158 5.34071 0.0688337
159 5.34071 0.0757194
160 5.34071 0.111268
161 5.34071 0.105302
162 5.34071 -0.204548
163 5.34071 -0.0203433
164 5.34071 0.0482004
165 5.34071 0.128328
166 5.34071 0.151699
167 5.34071 0.137843
168 5.34071 0.199817
169 5.34071 0.109426
170 5.34071 0.00163375
171 5.34071 -0.0139164
172 5.34071 -0.215324
173 5.34071 -0.0100468
174 5.34071 0.0723128
175 5.34071 -0.0706865
176 5.34071 0.0801911
177 5.34071 -0.0415081
178 5.34071 -0.164038
179 5.34071 0.0426419
180 5.34071 -0.0369305
181 5.34071 -0.1339
182 5.34071 -0.0611331
183 5.34071 -0.180725
184 5.34071 0.181115
185 5.34071 0.128264
186 5.34071 0.186365
187 5.34071 0.135265
188 5.34071 -0.0448578
189 5.34071 -0.116025
190 5.34071 0.0176754
191 5.34071 -0.0927811
192 5.34071 0.0678921
193 5.34071 -0.040494
194 5.34071 -0.203669
195 5.34071 -0.0668566
196 5.34071 -0.212515
197 5.34071 -0.00829323
198 5.34071 0.0663584
199 5.34071 -0.130466
200 5.34071 0.245965
201 5.34071 0.163975
202 5.34071 -0.0812657
203 5.34071 0.127135
204 5.34071 -0.00961272
205 5.34071 0.0113735
206 5.34071 0.0272584
207 5.34071 -0.0333532
208 5.34071 -0.051314
209 5.34071 0.123218
210 5.34071 -0.041438
211 5.34071 -0.179194
212 5.34071 0.0878237
213 5.34071 -0.152882
214 5.34071 0.0552482
215 5.34071 0.102512
216 5.34071 0.285979
217 5.34071 -0.0155053
218 5.34071 0.147697
219 5.34071 0.201846
220 5.34071 0.0593305
221 5.34071 -0.0631
222 5.34071 -0.0138916
223 5.34071 -0.0988152
224 5.34071 -0.0574548
225 5.34071 -0.0181018
226 5.34071 -0.11281
227 5.34071 0.0701779
228 5.34071 -0.0810006
229 5.34071 -0.00528837
230 5.34071 0.0188974
231 5.34071 -0.196532
232 5.34071 -0.223769
233 5.34071 0.123216
234 5.34071 -0.00645493
235 5.34071 -0.164602
236 5.34071 0.0811462
237 5.34071 -0.0207274
238 5.34071 -0.0194854
239 5.34071 -0.252454
240 5.34071 -0.0397682
241 5.34071 -0.0709061
242 5.34071 -0.153741
243 5.34071 -0.183229
244 5.34071 0.0272819
245 5.34071 0.0527411
246 5.34071 0.133899
247 5.34071 0.035209
248 5.34071 0.0520206
249 5.34071 0.0647245
250 5.34071 0.0612138
251 5.34071 -0.00632662
252 5.34071 -0.0935807
253 5.34071 -0.0639027
254 5.34071 0.144443
255 5.34071 -0.0543756
256 5.34071 0.075949
257 5.34071 0.0608462
258 5.34071 0.0819331
259 5.34071 -0.124104
260 5.34071 -0.0736212
261 5.34071 -0.115999
262 5.34071 0.0489052
263 5.34071 -0.0607746
264 5.34071 -0.000735182
265 5.34071 -0.00889318
266 5.34071 -0.00827284
267 5.34071 0.00156782
268 5.34071 -0.0375067
269 5.34071 0.0144261
270 5.34071 -0.0409752
271 5.34071 -0.162601
272 5.34071 0.133328
273 5.34071 -0.170664
274 5.34071 0.108335
275 5.34071 -0.0362349
276 5.34071 0.0870476
277 5.34071 0.0735861
278 5.34071 -0.031672
279 5.34071 0.100472
280 5.34071 -0.0633323
281 5.34071 -0.0059345
282 5.34071 0.0347707
283 5.34071 -0.030471
284 5.34071 0.104977
285 5.34071 0.132153
286 5.34071 -0.0513062
287 5.34071 -0.221598
288 5.34071 -0.216341
289 5.34071 0.0825713
290 5.34071 0.000964793
291 5.34071 0.0191549
292 5.34071 -0.102259
293 5.34071 -0.0899987
294 5.34071 0.0218614
295 5.34071 0.0421906
296 5.34071 0.0697315
297 5.34071 -0.0639832
298 5.34071 0.0568356
299 5.34071 -0.0394684
300 5.34071 -0.0847568
301 5.34071 0.30647
302 5.34071 0.0249201
303 5.34071 0.104356
304 5.34071 -0.0140554
305 5.34071 0.037498
306 5.34071 0.1389
307 5.34071 -0.0449241
308 5.34071 0.235104
309 5.34071 0.213244
310 5.34071 0.113246
311 5.34071 -0.10226
312 5.34071 0.194271
313 5.34071 0.214677
314 5.34071 -0.119951
315 5.34071 -0.0510627
316 5.34071 -0.0149881
317 5.34071 0.0365008
318 5.34071 -0.0226735
319 5.34071 -0.119233
320 5.34071 0.0280324
321 5.34071 0.0164927
322 5.34071 0.0356264
323 5.34071 0.0378944
324 5.34071 0.100565
325 5.34071 0.0126616
326 5.34071 0.080901
327 5.34071 -0.148376
328 5.34071 0.0547905
329 5.34071 0.0991855
330 5.34071 -0.0222709
331 5.34071 -0.182923
332 5.34071 0.0963245
333 5.34071 -0.0914731
334 5.34071 -0.044958
335 5.34071 -0.0648476
336 5.34071 0.0351678
337 5.34071 0.0715144
338 5.34071 0.043881
339 5.34071 0.014171
340 5.34071 0.203441
341 5.34071 -0.0830326
342 5.34071 0.00916574
343 5.34071 -0.0592182
344 5.34071 -0.0531319
345 5.34071 8.98414e-05
346 5.34071 -0.0156087
347 5.34071 -0.0151525
348 5.34071 0.240347
349 5.34071 -0.0693644
350 5.34071 0.0367192
351 5.34071 0.158989
352 5.34071 -0.0488789
353 5.34071 0.043494
354 5.34071 -1.44571e-06
355 5.34071 -0.256564
356 5.34071 0.0906664
357 5.34071 -0.101147
358 5.34071 -0.0634477
359 5.34071 0.135382
360 5.34071 0.13792
361 5.34071 -0.0791737
362 5.34071 0.101368
363 5.34071 0.0634307
364 5.34071 0.0668314
365 5.34071 0.0278937
366 5.34071 -0.00784647
367 5.34071 -0.175214
368 5.34071 -0.0302022
369 5.34071 -0.527372
370 5.34071 0.151238
371 5.34071 0.0848488
372 5.34071 -0.0552407
373 5.34071 0.0432799
374 5.34071 0.163232
375 5.34071 0.0685943
376 5.34071 0.110331
377 5.34071 0.0322603
378 5.34071 -0.0154769
379 5.34071 0.0872788
380 5.34071 0.111976
381 5.34071 -0.0408965
382 5.34071 -0.0525138
383 5.34071 -0.116975
384 5.34071 -0.0156166
385 5.34071 -0.0907232
386 5.34071 0.0401945
387 5.34071 0.108454
388 5.34071 -0.0857194
389 5.34071 -0.0191114
390 5.34071 0.139326
391 5.34071 0.0996095
392 5.34071 0.0675967
393 5.34071 0.159609
394 5.34071 -0.0145575
395 5.34071 0.013276
396 5.34071 0.122651
397 5.34071 0.0632779
398 5.34071 -0.0866962
399 5.34071 -0.0727508
400 5.34071 0.00541585
401 5.34071 0.00779464
402 5.34071 0.15146
403 5.34071 -0.216794
404 5.34071 -0.0123902
405 5.34071 -0.116795
406 5.34071 0.00365128
407 5.34071 -0.20484
408 5.34071 -0.215882
409 5.34071 -0.031369
410 5.34071 0.255689
411 5.34071 -0.0090387
412 5.34071 0.0200717
413 5.34071 0.14543
414 5.34071 -0.0845535
415 5.34071 -0.0103505
416 5.34071 0.219283
417 5.34071 0.0537568
418 5.34071 0.0685049
419 5.34071 0.00389802
420 5.34071 -0.0844044
421 5.34071 0.141716
422 5.34071 0.262911
423 5.34071 0.0472536
424 5.34071 -0.0451344
425 5.34071 -0.1894
426 5.34071 -0.0637112
427 5.34071 -0.0785876
428 5.34071 0.0475707
429 5.34071 0.0227595
430 5.34071 -0.0303677
431 5.34071 0.0571086
432 5.34071 0.0160581
433 5.34071 -0.0941162
434 5.34071 -0.17854
435 5.34071 0.15368
436 5.34071 -0.250565
437 5.34071 0.0661291
438 5.34071 0.0489969
439 5.34071 -0.0361291
440 5.34071 -0.0864225
441 5.34071 0.0681122
442 5.34071 -0.110373
443 5.34071 0.00920848
444 5.34071 0.123953
445 5.34071 -0.324676
446 5.34071 -0.0306964
447 5.34071 0.18698
448 5.34071 0.0603031
449 5.34071 -0.0417781
450 5.34071 -0.136414
451 5.34071 0.159013
452 5.34071 -0.216503
453 5.34071 0.0474195
454 5.34071 0.0391625
455 5.34071 -0.0783448
456 5.34071 0.194346
457 5.34071 0.078701
458 5.34071 0.00541554
459 5.34071 0.0826695
460 5.34071 -0.1786
461 5.34071 -0.177858
462 5.34071 -0.17898
463 5.34071 -0.114034
464 5.34071 -0.0185805
465 5.34071 -0.147453
466 5.34071 0.208081
467 5.34071 -0.0921643
468 5.34071 0.0265382
469 5.34071 -0.106881
470 5.34071 -0.0743941
471 5.34071 -0.0882972
472 5.34071 0.0588675
473 5.34071 -0.171043
474 5.34071 -0.084997
475 5.34071 0.0236998
476 5.34071 -0.143172
477 5.34071 0.0385389
478 5.34071 0.0134224
479 5.34071 -0.119483
480 5.34071 0.162127
481 5.34071 0.0461182
482 5.34071 0.0512713
483 5.34071 0.0966752
484 5.34071 -0.14016
485 5.34071 0.0646276
486 5.34071 -0.00893389
487 5.34071 0.115758
488 5.34071 -0.0185416
489 5.34071 -0.0415691
490 5.34071 -0.163761
491 5.34071 -0.0267591
492 5.34071 -0.100374
493 5.34071 0.0749198
494 5.34071 -0.0738596
495 5.34071 -0.112377
496 5.34071 0.0840692
497 5.34071 0.0797794
498 5.34071 -0.165048
499 5.34071 -0.0460668
500 5.34071 0.170777
501 5.34071 0.0241394
502 5.34071 0.0258584
503 5.34071 0.00674672
504 5.34071 0.221639
505 5.34071 -0.0135939
506 5.34071 -0.12585
507 5.34071 -0.118598
508 5.34071 -0.0191897
509 5.34071 0.0161199
510 5.34071 0.058984
511 5.34071 0.0769737
512 5.34071 0.116397
513 5.34071 -0.00267122
514 5.34071 -0.0197284
515 5.34071 -0.0568201
516 5.34071 -0.129277
517 5.34071 0.0152974
518 5.34071 0.0219189
519 5.34071 -0.0164372
520 5.34071 0.0513592
521 5.34071 -0.174346
522 5.34071 0.0884788
523 5.34071 -0.143923
524 5.34071 0.0155899
525 5.34071 -0.000915562
526 5.34071 0.0142317
527 5.34071 -0.134337
528 5.34071 0.00164098
529 5.34071 0.174193
530 5.34071 0.137252
531 5.34071 0.00955082
532 5.34071 -0.107179
533 5.34071 0.0496892
534 5.34071 0.0801857
535 5.34071 -0.117608
536 5.34071 -0.0322548
537 5.34071 0.00455699
538 5.34071 -0.0869343
539 5.34071 -0.0727651
540 5.34071 0.0717447
541 5.34071 0.0427667
542 5.34071 -0.0306941
543 5.34071 -0.0541597
544 5.34071 0.0896364
545 5.34071 -0.0681125
546 5.34071 0.124658
547 5.34071 -0.135903
548 5.34071 -0.00582621
549 5.34071 -0.107574
550 5.34071 -0.0309767
551 5.34071 0.225974
552 5.34071 0.162734
553 5.34071 0.0467487
554 5.34071 -0.172604
555 5.34071 -0.0112358
556 5.34071 0.10216
557 5.34071 -0.0578175
558 5.34071 0.300504
559 5.34071 -0.167554
560 5.34071 -0.0315662
561 5.34071 0.0792094
562 5.34071 -0.0861865
563 5.34071 -0.0348149
564 5.34071 0.01871
565 5.34071 -0.0173446
566 5.34071 -0.0505421
567 5.34071 0.128881
568 5.34071 0.124654
569 5.34071 0.200434
570 5.34071 0.0590538
571 5.34071 0.000924987
572 5.34071 -0.124192
573 5.34071 -0.0566863
574 5.34071 0.000504162
575 5.34071 -0.172001
576 5.34071 -0.0731954
577 5.34071 -0.112209
578 5.34071 0.0826469
579 5.34071 -0.1356
580 5.34071 -0.217066
581 5.34071 -0.0745252
582 5.34071 -0.136261
583 5.34071 0.126306
584 5.34071 -0.12852
585 5.34071 -0.062411
586 5.34071 -0.166394
587 5.34071 0.0329901
588 5.34071 -0.0360961
589 5.34071 0.0784135
590 5.34071 0.348177
591 5.34071 0.245481
592 5.34071 -0.0136765
593 5.34071 -0.206653
594 5.34071 0.0977529
595 5.34071 -0.149482
596 5.34071 -0.0346588
597 5.34071 0.0299294
598 5.34071 0.070949
599 5.34071 0.0819435
600 5.34071 -0.0190968
601 5.34071 -0.0883444
602 5.34071 0.146116
603 5.34071 -0.123906
604 5.34071 0.0420779
605 5.34071 -0.108848
606 5.34071 -0.0260201
607 5.34071 0.119909
608 5.34071 0.0578452
609 5.34071 0.166148
610 5.34071 0.0566327
611 5.34071 -0.150528
612 5.34071 -0.0758795
613 5.34071 0.102551
614 5.34071 0.121348
615 5.34071 0.0238326
616 5.34071 -0.00550152
617 5.34071 -0.114833
618 5.34071 -0.0969569
619 5.34071 0.0629285
620 5.34071 -0.073551
621 5.34071 -0.0697695
622 5.34071 -0.113903
623 5.34071 0.0385941
624 5.34071 -0.137461
625 5.34071 0.0651836
626 5.34071 0.113089
627 5.34071 0.0191897
628 5.34071 0.0151791
629 5.34071 0.0150274
630 5.34071 -0.202026
631 5.34071 0.527982
632 5.34071 -0.013728
633 5.34071 -0.0973702
634 5.34071 0.20036
635 5.34071 -0.0194366
636 5.34071 0.0718561
637 5.34071 0.126258
638 5.34071 -0.0636067
639 5.34071 -0.147291
640 5.34071 0.258546
641 5.34071 -0.229706
642 5.34071 0.169956
643 5.34071 -0.0982496
644 5.34071 0.176783
645 5.34071 -0.0544824
646 5.34071 -0.216426
647 5.34071 0.0953226
648 5.34071 0.0138355
649 5.34071 -0.130094
650 5.34071 -0.0776077
651 5.34071 -0.0870659
652 5.34071 0.0765108
653 5.34071 -0.0201402
654 5.34071 -0.0765881
655 5.34071 -0.0719627
656 5.34071 0.111142
657 5.34071 -0.021823
658 5.34071 0.0117886
659 5.34071 -0.205496
660 5.34071 0.142131
661 5.34071 0.200687
662 5.34071 0.00785867
663 5.34071 -0.0418009
664 5.34071 -0.141131
665 5.34071 -0.154762
666 5.34071 -0.0815369
667 5.34071 -0.0472808
668 5.34071 0.0229628
669 5.34071 -0.127467
670 5.34071 0.0654852
671 5.34071 -0.0578602
672 5.34071 -0.10967
673 5.34071 -0.117977
674 5.34071 0.0924802
675 5.34071 -0.0273722
676 5.34071 0.0513167
677 5.34071 0.17182
678 5.34071 0.141208
679 5.34071 0.00986084
680 5.34071 -0.176248
681 5.34071 0.0256402
682 5.34071 0.178565
683 5.34071 -0.0868761
684 5.34071 -0.149648
685 5.34071 0.0592209
686 5.34071 -0.0388722
687 5.34071 0.224643
688 5.34071 -0.120321
689 5.34071 -0.018602
690 5.34071 0.0141183
691 5.34071 -0.121163
692 5.34071 0.168336
693 5.34071 0.25728
694 5.34071 -0.0107493
695 5.34071 0.0812642
696 5.34071 0.0248282
697 5.34071 0.00390643
698 5.34071 0.0256761
699 5.34071 -0.0745987
700 5.34071 0.274231
701 5.34071 -0.0603249
702 5.34071 -0.0524893
703 5.34071 0.115023
704 5.34071 -0.165616
705 5.34071 0.0541913
706 5.34071 -0.310495
707 5.34071 -0.156561
708 5.34071 -0.125088
709 5.34071 -0.189459
710 5.34071 -0.125571
711 5.34071 0.337894
712 5.34071 0.0128219
713 5.34071 -0.255284
714 5.34071 0.145418
715 5.34071 0.0105338
716 5.34071 0.0512424
717 5.34071 -0.0193175
718 5.34071 0.0160221
719 5.34071 0.113075
720 5.34071 -0.140801
721 5.34071 0.0569074
722 5.34071 -0.0396707
723 5.34071 -0.0877096
724 5.34071 -0.115167
725 5.34071 -0.174468
726 5.34071 0.0093763
727 5.34071 -0.077788
728 5.34071 -0.0834612
729 5.34071 0.0358299
730 5.34071 -0.0515785
731 5.34071 0.14496
732 5.34071 0.133455
733 5.34071 -0.0444694
734 5.34071 -0.0144112
735 5.34071 -0.0130323
736 5.34071 -0.0803223
737 5.34071 -0.0385322
738 5.34071 0.0972509
739 5.34071 -0.138118
740 5.34071 0.0453288
741 5.34071 -0.0326271
742 5.34071 -0.0429655
743 5.34071 0.0909851
744 5.34071 0.089303
745 5.34071 0.0263477
746 5.34071 0.0610809
747 5.34071 0.288123
748 5.34071 0.178812
749 5.34071 0.0193941
750 5.34071 0.0152626
751 5.34071 -0.0115643
752 5.34071 0.186085
753 5.34071 -0.147816
754 5.34071 0.00212672
755 5.34071 0.190998
756 5.34071 -0.0425556
757 5.34071 -0.0465373
758 5.34071 -0.225989
759 5.34071 -0.0698457
760 5.34071 0.00480397
761 5.34071 -0.122197
762 5.34071 0.120203
763 5.34071 0.0713934
764 5.34071 0.145427
765 5.34071 -0.319942
766 5.34071 -0.0773087
767 5.34071 0.0465404
768 5.34071 -0.00604052
769 5.34071 -0.140268
770 5.34071 -0.0982137
771 5.34071 -0.0370937
772 5.34071 -0.0964746
773 5.34071 0.0185122
774 5.34071 0.111708
775 5.34071 -0.00121916
776 5.34071 0.0247247
777 5.34071 -0.0943836
778 5.34071 -0.123107
779 5.34071 0.132806
780 5.34071 -0.0605864
781 5.34071 0.211109
782 5.34071 0.161177
783 5.34071 0.288713
784 5.34071 0.00371525
785 5.34071 0.100178
786 5.34071 0.0778238
787 5.34071 -0.0775422
788 5.34071 -0.103979
789 5.34071 -0.00759802
790 5.34071 -0.039942
791 5.34071 -0.00655442
792 5.34071 -0.0684408
793 5.34071 0.00549475
794 5.34071 0.0385541
795 5.34071 -0.0549849
796 5.34071 -0.0287437
797 5.34071 0.0642493
798 5.34071 -0.118457
799 5.34071 -0.0156336
800 5.34071 0.0605831
801 5.34071 -0.0577252
802 5.34071 -0.00122508
803 5.34071 -0.0984189
804 5.34071 -0.130574
805 5.34071 -0.0987264
806 5.34071 0.0670396
807 5.34071 0.0396464
808 5.34071 0.0606171
809 5.34071 0.0672085
810 5.34071 -0.00843658
811 5.34071 -0.0587034
812 5.34071 -0.0816684
813 5.34071 0.113349
814 5.34071 0.0370711
815 5.34071 0.0940745
816 5.34071 0.168732
817 5.34071 0.0164995
818 5.34071 0.114381
819 5.34071 -0.02482
820 5.34071 -0.0270203
821 5.34071 -0.109605
822 5.34071 -0.142554
823 5.34071 -0.169082
824 5.34071 -0.0148979
825 5.34071 0.202334
826 5.34071 -0.035483
827 5.34071 0.0362252
828 5.34071 0.036554
829 5.34071 -0.0518651
830 5.34071 0.019999
831 5.34071 0.0671435
832 5.34071 0.0220038
833 5.34071 -0.053654
834 5.34071 0.0919374
835 5.34071 -0.0216376
836 5.34071 0.190758
837 5.34071 0.05231
838 5.34071 0.0823277
839 5.34071 0.142051
840 5.34071 0.137898
841 5.34071 0.12248
842 5.34071 -0.151437
843 5.34071 -0.0875756
844 5.34071 0.0192168
845 5.34071 -0.00489377
846 5.34071 -0.0415585
847 5.34071 0.166316
848 5.34071 0.169463
849 5.34071 -0.0284206
850 5.34071 0.113949
851 5.34071 0.0539294
852 5.34071 -0.211515
853 5.34071 -0.153949
854 5.34071 0.0660945
855 5.34071 -0.0698284
856 5.34071 -0.116454
857 5.34071 -0.0388967
858 5.34071 -0.0928485
859 5.34071 -0.0564235
860 5.34071 0.0559288
861 5.34071 0.073264
862 5.34071 0.165522
863 5.34071 0.0442539
864 5.34071 0.0571414
865 5.34071 0.106244
866 5.34071 -0.0290951
867 5.34071 -0.0869138
868 5.34071 -0.0821165
869 5.34071 -0.0369883
870 5.34071 0.243693
871 5.34071 0.114102
872 5.34071 0.00589027
873 5.34071 -0.0822478
874 5.34071 0.100066
875 5.34071 -0.113957
876 5.34071 0.0313114
877 5.34071 -0.0124387
878 5.34071 -0.0654635
879 5.34071 0.0465497
880 5.34071 0.0325657
881 5.34071 0.0896375
882 5.34071 0.0805367
883 5.34071 -0.062078
884 5.34071 0.103426
885 5.34071 -0.060473
886 5.34071 0.200299
887 5.34071 -0.0240076
888 5.34071 0.00272582
889 5.34071 -0.0761557
890 5.34071 0.0241274
891 5.34071 0.0769598
892 5.34071 -0.0570149
893 5.34071 0.116593
894 5.34071 0.108732
895 5.34071 -0.0320775
896 5.34071 0.190774
897 5.34071 0.0463382
898 5.34071 0.0337312
899 5.34071 0.0596737
900 5.34071 0.114597
901 5.34071 0.0529157
902 5.34071 0.0281562
903 5.34071 -0.0780072
904 5.34071 0.110118
905 5.34071 -0.026458
906 5.34071 -0.0114443
907 5.34071 -0.117065
908 5.34071 0.0704772
909 5.34071 -0.0742659
910 5.34071 -0.235057
911 5.34071 -0.0685644
912 5.34071 -0.246178
913 5.34071 -0.0139478
914 5.34071 0.187017
915 5.34071 0.0122271
916 5.34071 0.017195
917 5.34071 -0.167344
918 5.34071 0.0104195
919 5.34071 0.0990859
920 5.34071 -0.00228035
921 5.34071 0.067733
922 5.34071 0.0240557
923 5.34071 0.158145
924 5.34071 0.0561592
925 5.34071 -0.0882605
926 5.34071 0.089838
927 5.34071 0.072136
928 5.34071 0.0138917
929 5.34071 -0.122435
930 5.34071 -0.158605
931 5.34071 0.237783
932 5.34071 0.021387
933 5.34071 -0.0343906
934 5.34071 -0.159529
935 5.34071 0.251901
936 5.34071 0.0987545
937 5.34071 0.111179
938 5.34071 0.0878514
939 5.34071 -0.0708924
940 5.34071 0.100546
941 5.34071 0.359136
942 5.34071 -0.034046
943 5.34071 -0.0415321
944 5.34071 0.0543514
945 5.34071 0.0104643
946 5.34071 -0.138317
947 5.34071 0.0129123
948 5.34071 0.0829508
949 5.34071 0.0450179
950 5.34071 0.12171
951 5.34071 0.180254
952 5.34071 0.0274453
953 5.34071 -0.0589616
954 5.34071 -0.0758677
955 5.34071 -0.0911456
956 5.34071 0.0137634
957 5.34071 0.0285084
958 5.34071 -0.042694
959 5.34071 0.00498398
960 5.34071 -0.268444
961 5.34071 -0.108319
962 5.34071 -0.151563
963 5.34071 -0.0722297
964 5.34071 0.102546
965 5.34071 -0.085102
966 5.34071 -0.153274
967 5.34071 0.115417
968 5.34071 -0.0245775
969 5.34071 0.0658542
970 5.34071 0.0248183
971 5.34071 -0.131524
972 5.34071 -0.0100259
973 5.34071 0.136926
974 5.34071 0.0866339
975 5.34071 0.11785
976 5.34071 0.0626267
977 5.34071 0.0952095
978 5.34071 0.0153976
979 5.34071 0.0777135
980 5.34071 -0.138196
981 5.34071 0.302991
982 5.34071 -0.200356
983 5.34071 -0.309144
984 5.34071 0.110909
985 5.34071 -0.205541
986 5.34071 -0.0858428
987 5.34071 0.133747
988 5.34071 0.142973
989 5.34071 -0.0115117
990 5.34071 0.0914508
991 5.34071 0.132264
992 5.34071 0.0930292
993 5.34071 -0.000153958
994 5.34071 -0.129498
995 5.34071 0.0314804
996 5.34071 0.0725587
997 5.34071 -0.0896511
998 5.34071 -0.0271715
999 5.34071 -0.0334534
1000 5.34071 -0.0192175
1 5.65487 0.150075
2 5.65487 0.0354215
3 5.65487 0.0898081
4 5.65487 -0.212884
5 5.65487 0.0977268
6 5.65487 -0.0120403
7 5.65487 -0.122589
8 5.65487 0.165136
9 5.65487 -0.235606
10 5.65487 -0.101053
11 5.65487 -0.023662
12 5.65487 0.0364648
13 5.65487 0.0118795
14 5.65487 -0.00773311
15 5.65487 0.0394845
16 5.65487 -0.140853
17 5.65487 0.181193
18 5.65487 0.0204508
19 5.65487 0.0966506
20 5.65487 -0.0434615
21 5.65487 0.139606
22 5.65487 -0.190087
23 5.65487 0.117451
24 5.65487 -0.0245546
25 5.65487 0.107404
26 5.65487 0.0150687
27 5.65487 -0.00614475
28 5.65487 -0.00264749
29 5.65487 0.0942007
30 5.65487 -0.149325
31 5.65487 0.0982439
32 5.65487 0.0743045
33 5.65487 0.114363
34 5.65487 0.0871804
35 5.65487 0.0938759
36 5.65487 0.277186
37 5.65487 0.0354727
38 5.65487 -0.0292261
39 5.65487 0.129849
40 5.65487 0.121074
41 5.65487 0.118902
42 5.65487 0.173349
43 5.65487 0.0249042
44 5.65487 0.220821
45 5.65487 0.183937
46 5.65487 -0.139801
47 5.65487 -0.0570173
48 5.65487 -0.0453078
49 5.65487 -0.023258
50 5.65487 0.164339
51 5.65487 -0.0152085
52 5.65487 0.189818
53 5.65487 0.144165
54 5.65487 0.2122
55 5.65487 0.11718
56 5.65487 -0.117366
57 5.65487 0.0261153
58 5.65487 0.13541
59 5.65487 0.0375449
60 5.65487 0.135604
61 5.65487 0.0254215
62 5.65487 -0.0721339
63 5.65487 0.0296685
64 5.65487 0.186047
65 5.65487 -0.152702
66 5.65487 0.134302
67 5.65487 -0.0519784
68 5.65487 0.180558
69 5.65487 -0.181595
70 5.65487 -0.149972
71 5.65487 0.247431
72 5.65487 -0.085968
73 5.65487 0.199359
74 5.65487 -0.147137
75 5.65487 0.0920842
76 5.65487 0.149658
77 5.65487 0.113681
78 5.65487 0.198565
79 5.65487 0.0196594
80 5.65487 0.0625895
81 5.65487 -0.0760643
82 5.65487 0.0288553
83 5.65487 0.104889
84 5.65487 0.069829
85 5.65487 0.0768546
86 5.65487 -0.0605167
87 5.65487 -0.0178108
88 5.65487 -0.0758654
89 5.65487 -0.0355251
90 5.65487 0.0430018
91 5.65487 0.0522509
92 5.65487 0.0364394
93 5.65487 -0.166985
94 5.65487 0.0321022
95 5.65487 -0.00698458
96 5.65487 -0.0291256
97 5.65487 -0.0449235
98 5.65487 0.017109
99 5.65487 0.036043
100 5.65487 0.0999806
101 5.65487 -0.0395787
102 5.65487 0.00710513
103 5.65487 -0.0189954
104 5.65487 -0.166285
105 5.65487 0.0802
106 5.65487 -0.198398
107 5.65487 0.0757159
108 5.65487 -0.14573
109 5.65487 -0.305375
110 5.65487 0.00583235
111 5.65487 -0.0995434
112 5.65487 0.259022
113 5.65487 0.0593496
114 5.65487 -0.175248
115 5.65487 -0.120211
116 5.65487 0.142264
117 5.65487 -0.105559
118 5.65487 -0.146986
119 5.65487 -0.285174
120 5.65487 -0.0229687
121 5.65487 0.176025
122 5.65487 0.00258954
123 5.65487 -0.0214605
124 5.65487 0.000957595
125 5.65487 -0.0528673
126 5.65487 -0.0252693
127 5.65487 -0.0367512
128 5.65487 -0.195438
129 5.65487 0.223744
130 5.65487 -0.0345159
131 5.65487 0.122732
132 5.65487 -0.139736
133 5.65487 0.00565898
134 5.65487 -0.12152
135 5.65487 0.0807198
136 5.65487 -0.0175588
137 5.65487 0.0071014
138 5.65487 -0.0968077
139 5.65487 0.194346
140 5.65487 0.104332
141 5.65487 -0.0816499
142 5.65487 -0.154776
143 5.65487 -0.162145
144 5.65487 -0.114407
145 5.65487 0.0614845
146 5.65487 -0.0992128
147 5.65487 -0.0316332
148 5.65487 0.0962894
149 5.65487 -0.0377498
150 5.65487 -0.0258912
151 5.65487 0.0300593
152 5.65487 0.0805905
153 5.65487 0.130256
154 5.65487 0.0339934
155 5.65487 -0.0930852
156 5.65487 -0.123657
157 5.65487 -0.0655982
158 5.65487 0.121585
159 5.65487 0.0398189
160 5.65487 0.0721931
161 5.65487 0.0645658
162 5.65487 -0.241829
163 5.65487 -0.0383866
164 5.65487 -0.011304
165 5.65487 0.141964
166 5.65487 0.12963
167 5.65487 0.162369
168 5.65487 0.202957
169 5.65487 0.0932419
170 5.65487 -0.00477303
171 5.65487 0.00221975
172 5.65487 -0.238285
173 5.65487 -0.0223333
174 5.65487 0.0875625
175 5.65487 -0.140063
176 5.65487 0.0891595
177 5.65487 0.0112942
178 5.65487 -0.126162
179 5.65487 0.0804515
180 5.65487 -0.0300579
181 5.65487 -0.132731
182 5.65487 -0.101444
183 5.65487 -0.195388
184 5.65487 0.13561
185 5.65487 0.104296
186 5.65487 0.183914
187 5.65487 0.105396
188 5.65487 -0.0206334
189 5.65487 -0.102928
190 5.65487 0.0213231
191 5.65487 -0.119395
192 5.65487 0.0516891
193 5.65487 -0.0554581
194 5.65487 -0.235926
195 5.65487 -0.038221
196 5.65487 -0.181026
197 5.65487 0.0232572
198 5.65487 0.0701722
199 5.65487 -0.118427
200 5.65487 0.238942
201 5.65487 0.177488
202 5.65487 -0.0469596
203 5.65487 0.112798
204 5.65487 -0.000769838
205 5.65487 0.0298234
206 5.65487 0.016137
207 5.65487 -0.0368613
208 5.65487 -0.0317193
209 5.65487 0.131687
210 5.65487 -0.0305917
211 5.65487 -0.185949
212 5.65487 0.126129
213 5.65487 -0.135551
214 5.65487 0.0328045
215 5.65487 0.0752366
216 5.65487 0.299489
217 5.65487 -0.110109
218 5.65487 0.102927
219 5.65487 0.14364
220 5.65487 0.0820703
221 5.65487 -0.109497
222 5.65487 0.0253958
223 5.65487 -0.0732351
224 5.65487 -0.0684438
225 5.65487 -0.0186404
226 5.65487 -0.154914
227 5.65487 0.0677774
228 5.65487 -0.0538264
229 5.65487 0.00648995
230 5.65487 0.0517824
231 5.65487 -0.161065
232 5.65487 -0.233325
233 5.65487 0.114438
234 5.65487 0.0183332
235 5.65487 -0.0691224
236 5.65487 0.0380694
237 5.65487 -0.0449929
238 5.65487 -0.0595472
239 5.65487 -0.225742
240 5.65487 -0.0433749
241 5.65487 -0.0518649
242 5.65487 -0.0882256
243 5.65487 -0.177542
244 5.65487 0.0425092
245 5.65487 -0.00660351
246 5.65487 0.140095
247 5.65487 0.0850492
248 5.65487 -0.00576592
249 5.65487 0.0718081
250 5.65487 0.0594059
251 5.65487 -0.0129532
252 5.65487 -0.156502
253 5.65487 -0.160807
254 5.65487 0.132031
255 5.65487 -0.0657342
256 5.65487 0.0508455
257 5.65487 0.0344098
258 5.65487 0.100114
259 5.65487 -0.119892
260 5.65487 -0.0921402
261 5.65487 -0.0770912
262 5.65487 0.019827
263 5.65487 -0.0513816
264 5.65487 0.0253272
265 5.65487 -0.00511616
266 5.65487 -0.0040164
267 5.65487 0.0160958
268 5.65487 -0.0827994
269 5.65487 -0.0319294
270 5.65487 -0.0263229
271 5.65487 -0.182611
272 5.65487 0.167309
273 5.65487 -0.154172
274 5.65487 0.110864
275 5.65487 0.018586
276 5.65487 0.128948
277 5.65487 0.105875
278 5.65487 -0.0204184
279 5.65487 0.0871516
280 5.65487 -0.020833
281 5.65487 -0.0429818
282 5.65487 0.031355
283 5.65487 -0.0257605
284 5.65487 0.0937316
285 5.65487 0.135533
286 5.65487 -0.101201
287 5.65487 -0.150054
288 5.65487 -0.231642
289 5.65487 -0.0229709
290 5.65487 0.041813
291 5.65487 0.0817008
292 5.65487 -0.0668771
293 5.65487 -0.0437593
294 5.65487 0.123871
295 5.65487 0.0267526
296 5.65487 0.127133
297 5.65487 -0.10465
298 5.65487 0.0768112
299 5.65487 -0.0218979
300 5.65487 -0.178224
301 5.65487 0.346487
302 5.65487 0.017859
303 5.65487 0.108459
304 5.65487 -0.0228411
305 5.65487 0.0130214
306 5.65487 0.149547
307 5.65487 -0.130831
308 5.65487 0.192507
309 5.65487 0.263589
310 5.65487 0.114488
311 5.65487 -0.101479
312 5.65487 0.243366
313 5.65487 0.152736
314 5.65487 -0.113499
315 5.65487 -0.0729341
316 5.65487 0.0328676
317 5.65487 0.0666081
318 5.65487 -0.0818553
319 5.65487 -0.133702
320 5.65487 0.0867418
321 5.65487 0.014139
322 5.65487 -0.00842663
323 5.65487 -0.0159859
324 5.65487 0.0890675
325 5.65487 0.022206
326 5.65487 0.0550125
327 5.65487 -0.117677
328 5.65487 0.0932466
329 5.65487 0.123092
330 5.65487 -0.0446933
331 5.65487 -0.15092
332 5.65487 0.0938188
333 5.65487 -0.0808131
334 5.65487 -0.0207816
335 5.65487 -0.0178995
336 5.65487 0.0828298
337 5.65487 0.0887739
338 5.65487 0.0435894
339 5.65487 -0.0503094
340 5.65487 0.167725
341 5.65487 -0.020535
342 5.65487 0.005806
343 5.65487 -0.0551765
344 5.65487 -0.0919789
345 5.65487 0.0234742
346 5.65487 0.00846829
347 5.65487 -0.00938637
348 5.65487 0.227852
349 5.65487 -0.0446428
350 5.65487 0.0638241
351 5.65487 0.209439
352 5.65487 -0.0558871
353 5.65487 0.0147568
354 5.65487 0.0703172
355 5.65487 -0.252067
356 5.65487 0.0378954
357 5.65487 -0.0744285
358 5.65487 -0.121935
359 5.65487 0.216982
360 5.65487 0.0610132
361 5.65487 -0.0353933
362 5.65487 0.127257
363 5.65487 0.0256704
364 5.65487 0.046926
365 5.65487 0.0356422
366 5.65487 -0.0733467
367 5.65487 -0.152592
368 5.65487 -0.0272945
369 5.65487 -0.726067
370 5.65487 0.224664
371 5.65487 0.0843381
372 5.65487 -0.0630122
373 5.65487 0.039274
374 5.65487 0.134888
375 5.65487 0.0509463
376 5.65487 0.160663
377 5.65487 0.0213786
378 5.65487 0.0207383
379 5.65487 0.114437
380 5.65487 0.141635
381 5.65487 -0.063455
382 5.65487 -0.0237111
383 5.65487 -0.0856837
384 5.65487 -0.0146359
385 5.65487 -0.103137
386 5.65487 0.00283276
387 5.65487 0.0807188
388 5.65487 -0.0654741
389 5.65487 0.0288125
390 5.65487 0.128097
391 5.65487 0.0507489
392 5.65487 0.052278
393 5.65487 0.128864
394 5.65487 -0.00684996
395 5.65487 0.0493232
396 5.65487 0.115297
397 5.65487 0.106795
398 5.65487 -0.138634
399 5.65487 -0.0477953
400 5.65487 0.0118957
401 5.65487 -0.0184306
402 5.65487 0.1362
403 5.65487 -0.237678
404 5.65487 -0.00176239
405 5.65487 -0.0742304
406 5.65487 -0.0279198
407 5.65487 -0.148238
408 5.65487 -0.222546
409 5.65487 -0.11274
410 5.65487 0.155718
411 5.65487 -0.0349808
412 5.65487 0.0328359
413 5.65487 0.142197
414 5.65487 -0.0348379
415 5.65487 0.0093915
416 5.65487 0.272325
417 5.65487 0.0154855
418 5.65487 0.116304
419 5.65487 0.0283128
420 5.65487 -0.0182146
421 5.65487 0.193066
422 5.65487 0.249585
423 5.65487 0.0861466
424 5.65487 -0.0236757
425 5.65487 -0.143259
426 5.65487 -0.0671498
427 5.65487 -0.064215
428 5.65487 0.0903716
429 5.65487 0.0236231
430 5.65487 -0.0511197
431 5.65487 -0.00507913
432 5.65487 -0.0236184
433 5.65487 -0.140839
434 5.65487 -0.171307
435 5.65487 0.167222
436 5.65487 -0.269536
437 5.65487 0.0808453
438 5.65487 0.0795189
439 5.65487 -0.0637204
440 5.65487 -0.0806137
441 5.65487 0.126057
442 5.65487 -0.213693
443 5.65487 0.0284667
444 5.65487 0.0971442
445 5.65487 -0.337733
446 5.65487 0.0238086
447 5.65487 0.18141
448 5.65487 0.010531
449 5.65487 -0.117353
450 5.65487 -0.133365
451 5.65487 0.202151
452 5.65487 -0.225749
453 5.65487 0.0940151
454 5.65487 0.000677888
455 5.65487 -0.0602441
456 5.65487 0.175223
457 5.65487 0.100348
458 5.65487 0.0156701
459 5.65487 0.0730297
460 5.65487 -0.211101
461 5.65487 -0.16337
462 5.65487 -0.159945
463 5.65487 -0.121381
464 5.65487 -0.00905719
465 5.65487 -0.116824
466 5.65487 0.192736
467 5.65487 -0.113052
468 5.65487 0.0627292
469 5.65487 -0.115489
470 5.65487 -0.12282
471 5.65487 -0.149437
472 5.65487 0.0613623
473 5.65487 -0.136197
474 5.65487 -0.0939927
475 5.65487 0.025222
476 5.65487 -0.155602
477 5.65487 0.0872884
478 5.65487 -0.0146385
479 5.65487 -0.0689842
480 5.65487 0.153781
481 5.65487 0.0538331
482 5.65487 0.0467869
483 5.65487 0.0966851
484 5.65487 -0.105372
485 5.65487 0.0864099
486 5.65487 -0.00298474
487 5.65487 0.12258
488 5.65487 -0.0573152
489 5.65487 -0.0687183
490 5.65487 -0.191356
491 5.65487 -0.0333719
492 5.65487 -0.0993053
493 5.65487 0.117312
494 5.65487 -0.0367677
495 5.65487 -0.11374
496 5.65487 0.016374
497 5.65487 0.081691
498 5.65487 -0.181945
499 5.65487 -0.0562781
500 5.65487 0.124077
501 5.65487 0.0403487
502 5.65487 0.0808203
503 5.65487 -0.0188268
504 5.65487 0.205731
505 5.65487 0.0222137
506 5.65487 -0.108329
507 5.65487 -0.149041
508 5.65487 0.012435
509 5.65487 0.0256439
510 5.65487 0.115234
511 5.65487 0.0944389
512 5.65487 0.128415
513 5.65487 -0.0404212
514 5.65487 -0.017839
515 5.65487 -0.0807414
516 5.65487 -0.0903931
517 5.65487 -0.0153329
518 5.65487 0.00638976
519 5.65487 -0.0322697
520 5.65487 0.00132335
521 5.65487 -0.144496
522 5.65487 0.0886706
523 5.65487 -0.163855
524 5.65487 0.062905
525 5.65487 -0.00866247
526 5.65487 0.0425814
527 5.65487 -0.0856732
528 5.65487 -0.0174011
529 5.65487 0.211844
530 5.65487 0.168495
531 5.65487 0.0447673
532 5.65487 -0.12132
533 5.65487 0.082193
534 5.65487 0.0166987
535 5.65487 -0.0757513
536 5.65487 -0.0278766
537 5.65487 0.0418413
538 5.65487 -0.0332508
539 5.65487 -0.0187214
540 5.65487 0.133464
541 5.65487 0.018106
542 5.65487 -0.0340347
543 5.65487 -0.0825183
544 5.65487 0.0311035
545 5.65487 -0.0461647
546 5.65487 0.118347
547 5.65487 -0.158302
548 5.65487 0.0642173
549 5.65487 -0.164778
550 5.65487 0.0117596
551 5.65487 0.251176
552 5.65487 0.151519
553 5.65487 -0.0116004
554 5.65487 -0.171513
555 5.65487 0.0936778
556 5.65487 0.0671419
557 5.65487 -0.0637805
558 5.65487 0.35183
559 5.65487 -0.198305
560 5.65487 -0.00510974
561 5.65487 0.0950245
562 5.65487 -0.106539
563 5.65487 -0.0580935
564 5.65487 0.101088
565 5.65487 -0.0681671
566 5.65487 0.00486952
567 5.65487 0.166096
568 5.65487 0.125851
569 5.65487 0.192193
570 5.65487 0.0719638
571 5.65487 -0.00642271
572 5.65487 -0.146045
573 5.65487 -0.0340688
574 5.65487 0.021227
575 5.65487 -0.119312
576 5.65487 -0.0622981
577 5.65487 -0.133335
578 5.65487 0.00147245
579 5.65487 -0.188625
580 5.65487 -0.200815
581 5.65487 -0.0796244
582 5.65487 -0.165535
583 5.65487 0.115342
584 5.65487 -0.206378
585 5.65487 -0.0622643
586 5.65487 -0.147487
587 5.65487 -0.0125644
588 5.65487 -0.04448
589 5.65487 0.0853871
590 5.65487 0.283017
591 5.65487 0.268302
592 5.65487 0.0557696
593 5.65487 -0.150734
594 5.65487 0.101598
595 5.65487 -0.119225
596 5.65487 -0.032415
597 5.65487 0.101918
598 5.65487 0.0253901
599 5.65487 0.0836307
600 5.65487 -0.0218371
601 5.65487 -0.069253
602 5.65487 0.181804
603 5.65487 -0.150849
604 5.65487 0.00438984
605 5.65487 -0.118758
606 5.65487 -0.0226324
607 5.65487 0.0742201
608 5.65487 0.0388646
609 5.65487 0.142331
610 5.65487 0.0142797
611 5.65487 -0.152061
612 5.65487 -0.0519397
613 5.65487 0.0725959
614 5.65487 0.114534
615 5.65487 0.0545397
616 5.65487 -0.000707187
617 5.65487 -0.0827362
618 5.65487 -0.0848802
619 5.65487 0.0794584
620 5.65487 -0.113722
621 5.65487 -0.101717
622 5.65487 -0.114741
623 5.65487 0.0301049
624 5.65487 -0.180382
625 5.65487 0.0462421
626 5.65487 0.0658696
627 5.65487 0.00611225
628 5.65487 0.0339057
629 5.65487 -0.0117708
630 5.65487 -0.26156
631 5.65487 0.72651
632 5.65487 -0.00462425
633 5.65487 -0.0454525
634 5.65487 0.21322
635 5.65487 -0.0294988
636 5.65487 0.0538361
637 5.65487 0.11215
638 5.65487 -0.0998183
639 5.65487 -0.12914
640 5.65487 0.227041
641 5.65487 -0.285514
642 5.65487 0.199315
643 5.65487 -0.0704413
644 5.65487 0.156424
645 5.65487 0.0260809
646 5.65487 -0.227563
647 5.65487 0.0860972
648 5.65487 0.0304291
649 5.65487 -0.188445
650 5.65487 -0.0935326
651 5.65487 -0.0690074
652 5.65487 0.002357
653 5.65487 -0.0162556
654 5.65487 -0.0754531
655 5.65487 -0.0756931
656 5.65487 0.134122
657 5.65487 -0.00370107
658 5.65487 0.00941284
659 5.65487 -0.189093
660 5.65487 0.0833458
661 5.65487 0.206411
662 5.65487 -0.00599977
663 5.65487 -0.0671826
664 5.65487 -0.159821
665 5.65487 -0.141659
666 5.65487 -0.0711276
667 5.65487 -0.0199945
668 5.65487 -0.007153
669 5.65487 -0.074591
670 5.65487 0.0760857
671 5.65487 -0.0930652
672 5.65487 -0.133117
673 5.65487 -0.0758381
674 5.65487 0.0709576
675 5.65487 -0.0328968
676 5.65487 0.0212844
677 5.65487 0.168352
678 5.65487 0.1369
679 5.65487 0.00500542
680 5.65487 -0.194428
681 5.65487 0.0656976
682 5.65487 0.19512
683 5.65487 -0.103209
684 5.65487 -0.152478
685 5.65487 0.0788613
686 5.65487 -0.00189839
687 5.65487 0.166444
688 5.65487 -0.189635
689 5.65487 0.0136675
690 5.65487 -0.0219544
691 5.65487 -0.196688
692 5.65487 0.100608
693 5.65487 0.285117
694 5.65487 -0.0564349
695 5.65487 0.0732646
696 5.65487 0.030669
697 5.65487 -0.0297971
698 5.65487 0.0188988
699 5.65487 -0.178015
700 5.65487 0.315888
701 5.65487 -0.0506045
702 5.65487 -0.0736518
703 5.65487 0.14173
704 5.65487 -0.196796
705 5.65487 0.0432712
706 5.65487 -0.333574
707 5.65487 -0.135378
708 5.65487 -0.0982976
709 5.65487 -0.205432
710 5.65487 -0.132343
711 5.65487 0.328454
712 5.65487 0.0837732
713 5.65487 -0.19642
714 5.65487 0.169576
715 5.65487 -0.0318689
716 5.65487 0.0197709
717 5.65487 -0.0104142
718 5.65487 0.00554975
719 5.65487 0.120819
720 5.65487 -0.127471
721 5.65487 0.0271976
722 5.65487 -0.0314183
723 5.65487 -0.116137
724 5.65487 -0.149375
725 5.65487 -0.171674
726 5.65487 -0.0253407
727 5.65487 -0.0263379
728 5.65487 -0.131076
729 5.65487 0.0905032
730 5.65487 -0.0409174
731 5.65487 0.147732
732 5.65487 0.152513
733 5.65487 -0.0472646
734 5.65487 -0.0124647
735 5.65487 -0.0108137
736 5.65487 -0.0842191
737 5.65487 -0.0207673
738 5.65487 0.0863646
739 5.65487 -0.107534
740 5.65487 0.0715889
741 5.65487 0.00601722
742 5.65487 -0.0717973
743 5.65487 0.0758979
744 5.65487 0.0692214
745 5.65487 0.0453735
746 5.65487 0.0172924
747 5.65487 0.323718
748 5.65487 0.218423
749 5.65487 0.0224482
750 5.65487 -0.00384032
751 5.65487 -0.0331843
752 5.65487 0.178758
753 5.65487 -0.166861
754 5.65487 -0.0412705
755 5.65487 0.183694
756 5.65487 -0.0536055
757 5.65487 0.0106027
758 5.65487 -0.187667
759 5.65487 -0.0503992
760 5.65487 0.0179692
761 5.65487 -0.0464546
762 5.65487 0.132718
763 5.65487 0.0818018
764 5.65487 0.126548
765 5.65487 -0.282927
766 5.65487 -0.0791963
767 5.65487 0.00890484
768 5.65487 0.0663487
769 5.65487 -0.0836289
770 5.65487 -0.109405
771 5.65487 -0.0372804
772 5.65487 -0.0751205
773 5.65487 -0.00334074
774 5.65487 0.154113
775 5.65487 0.00459814
776 5.65487 0.0446658
777 5.65487 -0.0671378
778 5.65487 -0.124927
779 5.65487 0.160141
780 5.65487 -0.0829838
781 5.65487 0.156389
782 5.65487 0.121483
783 5.65487 0.308608
784 5.65487 -0.0890129
785 5.65487 0.0720259
786 5.65487 0.0638766
787 5.65487 -0.0318591
788 5.65487 -0.137861
789 5.65487 0.0502378
790 5.65487 -0.0285326
791 5.65487 -0.046922
792 5.65487 -0.0552932
793 5.65487 0.0166178
794 5.65487 0.031681
795 5.65487 -0.0615072
796 5.65487 -0.0270982
797 5.65487 0.026247
798 5.65487 -0.0981501
799 5.65487 -0.0697128
800 5.65487 -0.0162202
801 5.65487 -0.0183104
802 5.65487 -0.0228427
803 5.65487 -0.100793
804 5.65487 -0.0682447
805 5.65487 -0.0820861
806 5.65487 0.136662
807 5.65487 0.054848
808 5.65487 0.0416798
809 5.65487 0.100817
810 5.65487 -0.0146119
811 5.65487 -0.0240247
812 5.65487 -0.0712996
813 5.65487 0.0752293
814 5.65487 -0.0215762
815 5.65487 0.057243
816 5.65487 0.118566
817 5.65487 0.0760708
818 5.65487 0.140132
819 5.65487 0.0174117
820 5.65487 -0.0164115
821 5.65487 -0.129108
822 5.65487 -0.0965914
823 5.65487 -0.164301
824 5.65487 -0.0417244
825 5.65487 0.235714
826 5.65487 -0.0608063
827 5.65487 0.0413545
828 5.65487 0.1084
829 5.65487 -0.0500188
830 5.65487 0.0204912
831 5.65487 0.0350479
832 5.65487 -0.0417892
833 5.65487 -0.101196
834 5.65487 0.0473773
835 5.65487 -0.0644466
836 5.65487 0.184919
837 5.65487 0.0616087
838 5.65487 0.153027
839 5.65487 0.115141
840 5.65487 0.108839
841 5.65487 0.104183
842 5.65487 -0.181599
843 5.65487 -0.063013
844 5.65487 0.0564889
845 5.65487 0.0241089
846 5.65487 -0.0500357
847 5.65487 0.117934
848 5.65487 0.136271
849 5.65487 -0.0363173
850 5.65487 0.116372
851 5.65487 0.0629528
852 5.65487 -0.230919
853 5.65487 -0.136638
854 5.65487 0.0935198
855 5.65487 -0.0854157
856 5.65487 -0.0754022
857 5.65487 0.0131087
858 5.65487 -0.0404743
859 5.65487 -0.0284281
860 5.65487 0.0209524
861 5.65487 0.00962599
862 5.65487 0.187332
863 5.65487 0.0398923
864 5.65487 0.0597718
865 5.65487 0.0760952
866 5.65487 0.00988008
867 5.65487 -0.084412
868 5.65487 -0.0349225
869 5.65487 -0.0731024
870 5.65487 0.242432
871 5.65487 0.0393744
872 5.65487 0.0659935
873 5.65487 -0.0668654
874 5.65487 0.102976
875 5.65487 -0.0920431
876 5.65487 0.0294781
877 5.65487 -0.00519815
878 5.65487 -0.0630546
879 5.65487 -0.0101253
880 5.65487 0.0380724
881 5.65487 0.173374
882 5.65487 0.122017
883 5.65487 -0.0264179
884 5.65487 0.0544005
885 5.65487 -0.0203632
886 5.65487 0.244651
887 5.65487 -0.041174
888 5.65487 -0.0774487
889 5.65487 -0.0416706
890 5.65487 0.0211411
891 5.65487 0.167559
892 5.65487 -0.00919875
893 5.65487 0.0874922
894 5.65487 0.164719
895 5.65487 -0.0552836
896 5.65487 0.232818
897 5.65487 0.0499422
898 5.65487 0.0298882
899 5.65487 0.0689836
900 5.65487 0.078092
901 5.65487 0.039184
902 5.65487 0.0214914
903 5.65487 -0.0603036
904 5.65487 0.113728
905 5.65487 -0.023004
906 5.65487 -0.0208048
907 5.65487 -0.0597408
908 5.65487 0.0557644
909 5.65487 -0.0867756
910 5.65487 -0.23684
911 5.65487 -0.0542341
912 5.65487 -0.210679
913 5.65487 -0.00776563
914 5.65487 0.196571
915 5.65487 -0.0121294
916 5.65487 -0.00522665
917 5.65487 -0.191563
918 5.65487 0.000989144
919 5.65487 0.117747
920 5.65487 -0.0215104
921 5.65487 0.0583449
922 5.65487 -0.0384776
923 5.65487 0.115277
924 5.65487 0.00715996
925 5.65487 -0.112399
926 5.65487 0.130903
927 5.65487 0.00699833
928 5.65487 0.0397824
929 5.65487 -0.192902
930 5.65487 -0.104499
931 5.65487 0.282265
932 5.65487 -0.0354583
933 5.65487 -0.0166417
934 5.65487 -0.19322
935 5.65487 0.286765
936 5.65487 0.036431
937 5.65487 0.0965628
938 5.65487 0.10584
939 5.65487 -0.0752764
940 5.65487 0.0537217
941 5.65487 0.329955
942 5.65487 -0.0742273
943 5.65487 -0.0475664
944 5.65487 0.0879548
945 5.65487 -0.0262545
946 5.65487 -0.197121
947 5.65487 -0.0322689
948 5.65487 0.0202368
949 5.65487 0.0475134
950 5.65487 0.0649704
951 5.65487 0.178618
952 5.65487 0.0400998
953 5.65487 -0.0384583
954 5.65487 -0.0289586
955 5.65487 -0.143527
956 5.65487 -0.0551462
957 5.65487 0.0194167
958 5.65487 -0.0941751
959 5.65487 -0.0320033
960 5.65487 -0.292722
961 5.65487 -0.143144
962 5.65487 -0.135116
963 5.65487 -0.0796578
964 5.65487 0.0118755
965 5.65487 -0.109945
966 5.65487 -0.172713
967 5.65487 0.0744289
968 5.65487 -0.0463311
969 5.65487 0.0322722
970 5.65487 0.0697443
971 5.65487 -0.154197
972 5.65487 -0.00871714
973 5.65487 0.132125
974 5.65487 0.0777411
975 5.65487 0.0788926
976 5.65487 0.0671509
977 5.65487 0.0542534
978 5.65487 0.0733836
979 5.65487 0.0307712
980 5.65487 -0.118001
981 5.65487 0.258299
982 5.65487 -0.19687
983 5.65487 -0.350006
984 5.65487 0.149012
985 5.65487 -0.207681
986 5.65487 -0.0792566
987 5.65487 0.123533
988 5.65487 0.124705
989 5.65487 -0.00363769
990 5.65487 0.118203
991 5.65487 0.198598
992 5.65487 0.0374481
993 5.65487 0.0377395
994 5.65487 -0.119445
995 5.65487 -0.00025803
996 5.65487 0.134789
997 5.65487 -0.11302
998 5.65487 -0.0367861
999 5.65487 -0.0781882
1000 5.65487 -0.0139681
1 5.96903 0.153067
2 5.96903 0.0420865
3 5.96903 0.11312
4 5.96903 -0.224892
5 5.96903 0.0832151
6 5.96903 0.0285657
7 5.96903 -0.116544
8 5.96903 0.128307
9 5.96903 -0.264948
10 5.96903 -0.124363
11 5.96903 -0.0189518
12 5.96903 -0.00949931
13 5.96903 -0.0300329
14 5.96903 0.0191723
15 5.96903 0.10106
16 5.96903 -0.168232
17 5.96903 0.26786
18 5.96903 0.0813575
19 5.96903 -0.00170827
20 5.96903 0.00137433
21 5.96903 0.108759
22 5.96903 -0.185538
23 5.96903 0.0822792
24 5.96903 -0.0427068
25 5.96903 0.0657319
26 5.96903 -0.0124453
27 5.96903 -0.0481532
28 5.96903 0.000585253
29 5.96903 0.130235
30 5.96903 -0.149685
31 5.96903 0.0730812
32 5.96903 0.0782643
33 5.96903 0.0731014
34 5.96903 0.130278
35 5.96903 0.115579
36 5.96903 0.231936
37 5.96903 0.0560629
38 5.96903 0.0190423
39 5.96903 0.156967
40 5.96903 0.198099
41 5.96903 0.111547
42 5.96903 0.178054
43 5.96903 0.0148755
44 5.96903 0.205763
45 5.96903 0.203099
46 5.96903 -0.109509
47 5.96903 -0.0360097
48 5.96903 -0.0515725
49 5.96903 -0.0778276
50 5.96903 0.118685
51 5.96903 -0.028377
52 5.96903 0.154892
53 5.96903 0.13312
54 5.96903 0.244556
55 5.96903 0.108215
56 5.96903 -0.128418
57 5.96903 0.0376711
58 5.96903 0.139306
59 5.96903 -0.0752741
60 5.96903 0.0978968
61 5.96903 0.0460805
62 5.96903 -0.0957456
63 5.96903 -0.00614389
64 5.96903 0.146416
65 5.96903 -0.223068
66 5.96903 0.177027
67 5.96903 -0.0388056
68 5.96903 0.165113
69 5.96903 -0.24619
70 5.96903 -0.0936192
71 5.96903 0.273156
72 5.96903 -0.0860523
73 5.96903 0.167319
74 5.96903 -0.167696
75 5.96903 0.114847
76 5.96903 0.124977
77 5.96903 0.0592432
78 5.96903 0.181412
79 5.96903 -0.00223131
80 5.96903 0.0602274
81 5.96903 -0.102958
82 5.96903 0.0242273
83 5.96903 0.151469
84 5.96903 0.0611047
85 5.96903 0.069311
86 5.96903 -0.115348
87 5.96903 -0.0126302
88 5.96903 0.00392244
89 5.96903 -0.0125967
90 5.96903 0.11353
91 5.96903 0.0726476
92 5.96903 0.0128806
93 5.96903 -0.12264
94 5.96903 0.0340653
95 5.96903 0.00153282
96 5.96903 -0.0617327
97 5.96903 -0.0186192
98 5.96903 0.00757107
99 5.96903 0.0179296
100 5.96903 0.0596712
101 5.96903 -0.0560843
102 5.96903 -0.00366569
103 5.96903 -0.0323841
104 5.96903 -0.217102
105 5.96903 0.0861891
106 5.96903 -0.222284
107 5.96903 0.0359836
108 5.96903 -0.120974
109 5.96903 -0.314213
110 5.96903 -0.00190485
111 5.96903 -0.0711445
112 5.96903 0.245503
113 5.96903 0.0638618
114 5.96903 -0.228569
115 5.96903 -0.0956414
116 5.96903 0.10334
117 5.96903 -0.0812077
118 5.96903 -0.164679
119 5.96903 -0.298918
120 5.96903 -0.0319075
121 5.96903 0.153028
122 5.96903 0.0226882
123 5.96903 -0.0165607
124 5.96903 -0.00875895
125 5.96903 -0.0150672
126 5.96903 -0.0549555
127 5.96903 -0.00953333
128 5.96903 -0.187695
129 5.96903 0.177536
130 5.96903 -0.108134
131 5.96903 0.128157
132 5.96903 -0.107517
133 5.96903 0.0322375
134 5.96903 -0.106581
135 5.96903 0.043935
136 5.96903 -0.0343596
137 5.96903 -0.00692042
138 5.96903 -0.143226
139 5.96903 0.162194
140 5.96903 0.0819433
141 5.96903 -0.0602216
142 5.96903 -0.118503
143 5.96903 -0.142189
144 5.96903 -0.072822
145 5.96903 0.0800532
146 5.96903 -0.114783
147 5.96903 0.017487
148 5.96903 0.156937
149 5.96903 -0.0525664
150 5.96903 -0.0598404
151 5.96903 0.0373654
152 5.96903 0.0242744
153 5.96903 0.0724946
154 5.96903 0.0451748
155 5.96903 -0.0870203
156 5.96903 -0.123544
157 5.96903 -0.0353253
158 5.96903 0.162435
159 5.96903 2.05581e-05
160 5.96903 0.0260518
161 5.96903 0.0175098
162 5.96903 -0.255439
163 5.96903 -0.0526723
164 5.96903 -0.0697019
165 5.96903 0.141703
166 5.96903 0.0948723
167 5.96903 0.171
168 5.96903 0.18623
169 5.96903 0.067931
170 5.96903 -0.0107125
171 5.96903 0.0181386
172 5.96903 -0.237921
173 5.96903 -0.0324336
174 5.96903 0.0942412
175 5.96903 -0.195728
176 5.96903 0.0894003
177 5.96903 0.0629911
178 5.96903 -0.0759365
179 5.96903 0.110386
180 5.96903 -0.020243
181 5.96903 -0.118569
182 5.96903 -0.131824
183 5.96903 -0.190925
184 5.96903 0.0768311
185 5.96903 0.0701192
186 5.96903 0.163461
187 5.96903 0.0652094
188 5.96903 0.0056106
189 5.96903 -0.0797551
190 5.96903 0.0228835
191 5.96903 -0.134322
192 5.96903 0.0304264
193 5.96903 -0.0649936
194 5.96903 -0.245088
195 5.96903 -0.00584427
196 5.96903 -0.131817
197 5.96903 0.0525311
198 5.96903 0.067117
199 5.96903 -0.0947953
200 5.96903 0.208529
201 5.96903 0.173626
202 5.96903 -0.0080567
203 5.96903 0.0874182
204 5.96903 0.00814839
205 5.96903 0.0453539
206 5.96903 0.00343613
207 5.96903 -0.0367611
208 5.96903 -0.00901973
209 5.96903 0.127267
210 5.96903 -0.0167509
211 5.96903 -0.174503
212 5.96903 0.152089
213 5.96903 -0.104951
214 5.96903 0.00714992
215 5.96903 0.0405965
216 5.96903 0.283684
217 5.96903 -0.193934
218 5.96903 0.0480826
219 5.96903 0.071373
220 5.96903 0.0967765
221 5.96903 -0.145176
222 5.96903 0.0621973
223 5.96903 -0.0404863
224 5.96903 -0.0727331
225 5.96903 -0.0173543
226 5.96903 -0.181853
227 5.96903 0.0587424
228 5.96903 -0.0213833
229 5.96903 0.0176329
230 5.96903 0.0795986
231 5.96903 -0.109832
232 5.96903 -0.220042
233 5.96903 0.0944594
234 5.96903 0.0413267
235 5.96903 0.0331235
236 5.96903 -0.00873368
237 5.96903 -0.0648543
238 5.96903 -0.0937802
239 5.96903 -0.176933
240 5.96903 -0.0427358
241 5.96903 -0.0277466
242 5.96903 -0.0140739
243 5.96903 -0.154475
244 5.96903 0.0535756
245 5.96903 -0.0653018
246 5.96903 0.132579
247 5.96903 0.126564
248 5.96903 -0.0629881
249 5.96903 0.0718625
250 5.96903 0.0517828
251 5.96903 -0.0183117
252 5.96903 -0.204104
253 5.96903 -0.241969
254 5.96903 0.106695
255 5.96903 -0.0706584
256 5.96903 0.0207649
257 5.96903 0.00460517
258 5.96903 0.108494
259 5.96903 -0.103943
260 5.96903 -0.10164
261 5.96903 -0.030638
262 5.96903 -0.011192
263 5.96903 -0.036959
264 5.96903 0.0489103
265 5.96903 -0.000838351
266 5.96903 0.000633142
267 5.96903 0.0290483
268 5.96903 -0.119987
269 5.96903 -0.0751594
270 5.96903 -0.00909379
271 5.96903 -0.184746
272 5.96903 0.184913
273 5.96903 -0.122589
274 5.96903 0.102541
275 5.96903 0.0715875
276 5.96903 0.158227
277 5.96903 0.1278
278 5.96903 -0.00716602
279 5.96903 0.0653004
280 5.96903 0.0237054
281 5.96903 -0.0758219
282 5.96903 0.0248699
283 5.96903 -0.0185284
284 5.96903 0.073311
285 5.96903 0.125647
286 5.96903 -0.141189
287 5.96903 -0.0638218
288 5.96903 -0.224267
289 5.96903 -0.126264
290 5.96903 0.0785685
291 5.96903 0.136249
292 5.96903 -0.0249484
293 5.96903 0.00676353
294 5.96903 0.213756
295 5.96903 0.00869592
296 5.96903 0.172091
297 5.96903 -0.135072
298 5.96903 0.0892681
299 5.96903 -0.00218392
300 5.96903 -0.254246
301 5.96903 0.352587
302 5.96903 0.00904972
303 5.96903 0.101945
304 5.96903 -0.0293909
305 5.96903 -0.0127299
306 5.96903 0.145556
307 5.96903 -0.203932
308 5.96903 0.131067
309 5.96903 0.288132
310 5.96903 0.104522
311 5.96903 -0.0907648
312 5.96903 0.268638
313 5.96903 0.0758451
314 5.96903 -0.0959363
315 5.96903 -0.087666
316 5.96903 0.0775062
317 5.96903 0.0901954
318 5.96903 -0.133024
319 5.96903 -0.135083
320 5.96903 0.13696
321 5.96903 0.0104012
322 5.96903 -0.0516548
323 5.96903 -0.0683014
324 5.96903 0.0688518
325 5.96903 0.0295768
326 5.96903 0.0237389
327 5.96903 -0.0754585
328 5.96903 0.122575
329 5.96903 0.13495
330 5.96903 -0.0627406
331 5.96903 -0.104144
332 5.96903 0.0821295
333 5.96903 -0.0622424
334 5.96903 0.00542897
335 5.96903 0.0308007
336 5.96903 0.122384
337 5.96903 0.0973433
338 5.96903 0.0390306
339 5.96903 -0.109865
340 5.96903 0.115592
341 5.96903 0.0439727
342 5.96903 0.00187782
343 5.96903 -0.0457337
344 5.96903 -0.121823
345 5.96903 0.0445608
346 5.96903 0.0317163
347 5.96903 -0.00270147
348 5.96903 0.193054
349 5.96903 -0.0155512
350 5.96903 0.0846815
351 5.96903 0.239388
352 5.96903 -0.0574247
353 5.96903 -0.0154249
354 5.96903 0.133753
355 5.96903 -0.222896
356 5.96903 -0.0185849
357 5.96903 -0.0404242
358 5.96903 -0.168487
359 5.96903 0.277341
360 5.96903 -0.0218655
361 5.96903 0.0118516
362 5.96903 0.14069
363 5.96903 -0.0146028
364 5.96903 0.0224271
365 5.96903 0.0399019
366 5.96903 -0.131667
367 5.96903 -0.115033
368 5.96903 -0.0217153
369 5.96903 -0.853689
370 5.96903 0.276098
371 5.96903 0.0755721
372 5.96903 -0.0646159
373 5.96903 0.0314237
374 5.96903 0.09334
375 5.96903 0.0283112
376 5.96903 0.195268
377 5.96903 0.0084041
378 5.96903 0.0549236
379 5.96903 0.130393
380 5.96903 0.15743
381 5.96903 -0.0798022
382 5.96903 0.00741267
383 5.96903 -0.0460053
384 5.96903 -0.0122223
385 5.96903 -0.105454
386 5.96903 -0.0348064
387 5.96903 0.0450822
388 5.96903 -0.0388198
389 5.96903 0.073916
390 5.96903 0.104328
391 5.96903 -0.00307953
392 5.96903 0.0318419
393 5.96903 0.0855056
394 5.96903 0.00152793
395 5.96903 0.0805425
396 5.96903 0.0966573
397 5.96903 0.139859
398 5.96903 -0.177001
399 5.96903 -0.0181612
400 5.96903 0.0172112
401 5.96903 -0.0428517
402 5.96903 0.107607
403 5.96903 -0.235297
404 5.96903 0.00903786
405 5.96903 -0.0243999
406 5.96903 -0.0567579
407 5.96903 -0.0771258
408 5.96903 -0.207427
409 5.96903 -0.183075
410 5.96903 0.0405053
411 5.96903 -0.057499
412 5.96903 0.0423858
413 5.96903 0.125044
414 5.96903 0.0182877
415 5.96903 0.0282141
416 5.96903 0.29871
417 5.96903 -0.0243016
418 5.96903 0.152718
419 5.96903 0.0499562
420 5.96903 0.0497582
421 5.96903 0.225519
422 5.96903 0.211829
423 5.96903 0.116607
424 5.96903 0.000100601
425 5.96903 -0.0830957
426 5.96903 -0.0640153
427 5.96903 -0.0435566
428 5.96903 0.124326
429 5.96903 0.0221742
430 5.96903 -0.0668677
431 5.96903 -0.0667695
432 5.96903 -0.060983
433 5.96903 -0.173776
434 5.96903 -0.147306
435 5.96903 0.164396
436 5.96903 -0.262124
437 5.96903 0.0876478
438 5.96903 0.102257
439 5.96903 -0.0850741
440 5.96903 -0.0669136
441 5.96903 0.171663
442 5.96903 -0.296094
443 5.96903 0.0449385
444 5.96903 0.0608263
445 5.96903 -0.31773
446 5.96903 0.0759829
447 5.96903 0.158082
448 5.96903 -0.0402722
449 5.96903 -0.18144
450 5.96903 -0.117263
451 5.96903 0.225502
452 5.96903 -0.212897
453 5.96903 0.131408
454 5.96903 -0.0378731
455 5.96903 -0.036246
456 5.96903 0.138948
457 5.96903 0.112173
458 5.96903 0.0243907
459 5.96903 0.0562414
460 5.96903 -0.222937
461 5.96903 -0.13289
462 5.96903 -0.125254
463 5.96903 -0.116845
464 5.96903 0.00135261
465 5.96903 -0.0747593
466 5.96903 0.158525
467 5.96903 -0.122873
468 5.96903 0.0927797
469 5.96903 -0.112792
470 5.96903 -0.159223
471 5.96903 -0.195949
472 5.96903 0.0578506
473 5.96903 -0.0880197
474 5.96903 -0.0937878
475 5.96903 0.0242755
476 5.96903 -0.1528
477 5.96903 0.127493
478 5.96903 -0.0412666
479 5.96903 -0.0117325
480 5.96903 0.130382
481 5.96903 0.0562784
482 5.96903 0.0377227
483 5.96903 0.0872309
484 5.96903 -0.0602707
485 5.96903 0.099734
486 5.96903 0.00325642
487 5.96903 0.117403
488 5.96903 -0.0904783
489 5.96903 -0.0891409
490 5.96903 -0.200219
491 5.96903 -0.0367179
492 5.96903 -0.088516
493 5.96903 0.148222
494 5.96903 0.0039232
495 5.96903 -0.103969
496 5.96903 -0.0529241
497 5.96903 0.0756062
498 5.96903 -0.181032
499 5.96903 -0.0609804
500 5.96903 0.0652325
501 5.96903 0.0526082
502 5.96903 0.127871
503 5.96903 -0.0425574
504 5.96903 0.169684
505 5.96903 0.0558469
506 5.96903 -0.0802042
507 5.96903 -0.164894
508 5.96903 0.0428425
509 5.96903 0.0326577
510 5.96903 0.160204
511 5.96903 0.10266
512 5.96903 0.127862
513 5.96903 -0.0742145
514 5.96903 -0.0142033
515 5.96903 -0.0967592
516 5.96903 -0.0426609
517 5.96903 -0.0444623
518 5.96903 -0.00976488
519 5.96903 -0.0449434
520 5.96903 -0.0488422
521 5.96903 -0.100503
522 5.96903 0.0801826
523 5.96903 -0.167747
524 5.96903 0.104063
525 5.96903 -0.0155615
526 5.96903 0.066763
527 5.96903 -0.028623
528 5.96903 -0.0347397
529 5.96903 0.228759
530 5.96903 0.183243
531 5.96903 0.0756016
532 5.96903 -0.123585
533 5.96903 0.106651
534 5.96903 -0.0484229
535 5.96903 -0.0264798
536 5.96903 -0.0207696
537 5.96903 0.0750299
538 5.96903 0.0236874
539 5.96903 0.0371549
540 5.96903 0.182119
541 5.96903 -0.00832703
542 5.96903 -0.0340438
543 5.96903 -0.102799
544 5.96903 -0.030474
545 5.96903 -0.019698
546 5.96903 0.100452
547 5.96903 -0.165205
548 5.96903 0.127975
549 5.96903 -0.205853
550 5.96903 0.0533448
551 5.96903 0.251791
552 5.96903 0.125473
553 5.96903 -0.068814
554 5.96903 -0.153632
555 5.96903 0.189422
556 5.96903 0.0255518
557 5.96903 -0.0635001
558 5.96903 0.368716
559 5.96903 -0.209645
560 5.96903 0.0218468
561 5.96903 0.101538
562 5.96903 -0.116463
563 5.96903 -0.0756855
564 5.96903 0.173571
565 5.96903 -0.112317
566 5.96903 0.0598046
567 5.96903 0.187053
568 5.96903 0.114729
569 5.96903 0.16514
570 5.96903 0.0778296
571 5.96903 -0.0131417
572 5.96903 -0.153602
573 5.96903 -0.00811636
574 5.96903 0.0398719
575 5.96903 -0.0549439
576 5.96903 -0.0453026
577 5.96903 -0.14141
578 5.96903 -0.0798462
579 5.96903 -0.223185
580 5.96903 -0.164906
581 5.96903 -0.0769294
582 5.96903 -0.178606
583 5.96903 0.0930876
584 5.96903 -0.264034
585 5.96903 -0.0560229
586 5.96903 -0.114143
587 5.96903 -0.0568891
588 5.96903 -0.0485098
589 5.96903 0.0840025
590 5.96903 0.190152
591 5.96903 0.26486
592 5.96903 0.119757
593 5.96903 -0.0800613
594 5.96903 0.0954974
595 5.96903 -0.0772978
596 5.96903 -0.0269982
597 5.96903 0.163931
598 5.96903 -0.0226539
599 5.96903 0.0771315
600 5.96903 -0.0224398
601 5.96903 -0.0433825
602 5.96903 0.199695
603 5.96903 -0.163026
604 5.96903 -0.0337278
605 5.96903 -0.117043
606 5.96903 -0.0170293
607 5.96903 0.0212662
608 5.96903 0.0160797
609 5.96903 0.104581
610 5.96903 -0.0294711
611 5.96903 -0.13871
612 5.96903 -0.0229155
613 5.96903 0.0355348
614 5.96903 0.096508
615 5.96903 0.0799082
616 5.96903 0.00415642
617 5.96903 -0.0425406
618 5.96903 -0.0644948
619 5.96903 0.0882102
620 5.96903 -0.14276
621 5.96903 -0.123707
622 5.96903 -0.104349
623 5.96903 0.0186689
624 5.96903 -0.205646
625 5.96903 0.022774
626 5.96903 0.0122019
627 5.96903 -0.00756343
628 5.96903 0.0493132
629 5.96903 -0.0374166
630 5.96903 -0.29549
631 5.96903 0.853922
632 5.96903 0.00493199
633 5.96903 0.0109146
634 5.96903 0.205208
635 5.96903 -0.0366737
636 5.96903 0.0305461
637 5.96903 0.0870642
638 5.96903 -0.126259
639 5.96903 -0.0983486
640 5.96903 0.173312
641 5.96903 -0.313374
642 5.96903 0.209164
643 5.96903 -0.0357378
644 5.96903 0.120753
645 5.96903 0.104091
646 5.96903 -0.216425
647 5.96903 0.0684442
648 5.96903 0.0440441
649 5.96903 -0.228349
650 5.96903 -0.100302
651 5.96903 -0.0441939
652 5.96903 -0.0720275
653 5.96903 -0.0107799
654 5.96903 -0.0669322
655 5.96903 -0.0720143
656 5.96903 0.143974
657 5.96903 0.014783
658 5.96903 0.00611576
659 5.96903 -0.154181
660 5.96903 0.0164021
661 5.96903 0.19193
662 5.96903 -0.0192709
663 5.96903 -0.085988
664 5.96903 -0.162867
665 5.96903 -0.11469
666 5.96903 -0.0537558
667 5.96903 0.00924886
668 5.96903 -0.0365687
669 5.96903 -0.0144139
670 5.96903 0.0792382
671 5.96903 -0.11916
672 5.96903 -0.143533
673 5.96903 -0.026276
674 5.96903 0.0424893
675 5.96903 -0.0352011
676 5.96903 -0.0108313
677 5.96903 0.148403
678 5.96903 0.119191
679 5.96903 -0.000339981
680 5.96903 -0.193575
681 5.96903 0.0993239
682 5.96903 0.192576
683 5.96903 -0.109439
684 5.96903 -0.140382
685 5.96903 0.0907822
686 5.96903 0.0352613
687 5.96903 0.0919534
688 5.96903 -0.240387
689 5.96903 0.0445992
690 5.96903 -0.0558779
691 5.96903 -0.25296
692 5.96903 0.0230319
693 5.96903 0.285044
694 5.96903 -0.0965966
695 5.96903 0.0580933
696 5.96903 0.0335078
697 5.96903 -0.0605837
698 5.96903 0.0102717
699 5.96903 -0.264005
700 5.96903 0.326623
701 5.96903 -0.0359303
702 5.96903 -0.0876046
703 5.96903 0.154565
704 5.96903 -0.208713
705 5.96903 0.0281155
706 5.96903 -0.324002
707 5.96903 -0.100943
708 5.96903 -0.0618848
709 5.96903 -0.201296
710 5.96903 -0.126161
711 5.96903 0.286863
712 5.96903 0.146524
713 5.96903 -0.118327
714 5.96903 0.177133
715 5.96903 -0.0711521
716 5.96903 -0.0136359
717 5.96903 -0.000491387
718 5.96903 -0.00546587
719 5.96903 0.116737
720 5.96903 -0.101663
721 5.96903 -0.00517433
722 5.96903 -0.0200905
723 5.96903 -0.133196
724 5.96903 -0.168961
725 5.96903 -0.152074
726 5.96903 -0.0575773
727 5.96903 0.0276902
728 5.96903 -0.165861
729 5.96903 0.136317
730 5.96903 -0.0262508
731 5.96903 0.136044
732 5.96903 0.156642
733 5.96903 -0.0454333
734 5.96903 -0.0092982
735 5.96903 -0.00753671
736 5.96903 -0.079872
737 5.96903 -0.000969428
738 5.96903 0.0670243
739 5.96903 -0.066425
740 5.96903 0.0908412
741 5.96903 0.0440726
742 5.96903 -0.093601
743 5.96903 0.0533812
744 5.96903 0.0423638
745 5.96903 0.0599578
746 5.96903 -0.0281887
747 5.96903 0.327625
748 5.96903 0.236654
749 5.96903 0.0233051
750 5.96903 -0.0225672
751 5.96903 -0.0515561
752 5.96903 0.153932
753 5.96903 -0.169572
754 5.96903 -0.0806278
755 5.96903 0.158409
756 5.96903 -0.0594083
757 5.96903 0.0667049
758 5.96903 -0.130975
759 5.96903 -0.0260193
760 5.96903 0.0293755
761 5.96903 0.0338353
762 5.96903 0.132242
763 5.96903 0.0842027
764 5.96903 0.0952817
765 5.96903 -0.218218
766 5.96903 -0.0733316
767 5.96903 -0.0296024
768 5.96903 0.132243
769 5.96903 -0.0188031
770 5.96903 -0.109886
771 5.96903 -0.0338178
772 5.96903 -0.0464131
773 5.96903 -0.0248667
774 5.96903 0.181432
775 5.96903 0.00996522
776 5.96903 0.0602346
777 5.96903 -0.03332
778 5.96903 -0.114518
779 5.96903 0.171801
780 5.96903 -0.0972579
781 5.96903 0.0863599
782 5.96903 0.0698973
783 5.96903 0.298296
784 5.96903 -0.173028
785 5.96903 0.0368239
786 5.96903 0.0436766
787 5.96903 0.0169426
788 5.96903 -0.158249
789 5.96903 0.103156
790 5.96903 -0.0143303
791 5.96903 -0.0826965
792 5.96903 -0.036733
793 5.96903 0.0261141
794 5.96903 0.0217067
795 5.96903 -0.0620088
796 5.96903 -0.0228002
797 5.96903 -0.0143244
798 5.96903 -0.0682356
799 5.96903 -0.116968
800 5.96903 -0.0914357
801 5.96903 0.0228966
802 5.96903 -0.0422244
803 5.96903 -0.093301
804 5.96903 0.000764317
805 5.96903 -0.0574106
806 5.96903 0.192907
807 5.96903 0.0646806
808 5.96903 0.0186625
809 5.96903 0.124557
810 5.96903 -0.0193569
811 5.96903 0.0130058
812 5.96903 -0.0539514
813 5.96903 0.0297457
814 5.96903 -0.0781114
815 5.96903 0.0148082
816 5.96903 0.0567951
817 5.96903 0.128196
818 5.96903 0.152165
819 5.96903 0.0579392
820 5.96903 -0.00419621
821 5.96903 -0.135973
822 5.96903 -0.041174
823 5.96903 -0.143437
824 5.96903 -0.0644667
825 5.96903 0.246021
826 5.96903 -0.0801776
827 5.96903 0.0424358
828 5.96903 0.169636
829 5.96903 -0.0432763
830 5.96903 0.0189776
831 5.96903 -0.00047858
832 5.96903 -0.101492
833 5.96903 -0.138831
834 5.96903 -0.00182045
835 5.96903 -0.100947
836 5.96903 0.160978
837 5.96903 0.0648768
838 5.96903 0.208748
839 5.96903 0.0769599
840 5.96903 0.0691265
841 5.96903 0.0756877
842 5.96903 -0.193985
843 5.96903 -0.0322825
844 5.96903 0.0882315
845 5.96903 0.0507517
846 5.96903 -0.0536151
847 5.96903 0.0580075
848 5.96903 0.0897391
849 5.96903 -0.040659
850 5.96903 0.107404
851 5.96903 0.0658138
852 5.96903 -0.227717
853 5.96903 -0.105953
854 5.96903 0.111791
855 5.96903 -0.092642
856 5.96903 -0.0269691
857 5.96903 0.0638308
858 5.96903 0.0158618
859 5.96903 0.00235028
860 5.96903 -0.016075
861 5.96903 -0.0549542
862 5.96903 0.190805
863 5.96903 0.0316259
864 5.96903 0.0565513
865 5.96903 0.0384981
866 5.96903 0.0478882
867 5.96903 -0.0736474
868 5.96903 0.0156898
869 5.96903 -0.102061
870 5.96903 0.21744
871 5.96903 -0.039208
872 5.96903 0.119637
873 5.96903 -0.0449378
874 5.96903 0.0958072
875 5.96903 -0.061119
876 5.96903 0.0247591
877 5.96903 0.00255135
878 5.96903 -0.0544734
879 5.96903 -0.0658092
880 5.96903 0.0398523
881 5.96903 0.24014
882 5.96903 0.151554
883 5.96903 0.0118282
884 5.96903 4.99961e-05
885 5.96903 0.02174
886 5.96903 0.265056
887 5.96903 -0.0543099
888 5.96903 -0.150042
889 5.96903 -0.00310623
890 5.96903 0.0160852
891 5.96903 0.241757
892 5.96903 0.0395182
893 5.96903 0.0498268
894 5.96903 0.204583
895 5.96903 -0.0730783
896 5.96903 0.252073
897 5.96903 0.0486573
898 5.96903 0.0231194
899 5.96903 0.0715408
900 5.96903 0.0339429
901 5.96903 0.0216169
902 5.96903 0.0127228
903 5.96903 -0.0366971
904 5.96903 0.106206
905 5.96903 -0.0172982
906 5.96903 -0.0281287
907 5.96903 0.00343152
908 5.96903 0.0355931
909 5.96903 -0.090791
910 5.96903 -0.21544
911 5.96903 -0.0345951
912 5.96903 -0.154558
913 5.96903 -0.00082331
914 5.96903 0.186882
915 5.96903 -0.0352986
916 5.96903 -0.0271367
917 5.96903 -0.19703
918 5.96903 -0.00853805
919 5.96903 0.124883
920 5.96903 -0.038635
921 5.96903 0.0432453
922 5.96903 -0.0972445
923 5.96903 0.0611244
924 5.96903 -0.0425401
925 5.96903 -0.125535
926 5.96903 0.159155
927 5.96903 -0.0588243
928 5.96903 0.0617789
929 5.96903 -0.244486
930 5.96903 -0.040165
931 5.96903 0.299117
932 5.96903 -0.0888328
933 5.96903 0.002736
934 5.96903 -0.207997
935 5.96903 0.293558
936 5.96903 -0.0294585
937 5.96903 0.0724948
938 5.96903 0.113468
939 5.96903 -0.072292
940 5.96903 0.00163862
941 5.96903 0.268476
942 5.96903 -0.107143
943 5.96903 -0.0489446
944 5.96903 0.112948
945 5.96903 -0.0604033
946 5.96903 -0.236629
947 5.96903 -0.0742914
948 5.96903 -0.0444581
949 5.96903 0.0453579
950 5.96903 0.00187116
951 5.96903 0.159498
952 5.96903 0.0488289
953 5.96903 -0.0141904
954 5.96903 0.0207853
955 5.96903 -0.181859
956 5.96903 -0.118658
957 5.96903 0.00842451
958 5.96903 -0.136437
959 5.96903 -0.0658579
960 5.96903 -0.288347
961 5.96903 -0.163957
962 5.96903 -0.105444
963 5.96903 -0.0792884
964 5.96903 -0.0799578
965 5.96903 -0.124025
966 5.96903 -0.175246
967 5.96903 0.0261548
968 5.96903 -0.0635495
969 5.96903 -0.00446898
970 5.96903 0.107843
971 5.96903 -0.161775
972 5.96903 -0.00655508
973 5.96903 0.114391
974 5.96903 0.0612384
975 5.96903 0.032213
976 5.96903 0.0651019
977 5.96903 0.00798658
978 5.96903 0.124186
979 5.96903 -0.0191831
980 5.96903 -0.0862555
981 5.96903 0.188323
982 5.96903 -0.174112
983 5.96903 -0.356606
984 5.96903 0.172528
985 5.96903 -0.189491
986 5.96903 -0.0649121
987 5.96903 0.101226
988 5.96903 0.0942306
989 5.96903 0.00459239
990 5.96903 0.133384
991 5.96903 0.245492
992 5.96903 -0.0217986
993 5.96903 0.0719388
994 5.96903 -0.0976994
995 5.96903 -0.0319712
996 5.96903 0.183825
997 5.96903 -0.125325
998 5.96903 -0.0427999
999 5.96903 -0.115269
1000 5.96903 -0.00735131
