0.2 0 -0.0989487
0.4 0 -0.107708
0.6 0 -0.0459272
0.8 0 -0.0124119
1 0 -0.0555601
1.2 0 -0.113508
1.4 0 -0.099687
1.6 0 -0.0195797
1.8 0 0.0345367
2 0 0.00306121
2.2 0 -0.0641376
2.4 0 -0.0734994
2.6 0 -0.00945426
2.8 0 0.0464564
3 0 0.022511
3.2 0 -0.0504758
3.4 0 -0.080578
3.6 0 -0.034838
3.8 0 0.0185608
4 0 -5.68045e-05
4.2 0 -0.0770644
4.4 0 -0.120333
4.6 0 -0.0739752
4.8 0 0.0126903
5 0 0.0465606
5.2 0 0.00248358
5.4 0 -0.0527256
5.6 0 -0.0467202
5.8 0 0.0139941
6 0 0.0615689
6.2 0 0.0533043
6.4 0 0.0153321
6.6 0 -0.00199703
6.8 0 0.0112809
7 0 0.0231909
7.2 0 0.0132438
7.4 0 0.00308879
7.6 0 0.0248124
7.8 0 0.0731684
8 0 0.106393
8.2 0 0.0937596
8.4 0 0.049288
8.6 0 0.0132253
8.8 0 0.0089659
9 0 0.0262754
9.2 0 0.041247
9.4 0 0.0406965
9.6 0 0.0255364
9.8 0 0.00206833
10 0 -0.0204587
10.2 0 -0.0289262
10.4 0 -0.0157317
10.6 0 0.0072994
10.8 0 0.0134242
11 0 -0.0117154
11.2 0 -0.0493708
11.4 0 -0.0625099
11.6 0 -0.0340984
11.8 0 0.0139684
12 0 0.0430968
12.2 0 0.0355629
12.4 0 0.00667871
12.6 0 -0.0157193
12.8 0 -0.0157213
13 0 0.00627314
13.2 0 0.0423978
13.4 0 0.0811861
13.6 0 0.106791
13.8 0 0.107105
14 0 0.0884853
14.2 0 0.0751151
14.4 0 0.0840979
14.6 0 0.101817
14.8 0 0.0939895
15 0 0.0438218
15.2 0 -0.0249095
15.4 0 -0.0689173
15.6 0 -0.0678402
15.8 0 -0.040384
16 0 -0.0196694
16.2 0 -0.0209125
16.4 0 -0.0367269
16.6 0 -0.0548847
16.8 0 -0.0683011
17 0 -0.0684185
17.2 0 -0.0439072
17.4 0 0.0022644
17.6 0 0.0403881
17.8 0 0.0347605
18 0 -0.0161878
18.2 0 -0.0693228
18.4 0 -0.0774758
18.6 0 -0.0398247
18.8 0 -0.00253545
19 0 -0.00667388
19.2 0 -0.0437982
19.4 0 -0.0697889
19.6 0 -0.0563531
19.8 0 -0.0172399
20 0 0.0162564
20.2 0 0.031548
20.4 0 0.0368522
20.6 0 0.0367708
20.8 0 0.0247051
21 0 0.00407053
21.2 0 0.000136399
21.4 0 0.0323918
21.6 0 0.077693
21.8 0 0.0809247
22 0 0.0152706
22.2 0 -0.0765454
22.4 0 -0.117756
22.6 0 -0.0775813
22.8 0 -0.0043833
23 0 0.0288319
23.2 0 0.004278
23.4 0 -0.0270851
23.6 0 -0.00977039
23.8 0 0.0533519
24 0 0.11005
24.2 0 0.119712
24.4 0 0.0897716
24.6 0 0.0525198
24.8 0 0.0239867
25 0 -0.00145352
25.2 0 -0.0255039
25.4 0 -0.0362168
25.6 0 -0.0303589
25.8 0 -0.0300584
26 0 -0.0596904
26.2 0 -0.108002
26.4 0 -0.130372
26.6 0 -0.098432
26.8 0 -0.0382544
27 0 -0.00499118
27.2 0 -0.0195684
27.4 0 -0.0438331
27.6 0 -0.0260638
27.8 0 0.0376744
28 0 0.100145
28.2 0 0.11881
28.4 0 0.100129
28.6 0 0.0802931
28.8 0 0.0734923
29 0 0.0580322
29.2 0 0.0168227
29.4 0 -0.025849
29.6 0 -0.0260564
29.8 0 0.0226555
30 0 0.0711413
30.2 0 0.0654742
30.4 0 0.00981244
30.6 0 -0.0354668
30.8 0 -0.0219332
31 0 0.03109
31.2 0 0.0590469
31.4 0 0.0272566
31.6 0 -0.0288
31.8 0 -0.0442443
32 0 0.00166323
32.2 0 0.0641096
32.4 0 0.085806
32.6 0 0.0603025
32.8 0 0.0317954
33 0 0.0346252
33.2 0 0.0475454
33.4 0 0.0201823
33.6 0 -0.0578095
33.8 0 -0.128823
34 0 -0.120764
34.2 0 -0.0276194
34.4 0 0.0740024
34.6 0 0.096708
34.8 0 0.0286653
35 0 -0.0579156
35.2 0 -0.0840368
35.4 0 -0.0414138
35.6 0 0.0117838
35.8 0 0.0237756
36 0 0.00194551
36.2 0 -0.0116197
36.4 0 -0.00189382
36.6 0 0.00286309
36.8 0 -0.0202531
37 0 -0.0441578
37.2 0 -0.0182212
37.4 0 0.0606566
37.6 0 0.125263
37.8 0 0.104702
38 0 0.00870902
38.2 0 -0.0739311
38.4 0 -0.0692575
38.6 0 0.00218196
38.8 0 0.0538628
39 0 0.0359463
39.2 0 -0.011025
39.4 0 -0.0139713
39.6 0 0.0377347
39.8 0 0.0786819
40 0 0.0505488
40.2 0 -0.023899
40.4 0 -0.0692652
40.6 0 -0.051853
40.8 0 -0.0201464
41 0 -0.0400349
41.2 0 -0.10664
41.4 0 -0.144838
41.6 0 -0.0999381
41.8 0 -0.00736144
42 0 0.0444027
42.2 0 0.0131467
42.4 0 -0.0533289
42.6 0 -0.0767142
42.8 0 -0.03546
43 0 0.0215337
43.2 0 0.0413541
43.4 0 0.0271801
43.6 0 0.0237633
43.8 0 0.055602
44 0 0.096356
44.2 0 0.100857
44.4 0 0.0551707
44.6 0 -0.0119531
44.8 0 -0.0596149
45 0 -0.0671593
45.2 0 -0.0406259
45.4 0 -0.00131683
45.6 0 0.0264939
45.8 0 0.0275315
46 0 0.00874712
46.2 0 -0.000795361
46.4 0 0.0231791
46.6 0 0.0667027
46.8 0 0.0808246
47 0 0.0317877
47.2 0 -0.0528867
47.4 0 -0.102687
47.6 0 -0.0774708
47.8 0 -0.0151227
48 0 0.00701337
48.2 0 -0.0411379
48.4 0 -0.106611
48.6 0 -0.11214
48.8 0 -0.0425183
49 0 0.0410295
49.2 0 0.07246
49.4 0 0.051994
49.6 0 0.0354686
49.8 0 0.0617631
50 0 0.109024
50.2 0 0.127856
50.4 0 0.102878
50.6 0 0.0649048
50.8 0 0.0449811
51 0 0.0351757
51.2 0 0.00657615
51.4 0 -0.0433753
51.6 0 -0.079814
51.8 0 -0.0715193
52 0 -0.0305844
52.2 0 0.00103548
52.4 0 0.000835242
52.6 0 -0.0119314
52.8 0 -0.0077987
53 0 0.0102977
53.2 0 0.00950416
53.4 0 -0.0281133
53.6 0 -0.0761001
53.8 0 -0.088622
54 0 -0.0512522
54.2 0 0.0029763
54.4 0 0.030478
54.6 0 0.0225319
54.8 0 0.00769442
55 0 0.013232
55.2 0 0.0342577
55.4 0 0.0449224
55.6 0 0.0330995
55.8 0 0.0144068
56 0 0.0105813
56.2 0 0.0214301
56.4 0 0.025212
56.6 0 0.00610992
56.8 0 -0.0246664
57 0 -0.0388158
57.2 0 -0.020498
57.4 0 0.0165899
57.6 0 0.0412517
57.8 0 0.0321005
58 0 -0.00578729
58.2 0 -0.0463722
58.4 0 -0.0613035
58.6 0 -0.036697
58.8 0 0.0193379
59 0 0.0788217
59.2 0 0.105961
59.4 0 0.0780519
59.6 0 0.00516898
59.8 0 -0.0691934
60 0 -0.0952986
60.2 0 -0.0560406
60.4 0 0.0160874
60.6 0 0.0639358
60.8 0 0.0544879
61 0 0.00731009
61.2 0 -0.025397
61.4 0 -0.00881446
61.6 0 0.0430448
61.8 0 0.0842797
62 0 0.082756
62.2 0 0.046975
62.4 0 0.00964743
62.6 0 -0.00918031
62.8 0 -0.0176614
63 0 -0.0328655
63.2 0 -0.0537277
63.4 0 -0.0593242
63.6 0 -0.0332275
63.8 0 0.0155319
64 0 0.0580483
64.2 0 0.0694934
64.4 0 0.0459061
64.6 0 0.001874
64.8 0 -0.0409589
65 0 -0.062283
65.2 0 -0.0498235
65.4 0 -0.00940357
65.6 0 0.0301077
65.8 0 0.0326017
66 0 -0.0125665
66.2 0 -0.0720939
66.4 0 -0.0916355
66.6 0 -0.0458107
66.8 0 0.03384
67 0 0.085045
67.2 0 0.0710303
67.4 0 0.00951922
67.6 0 -0.0527446
67.8 0 -0.0875944
68 0 -0.102064
68.2 0 -0.112199
68.4 0 -0.113785
68.6 0 -0.0893076
68.8 0 -0.0404673
69 0 -0.000157598
69.2 0 -0.0022784
69.4 0 -0.0422654
69.6 0 -0.0768771
69.8 0 -0.0673339
70 0 -0.0181432
70.2 0 0.0316911
70.4 0 0.0527681
70.6 0 0.0525218
70.8 0 0.0567284
71 0 0.0727881
71.2 0 0.0820377
71.4 0 0.0683007
71.6 0 0.0422268
71.8 0 0.0270363
72 0 0.0241222
72.2 0 0.00770562
72.4 0 -0.0372216
72.6 0 -0.0800408
72.8 0 -0.0661382
73 0 0.0168742
73.2 0 0.104027
73.4 0 0.103569
73.6 0 -0.00682143
73.8 0 -0.141672
74 0 -0.181015
74.2 0 -0.0897283
74.4 0 0.0417322
74.6 0 0.0844104
74.8 0 -0.000131472
75 0 -0.123226
75.2 0 -0.163237
75.4 0 -0.0898893
75.6 0 0.0119968
75.8 0 0.0393588
76 0 -0.0209777
76.2 0 -0.0881093
76.4 0 -0.0829546
76.6 0 -0.0125895
76.8 0 0.0470583
77 0 0.0412258
77.2 0 -0.00731752
77.4 0 -0.0343915
77.6 0 -0.0123669
77.8 0 0.0229898
78 0 0.0224429
78.2 0 -0.0151754
78.4 0 -0.042795
78.6 0 -0.0220528
78.8 0 0.0325138
79 0 0.0713663
79.2 0 0.0643774
79.4 0 0.0282786
79.6 0 0.00178131
79.8 0 0.00378722
80 0 0.0216636
80.2 0 0.0338396
80.4 0 0.0328129
80.6 0 0.0240745
80.8 0 0.0120718
81 0 -0.00320748
81.2 0 -0.0173138
81.4 0 -0.0188901
81.6 0 -0.0023403
81.8 0 0.0203914
82 0 0.0275328
82.2 0 0.00872364
82.4 0 -0.0249133
82.6 0 -0.0535881
82.8 0 -0.0683343
83 0 -0.0742674
83.2 0 -0.0771762
83.4 0 -0.0739107
83.6 0 -0.0592822
83.8 0 -0.0376012
84 0 -0.0199894
84.2 0 -0.00908458
84.4 0 0.00714164
84.6 0 0.0398691
84.8 0 0.0785139
85 0 0.0922262
85.2 0 0.0583345
85.4 0 -0.0104695
85.6 0 -0.0713841
85.8 0 -0.0879797
86 0 -0.0631159
86.2 0 -0.0353236
86.4 0 -0.0410658
86.6 0 -0.078756
86.8 0 -0.109221
87 0 -0.093291
87.2 0 -0.0320153
87.4 0 0.0293284
87.6 0 0.0405701
87.8 0 -0.00449633
88 0 -0.0566723
88.2 0 -0.0530974
88.4 0 0.0230474
88.6 0 0.122235
88.8 0 0.171417
89 0 0.141464
89.2 0 0.0728092
89.4 0 0.0324093
89.6 0 0.045697
89.8 0 0.0741961
90 0 0.0615477
90.2 0 -0.00252425
90.4 0 -0.0694235
90.6 0 -0.082546
90.8 0 -0.0354572
91 0 0.0243295
91.2 0 0.0459816
91.4 0 0.0230101
91.6 0 -0.0100413
91.8 0 -0.0201943
92 0 -0.00689812
92.2 0 0.00795308
92.4 0 0.0099322
92.6 0 0.00372317
92.8 0 -0.00147252
93 0 -0.00660084
93.2 0 -0.0161635
93.4 0 -0.0222882
93.6 0 -0.00667149
93.8 0 0.0359453
94 0 0.080817
94.2 0 0.0885453
94.4 0 0.0421917
94.6 0 -0.0319468
94.8 0 -0.0836144
95 0 -0.0803289
95.2 0 -0.0315926
95.4 0 0.0250628
95.6 0 0.0584803
95.8 0 0.0647395
96 0 0.0593692
96.2 0 0.0559616
96.4 0 0.0555262
96.6 0 0.0538971
96.8 0 0.0531564
97 0 0.0606966
97.2 0 0.0764725
97.4 0 0.0849427
97.6 0 0.0649819
97.8 0 0.0114253
98 0 -0.0532391
98.2 0 -0.0918802
98.4 0 -0.0815001
98.6 0 -0.0319074
98.8 0 0.0232925
99 0 0.0544314
99.2 0 0.0559117
99.4 0 0.0422051
99.6 0 0.0289202
99.8 0 0.0208077
100 0 0.0157654
100.2 0 0.0133397
100.4 0 0.013964
100.6 0 0.0121994
100.8 0 -0.00127986
101 0 -0.0259524
101.2 0 -0.0431091
101.4 0 -0.0292396
101.6 0 0.0180981
101.8 0 0.070828
102 0 0.0919267
102.2 0 0.0677713
102.4 0 0.0171667
102.6 0 -0.0309711
102.8 0 -0.0639403
103 0 -0.0863904
103.2 0 -0.100663
103.4 0 -0.0964574
103.6 0 -0.0651709
103.8 0 -0.0187844
104 0 0.0153608
104.2 0 0.0215414
104.4 0 0.0116451
104.6 0 0.00905596
104.8 0 0.0196749
105 0 0.0263205
105.2 0 0.0129563
105.4 0 -0.0134548
105.6 0 -0.0322592
105.8 0 -0.0366614
106 0 -0.0416002
106.2 0 -0.0603237
106.4 0 -0.0815582
106.6 0 -0.0807883
106.8 0 -0.0537638
107 0 -0.0272925
107.2 0 -0.0287263
107.4 0 -0.0505627
107.6 0 -0.0575304
107.8 0 -0.0312949
108 0 0.00302278
108.2 0 0.00549355
108.4 0 -0.0274097
108.6 0 -0.0541391
108.8 0 -0.037019
109 0 0.00949564
109.2 0 0.032778
109.4 0 0.00455564
109.6 0 -0.0433647
109.8 0 -0.0552431
110 0 -0.0170939
110.2 0 0.0271017
110.4 0 0.0277447
110.6 0 -0.0131513
110.8 0 -0.0474879
111 0 -0.0393024
111.2 0 -0.00381763
111.4 0 0.0164286
111.6 0 0.00381732
111.8 0 -0.0178754
112 0 -0.0165062
112.2 0 0.0124545
112.4 0 0.0483305
112.6 0 0.0723187
112.8 0 0.0789028
113 0 0.0643255
113.2 0 0.0230756
113.4 0 -0.0327301
113.6 0 -0.0628205
113.8 0 -0.0311017
114 0 0.0438517
114.2 0 0.0873861
114.4 0 0.0392044
114.6 0 -0.072497
114.8 0 -0.143868
115 0 -0.0962964
115.2 0 0.0382622
115.4 0 0.143527
115.6 0 0.132459
115.8 0 0.0279036
116 0 -0.0709579
116.2 0 -0.0906968
116.4 0 -0.0418672
116.6 0 0.0159406
116.8 0 0.044615
117 0 0.0515916
117.2 0 0.057793
117.4 0 0.0660652
117.6 0 0.0685027
117.8 0 0.0681081
118 0 0.0744828
118.2 0 0.0806675
118.4 0 0.0632804
118.6 0 0.0157792
118.8 0 -0.0297812
119 0 -0.0313017
119.2 0 0.012153
119.4 0 0.0525778
119.6 0 0.0460422
119.8 0 0.00527138
120 0 -0.014588
120.2 0 0.0176783
120.4 0 0.071806
120.6 0 0.093461
120.8 0 0.0694836
121 0 0.0402653
121.2 0 0.047035
121.4 0 0.0833644
121.6 0 0.110705
121.8 0 0.112426
122 0 0.112318
122.2 0 0.134029
122.4 0 0.158503
122.6 0 0.140174
122.8 0 0.0647348
123 0 -0.0252902
123.2 0 -0.0718379
123.4 0 -0.06023
123.6 0 -0.0259867
123.8 0 -0.00669313
124 0 -0.00253581
124.2 0 0.0085677
124.4 0 0.0290052
124.6 0 0.0325145
124.8 0 9.72096e-05
125 0 -0.0483575
125.2 0 -0.0701494
125.4 0 -0.045309
125.6 0 0.00247954
125.8 0 0.0310836
126 0 0.018446
126.2 0 -0.0260786
126.4 0 -0.0786159
126.6 0 -0.11792
126.8 0 -0.129153
127 0 -0.106425
127.2 0 -0.0619934
127.4 0 -0.0265266
127.6 0 -0.0260987
127.8 0 -0.053756
128 0 -0.0710084
128.2 0 -0.0448474
128.4 0 0.0180357
128.6 0 0.0779892
128.8 0 0.100926
129 0 0.0846003
129.2 0 0.0490375
129.4 0 0.012955
129.6 0 -0.0131353
129.8 0 -0.0198989
130 0 -0.00277445
130.2 0 0.0227911
130.4 0 0.0238133
130.6 0 -0.0172045
130.8 0 -0.0740186
131 0 -0.0968515
131.2 0 -0.0676669
131.4 0 -0.0245107
131.6 0 -0.0181506
131.8 0 -0.0493215
132 0 -0.0664178
132.2 0 -0.0315736
132.4 0 0.0265429
132.6 0 0.0435607
132.8 0 -0.000978464
133 0 -0.0559399
133.2 0 -0.0605425
133.4 0 -0.0182545
133.6 0 0.0125078
133.8 0 -0.00113318
134 0 -0.0212323
134.2 0 0.00874551
134.4 0 0.0810078
134.6 0 0.121763
134.8 0 0.080361
135 0 -0.00162392
135.2 0 -0.0328412
135.4 0 0.0216946
135.6 0 0.100457
135.8 0 0.11976
136 0 0.0696182
136.2 0 0.0152965
136.4 0 0.0108194
136.6 0 0.0381072
136.8 0 0.0437728
137 0 0.0159118
137.2 0 -0.00338074
137.4 0 0.0182411
137.6 0 0.0541355
137.8 0 0.0516662
138 0 0.00185225
138.2 0 -0.0489095
138.4 0 -0.0596063
138.6 0 -0.0443655
138.8 0 -0.0445693
139 0 -0.0643129
139.2 0 -0.0612166
139.4 0 -0.00854225
139.6 0 0.0556437
139.8 0 0.0640875
140 0 0.0013099
140.2 0 -0.0725997
140.4 0 -0.0874979
140.6 0 -0.0380984
140.8 0 0.0204647
141 0 0.04261
141.2 0 0.0359397
141.4 0 0.0314915
141.6 0 0.0335073
141.8 0 0.0212746
142 0 -0.00563907
142.2 0 -0.011991
142.4 0 0.0284269
142.6 0 0.0874099
142.8 0 0.104772
143 0 0.0583109
143.2 0 -0.006866
143.4 0 -0.0297306
143.6 0 -0.0023636
143.8 0 0.0290064
144 0 0.0282624
144.2 0 0.0133546
144.4 0 0.0250274
144.6 0 0.066036
144.8 0 0.0931653
145 0 0.0713857
145.2 0 0.0172313
145.4 0 -0.0239174
145.6 0 -0.0327734
145.8 0 -0.0303124
146 0 -0.0384501
146.2 0 -0.0474288
146.4 0 -0.0357734
146.6 0 -0.0107382
146.8 0 -0.00695263
147 0 -0.0408855
147.2 0 -0.083996
147.4 0 -0.0944588
147.6 0 -0.0665272
147.8 0 -0.0308777
148 0 -0.00692177
148.2 0 0.0235807
148.4 0 0.0810716
148.6 0 0.140084
148.8 0 0.143277
149 0 0.0714227
149.2 0 -0.0197309
149.4 0 -0.0525135
149.6 0 -0.0135314
149.8 0 0.0323277
150 0 0.0201774
150.2 0 -0.0388227
150.4 0 -0.0753398
150.6 0 -0.0480497
150.8 0 0.00993964
151 0 0.0371139
151.2 0 0.0167057
151.4 0 -0.0158061
151.6 0 -0.0306728
151.8 0 -0.0414752
152 0 -0.071333
152.2 0 -0.100852
152.4 0 -0.0800399
152.6 0 0.00194766
152.8 0 0.0826513
153 0 0.0855865
153.2 0 0.010756
153.4 0 -0.055184
153.6 0 -0.030311
153.8 0 0.0711439
154 0 0.152354
154.2 0 0.136266
154.4 0 0.0413801
154.6 0 -0.0468533
154.8 0 -0.0654216
155 0 -0.0221958
155.2 0 0.0354979
155.4 0 0.076477
155.6 0 0.0983876
155.8 0 0.100022
156 0 0.0671269
156.2 0 -0.00372014
156.4 0 -0.0796866
156.6 0 -0.108883
156.8 0 -0.0692259
157 0 0.00632328
157.2 0 0.0597184
157.4 0 0.062013
157.6 0 0.0348725
157.8 0 0.0205133
158 0 0.0360267
158.2 0 0.0595605
158.4 0 0.0577013
158.6 0 0.0217892
158.8 0 -0.0232692
159 0 -0.0435424
159.2 0 -0.0280823
159.4 0 0.00209418
159.6 0 0.0157411
159.8 0 0.00270673
160 0 -0.0157049
160.2 0 -0.0083336
160.4 0 0.0332772
160.6 0 0.0849331
160.8 0 0.113473
161 0 0.109016
161.2 0 0.0907127
161.4 0 0.080866
161.6 0 0.0783815
161.8 0 0.0626796
162 0 0.0225062
162.2 0 -0.0254043
162.4 0 -0.050095
162.6 0 -0.0365169
162.8 0 0.00134387
163 0 0.0358386
163.2 0 0.0497712
163.4 0 0.045567
163.6 0 0.0371151
163.8 0 0.0376013
164 0 0.0517147
164.2 0 0.0715282
164.4 0 0.0780599
164.6 0 0.0545859
164.8 0 0.00608566
165 0 -0.0369405
165.2 0 -0.0431168
165.4 0 -0.0122818
165.6 0 0.0231165
165.8 0 0.0344602
166 0 0.0302237
166.2 0 0.0428436
166.4 0 0.0817083
166.6 0 0.111648
166.8 0 0.0897618
167 0 0.0196173
167.2 0 -0.0459165
167.4 0 -0.0617414
167.6 0 -0.0395051
167.8 0 -0.0269472
168 0 -0.0429309
168.2 0 -0.0520054
168.4 0 -0.0139135
168.6 0 0.0541682
168.8 0 0.0863045
169 0 0.0439563
169.2 0 -0.0324423
169.4 0 -0.0637997
169.6 0 -0.0208808
169.8 0 0.043171
170 0 0.0543265
170.2 0 -0.000594614
170.4 0 -0.065915
170.6 0 -0.0847424
170.8 0 -0.0567207
171 0 -0.0224159
171.2 0 -0.006247
171.4 0 0.00498455
171.6 0 0.0272746
171.8 0 0.0444774
172 0 0.0258142
172.2 0 -0.0266194
172.4 0 -0.0669108
172.6 0 -0.0522655
172.8 0 0.00643464
173 0 0.053112
173.2 0 0.0468135
173.4 0 0.00517888
173.6 0 -0.0174
173.8 0 0.00939547
174 0 0.0593766
174.2 0 0.0782895
174.4 0 0.0400303
174.6 0 -0.0270371
174.8 0 -0.0668317
175 0 -0.0472388
175.2 0 0.0113398
175.4 0 0.0551574
175.6 0 0.0465238
175.8 0 -0.00125642
176 0 -0.0375748
176.2 0 -0.0266003
176.4 0 0.0138411
176.6 0 0.0311452
176.8 0 -0.000236094
177 0 -0.0420464
177.2 0 -0.0293599
177.4 0 0.0523352
177.6 0 0.138408
177.8 0 0.146546
178 0 0.0661733
178.2 0 -0.0265591
178.4 0 -0.0501339
178.6 0 -0.00505605
178.8 0 0.0328664
179 0 0.00454927
179.2 0 -0.0637211
179.4 0 -0.0941023
179.6 0 -0.050172
179.8 0 0.0215456
180 0 0.0464501
180.2 0 0.00396021
180.4 0 -0.056776
180.6 0 -0.0758748
180.8 0 -0.0414974
181 0 0.0115261
181.2 0 0.0445367
181.4 0 0.0432034
181.6 0 0.0129386
181.8 0 -0.0313537
182 0 -0.0645875
182.2 0 -0.0591347
182.4 0 -0.0136763
182.6 0 0.0288534
182.8 0 0.0142275
183 0 -0.0598637
183.2 0 -0.12587
183.4 0 -0.110822
183.6 0 -0.0197741
183.8 0 0.0614015
184 0 0.056227
184.2 0 -0.0197143
184.4 0 -0.0798152
184.6 0 -0.0651374
184.8 0 -0.00333905
185 0 0.0365445
185.2 0 0.0286341
185.4 0 0.00766728
185.6 0 0.00731532
185.8 0 0.0102489
186 0 -0.0217165
186.2 0 -0.0826729
186.4 0 -0.117833
186.6 0 -0.0918698
186.8 0 -0.0400483
187 0 -0.0283108
187.2 0 -0.0677013
187.4 0 -0.093783
187.6 0 -0.0436273
187.8 0 0.06164
188 0 0.132206
188.2 0 0.107754
188.4 0 0.023277
188.6 0 -0.0319659
188.8 0 -0.00997499
189 0 0.0548519
189.2 0 0.0945741
189.4 0 0.0792953
189.6 0 0.0343979
189.8 0 0.0025068
190 0 0.00512222
190.2 0 0.0365882
190.4 0 0.0747331
190.6 0 0.0889408
190.8 0 0.0545426
191 0 -0.0195788
191.2 0 -0.0798398
191.4 0 -0.0673913
191.6 0 0.0164024
191.8 0 0.0948036
192 0 0.0868419
192.2 0 -0.00312978
192.4 0 -0.0830196
192.6 0 -0.0714238
192.8 0 0.0113374
193 0 0.0672756
193.2 0 0.0344246
193.4 0 -0.043256
193.6 0 -0.0717578
193.8 0 -0.0196802
194 0 0.0479025
194.2 0 0.0516635
194.4 0 -0.00696681
194.6 0 -0.0520562
194.8 0 -0.0277494
195 0 0.036609
195.2 0 0.0661027
195.4 0 0.0301277
195.6 0 -0.0267293
195.8 0 -0.042597
196 0 -0.00794198
196.2 0 0.0346988
196.4 0 0.0499772
196.6 0 0.049326
196.8 0 0.0665586
197 0 0.107787
197.2 0 0.140133
197.4 0 0.129813
197.6 0 0.0808114
197.8 0 0.0302172
198 0 0.00959088
198.2 0 0.0161352
198.4 0 0.0198898
198.6 0 -0.00577439
198.8 0 -0.0605673
199 0 -0.118646
199.2 0 -0.151156
199.4 0 -0.151408
199.6 0 -0.141058
199.8 0 -0.148264
200 0 -0.174914
200.2 0 -0.18775
200.4 0 -0.150147
200.6 0 -0.0660442
200.8 0 0.0147071
201 0 0.0434657
201.2 0 0.0238748
201.4 0 0.00682932
201.6 0 0.0311405
201.8 0 0.0781013
202 0 0.0951677
202.2 0 0.0612923
202.4 0 0.0142298
202.6 0 0.00573791
202.8 0 0.0400424
203 0 0.0720956
203.2 0 0.0667389
203.4 0 0.0425622
203.6 0 0.0439997
203.8 0 0.0777263
204 0 0.0967833
204.2 0 0.0564653
204.4 0 -0.0256411
204.6 0 -0.0809158
204.8 0 -0.0615434
205 0 0.0103842
205.2 0 0.0706324
205.4 0 0.0798864
205.6 0 0.05242
205.8 0 0.023041
206 0 0.00317298
206.2 0 -0.0202336
206.4 0 -0.0519707
206.6 0 -0.0727873
206.8 0 -0.0621885
207 0 -0.0269655
207.2 0 0.00392654
207.4 0 0.0116048
207.6 0 0.00573816
207.8 0 0.008691
208 0 0.0284957
208.2 0 0.0533972
208.4 0 0.0689506
208.6 0 0.0721306
208.8 0 0.0679648
209 0 0.0606621
209.2 0 0.0540123
209.4 0 0.0556062
209.6 0 0.0710724
209.8 0 0.0923343
210 0 0.0993702
210.2 0 0.0800615
210.4 0 0.0451791
210.6 0 0.0164989
210.8 0 0.000305988
211 0 -0.0185168
211.2 0 -0.0502449
211.4 0 -0.0745992
211.6 0 -0.0541737
211.8 0 0.0205927
212 0 0.106484
212.2 0 0.13828
212.4 0 0.0889106
212.6 0 -0.0036327
212.8 0 -0.0716871
213 0 -0.0787917
213.2 0 -0.0444946
213.4 0 -0.0136861
213.6 0 -0.00914197
213.8 0 -0.0172516
214 0 -0.0149077
214.2 0 -0.00118592
214.4 0 0.00252398
214.6 0 -0.0184573
214.8 0 -0.0489076
215 0 -0.0546644
215.2 0 -0.0191417
215.4 0 0.0320329
215.6 0 0.0474022
215.8 0 -0.00316208
216 0 -0.094445
216.2 0 -0.161804
216.4 0 -0.157261
216.6 0 -0.0935267
216.8 0 -0.0311894
217 0 -0.0197308
217.2 0 -0.0516431
217.4 0 -0.0761437
217.6 0 -0.0559985
217.8 0 -0.00555223
218 0 0.0289911
218.2 0 0.0210522
218.4 0 -0.0112776
218.6 0 -0.0298917
218.8 0 -0.017062
219 0 0.0139532
219.2 0 0.0416435
219.4 0 0.0573664
219.6 0 0.0614284
219.8 0 0.0498886
220 0 0.0185318
220.2 0 -0.0202753
220.4 0 -0.0375746
220.6 0 -0.0149003
220.8 0 0.031488
221 0 0.0631111
221.2 0 0.0590141
221.4 0 0.0369197
221.6 0 0.0298146
221.8 0 0.0458277
222 0 0.0595194
222.2 0 0.0436707
222.4 0 0.00183974
222.6 0 -0.0360277
222.8 0 -0.0455625
223 0 -0.0277127
223.2 0 0.00189993
223.4 0 0.0320169
223.6 0 0.0568974
223.8 0 0.0655648
224 0 0.044725
224.2 0 -0.00111827
224.4 0 -0.040166
224.6 0 -0.035759
224.8 0 0.0179213
225 0 0.08665
225.2 0 0.12558
225.4 0 0.116412
225.6 0 0.0756994
225.8 0 0.0329193
226 0 0.00670116
226.2 0 -0.000654167
226.4 0 0.00315874
226.6 0 0.00569898
226.8 0 -0.00458231
227 0 -0.0268465
227.2 0 -0.0414901
227.4 0 -0.0262757
227.6 0 0.0136789
227.8 0 0.0394558
228 0 0.0160254
228.2 0 -0.0410464
228.4 0 -0.0698307
228.6 0 -0.0264127
228.8 0 0.0576328
229 0 0.0972267
229.2 0 0.0419556
229.4 0 -0.0645363
229.6 0 -0.124674
229.8 0 -0.0868455
230 0 0.00414408
230.2 0 0.0600986
230.4 0 0.0429207
230.6 0 -0.00583153
230.8 0 -0.0242632
231 0 -0.00115145
231.2 0 0.0231507
231.4 0 0.0164936
231.6 0 -0.00487077
231.8 0 -0.00358061
232 0 0.0243072
232.2 0 0.040013
232.4 0 0.0104376
232.6 0 -0.0463771
232.8 0 -0.0756371
233 0 -0.0445834
233.2 0 0.0214569
233.4 0 0.0647184
233.6 0 0.0520832
233.8 0 0.00340663
234 0 -0.0327351
234.2 0 -0.0253072
234.4 0 0.0157433
234.6 0 0.0536509
234.8 0 0.057062
235 0 0.0230621
235.2 0 -0.0224376
235.4 0 -0.0440118
235.6 0 -0.0226676
235.8 0 0.0293934
236 0 0.0781949
236.2 0 0.0963264
236.4 0 0.0857224
236.6 0 0.0724305
236.8 0 0.0781941
237 0 0.0990499
237.2 0 0.114244
237.4 0 0.114234
237.6 0 0.113476
237.8 0 0.130456
238 0 0.156782
238.2 0 0.153795
238.4 0 0.0876291
238.6 0 -0.0297822
238.8 0 -0.137911
239 0 -0.172507
239.2 0 -0.11944
239.4 0 -0.0270492
239.6 0 0.0362745
239.8 0 0.0404199
240 0 0.0130654
240.2 0 0.00293181
240.4 0 0.02558
240.6 0 0.0486462
240.8 0 0.0324164
241 0 -0.0188332
241.2 0 -0.0541974
241.4 0 -0.0299472
241.6 0 0.0376917
241.8 0 0.082754
242 0 0.0574549
242.2 0 -0.014717
242.4 0 -0.0612179
242.6 0 -0.0362471
242.8 0 0.0324818
243 0 0.0766848
243.2 0 0.0611445
243.4 0 0.0153652
243.6 0 -0.00745504
243.8 0 0.00928864
244 0 0.0359585
244.2 0 0.0411386
244.4 0 0.0292463
244.6 0 0.0260054
244.8 0 0.0369706
245 0 0.0373604
245.2 0 0.00676969
245.4 0 -0.038893
245.6 0 -0.0627581
245.8 0 -0.0515193
246 0 -0.0317644
246.2 0 -0.0364799
246.4 0 -0.0643473
246.6 0 -0.0833899
246.8 0 -0.0730933
247 0 -0.0500485
247.2 0 -0.0444968
247.4 0 -0.0590821
247.6 0 -0.0637408
247.8 0 -0.0339745
248 0 0.0153789
248.2 0 0.0428159
248.4 0 0.0239715
248.6 0 -0.0242634
248.8 0 -0.0629878
249 0 -0.0669165
249.2 0 -0.0377733
249.4 0 0.00870079
249.6 0 0.0568425
249.8 0 0.0913516
250 0 0.0959898
250.2 0 0.0641512
250.4 0 0.01077
250.6 0 -0.035195
250.8 0 -0.0555177
251 0 -0.0572858
251.2 0 -0.0594333
251.4 0 -0.0681137
251.6 0 -0.0715294
251.8 0 -0.0588439
252 0 -0.0365235
252.2 0 -0.0203984
252.4 0 -0.0151993
252.6 0 -0.00946203
252.8 0 0.00828924
253 0 0.034801
253.2 0 0.0575126
253.4 0 0.0697609
253.6 0 0.0733784
253.8 0 0.0677786
254 0 0.0467383
254.2 0 0.0124371
254.4 0 -0.013664
254.6 0 -0.00616237
254.8 0 0.0342497
255 0 0.0739438
255.2 0 0.0777721
255.4 0 0.0455906
255.6 0 0.00997073
255.8 0 -0.00319674
256 0 -0.00295687
256.2 0 -0.0153687
256.4 0 -0.043367
256.6 0 -0.0578097
256.8 0 -0.0336507
257 0 0.0138029
257.2 0 0.0401182
257.4 0 0.0192317
257.6 0 -0.0297842
257.8 0 -0.0675565
258 0 -0.0776181
258.2 0 -0.074244
258.4 0 -0.0701557
258.6 0 -0.0524453
258.8 0 -0.00286739
259 0 0.0638097
259.2 0 0.0995454
259.4 0 0.0723261
259.6 0 0.0100322
259.8 0 -0.018381
260 0 0.0278551
260.2 0 0.115288
260.4 0 0.165799
260.6 0 0.132906
260.8 0 0.0455943
261 0 -0.0233727
261.2 0 -0.0281074
261.4 0 0.0132779
261.6 0 0.0470727
261.8 0 0.0411526
262 0 0.0114263
262.2 0 -0.00327146
262.4 0 0.0149647
262.6 0 0.0466959
262.8 0 0.058512
263 0 0.0376245
263.2 0 0.00162775
263.4 0 -0.0231918
263.6 0 -0.0286964
263.8 0 -0.0275075
264 0 -0.0309029
264.2 0 -0.0301873
264.4 0 -0.00626369
264.6 0 0.0416306
264.8 0 0.0832954
265 0 0.0822295
265.2 0 0.0353699
265.4 0 -0.0171259
265.6 0 -0.0289718
265.8 0 0.00452713
266 0 0.0405898
266.2 0 0.0341092
266.4 0 -0.0142856
266.6 0 -0.0603799
266.8 0 -0.065576
267 0 -0.0371221
267.2 0 -0.0148254
267.4 0 -0.0228167
267.6 0 -0.0444755
267.8 0 -0.0483428
268 0 -0.0304731
268.2 0 -0.0198809
268.4 0 -0.0405592
268.6 0 -0.0777619
268.8 0 -0.0913922
269 0 -0.0619115
269.2 0 -0.0141013
269.4 0 0.00994159
269.6 0 -0.0027389
269.8 0 -0.0238514
270 0 -0.0189462
270.2 0 0.0118554
270.4 0 0.0338442
270.6 0 0.01706
270.8 0 -0.0299664
271 0 -0.0679252
271.2 0 -0.0648082
271.4 0 -0.0232428
271.6 0 0.0277086
271.8 0 0.0615552
272 0 0.0726758
272.2 0 0.0704445
272.4 0 0.0632661
272.6 0 0.0519388
272.8 0 0.0354374
273 0 0.0172344
273.2 0 0.00342145
273.4 0 -0.00345142
273.6 0 -0.00603209
273.8 0 -0.00807096
274 0 -0.0110104
274.2 0 -0.0150389
274.4 0 -0.0205185
274.6 0 -0.0250458
274.8 0 -0.0199514
275 0 0.00485512
275.2 0 0.0475711
275.4 0 0.0869738
275.6 0 0.0950047
275.8 0 0.0632041
276 0 0.0165321
276.2 0 -0.00531984
276.4 0 0.0140924
276.6 0 0.0492353
276.8 0 0.056428
277 0 0.0190063
277.2 0 -0.0336883
277.4 0 -0.0556111
277.6 0 -0.0312229
277.8 0 0.0108803
278 0 0.032306
278.2 0 0.0270292
278.4 0 0.0226583
278.6 0 0.0405423
278.8 0 0.0640647
279 0 0.0552218
279.2 0 0.001542
279.4 0 -0.0623515
279.6 0 -0.0861043
279.8 0 -0.0536261
280 0 0.00389958
280.2 0 0.0444419
280.4 0 0.0573642
280.6 0 0.06487
280.8 0 0.0867686
281 0 0.114081
281.2 0 0.121324
281.4 0 0.0984558
281.6 0 0.0620661
281.8 0 0.0346809
282 0 0.0200717
282.2 0 0.00386769
282.4 0 -0.0250831
282.6 0 -0.0604293
282.8 0 -0.0855818
283 0 -0.0894974
283.2 0 -0.0722253
283.4 0 -0.0401822
283.6 0 -0.00330807
283.8 0 0.0235866
284 0 0.0261445
284.2 0 0.00472918
284.4 0 -0.019417
284.6 0 -0.0219135
284.8 0 -0.00348046
285 0 0.00532523
285.2 0 -0.0239782
285.4 0 -0.0805799
285.6 0 -0.116986
285.8 0 -0.0955552
286 0 -0.0312138
286.2 0 0.0187409
286.4 0 0.0107894
286.6 0 -0.041096
286.8 0 -0.0802477
287 0 -0.0641785
287.2 0 -0.00389341
287.4 0 0.051553
287.6 0 0.0638104
287.8 0 0.0358301
288 0 -0.00012409
288.2 0 -0.0155399
288.4 0 -0.00425707
288.6 0 0.0236455
288.8 0 0.0550702
289 0 0.0779855
289.2 0 0.080216
289.4 0 0.0550992
289.6 0 0.0120755
289.8 0 -0.0232669
290 0 -0.0271574
290.2 0 0.0012924
290.4 0 0.0382623
290.6 0 0.0564558
290.8 0 0.0480442
291 0 0.0262801
291.2 0 0.00636046
291.4 0 -0.0113737
291.6 0 -0.0372698
291.8 0 -0.0740844
292 0 -0.108072
292.2 0 -0.121033
292.4 0 -0.10957
292.6 0 -0.088627
292.8 0 -0.0752006
293 0 -0.0715437
293.2 0 -0.0671856
293.4 0 -0.055155
293.6 0 -0.0402099
293.8 0 -0.0282967
294 0 -0.0129294
294.2 0 0.0192668
294.4 0 0.0666424
294.6 0 0.102905
294.8 0 0.0987439
295 0 0.0552264
295.2 0 0.00868538
295.4 0 -0.00467733
295.6 0 0.0123145
295.8 0 0.0215189
296 0 -0.00512503
296.2 0 -0.0500629
296.4 0 -0.067774
296.6 0 -0.0372345
296.8 0 0.0121745
297 0 0.0330464
297.2 0 0.0132992
297.4 0 -0.0121932
297.6 0 -0.00482896
297.8 0 0.0322653
298 0 0.0605124
298.2 0 0.0541023
298.4 0 0.0301339
298.6 0 0.0247729
298.8 0 0.0469865
299 0 0.0675136
299.2 0 0.0552836
299.4 0 0.0151465
299.6 0 -0.0184335
299.8 0 -0.0211164
300 0 -0.00293267
300.2 0 0.00809949
300.4 0 -0.00277096
300.6 0 -0.0285428
300.8 0 -0.0561788
301 0 -0.077726
301.2 0 -0.0835209
301.4 0 -0.0581054
301.6 0 0.00228536
301.8 0 0.0692016
302 0 0.0947355
302.2 0 0.0569556
302.4 0 -0.010599
302.6 0 -0.0468039
302.8 0 -0.0245507
303 0 0.0217439
303.2 0 0.0356989
303.4 0 0.00114596
303.6 0 -0.043897
303.8 0 -0.0542165
304 0 -0.0269146
304.2 0 0.00346438
304.4 0 0.0113477
304.6 0 0.00680971
304.8 0 0.0124492
305 0 0.0270116
305.2 0 0.0266531
305.4 0 0.000830753
305.6 0 -0.0287656
305.8 0 -0.0352048
306 0 -0.0246238
306.2 0 -0.0319066
306.4 0 -0.0737008
306.6 0 -0.117406
306.8 0 -0.110356
307 0 -0.0404849
307.2 0 0.0423385
307.4 0 0.0722468
307.6 0 0.0317447
307.8 0 -0.0341247
308 0 -0.0645494
308.2 0 -0.0372264
308.4 0 0.0217744
308.6 0 0.0699638
308.8 0 0.080918
309 0 0.0521807
309.2 0 -0.00154232
309.4 0 -0.0537389
309.6 0 -0.0743632
309.8 0 -0.0500038
310 0 -0.00175977
310.2 0 0.0270642
310.4 0 0.0126459
310.6 0 -0.0210528
310.8 0 -0.0255929
311 0 0.0164988
311.2 0 0.0679856
311.4 0 0.0779129
311.6 0 0.0430811
311.8 0 0.0152013
312 0 0.0396828
312.2 0 0.0963683
312.4 0 0.11659
312.6 0 0.0629045
312.8 0 -0.0206588
313 0 -0.051238
313.2 0 0.00152102
313.4 0 0.0796924
313.6 0 0.100497
313.8 0 0.0477164
314 0 -0.0129213
314.2 0 -0.0107883
314.4 0 0.0501727
314.6 0 0.100379
314.8 0 0.0876184
315 0 0.0350056
315.2 0 0.00801218
315.4 0 0.0341621
315.6 0 0.0726929
315.8 0 0.0676705
316 0 0.017231
316.2 0 -0.0248511
316.4 0 -0.0143333
316.6 0 0.032577
316.8 0 0.0623745
317 0 0.0489203
317.2 0 0.0188369
317.4 0 0.0104156
317.6 0 0.023087
317.8 0 0.023124
318 0 -0.00483681
318.2 0 -0.0318019
318.4 0 -0.0217645
318.6 0 0.0151994
318.8 0 0.0271498
319 0 -0.0162655
319.2 0 -0.0787201
319.4 0 -0.0918366
319.6 0 -0.0338801
319.8 0 0.0415083
320 0 0.0639392
320.2 0 0.0241746
320.4 0 -0.0209045
320.6 0 -0.0206562
320.8 0 0.00910344
321 0 0.0106762
321.2 0 -0.0387461
321.4 0 -0.094324
321.6 0 -0.0952955
321.8 0 -0.0369384
322 0 0.0243219
322.2 0 0.0359466
322.4 0 0.00395549
322.6 0 -0.0248111
322.8 0 -0.0224809
323 0 -0.00532824
323.2 0 -0.000588441
323.4 0 -0.00815176
323.6 0 -0.00965498
323.8 0 -0.00554242
324 0 -0.0197703
324.2 0 -0.0595658
324.4 0 -0.0880526
324.6 0 -0.0592246
324.8 0 0.0192318
325 0 0.0782633
325.2 0 0.057897
325.4 0 -0.0212884
325.6 0 -0.0747912
325.8 0 -0.046316
326 0 0.0297342
326.2 0 0.068707
326.4 0 0.0308135
326.6 0 -0.0403866
326.8 0 -0.0753335
327 0 -0.0557532
327.2 0 -0.0195365
327.4 0 0.00102259
327.6 0 0.0190849
327.8 0 0.0594414
328 0 0.103665
328.2 0 0.0980172
328.4 0 0.0232403
328.6 0 -0.0649533
328.8 0 -0.0877906
329 0 -0.0344035
329.2 0 0.0199892
329.4 0 -0.00106339
329.6 0 -0.0830655
329.8 0 -0.131782
330 0 -0.0790895
330.2 0 0.0378619
330.4 0 0.115382
330.6 0 0.0948176
330.8 0 0.0199392
331 0 -0.0199593
331.2 0 0.00976943
331.4 0 0.0589579
331.6 0 0.0582399
331.8 0 -0.00204029
332 0 -0.0667823
332.2 0 -0.0807668
332.4 0 -0.0446318
332.6 0 -0.00520105
332.8 0 -0.00199426
333 0 -0.031785
333.2 0 -0.0607501
333.4 0 -0.0599602
333.6 0 -0.0265051
333.8 0 0.0203411
334 0 0.0542322
334.2 0 0.0559769
334.4 0 0.0247956
334.6 0 -0.0179172
334.8 0 -0.0409086
335 0 -0.0282362
335.2 0 0.00548442
335.4 0 0.0291651
335.6 0 0.027325
335.8 0 0.015057
336 0 0.0179541
336.2 0 0.040464
336.4 0 0.0613169
336.6 0 0.0619392
336.8 0 0.051659
337 0 0.055951
337.2 0 0.0802929
337.4 0 0.0958793
337.6 0 0.0700325
337.8 0 0.00882342
338 0 -0.0404865
338.2 0 -0.0362655
338.4 0 0.0106356
338.6 0 0.0445799
338.8 0 0.0234479
339 0 -0.0337517
339.2 0 -0.0633651
339.4 0 -0.0235829
339.6 0 0.0581524
339.8 0 0.108261
340 0 0.0796557
340.2 0 9.63685e-05
340.4 0 -0.0540618
340.6 0 -0.0335246
340.8 0 0.0356509
341 0 0.0804421
341.2 0 0.0563646
341.4 0 -0.00872952
341.6 0 -0.0486162
341.8 0 -0.0328328
342 0 0.000855239
342.2 0 -0.00693919
342.4 0 -0.0628904
342.6 0 -0.104978
342.8 0 -0.0681764
343 0 0.0383354
343.2 0 0.131157
343.4 0 0.135378
343.6 0 0.0613634
343.8 0 -0.00918403
344 0 -0.011943
344.2 0 0.0361899
344.4 0 0.0666167
344.6 0 0.0416252
344.8 0 -0.00900423
345 0 -0.0354599
345.2 0 -0.0336127
345.4 0 -0.0442714
345.6 0 -0.0893485
345.8 0 -0.13172
346 0 -0.116461
346.2 0 -0.0441866
346.4 0 0.0200908
346.6 0 0.0219058
346.8 0 -0.0141931
347 0 -0.0124535
347.2 0 0.0573154
347.4 0 0.132878
347.6 0 0.127685
347.8 0 0.0375928
348 0 -0.044886
348.2 0 -0.0340949
348.4 0 0.0460137
348.6 0 0.0848795
348.8 0 0.0124797
349 0 -0.116192
349.2 0 -0.179519
349.4 0 -0.124564
349.6 0 -0.0235996
349.8 0 0.0106637
350 0 -0.0492037
350.2 0 -0.121597
350.4 0 -0.114033
350.6 0 -0.0253712
350.8 0 0.0605941
351 0 0.0717093
351.2 0 0.0186935
351.4 0 -0.0310414
351.6 0 -0.0325566
351.8 0 -0.00133757
352 0 0.0205334
352.2 0 0.0160203
352.4 0 0.00258135
352.6 0 0.00220041
352.8 0 0.0179978
353 0 0.0402642
353.2 0 0.0610859
353.4 0 0.0742786
353.6 0 0.0695171
353.8 0 0.0410306
354 0 0.00359172
354.2 0 -0.0129795
354.4 0 0.00466123
354.6 0 0.0325519
354.8 0 0.0320677
355 0 -0.00445179
355.2 0 -0.0410224
355.4 0 -0.0388339
355.6 0 -0.00357031
355.8 0 0.0204787
356 0 0.00499937
356.2 0 -0.0267167
356.4 0 -0.0298144
356.6 0 0.00276571
356.8 0 0.0290934
357 0 0.0147865
357.2 0 -0.0121511
357.4 0 0.0155285
357.6 0 0.11876
357.8 0 0.223483
358 0 0.218325
358.2 0 0.0697021
358.4 0 -0.127145
358.6 0 -0.224455
358.8 0 -0.155858
359 0 0.00331186
359.2 0 0.108036
359.4 0 0.0754688
359.6 0 -0.0496832
359.8 0 -0.149706
360 0 -0.14492
360.2 0 -0.0532666
360.4 0 0.0459011
360.6 0 0.0928643
360.8 0 0.0895363
361 0 0.0728722
361.2 0 0.0634857
361.4 0 0.0500148
361.6 0 0.0190565
361.8 0 -0.0147081
362 0 -0.0205316
362.2 0 0.0073607
362.4 0 0.0327472
362.6 0 0.0123506
362.8 0 -0.0530256
363 0 -0.112086
363.2 0 -0.11429
363.4 0 -0.0636283
363.6 0 -0.0128637
363.8 0 -0.0041004
364 0 -0.024432
364.2 0 -0.0278589
364.4 0 0.00504037
364.6 0 0.0430807
364.8 0 0.044276
365 0 0.00844266
365.2 0 -0.0231531
365.4 0 -0.0187226
365.6 0 0.00852758
365.8 0 0.0242479
366 0 0.021892
366.2 0 0.0303022
366.4 0 0.0696382
366.6 0 0.115404
366.8 0 0.120921
367 0 0.0714963
367.2 0 0.000876613
367.4 0 -0.0496471
367.6 0 -0.0734188
367.8 0 -0.0866586
368 0 -0.0853522
368.2 0 -0.0402771
368.4 0 0.0527893
368.6 0 0.136142
368.8 0 0.131885
369 0 0.0286889
369.2 0 -0.0909863
369.4 0 -0.127957
369.6 0 -0.0669275
369.8 0 0.01468
370 0 0.0382051
370.2 0 0.00512856
370.4 0 -0.0246521
370.6 0 -0.0199343
370.8 0 -0.0142359
371 0 -0.0474436
371.2 0 -0.096632
371.4 0 -0.0942959
371.6 0 -0.0153183
371.8 0 0.0805954
372 0 0.110778
372.2 0 0.061377
372.4 0 -0.0046541
372.6 0 -0.0306422
372.8 0 -0.0315772
373 0 -0.0596687
373.2 0 -0.12021
373.4 0 -0.153291
373.6 0 -0.109106
373.8 0 -0.0190188
374 0 0.0333301
374.2 0 0.00819083
374.4 0 -0.0470295
374.6 0 -0.0611493
374.8 0 -0.026952
375 0 -0.00238315
375.2 0 -0.0275251
375.4 0 -0.0676949
375.6 0 -0.0570549
375.8 0 0.014433
376 0 0.0835616
376.2 0 0.0887941
376.4 0 0.0426535
376.6 0 0.0110889
376.8 0 0.028259
377 0 0.054353
377.2 0 0.0270198
377.4 0 -0.0596753
377.6 0 -0.14443
377.8 0 -0.163953
378 0 -0.114141
378.2 0 -0.0422475
378.4 0 0.00699171
378.6 0 0.0239441
378.8 0 0.0206952
379 0 0.0073215
379.2 0 -0.00850994
379.4 0 -0.0117565
379.6 0 0.0103712
379.8 0 0.04632
380 0 0.0625845
380.2 0 0.039829
380.4 0 0.00151883
380.6 0 -0.00638219
380.8 0 0.0328341
381 0 0.0838646
381.2 0 0.0949717
381.4 0 0.0521957
381.6 0 -0.00900563
381.8 0 -0.0439382
382 0 -0.041571
382.2 0 -0.0247565
382.4 0 -0.0170853
382.6 0 -0.0194741
382.8 0 -0.0179971
383 0 -0.00440333
383.2 0 0.0162473
383.4 0 0.0321977
383.6 0 0.032119
383.8 0 0.00907418
384 0 -0.0324907
384.2 0 -0.0710055
384.4 0 -0.0783103
384.6 0 -0.0454932
384.8 0 0.00366846
385 0 0.0342934
385.2 0 0.0378179
385.4 0 0.039877
385.6 0 0.0642878
385.8 0 0.0956028
386 0 0.0905915
386.2 0 0.0303616
386.4 0 -0.0495259
386.6 0 -0.0917307
386.8 0 -0.0768436
387 0 -0.03981
387.2 0 -0.0247919
387.4 0 -0.0354233
387.6 0 -0.0401893
387.8 0 -0.0204386
388 0 0.00460945
388.2 0 0.00758043
388.4 0 -0.00562689
388.6 0 -0.00191103
388.8 0 0.0308657
389 0 0.0586572
389.2 0 0.0381752
389.4 0 -0.0253711
389.6 0 -0.0732261
389.8 0 -0.0531486
390 0 0.0222946
390.2 0 0.0867209
390.4 0 0.0881229
390.6 0 0.0383385
390.8 0 -0.00684616
391 0 -0.00839944
391.2 0 0.0227617
391.4 0 0.0491562
391.6 0 0.051787
391.8 0 0.0452872
392 0 0.0524021
392.2 0 0.071505
392.4 0 0.0735077
392.6 0 0.0310889
392.8 0 -0.0482797
393 0 -0.117358
393.2 0 -0.120835
393.4 0 -0.0418497
393.6 0 0.0759823
393.8 0 0.155507
394 0 0.145657
394.2 0 0.0624179
394.4 0 -0.0278808
394.6 0 -0.0678915
394.8 0 -0.0525519
395 0 -0.0170273
395.2 0 0.00854468
395.4 0 0.0220574
395.6 0 0.0298683
395.8 0 0.0217539
396 0 -0.018057
396.2 0 -0.0770119
396.4 0 -0.110021
396.6 0 -0.0833348
396.8 0 -0.0177401
397 0 0.0268251
397.2 0 0.0142148
397.4 0 -0.0304901
397.6 0 -0.0549016
397.8 0 -0.0424678
398 0 -0.0264288
398.2 0 -0.0392442
398.4 0 -0.0654226
398.6 0 -0.0607525
398.8 0 -0.0129385
399 0 0.0373101
399.2 0 0.0450585
399.4 0 0.0177369
399.6 0 0.00454759
399.8 0 0.0303995
400 0 0.0599673
400.2 0 0.0413268
400.4 0 -0.0235567
400.6 0 -0.0715988
400.8 0 -0.0474076
401 0 0.0330853
401.2 0 0.0991399
401.4 0 0.0996878
401.6 0 0.048263
401.8 0 -0.00571872
402 0 -0.0336501
402.2 0 -0.0436969
402.4 0 -0.0504914
402.6 0 -0.0505831
402.8 0 -0.0355279
403 0 -0.0141271
403.2 0 -0.00371507
403.4 0 -0.00133244
403.6 0 0.0179275
403.8 0 0.0635315
404 0 0.10193
404.2 0 0.085152
404.4 0 0.0106381
404.6 0 -0.0620501
404.8 0 -0.0674516
405 0 -0.00451046
405.2 0 0.0610214
405.4 0 0.0672328
405.6 0 0.0196315
405.8 0 -0.0233507
406 0 -0.0217268
406.2 0 0.00327472
406.4 0 0.00226785
406.6 0 -0.0369043
406.8 0 -0.0704709
407 0 -0.0481048
407.2 0 0.0272376
407.4 0 0.096564
407.6 0 0.102244
407.8 0 0.0443657
408 0 -0.0206828
408.2 0 -0.0349717
408.4 0 0.00890286
408.6 0 0.0676416
408.8 0 0.094209
409 0 0.082385
409.2 0 0.0647439
409.4 0 0.0695276
409.6 0 0.0852109
409.8 0 0.0735554
410 0 0.0178125
410.2 0 -0.0500667
410.4 0 -0.0794573
410.6 0 -0.0581292
410.8 0 -0.0289714
411 0 -0.0412825
411.2 0 -0.0900295
411.4 0 -0.116704
411.6 0 -0.0756512
411.8 0 0.010988
412 0 0.0766551
412.2 0 0.0848504
412.4 0 0.0641067
412.6 0 0.0616752
412.8 0 0.0780889
413 0 0.0697252
413.2 0 0.0170491
413.4 0 -0.0343241
413.6 0 -0.0226237
413.8 0 0.0471754
414 0 0.09632
414.2 0 0.0616459
414.4 0 -0.0237054
414.6 0 -0.0629413
414.8 0 -0.00966456
415 0 0.0729692
415.2 0 0.0829623
415.4 0 -0.00174782
415.6 0 -0.0975448
415.8 0 -0.110599
416 0 -0.0380238
416.2 0 0.0409308
416.4 0 0.0610781
416.6 0 0.0330208
416.8 0 0.0056988
417 0 -0.00515118
417.2 0 -0.0246326
417.4 0 -0.0617099
417.6 0 -0.0770294
417.8 0 -0.0278401
418 0 0.0676009
418.2 0 0.135946
418.4 0 0.125178
418.6 0 0.0590617
418.8 0 0.00415739
419 0 -0.00659115
419.2 0 5.91939e-05
419.4 0 -0.0148444
419.6 0 -0.0505001
419.8 0 -0.0747908
420 0 -0.0714666
420.2 0 -0.056841
420.4 0 -0.0479352
420.6 0 -0.0352281
420.8 0 -0.00347247
421 0 0.030723
421.2 0 0.0260957
421.4 0 -0.0302881
421.6 0 -0.0929538
421.8 0 -0.0980725
422 0 -0.0322167
422.2 0 0.0518826
422.4 0 0.090754
422.6 0 0.0701618
422.8 0 0.0244079
423 0 -0.0104183
423.2 0 -0.0250291
423.4 0 -0.022692
423.6 0 -0.000614958
423.8 0 0.0382451
424 0 0.0669335
424.2 0 0.0528773
424.4 0 0.000943588
424.6 0 -0.040367
424.8 0 -0.0320368
425 0 0.00444939
425.2 0 0.0101636
425.4 0 -0.0344215
425.6 0 -0.0772545
425.8 0 -0.0567841
426 0 0.015386
426.2 0 0.0612812
426.4 0 0.0328871
426.6 0 -0.0226944
426.8 0 -0.0190822
427 0 0.0562075
427.2 0 0.116233
427.4 0 0.077646
427.6 0 -0.0316853
427.8 0 -0.098019
428 0 -0.0550008
428.2 0 0.0380153
428.4 0 0.070315
428.6 0 0.0152793
428.8 0 -0.0415667
429 0 -0.0155613
429.2 0 0.0664106
429.4 0 0.0973643
429.6 0 0.0247399
429.8 0 -0.0805746
430 0 -0.107023
430.2 0 -0.0346404
430.4 0 0.0444912
430.6 0 0.0394913
430.8 0 -0.03315
431 0 -0.0763471
431.2 0 -0.0328731
431.4 0 0.0485319
431.6 0 0.0752817
431.8 0 0.0186734
432 0 -0.060274
432.2 0 -0.0862896
432.4 0 -0.0480092
432.6 0 0.00790934
432.8 0 0.0419989
433 0 0.0579766
433.2 0 0.0735731
433.4 0 0.0790748
433.6 0 0.0453413
433.8 0 -0.0296614
434 0 -0.100771
434.2 0 -0.113814
434.4 0 -0.0608139
434.6 0 0.0107593
434.8 0 0.0439736
435 0 0.0231925
435.2 0 -0.0204937
435.4 0 -0.0465407
435.6 0 -0.0419376
435.8 0 -0.0244426
436 0 -0.0175717
436.2 0 -0.0263501
436.4 0 -0.0346046
436.6 0 -0.0217964
436.8 0 0.0174552
437 0 0.0670373
437.2 0 0.100268
437.4 0 0.0987987
437.6 0 0.0640986
437.8 0 0.0137415
438 0 -0.0312082
438.2 0 -0.0552309
438.4 0 -0.0502349
438.6 0 -0.016948
438.8 0 0.0305542
439 0 0.0659582
439.2 0 0.0662726
439.4 0 0.0327133
439.6 0 -0.00635959
439.8 0 -0.0191082
440 0 0.00124804
440.2 0 0.0336141
440.4 0 0.0540015
440.6 0 0.0580706
440.8 0 0.0558401
441 0 0.0501598
441.2 0 0.0308645
441.4 0 -0.00687529
441.6 0 -0.047132
441.8 0 -0.0656356
442 0 -0.0565234
442.2 0 -0.037624
442.4 0 -0.0260873
442.6 0 -0.0173178
442.8 0 0.00281371
443 0 0.0293368
443.2 0 0.0363382
443.4 0 0.0105536
443.6 0 -0.0238567
443.8 0 -0.0293809
444 0 -0.00456578
444.2 0 0.00631052
444.4 0 -0.0346494
444.6 0 -0.103676
444.8 0 -0.129506
445 0 -0.0704068
445.2 0 0.0326111
445.4 0 0.0914171
445.6 0 0.0586488
445.8 0 -0.0293611
446 0 -0.0976868
446.2 0 -0.108101
446.4 0 -0.0807722
446.6 0 -0.0514199
446.8 0 -0.0285076
447 0 -0.000654702
447.2 0 0.0295955
447.4 0 0.041369
447.6 0 0.0273277
447.8 0 0.012545
448 0 0.0272958
448.2 0 0.0665711
448.4 0 0.0921777
448.6 0 0.0789077
448.8 0 0.0461926
449 0 0.0334781
449.2 0 0.0506958
449.4 0 0.0677844
449.6 0 0.055683
449.8 0 0.0234651
450 0 0.00316136
450.2 0 0.00525144
450.4 0 0.00705675
450.6 0 -0.00994251
450.8 0 -0.0273448
451 0 -0.0115791
451.2 0 0.0347796
451.4 0 0.0630627
451.6 0 0.0319182
451.8 0 -0.0387162
452 0 -0.0840767
452.2 0 -0.0674444
452.4 0 -0.0224622
452.6 0 -0.0112224
452.8 0 -0.0474198
453 0 -0.0781346
453.2 0 -0.0479193
453.4 0 0.0308252
453.6 0 0.0856701
453.8 0 0.0618889
454 0 -0.0186411
454.2 0 -0.0819059
454.4 0 -0.0781141
454.6 0 -0.0251524
454.8 0 0.0208136
455 0 0.0258533
455.2 0 0.00343092
455.4 0 -0.0124593
455.6 0 -0.00644337
455.8 0 0.00896393
456 0 0.0143567
456.2 0 0.00472561
456.4 0 -0.0097718
456.6 0 -0.0176252
456.8 0 -0.0168503
457 0 -0.0144473
457.2 0 -0.0179891
457.4 0 -0.0271605
457.6 0 -0.0321117
457.8 0 -0.0219739
458 0 0.00141369
458.2 0 0.0184309
458.4 0 0.00554124
458.6 0 -0.0409197
458.8 0 -0.0952535
459 0 -0.120892
459.2 0 -0.100877
459.4 0 -0.0500605
459.6 0 0.00204207
459.8 0 0.0367983
460 0 0.0540833
460.2 0 0.0603511
460.4 0 0.0580174
460.6 0 0.0483939
460.8 0 0.0371959
461 0 0.028634
461.2 0 0.0157693
461.4 0 -0.0133511
461.6 0 -0.0548519
461.8 0 -0.0816596
462 0 -0.0687709
462.2 0 -0.0276213
462.4 0 -0.0046072
462.6 0 -0.0344172
462.8 0 -0.0960293
463 0 -0.125466
463.2 0 -0.078872
463.4 0 0.0200852
463.6 0 0.101086
463.8 0 0.113569
464 0 0.0677976
464.2 0 0.012265
464.4 0 -0.0179738
464.6 0 -0.0227443
464.8 0 -0.0151051
465 0 0.00270833
465.2 0 0.0321536
465.4 0 0.0577216
465.6 0 0.0525624
465.8 0 0.0117692
466 0 -0.0308411
466.2 0 -0.0332537
466.4 0 0.00663127
466.6 0 0.0446328
466.8 0 0.0389529
467 0 -0.00096185
467.2 0 -0.0249892
467.4 0 -0.00220517
467.6 0 0.0410087
467.8 0 0.0516715
468 0 0.014532
468.2 0 -0.0271582
468.4 0 -0.0211108
468.6 0 0.031068
468.8 0 0.0716547
469 0 0.0499255
469.2 0 -0.0200082
469.4 0 -0.071235
469.6 0 -0.052791
469.8 0 0.0189491
470 0 0.0778749
470.2 0 0.0718635
470.4 0 0.00678744
470.6 0 -0.0667156
470.8 0 -0.100566
471 0 -0.0825981
471.2 0 -0.0338174
471.4 0 0.0141682
471.6 0 0.0370421
471.8 0 0.0245546
472 0 -0.0165565
472.2 0 -0.0627344
472.4 0 -0.0846825
472.6 0 -0.0687008
472.8 0 -0.0303744
473 0 -0.00284445
473.2 0 -0.00626718
473.4 0 -0.027995
473.6 0 -0.0358323
473.8 0 -0.0126336
474 0 0.0235321
474.2 0 0.0359352
474.4 0 0.00646442
474.6 0 -0.0447629
474.8 0 -0.077588
475 0 -0.0691042
475.2 0 -0.0325126
475.4 0 -0.000754829
475.6 0 0.00582805
475.8 0 -0.00532677
476 0 -0.012776
476.2 0 -0.00515354
476.4 0 0.0103941
476.6 0 0.020698
476.8 0 0.0221252
477 0 0.0213539
477.2 0 0.023312
477.4 0 0.0232387
477.6 0 0.0130484
477.8 0 -0.00641946
478 0 -0.0232173
478.2 0 -0.025982
478.4 0 -0.0166736
478.6 0 -0.00972182
478.8 0 -0.0179166
479 0 -0.0394719
479.2 0 -0.0588301
479.4 0 -0.0593166
479.6 0 -0.0351008
479.8 0 0.00676287
480 0 0.0524943
480.2 0 0.0883123
480.4 0 0.103961
480.6 0 0.0948051
480.8 0 0.0642947
481 0 0.0242612
481.2 0 -0.0103814
481.4 0 -0.0304723
481.6 0 -0.0372466
481.8 0 -0.0376835
482 0 -0.0351737
482.2 0 -0.0261242
482.4 0 -0.00732204
482.6 0 0.0141748
482.8 0 0.0222547
483 0 0.00707733
483.2 0 -0.0201652
483.4 0 -0.0318933
483.6 0 -0.0092758
483.8 0 0.0351721
484 0 0.0635188
484.2 0 0.0463497
484.4 0 -0.00687786
484.6 0 -0.0539616
484.8 0 -0.0596667
485 0 -0.0297122
485.2 0 -0.00278423
485.4 0 -0.00831959
485.6 0 -0.0357455
485.8 0 -0.0493246
486 0 -0.0318901
486.2 0 -0.00707008
486.4 0 -0.0131064
486.6 0 -0.0569903
486.8 0 -0.101744
487 0 -0.103056
487.2 0 -0.0551199
487.4 0 0.00474365
487.6 0 0.0360551
487.8 0 0.032882
488 0 0.0187767
488.2 0 0.0108946
488.4 0 0.000537488
488.6 0 -0.0269513
488.8 0 -0.0619664
489 0 -0.0732302
489.2 0 -0.0441218
489.4 0 0.00174703
489.6 0 0.0213275
489.8 0 -0.000752135
490 0 -0.0332628
490.2 0 -0.0324526
490.4 0 0.00732719
490.6 0 0.0439489
490.8 0 0.0314116
491 0 -0.0292712
491.2 0 -0.0865623
491.4 0 -0.0859206
491.6 0 -0.0202724
491.8 0 0.0640048
492 0 0.107206
492.2 0 0.083611
492.4 0 0.0181379
492.6 0 -0.0355961
492.8 0 -0.0353735
493 0 0.0191451
493.2 0 0.0856556
493.4 0 0.110747
493.6 0 0.0736864
493.8 0 0.00697361
494 0 -0.0294525
494.2 0 -0.00280811
494.4 0 0.059687
494.6 0 0.095747
494.8 0 0.0690157
495 0 0.00404703
495.2 0 -0.0418747
495.4 0 -0.0387888
495.6 0 -0.00947355
495.8 0 0.00556393
496 0 -0.00107174
496.2 0 0.00145686
496.4 0 0.0373664
496.6 0 0.0870715
496.8 0 0.105668
497 0 0.0756225
497.2 0 0.0285793
497.4 0 0.00889685
497.6 0 0.0235392
497.8 0 0.0397566
498 0 0.0316191
498.2 0 0.0149648
498.4 0 0.0253067
498.6 0 0.0664936
498.8 0 0.097004
499 0 0.0752156
499.2 0 0.0106536
499.4 0 -0.0414064
499.6 0 -0.0372878
499.8 0 0.0124455
500 0 0.0617403
500.2 0 0.0814281
500.4 0 0.081269
500.6 0 0.0816371
500.8 0 0.0796584
501 0 0.0567215
501.2 0 0.0144174
501.4 0 -0.0149219
501.6 0 -0.00384459
501.8 0 0.0318777
502 0 0.045057
502.2 0 0.0108804
502.4 0 -0.0409498
502.6 0 -0.0573131
502.8 0 -0.0216387
503 0 0.0275612
503.2 0 0.0416403
503.4 0 0.0175054
503.6 0 -0.000315165
503.8 0 0.0283358
504 0 0.0937262
504.2 0 0.146186
504.4 0 0.145801
504.6 0 0.0963121
504.8 0 0.0335212
505 0 -0.0100217
505.2 0 -0.025769
505.4 0 -0.0246203
505.6 0 -0.0233575
505.8 0 -0.0355606
506 0 -0.0642057
506.2 0 -0.0941864
506.4 0 -0.0967842
506.6 0 -0.0541044
506.8 0 0.0152254
507 0 0.0617821
507.2 0 0.0475234
507.4 0 -0.0142243
507.6 0 -0.0659857
507.8 0 -0.0581382
508 0 0.00567003
508.2 0 0.075296
508.4 0 0.102768
508.6 0 0.0808658
508.8 0 0.0372218
509 0 0.000879389
509.2 0 -0.0182355
509.4 0 -0.0223944
509.6 0 -0.012601
509.8 0 0.00969565
510 0 0.0326559
510.2 0 0.0376107
510.4 0 0.0185308
510.6 0 -0.00616462
510.8 0 -0.00830465
511 0 0.0210972
511.2 0 0.0599735
511.4 0 0.0744127
511.6 0 0.049914
511.8 0 0.00406968
512 0 -0.0297539
512.2 0 -0.030891
512.4 0 -0.00748158
512.6 0 0.0112744
512.8 0 -0.000372609
513 0 -0.0416715
513.2 0 -0.0820159
513.4 0 -0.0838645
513.6 0 -0.0368235
513.8 0 0.0276835
514 0 0.0599946
514.2 0 0.0373465
514.4 0 -0.0130207
514.6 0 -0.0389853
514.8 0 -0.0140873
515 0 0.0378654
515.2 0 0.0684109
515.4 0 0.0511923
515.6 0 0.000959854
515.8 0 -0.0486012
516 0 -0.0758211
516.2 0 -0.0777642
516.4 0 -0.0572456
516.6 0 -0.0182633
516.8 0 0.0236852
517 0 0.04084
517.2 0 0.0181215
517.4 0 -0.0215194
517.6 0 -0.030329
517.8 0 0.0157079
518 0 0.0859481
518.2 0 0.122983
518.4 0 0.102921
518.6 0 0.0591651
518.8 0 0.0411516
519 0 0.0575604
519.2 0 0.0716732
519.4 0 0.0518502
519.6 0 0.0116446
519.8 0 -0.0104814
520 0 -0.0025621
520.2 0 0.00732722
520.4 0 -0.00633151
520.6 0 -0.0258458
520.8 0 -0.00962388
521 0 0.0495081
521.2 0 0.103208
521.4 0 0.0972473
521.6 0 0.034956
521.8 0 -0.0243217
522 0 -0.0321543
522.2 0 -0.0032849
522.4 0 0.0095966
522.6 0 -0.0147947
522.8 0 -0.0399216
523 0 -0.0197243
523.2 0 0.0398635
523.4 0 0.0832168
523.6 0 0.0679189
523.8 0 0.0113292
524 0 -0.0328919
524.2 0 -0.0356288
524.4 0 -0.0165294
524.6 0 -0.00857581
524.8 0 -0.013733
525 0 -0.00510536
525.2 0 0.0324751
525.4 0 0.0784518
525.6 0 0.0986007
525.8 0 0.0831315
526 0 0.0540943
526.2 0 0.0371441
526.4 0 0.0346348
526.6 0 0.0294851
526.8 0 0.00899788
527 0 -0.021394
527.2 0 -0.0454745
527.4 0 -0.050878
527.6 0 -0.0367209
527.8 0 -0.0137598
528 0 -3.12827e-07
528.2 0 -0.00878118
528.4 0 -0.0324539
528.6 0 -0.0401777
528.8 0 -0.00402992
529 0 0.0657417
529.2 0 0.118761
529.4 0 0.110351
529.6 0 0.0513078
529.8 0 0.00170582
530 0 0.00766978
530.2 0 0.0496859
530.4 0 0.065228
530.6 0 0.023009
530.8 0 -0.0380137
531 0 -0.0526829
531.2 0 -0.00594816
531.4 0 0.0493032
531.6 0 0.0532641
531.8 0 0.00514228
532 0 -0.0425586
532.2 0 -0.0483006
532.4 0 -0.0230359
532.6 0 -0.0038243
532.8 0 -0.003263
533 0 -0.00347406
533.2 0 0.00412079
533.4 0 -0.00307431
533.6 0 -0.0453932
533.8 0 -0.0971349
534 0 -0.100621
534.2 0 -0.0333955
534.4 0 0.0532932
534.6 0 0.0808086
534.8 0 0.0270729
535 0 -0.0504006
535.2 0 -0.0807189
535.4 0 -0.056267
535.6 0 -0.0294638
535.8 0 -0.0389667
536 0 -0.0605462
536.2 0 -0.0429665
536.4 0 0.0194113
536.6 0 0.0713658
536.8 0 0.0594321
537 0 -0.00497038
537.2 0 -0.0581745
537.4 0 -0.0553268
537.6 0 -0.0138725
537.8 0 0.0168821
538 0 0.0147483
538.2 0 -0.000310824
538.4 0 -0.00461218
538.6 0 -0.00484052
538.8 0 -0.0235692
539 0 -0.060755
539.2 0 -0.0863172
539.4 0 -0.0747946
539.6 0 -0.0367583
539.8 0 -0.00709595
540 0 -0.00669741
540.2 0 -0.0248273
540.4 0 -0.0391661
540.6 0 -0.0429026
540.8 0 -0.0460754
541 0 -0.0570691
541.2 0 -0.0730097
541.4 0 -0.0873178
541.6 0 -0.0953779
541.8 0 -0.0874374
542 0 -0.0463184
542.2 0 0.0327327
542.4 0 0.119006
542.6 0 0.158295
542.8 0 0.121982
543 0 0.0421978
543.2 0 -0.0139294
543.4 0 -0.0104973
543.6 0 0.0238159
543.8 0 0.0348511
544 0 0.00832525
544.2 0 -0.0170628
544.4 0 -0.0038956
544.6 0 0.0315655
544.8 0 0.0369175
545 0 -0.00847037
545.2 0 -0.0597461
545.4 0 -0.0528546
545.6 0 0.0212081
545.8 0 0.102213
546 0 0.123816
546.2 0 0.0814443
546.4 0 0.0291308
546.6 0 0.0153569
546.8 0 0.0357634
547 0 0.0525618
547.2 0 0.0475492
547.4 0 0.0410475
547.6 0 0.0586027
547.8 0 0.0932795
548 0 0.111921
548.2 0 0.0950977
548.4 0 0.0592398
548.6 0 0.0349179
548.8 0 0.0302777
549 0 0.0244462
549.2 0 -0.00343101
549.4 0 -0.0457877
549.6 0 -0.0717355
549.8 0 -0.0586015
550 0 -0.0152616
550.2 0 0.0252182
550.4 0 0.034543
550.6 0 0.0125756
550.8 0 -0.0141209
551 0 -0.0165968
551.2 0 0.00895184
551.4 0 0.0351413
551.6 0 0.0289587
551.8 0 -0.0104591
552 0 -0.0411533
552.2 0 -0.0160203
552.4 0 0.0608143
552.6 0 0.120751
552.8 0 0.0888561
553 0 -0.035902
553.2 0 -0.163811
553.4 0 -0.190689
553.6 0 -0.0967776
553.8 0 0.0343758
554 0 0.0987903
554.2 0 0.0707235
554.4 0 0.0142245
554.6 0 0.00232886
554.8 0 0.0386358
555 0 0.0659687
555.2 0 0.0425045
555.4 0 -0.00847366
555.6 0 -0.0303095
555.8 0 -0.00196004
556 0 0.0393858
556.2 0 0.0438877
556.4 0 0.00390733
556.6 0 -0.0444576
556.8 0 -0.0660472
557 0 -0.058843
557.2 0 -0.0414148
557.4 0 -0.0229271
557.6 0 0.00177848
557.8 0 0.0322566
558 0 0.0533821
558.2 0 0.0532658
558.4 0 0.0407811
558.6 0 0.0332757
558.8 0 0.0289363
559 0 0.00544472
559.2 0 -0.0463148
559.4 0 -0.0967616
559.6 0 -0.101486
559.8 0 -0.0536822
560 0 -0.000740002
560.2 0 0.00261485
560.4 0 -0.0455586
560.6 0 -0.0927933
560.8 0 -0.0935218
561 0 -0.0609432
561.2 0 -0.0473865
561.4 0 -0.0772231
561.6 0 -0.11483
561.8 0 -0.107352
562 0 -0.0501685
562.2 0 0.00462168
562.4 0 0.00757868
562.6 0 -0.0317117
562.8 0 -0.0573074
563 0 -0.0315618
563.2 0 0.0239069
563.4 0 0.0548369
563.6 0 0.0328093
563.8 0 -0.0206662
564 0 -0.0631319
564.2 0 -0.0721889
564.4 0 -0.0549178
564.6 0 -0.0285434
564.8 0 -0.00477475
565 0 0.00839652
565.2 0 0.00422175
565.4 0 -0.013604
565.6 0 -0.0254415
565.8 0 -0.0129308
566 0 0.0147509
566.2 0 0.0218964
566.4 0 -0.0161324
566.6 0 -0.0786766
566.8 0 -0.114067
567 0 -0.0925678
567.2 0 -0.0385641
567.4 0 -0.00193281
567.6 0 -0.000695729
567.8 0 -0.00331097
568 0 0.0277122
568.2 0 0.084083
568.4 0 0.116346
568.6 0 0.0913562
568.8 0 0.0340114
569 0 0.00254516
569.2 0 0.025123
569.4 0 0.0708185
569.6 0 0.0864367
569.8 0 0.0545927
570 0 0.0080695
570.2 0 -0.0098727
570.4 0 0.0102178
570.6 0 0.0417695
570.8 0 0.0550439
571 0 0.0426404
571.2 0 0.0152485
571.4 0 -0.0153971
571.6 0 -0.041332
571.8 0 -0.0523017
572 0 -0.0375952
572.2 0 0.000515092
572.4 0 0.0410256
572.6 0 0.0595549
572.8 0 0.0502107
573 0 0.028325
573.2 0 0.0116427
573.4 0 0.00413398
573.6 0 0.00111766
573.8 0 0.00404951
574 0 0.0205392
574.2 0 0.0479322
574.4 0 0.0656248
574.6 0 0.0530177
574.8 0 0.0148901
575 0 -0.0187213
575.2 0 -0.0225716
575.4 0 -0.00260782
575.6 0 0.0127156
575.8 0 0.0058812
576 0 -0.0115644
576.2 0 -0.0162592
576.4 0 -0.00188562
576.6 0 0.0167804
576.8 0 0.0270987
577 0 0.035795
577.2 0 0.055943
577.4 0 0.0806297
577.6 0 0.0804419
577.8 0 0.0336879
578 0 -0.0434265
578.2 0 -0.102987
578.4 0 -0.104974
578.6 0 -0.0513442
578.8 0 0.0171129
579 0 0.0541345
579.2 0 0.0398845
579.4 0 -0.0115537
579.6 0 -0.0666694
579.8 0 -0.0941695
580 0 -0.0820765
580.2 0 -0.0442851
580.4 0 -0.0113906
580.6 0 -0.00799968
580.8 0 -0.0323388
581 0 -0.0578213
581.2 0 -0.0580242
581.4 0 -0.0318344
581.6 0 -0.00348749
581.8 0 0.00163242
582 0 -0.0205325
582.2 0 -0.0525831
582.4 0 -0.0723099
582.6 0 -0.0660957
582.8 0 -0.0315308
583 0 0.0217965
583.2 0 0.0694095
583.4 0 0.0791965
583.6 0 0.0369696
583.8 0 -0.029705
584 0 -0.0629985
584.2 0 -0.0249341
584.4 0 0.059934
584.6 0 0.120281
584.8 0 0.105838
585 0 0.0392711
585.2 0 -0.00595375
585.4 0 0.0174025
585.6 0 0.080054
585.8 0 0.107534
586 0 0.0590807
586.2 0 -0.0306853
586.4 0 -0.0899501
586.6 0 -0.0825284
586.8 0 -0.0366085
587 0 -0.00488862
587.2 0 -0.00694648
587.4 0 -0.0172907
587.6 0 -0.00477629
587.8 0 0.0277519
588 0 0.0478899
588.2 0 0.0319094
588.4 0 -0.00966896
588.6 0 -0.0456566
588.8 0 -0.0571741
589 0 -0.0520423
589.2 0 -0.0488405
589.4 0 -0.0531717
589.6 0 -0.0534423
589.8 0 -0.0374543
590 0 -0.00796398
590.2 0 0.0201953
590.4 0 0.0357402
590.6 0 0.0398199
590.8 0 0.0386107
591 0 0.0304117
591.2 0 0.00490711
591.4 0 -0.0422686
591.6 0 -0.0959605
591.8 0 -0.127149
592 0 -0.115956
592.2 0 -0.0701399
592.4 0 -0.0188758
592.6 0 0.0129979
592.8 0 0.02413
593 0 0.030029
593.2 0 0.0403529
593.4 0 0.0471243
593.6 0 0.0371679
593.8 0 0.012638
594 0 -0.00604385
594.2 0 0.000616409
594.4 0 0.0313752
594.6 0 0.0648991
594.8 0 0.077796
595 0 0.0599256
595.2 0 0.0163212
595.4 0 -0.0373961
595.6 0 -0.078004
595.8 0 -0.081436
596 0 -0.0397526
596.2 0 0.0234757
596.4 0 0.0629337
596.6 0 0.0478276
596.8 0 -0.00911007
597 0 -0.0641356
597.2 0 -0.0863584
597.4 0 -0.0834445
597.6 0 -0.0793409
597.8 0 -0.0745479
598 0 -0.0443188
598.2 0 0.0184042
598.4 0 0.072816
598.6 0 0.0634971
598.8 0 -0.0119725
599 0 -0.0844173
599.2 0 -0.0787028
599.4 0 0.00350711
599.6 0 0.0813465
599.8 0 0.0817185
600 0 0.0175549
600.2 0 -0.0331964
600.4 0 -0.0222123
600.6 0 0.0150736
600.8 0 0.00991063
601 0 -0.0488822
601.2 0 -0.0962758
601.4 0 -0.068204
601.6 0 0.0196779
601.8 0 0.0868265
602 0 0.0763898
602.2 0 0.0119554
602.4 0 -0.0396312
602.6 0 -0.045797
602.8 0 -0.031203
603 0 -0.0283067
603.2 0 -0.028897
603.4 0 -0.000748115
603.6 0 0.0569943
603.8 0 0.0975396
604 0 0.0747858
604.2 0 -0.00166448
604.4 0 -0.071933
604.6 0 -0.0845533
604.8 0 -0.0409166
605 0 0.0178279
605.2 0 0.0553926
605.4 0 0.0644424
605.6 0 0.0562799
605.8 0 0.0437763
606 0 0.038035
606.2 0 0.0477105
606.4 0 0.0682092
606.6 0 0.0758572
606.8 0 0.0481842
607 0 -0.00433147
607.2 0 -0.0377187
607.4 0 -0.0180442
607.6 0 0.0371421
607.8 0 0.0735678
608 0 0.0601186
608.2 0 0.0234583
608.4 0 0.0124151
608.6 0 0.0341662
608.8 0 0.0427037
609 0 -0.00300136
609.2 0 -0.0816706
609.4 0 -0.125861
609.6 0 -0.0947576
609.8 0 -0.0175954
610 0 0.0410007
610.2 0 0.0484515
610.4 0 0.0254742
610.6 0 0.00656439
610.8 0 -0.00111186
611 0 -0.0110857
611.2 0 -0.0253475
611.4 0 -0.0299168
611.6 0 -0.0234173
611.8 0 -0.0290402
612 0 -0.0615894
612.2 0 -0.0916695
612.4 0 -0.0667131
612.6 0 0.0225588
612.8 0 0.112239
613 0 0.121864
613.2 0 0.0428115
613.4 0 -0.0461092
613.6 0 -0.0613309
613.8 0 -0.00382796
614 0 0.0481786
614.2 0 0.0334657
614.4 0 -0.0231302
614.6 0 -0.0472364
614.8 0 -0.00947772
615 0 0.038042
615.2 0 0.0266679
615.4 0 -0.042205
615.6 0 -0.0942513
615.8 0 -0.0674122
616 0 0.015159
616.2 0 0.0689969
616.4 0 0.0412629
616.6 0 -0.0329941
616.8 0 -0.072196
617 0 -0.037257
617.2 0 0.0302783
617.4 0 0.0590497
617.6 0 0.0270421
617.8 0 -0.0180758
618 0 -0.0161794
618.2 0 0.0354879
618.4 0 0.0762966
618.6 0 0.046537
618.8 0 -0.046241
619 0 -0.129139
619.2 0 -0.133819
619.4 0 -0.063272
619.6 0 0.0129459
619.8 0 0.0298364
620 0 -0.00966618
620.2 0 -0.0432866
620.4 0 -0.0181698
620.6 0 0.0548951
620.8 0 0.116863
621 0 0.122216
621.2 0 0.0775143
621.4 0 0.020412
621.6 0 -0.0256821
621.8 0 -0.0644652
622 0 -0.0993138
622.2 0 -0.111932
622.4 0 -0.0816956
622.6 0 -0.0211484
622.8 0 0.0243259
623 0 0.0204233
623.2 0 -0.0189284
623.4 0 -0.0481565
623.6 0 -0.0417905
623.8 0 -0.0191105
624 0 -0.0137213
624.2 0 -0.0287287
624.4 0 -0.034136
624.6 0 -0.00729994
624.8 0 0.0370037
625 0 0.0639308
625.2 0 0.0586247
625.4 0 0.038087
625.6 0 0.0248957
625.8 0 0.0219465
626 0 0.0198617
626.2 0 0.0196742
626.4 0 0.0339641
626.6 0 0.0649985
626.8 0 0.0952071
627 0 0.107666
627.2 0 0.107536
627.4 0 0.109261
627.6 0 0.10451
627.8 0 0.0617622
628 0 -0.0284423
628.2 0 -0.11728
628.4 0 -0.129667
628.6 0 -0.043821
628.8 0 0.0718437
629 0 0.117414
629.2 0 0.0605287
629.4 0 -0.0324441
629.6 0 -0.0681024
629.8 0 -0.0211469
630 0 0.048768
630.2 0 0.0676556
630.4 0 0.0210541
630.6 0 -0.0437881
630.8 0 -0.0741149
631 0 -0.057041
631.2 0 -0.0167353
631.4 0 0.014436
631.6 0 0.01544
631.8 0 -0.016814
632 0 -0.0617766
632.2 0 -0.0785889
632.4 0 -0.0357082
632.6 0 0.0497128
632.8 0 0.111917
633 0 0.0942594
633.2 0 0.0113185
633.4 0 -0.0596678
633.6 0 -0.0586518
633.8 0 -0.00682017
634 0 0.0208153
634.2 0 -0.0164053
634.4 0 -0.0803031
634.6 0 -0.104415
634.8 0 -0.074178
635 0 -0.037067
635.2 0 -0.0343224
635.4 0 -0.0453949
635.6 0 -0.0177045
635.8 0 0.0577597
636 0 0.124172
636.2 0 0.12091
636.4 0 0.0531949
636.6 0 -0.01585
636.8 0 -0.0374291
637 0 -0.0227931
637.2 0 -0.0128985
637.4 0 -0.0208861
637.6 0 -0.0243612
637.8 0 -0.00972081
638 0 0.000791451
638.2 0 -0.0189837
638.4 0 -0.0525855
638.6 0 -0.0496125
638.8 0 0.0129066
639 0 0.0929857
639.2 0 0.122199
639.4 0 0.078306
639.6 0 0.00641381
639.8 0 -0.0341953
640 0 -0.0310405
640.2 0 -0.0174124
640.4 0 -0.0194496
640.6 0 -0.0229651
640.8 0 0.00070825
641 0 0.0483862
641.2 0 0.0799743
641.4 0 0.0614012
641.6 0 0.0030407
641.8 0 -0.0503183
642 0 -0.0628614
642.2 0 -0.036297
642.4 0 0.000747463
642.6 0 0.0225796
642.8 0 0.0242189
643 0 0.0177229
643.2 0 0.0181722
643.4 0 0.0306493
643.6 0 0.0441634
643.8 0 0.0382959
644 0 0.00319555
644.2 0 -0.0427751
644.4 0 -0.0613554
644.6 0 -0.0294824
644.8 0 0.0329165
645 0 0.0773179
645.2 0 0.0740419
645.4 0 0.0419829
645.6 0 0.0258436
645.8 0 0.0455531
646 0 0.0751987
646.2 0 0.0735737
646.4 0 0.0286767
646.6 0 -0.0339003
646.8 0 -0.0818543
647 0 -0.104768
647.2 0 -0.110836
647.4 0 -0.106133
647.6 0 -0.0883155
647.8 0 -0.0587995
648 0 -0.0297209
648.2 0 -0.0129491
648.4 0 -0.00789177
648.6 0 -0.00661873
648.8 0 -0.00722667
649 0 -0.0132366
649.2 0 -0.0201751
649.4 0 -0.0145464
649.6 0 0.00610332
649.8 0 0.0205481
650 0 0.00611831
650.2 0 -0.025134
650.4 0 -0.0286519
650.6 0 0.0208175
650.8 0 0.0870812
651 0 0.101765
651.2 0 0.0431533
651.4 0 -0.0291025
651.6 0 -0.0352425
651.8 0 0.031849
652 0 0.0943609
652.2 0 0.0791171
652.4 0 0.00529851
652.6 0 -0.0369396
652.8 0 0.005752
653 0 0.0850075
653.2 0 0.107343
653.4 0 0.0442193
653.6 0 -0.0367317
653.8 0 -0.0541026
654 0 -0.00600787
654.2 0 0.0360002
654.4 0 0.0185851
654.6 0 -0.0315411
654.8 0 -0.046687
655 0 -0.00256777
655.2 0 0.0564256
655.4 0 0.0754676
655.6 0 0.0530195
655.8 0 0.0340043
656 0 0.049345
656.2 0 0.0800923
656.4 0 0.0852586
656.6 0 0.0522157
656.8 0 0.00865172
657 0 -0.0106719
657.2 0 0.00175638
657.4 0 0.02588
657.6 0 0.0382672
657.8 0 0.0314691
658 0 0.0159754
658.2 0 0.0108874
658.4 0 0.0291366
658.6 0 0.0619934
658.8 0 0.077698
659 0 0.0475748
659.2 0 -0.0172244
659.4 0 -0.0631592
659.6 0 -0.0448271
659.8 0 0.0185564
660 0 0.051924
660.2 0 0.00380714
660.4 0 -0.0883814
660.6 0 -0.130358
660.8 0 -0.0744988
661 0 0.0227903
661.2 0 0.0621289
661.4 0 0.0145112
661.6 0 -0.0465401
661.8 0 -0.0341119
662 0 0.0476376
662.2 0 0.109011
662.4 0 0.0836939
662.6 0 0.00884995
662.8 0 -0.0200867
663 0 0.036175
663.2 0 0.114393
663.4 0 0.123506
663.6 0 0.0482535
663.8 0 -0.039236
664 0 -0.0652426
664.2 0 -0.0313359
664.4 0 0.00285821
664.6 0 -0.00256039
664.8 0 -0.0281269
665 0 -0.0332462
665.2 0 -0.0139035
665.4 0 -0.00564629
665.6 0 -0.0332503
665.8 0 -0.0740599
666 0 -0.0799242
666.2 0 -0.0301972
666.4 0 0.0451874
666.6 0 0.0949636
666.8 0 0.0939695
667 0 0.0619189
667.2 0 0.0410819
667.4 0 0.0568155
667.6 0 0.0944158
667.8 0 0.110082
668 0 0.0688443
668.2 0 -0.0192841
668.4 0 -0.0992425
668.6 0 -0.115074
668.8 0 -0.0622462
669 0 0.00529208
669.2 0 0.0266315
669.4 0 -0.00612006
669.6 0 -0.0440526
669.8 0 -0.0383776
670 0 0.00684472
670.2 0 0.0451244
670.4 0 0.0442379
670.6 0 0.0178595
670.8 0 -0.00320272
671 0 -0.0158272
671.2 0 -0.0423946
671.4 0 -0.0852301
671.6 0 -0.105276
671.8 0 -0.0642094
672 0 0.0187834
672.2 0 0.0743115
672.4 0 0.0575692
672.6 0 0.00358355
672.8 0 -0.00965601
673 0 0.0476143
673.2 0 0.119358
673.4 0 0.127826
673.6 0 0.0644744
673.8 0 -0.00124051
674 0 -0.00530901
674.2 0 0.0356558
674.4 0 0.0478699
674.6 0 -0.00706941
674.8 0 -0.0825957
675 0 -0.0993963
675.2 0 -0.0374798
675.4 0 0.0394098
675.6 0 0.0532749
675.8 0 -0.00544411
676 0 -0.0723582
676.2 0 -0.080515
676.4 0 -0.0270977
676.6 0 0.031676
676.8 0 0.0420829
677 0 0.00167961
677.2 0 -0.0477954
677.4 0 -0.0647901
677.6 0 -0.0409771
677.8 0 0.00198122
678 0 0.0375892
678.2 0 0.0540027
678.4 0 0.0549597
678.6 0 0.0488884
678.8 0 0.0390228
679 0 0.0218204
679.2 0 -0.00700735
679.4 0 -0.0445456
679.6 0 -0.0777732
679.8 0 -0.0894691
680 0 -0.0698199
680.2 0 -0.0255848
680.4 0 0.0212705
680.6 0 0.0466421
680.8 0 0.0415542
681 0 0.0205895
681.2 0 0.0120081
681.4 0 0.0333962
681.6 0 0.0727385
681.8 0 0.0959081
682 0 0.0789423
682.2 0 0.0354074
682.4 0 0.00697812
682.6 0 0.0214194
682.8 0 0.0609977
683 0 0.0786235
683.2 0 0.0478412
683.4 0 -0.00835566
683.6 0 -0.0435308
683.8 0 -0.0387317
684 0 -0.0179461
684.2 0 -0.0109163
684.4 0 -0.0115265
684.6 0 0.0135149
684.8 0 0.0753271
685 0 0.136968
685.2 0 0.149065
685.4 0 0.107367
685.6 0 0.0614812
685.8 0 0.0609645
686 0 0.100966
686.2 0 0.129605
686.4 0 0.105668
686.6 0 0.0388572
686.8 0 -0.0270509
687 0 -0.0576088
687.2 0 -0.0466537
687.4 0 -0.00388705
687.6 0 0.0548816
687.8 0 0.100545
688 0 0.0941278
688.2 0 0.0214514
688.4 0 -0.0754642
688.6 0 -0.12308
688.8 0 -0.0884686
689 0 -0.0191901
689.2 0 0.00617487
689.4 0 -0.0307686
689.6 0 -0.0639791
689.8 0 -0.0226547
690 0 0.0754349
690.2 0 0.131763
690.4 0 0.0745645
690.6 0 -0.0570453
690.8 0 -0.151476
691 0 -0.140572
691.2 0 -0.0607346
691.4 0 0.00373667
691.6 0 0.0174651
691.8 0 0.0161047
692 0 0.0408268
692.2 0 0.078484
692.4 0 0.0815199
692.6 0 0.0334093
692.8 0 -0.0284308
693 0 -0.0569764
693.2 0 -0.0449505
693.4 0 -0.0186288
693.6 0 0.00483422
693.8 0 0.0335109
694 0 0.0731262
694.2 0 0.103538
694.4 0 0.0981223
694.6 0 0.0592886
694.8 0 0.0174169
695 0 -0.00701576
695.2 0 -0.0242804
695.4 0 -0.0487855
695.6 0 -0.0656351
695.8 0 -0.0455926
696 0 0.00549838
696.2 0 0.0349694
696.4 0 0.000163006
696.6 0 -0.0707773
696.8 0 -0.0982141
697 0 -0.0389878
697.2 0 0.0601426
697.4 0 0.11313
697.6 0 0.0913697
697.8 0 0.0491557
698 0 0.0486034
698.2 0 0.0806697
698.4 0 0.0823579
698.6 0 0.0251004
698.8 0 -0.04305
699 0 -0.057566
699.2 0 -0.0215672
699.4 0 -0.00152125
699.6 0 -0.0367518
699.8 0 -0.0801255
700 0 -0.0518251
700.2 0 0.0553969
700.4 0 0.151753
700.6 0 0.143423
700.8 0 0.0357988
701 0 -0.0736471
701.2 0 -0.1016
701.4 0 -0.0585627
701.6 0 -0.016101
701.8 0 -0.0137701
702 0 -0.0223454
702.2 0 0.000842935
702.4 0 0.0443391
702.6 0 0.0513912
702.8 0 -0.00754213
703 0 -0.0906827
703.2 0 -0.124137
703.4 0 -0.0787838
703.6 0 0.00193063
703.8 0 0.0495678
704 0 0.0366724
704.2 0 -0.00608271
704.4 0 -0.029403
704.6 0 -0.0131097
704.8 0 0.0223797
705 0 0.0416348
705.2 0 0.0271264
705.4 0 -0.00714321
705.6 0 -0.0277258
705.8 0 -0.00928024
706 0 0.0419913
706.2 0 0.0886523
706.4 0 0.0907187
706.6 0 0.0410022
706.8 0 -0.0263134
707 0 -0.0645687
707.2 0 -0.054242
707.4 0 -0.0144031
707.6 0 0.0220126
707.8 0 0.0390187
708 0 0.0425541
708.2 0 0.0422468
708.4 0 0.037857
708.6 0 0.0257413
708.8 0 0.0105258
709 0 0.00178665
709.2 0 -5.35438e-05
709.4 0 -0.00610559
709.6 0 -0.0223886
709.8 0 -0.0353238
710 0 -0.021943
710.2 0 0.0226076
710.4 0 0.0721394
710.6 0 0.0892315
710.8 0 0.0595816
711 0 0.00600541
711.2 0 -0.0316974
711.4 0 -0.031567
711.6 0 -0.00772645
711.8 0 0.00243802
712 0 -0.0288059
712.2 0 -0.0915573
712.4 0 -0.138535
712.6 0 -0.119106
712.8 0 -0.0251664
713 0 0.0910918
713.2 0 0.152362
713.4 0 0.12133
713.6 0 0.0359244
713.8 0 -0.0245003
714 0 -0.0127677
714.2 0 0.0455736
714.4 0 0.0857546
714.6 0 0.0725063
714.8 0 0.0287605
715 0 -0.00172425
715.2 0 -0.0075783
715.4 0 -0.0152
715.6 0 -0.0456609
715.8 0 -0.0818638
716 0 -0.0874289
716.2 0 -0.0512549
716.4 0 -0.000482538
716.6 0 0.032142
716.8 0 0.0425122
717 0 0.0489955
717.2 0 0.0598199
717.4 0 0.0607522
717.6 0 0.0384206
717.8 0 0.00405211
718 0 -0.0170783
718.2 0 -0.0165105
718.4 0 -0.0109506
718.6 0 -0.0170471
718.8 0 -0.0288653
719 0 -0.0301461
719.2 0 -0.02275
719.4 0 -0.0270628
719.6 0 -0.0491244
719.8 0 -0.0610355
720 0 -0.0302492
720.2 0 0.0324874
720.4 0 0.0713092
720.6 0 0.043226
720.8 0 -0.0283827
721 0 -0.0725165
721.2 0 -0.0467463
721.4 0 0.0152748
721.6 0 0.0409193
721.8 0 -0.00131678
722 0 -0.0688493
722.2 0 -0.0923747
722.4 0 -0.0464988
722.6 0 0.0320439
722.8 0 0.0875175
723 0 0.0934091
723.2 0 0.059921
723.4 0 0.0106327
723.6 0 -0.0342819
723.8 0 -0.0577883
724 0 -0.0479802
724.2 0 -0.0112465
724.4 0 0.0239863
724.6 0 0.0296266
724.8 0 0.00666269
725 0 -0.0157925
725.2 0 -0.0139389
725.4 0 0.00416774
725.6 0 0.0117263
725.8 0 -0.0013458
726 0 -0.0161191
726.2 0 -0.00984514
726.4 0 0.0157832
726.6 0 0.039438
726.8 0 0.0480835
727 0 0.0483003
727.2 0 0.0482859
727.4 0 0.04115
727.6 0 0.0175883
727.8 0 -0.010345
728 0 -0.014669
728.2 0 0.0121168
728.4 0 0.0375372
728.6 0 0.0212708
728.8 0 -0.0337043
729 0 -0.0770343
729.2 0 -0.0677099
729.4 0 -0.0262785
729.6 0 -0.0148347
729.8 0 -0.0625517
730 0 -0.124843
730.2 0 -0.128608
730.4 0 -0.0541122
730.6 0 0.0409068
730.8 0 0.0816634
731 0 0.050217
731.2 0 -0.00712863
731.4 0 -0.0370193
731.6 0 -0.0281099
731.8 0 -0.00324387
732 0 0.0180556
732.2 0 0.0328295
732.4 0 0.0373554
732.6 0 0.0200218
732.8 0 -0.0159837
733 0 -0.0357297
733.2 0 -0.00101264
733.4 0 0.0781381
733.6 0 0.135895
733.8 0 0.111486
734 0 0.0168716
734.2 0 -0.0690634
734.4 0 -0.0804594
734.6 0 -0.031025
734.8 0 0.00745136
735 0 -0.0120636
735.2 0 -0.0626383
735.4 0 -0.0801607
735.6 0 -0.0378088
735.8 0 0.0277774
736 0 0.0610641
736.2 0 0.0449222
736.4 0 0.00783898
736.6 0 -0.0154009
736.8 0 -0.0168084
737 0 -0.0100286
737.2 0 -0.00672002
737.4 0 -0.00789578
737.6 0 -0.0125867
737.8 0 -0.0218192
738 0 -0.0309206
738.2 0 -0.0280055
738.4 0 -0.0088519
738.6 0 0.0113751
738.8 0 0.0128358
739 0 -0.000239737
739.2 0 0.00386658
739.4 0 0.0485089
739.6 0 0.112503
739.8 0 0.142408
740 0 0.107059
740.2 0 0.0338091
740.4 0 -0.0185741
740.6 0 -0.0212768
740.8 0 -0.000153737
741 0 0.00333358
741.2 0 -0.0152524
741.4 0 -0.0226939
741.6 0 0.00141568
741.8 0 0.0297452
742 0 0.0159236
742.2 0 -0.045429
742.4 0 -0.10254
742.6 0 -0.0989102
742.8 0 -0.0355518
743 0 0.0299964
743.2 0 0.0476245
743.4 0 0.0276096
743.6 0 0.0223201
743.8 0 0.0605935
744 0 0.112836
744.2 0 0.126482
744.4 0 0.0883936
744.6 0 0.0406926
744.8 0 0.0324914
745 0 0.06445
745.2 0 0.0892386
745.4 0 0.0664014
745.6 0 0.00915722
745.8 0 -0.0281672
746 0 -0.00652424
746.2 0 0.0583681
746.4 0 0.112867
746.6 0 0.116725
746.8 0 0.0748634
747 0 0.0222049
747.2 0 -0.0149413
747.4 0 -0.0380039
747.6 0 -0.0604696
747.8 0 -0.0819688
748 0 -0.0844661
748.2 0 -0.0542756
748.4 0 -0.00281914
748.6 0 0.0391913
748.8 0 0.0492034
749 0 0.0325605
749.2 0 0.0142553
749.4 0 0.012697
749.6 0 0.0241087
749.8 0 0.0322003
750 0 0.0287196
750.2 0 0.0201953
750.4 0 0.0151467
750.6 0 0.0107536
750.8 0 -0.00230911
751 0 -0.0229672
751.2 0 -0.0348181
751.4 0 -0.0238157
751.6 0 0.00108407
751.8 0 0.012937
752 0 -0.0021283
752.2 0 -0.0218101
752.4 0 -0.00476219
752.6 0 0.0629969
752.8 0 0.14151
753 0 0.165067
753.2 0 0.104132
753.4 0 -0.00103293
753.6 0 -0.0730606
753.8 0 -0.0678082
754 0 -0.0128219
754.2 0 0.0239038
754.4 0 0.00239717
754.6 0 -0.0536036
754.8 0 -0.0874481
755 0 -0.0702975
755.2 0 -0.027141
755.4 0 -0.00377012
755.6 0 -0.0148892
755.8 0 -0.0307534
756 0 -0.0139853
756.2 0 0.0369138
756.4 0 0.0852593
756.6 0 0.0947868
756.8 0 0.0648587
757 0 0.0261075
757.2 0 0.00664807
757.4 0 0.00805651
757.6 0 0.0125106
757.8 0 0.00477468
758 0 -0.0180081
758.2 0 -0.0519915
758.4 0 -0.0900746
758.6 0 -0.116026
758.8 0 -0.105937
759 0 -0.0502081
759.2 0 0.0230853
759.4 0 0.0597798
759.6 0 0.0292723
759.8 0 -0.0364206
760 0 -0.0653628
760.2 0 -0.0181959
760.4 0 0.0648285
760.6 0 0.0999385
760.8 0 0.0471904
761 0 -0.0452687
761.2 0 -0.0915253
761.4 0 -0.0592606
761.6 0 -8.59597e-05
761.8 0 0.0145158
762 0 -0.023892
762.2 0 -0.0551991
762.4 0 -0.0279129
762.6 0 0.0339487
762.8 0 0.055118
763 0 -0.00274273
763.2 0 -0.0913257
763.4 0 -0.123162
763.6 0 -0.0630725
763.8 0 0.0378836
764 0 0.0991373
764.2 0 0.0910018
764.4 0 0.0520725
764.6 0 0.0343789
764.8 0 0.0453118
765 0 0.0488781
765.2 0 0.0156337
765.4 0 -0.0398112
765.6 0 -0.0726058
765.8 0 -0.0526387
766 0 0.00720604
766.2 0 0.0629659
766.4 0 0.0761065
766.6 0 0.0428973
766.8 0 -0.00379305
767 0 -0.0202637
767.2 0 0.011873
767.4 0 0.0671584
767.6 0 0.0956765
767.8 0 0.069548
768 0 0.0135567
768.2 0 -0.0160581
768.4 0 0.0104166
768.6 0 0.0617435
768.8 0 0.0763933
769 0 0.0285076
769.2 0 -0.0433005
769.4 0 -0.0776366
769.6 0 -0.0546077
769.8 0 -0.00942945
770 0 0.0152913
770.2 0 0.0158332
770.4 0 0.0160724
770.6 0 0.020842
770.8 0 0.00354259
771 0 -0.0499993
771.2 0 -0.10124
771.4 0 -0.0876032
771.6 0 0.00138074
771.8 0 0.0936786
772 0 0.100177
772.2 0 0.0125713
772.4 0 -0.0787982
772.6 0 -0.0747871
772.8 0 0.030232
773 0 0.144982
773.2 0 0.177679
773.4 0 0.124152
773.6 0 0.0561705
773.8 0 0.0347429
774 0 0.0512107
774.2 0 0.0539415
774.4 0 0.0170933
774.6 0 -0.0312601
774.8 0 -0.0454611
775 0 -0.0120213
775.2 0 0.0418735
775.4 0 0.0799017
775.6 0 0.0859702
775.8 0 0.0657445
776 0 0.0329588
776.2 0 0.00166344
776.4 0 -0.0154284
776.6 0 -0.0132345
776.8 0 -0.00170693
777 0 0.000701043
777.2 0 -0.0127665
777.4 0 -0.0264639
777.6 0 -0.0183789
777.8 0 0.0126909
778 0 0.0416653
778.2 0 0.042358
778.4 0 0.015
778.6 0 -0.015367
778.8 0 -0.0260658
779 0 -0.016859
779.2 0 -0.00279569
779.4 0 0.00610116
779.6 0 0.0118304
779.8 0 0.0178477
780 0 0.0199925
780.2 0 0.0122098
780.4 0 -0.00268351
780.6 0 -0.0136135
780.8 0 -0.0126431
781 0 -0.00193855
781.2 0 0.0108214
781.4 0 0.0194425
781.6 0 0.0193285
781.8 0 0.00572569
782 0 -0.0210995
782.2 0 -0.0494251
782.4 0 -0.0630856
782.6 0 -0.0603971
782.8 0 -0.0610133
783 0 -0.0841551
783.2 0 -0.118151
783.4 0 -0.121226
783.6 0 -0.0630816
783.8 0 0.0343746
784 0 0.106394
784.2 0 0.102762
784.4 0 0.0353345
784.6 0 -0.0343154
784.8 0 -0.0535969
785 0 -0.0224205
785.2 0 0.018453
785.4 0 0.0343776
785.6 0 0.0274442
785.8 0 0.0255027
786 0 0.0494694
786.2 0 0.0928513
786.4 0 0.127008
786.6 0 0.122556
786.8 0 0.071614
787 0 -0.00153842
787.2 0 -0.0517081
787.4 0 -0.0457368
787.6 0 0.00580561
787.8 0 0.0520152
788 0 0.046332
788.2 0 -0.00724697
788.4 0 -0.0573778
788.6 0 -0.0591985
788.8 0 -0.0211879
789 0 0.00818254
789.2 0 -0.00163721
789.4 0 -0.0294765
789.6 0 -0.0322214
789.8 0 0.000197746
790 0 0.0328673
790.2 0 0.0299873
790.4 0 -0.00200637
790.6 0 -0.0255556
790.8 0 -0.0197282
791 0 -0.00198897
791.2 0 0.000508244
791.4 0 -0.0126119
791.6 0 -0.0203532
791.8 0 -0.0162717
792 0 -0.0203573
792.2 0 -0.0473727
792.4 0 -0.0769715
792.6 0 -0.073679
792.8 0 -0.0365343
793 0 -0.0109186
793.2 0 -0.0382372
793.4 0 -0.101885
793.6 0 -0.140281
793.8 0 -0.116527
794 0 -0.0604021
794.2 0 -0.0298667
794.4 0 -0.0390247
794.6 0 -0.0428461
794.8 0 0.00184347
795 0 0.0756646
795.2 0 0.113028
795.4 0 0.0770819
795.6 0 0.00326907
795.8 0 -0.0389729
796 0 -0.0186619
796.2 0 0.0319802
796.4 0 0.0600632
796.6 0 0.0448061
796.8 0 0.00487616
797 0 -0.0321764
797.2 0 -0.0533949
797.4 0 -0.0578913
797.6 0 -0.0490358
797.8 0 -0.0376387
798 0 -0.0412344
798.2 0 -0.0642024
798.4 0 -0.0800134
798.6 0 -0.050726
798.8 0 0.0247721
799 0 0.0912197
799.2 0 0.0838352
799.4 0 -2.53119e-05
799.6 0 -0.0871314
799.8 0 -0.097447
800 0 -0.0247197
800.2 0 0.0592365
800.4 0 0.0803975
800.6 0 0.0337996
800.8 0 -0.0227233
801 0 -0.0338593
801.2 0 0.00516347
801.4 0 0.0596633
801.6 0 0.0952874
801.8 0 0.0980965
802 0 0.0691458
802.2 0 0.0204901
802.4 0 -0.0207942
802.6 0 -0.0233074
802.8 0 0.0170939
803 0 0.0612664
803.2 0 0.0604254
803.4 0 0.0127006
803.6 0 -0.0265467
803.8 0 -0.00488243
804 0 0.0609246
804.2 0 0.0952258
804.4 0 0.0474353
804.6 0 -0.045739
804.8 0 -0.095921
805 0 -0.0581848
805.2 0 0.0229796
805.4 0 0.0676214
805.6 0 0.0466104
805.8 0 0.000166171
806 0 -0.0228773
806.2 0 -0.0218568
806.4 0 -0.0286858
806.6 0 -0.0504661
806.8 0 -0.0530798
807 0 -0.00901704
807.2 0 0.0560533
807.4 0 0.0845066
807.6 0 0.0536867
807.8 0 0.00446598
808 0 -0.00649594
808.2 0 0.0263292
808.4 0 0.0527935
808.6 0 0.0290703
808.8 0 -0.0303791
809 0 -0.0717017
809.2 0 -0.064017
809.4 0 -0.0278964
809.6 0 -0.000290202
809.8 0 0.0137231
810 0 0.0402251
810.2 0 0.0917219
810.4 0 0.13974
810.6 0 0.142095
810.8 0 0.0910249
811 0 0.0222546
811.2 0 -0.0248218
811.4 0 -0.0449736
811.6 0 -0.0575297
811.8 0 -0.0669067
812 0 -0.0496063
812.2 0 0.0111228
812.4 0 0.0867803
812.6 0 0.11634
812.8 0 0.0651931
813 0 -0.0344299
813.2 0 -0.110556
813.4 0 -0.119674
813.6 0 -0.0818721
813.8 0 -0.0471701
814 0 -0.0371766
814.2 0 -0.0315514
814.4 0 -0.0103057
814.6 0 0.00846319
814.8 0 -0.0103325
815 0 -0.0631502
815.2 0 -0.0940539
815.4 0 -0.0536251
815.6 0 0.0334873
815.8 0 0.0808363
816 0 0.0320968
816.2 0 -0.0681817
816.4 0 -0.11444
816.6 0 -0.0546293
816.8 0 0.0500863
817 0 0.0931486
817.2 0 0.0431784
817.4 0 -0.0235671
817.6 0 -0.0179004
817.8 0 0.0532888
818 0 0.095138
818.2 0 0.0410481
818.4 0 -0.0633693
818.6 0 -0.110815
818.8 0 -0.056676
819 0 0.0320163
819.2 0 0.0586845
819.4 0 0.00823915
819.6 0 -0.0450178
819.8 0 -0.0336991
820 0 0.0255708
820.2 0 0.0630087
820.4 0 0.0442097
820.6 0 0.00128153
820.8 0 -0.0223916
821 0 -0.0282217
821.2 0 -0.0433644
821.4 0 -0.0624614
821.6 0 -0.0434631
821.8 0 0.0280528
822 0 0.0966593
822.2 0 0.0889207
822.4 0 0.00470373
822.6 0 -0.071477
822.8 0 -0.0650959
823 0 0.0004318
823.2 0 0.0345281
823.4 0 -0.0050826
823.6 0 -0.0566101
823.8 0 -0.0306089
824 0 0.075292
824.2 0 0.166045
824.4 0 0.156467
824.6 0 0.0643299
824.8 0 -0.019766
825 0 -0.0383931
825.2 0 -0.0160628
825.4 0 -0.00275016
825.6 0 -0.00218681
825.8 0 0.0177837
826 0 0.058417
826.2 0 0.0721606
826.4 0 0.0267247
826.6 0 -0.0379995
826.8 0 -0.0487876
827 0 0.00714173
827.2 0 0.0569576
827.4 0 0.028511
827.6 0 -0.0560027
827.8 0 -0.100779
828 0 -0.0511696
828.2 0 0.0383019
828.4 0 0.0685467
828.6 0 0.013648
828.8 0 -0.0525152
829 0 -0.0492323
829.2 0 0.0159482
829.4 0 0.0635144
829.6 0 0.0407809
829.8 0 -0.0214702
830 0 -0.0549587
830.2 0 -0.0339057
830.4 0 0.00894098
830.6 0 0.0343393
830.8 0 0.0381864
831 0 0.0354005
831.2 0 0.0254249
831.4 0 -0.00389219
831.6 0 -0.0439278
831.8 0 -0.0613557
832 0 -0.0368997
832.2 0 0.00603967
832.4 0 0.0272466
832.6 0 0.0178529
832.8 0 0.00449035
833 0 0.00387852
833.2 0 -0.00574015
833.4 0 -0.0508546
833.6 0 -0.111328
833.8 0 -0.129142
834 0 -0.0770206
834.2 0 -0.000577176
834.4 0 0.0272662
834.6 0 -0.0117965
834.8 0 -0.0651724
835 0 -0.0780467
835.2 0 -0.0576041
835.4 0 -0.0516034
835.6 0 -0.0758673
835.8 0 -0.0923224
836 0 -0.0667415
836.2 0 -0.0230657
836.4 0 -0.0136555
836.6 0 -0.0427248
836.8 0 -0.0517527
837 0 0.00344245
837.2 0 0.0823645
837.4 0 0.0971002
837.6 0 0.0203266
837.8 0 -0.0725123
838 0 -0.0871928
838.2 0 -0.0219221
838.4 0 0.0325608
838.6 0 0.00458933
838.8 0 -0.0740374
839 0 -0.112846
839.2 0 -0.0750264
839.4 0 -0.0148324
839.6 0 4.07651e-05
839.8 0 -0.0261905
840 0 -0.033246
840.2 0 0.00768457
840.4 0 0.0554302
840.6 0 0.0574456
840.8 0 0.0207654
841 0 -0.0020266
841.2 0 0.0111115
841.4 0 0.0223595
841.6 0 -0.00595107
841.8 0 -0.0467323
842 0 -0.0348709
842.2 0 0.0425461
842.4 0 0.113899
842.6 0 0.101626
842.8 0 0.01904
843 0 -0.0383977
843.2 0 -0.00226963
843.4 0 0.090475
843.6 0 0.143507
843.8 0 0.11164
844 0 0.0419102
844.2 0 0.00522548
844.4 0 0.0127673
844.6 0 0.0183936
844.8 0 -0.0102889
845 0 -0.0520109
845.2 0 -0.0686955
845.4 0 -0.0584961
845.6 0 -0.0505208
845.8 0 -0.0554667
846 0 -0.048434
846.2 0 -0.0103432
846.4 0 0.0331643
846.6 0 0.0364322
846.8 0 -0.00640296
847 0 -0.0486538
847.2 0 -0.0474904
847.4 0 -0.0169779
847.6 0 -0.0059035
847.8 0 -0.0280939
848 0 -0.0388844
848.2 0 0.00712154
848.4 0 0.0899918
848.6 0 0.138185
848.8 0 0.109256
849 0 0.037919
849.2 0 -0.007514
849.4 0 -0.00485196
849.6 0 0.00471954
849.8 0 -0.0215303
850 0 -0.0692253
850.2 0 -0.0847091
850.4 0 -0.0434245
850.6 0 0.0180338
850.8 0 0.0429429
851 0 0.014713
851.2 0 -0.0330981
851.4 0 -0.0593826
851.6 0 -0.0538935
851.8 0 -0.0336107
852 0 -0.0169199
852.2 0 -0.01229
852.4 0 -0.0237994
852.6 0 -0.0504375
852.8 0 -0.0760131
853 0 -0.073257
853.2 0 -0.0309223
853.4 0 0.0265268
853.6 0 0.0581065
853.8 0 0.0481278
854 0 0.0204815
854.2 0 0.00726353
854.4 0 0.0124194
854.6 0 0.0173314
854.8 0 0.0163879
855 0 0.0270985
855.2 0 0.0551924
855.4 0 0.064974
855.6 0 0.00958799
855.8 0 -0.102666
856 0 -0.190516
856.2 0 -0.169849
856.4 0 -0.0434406
856.6 0 0.0930175
856.8 0 0.142322
857 0 0.0956567
857.2 0 0.0253533
857.4 0 -0.00302771
857.6 0 0.00651786
857.8 0 0.00769633
858 0 -0.018349
858.2 0 -0.0418162
858.4 0 -0.0310571
858.6 0 0.0012342
858.8 0 0.0140357
859 0 -0.00808533
859.2 0 -0.035661
859.4 0 -0.0337796
859.6 0 -0.00660496
859.8 0 0.0109311
860 0 0.000688641
860.2 0 -0.015713
860.4 0 -0.00793144
860.6 0 0.0205182
860.8 0 0.0347724
861 0 0.0129719
861.2 0 -0.0246098
861.4 0 -0.0389553
861.6 0 -0.0190602
861.8 0 0.00494026
862 0 -0.00326688
862.2 0 -0.0448657
862.4 0 -0.0835915
862.6 0 -0.0807505
862.8 0 -0.0287855
863 0 0.0451821
863.2 0 0.100423
863.4 0 0.106836
863.6 0 0.0595493
863.8 0 -0.0188832
864 0 -0.0905135
864.2 0 -0.126237
864.4 0 -0.125701
864.6 0 -0.112722
864.8 0 -0.108191
865 0 -0.109592
865.2 0 -0.100957
865.4 0 -0.0797981
865.6 0 -0.064187
865.8 0 -0.0679852
866 0 -0.0765998
866.2 0 -0.0595224
866.4 0 -0.00935767
866.6 0 0.0418785
866.8 0 0.0546599
867 0 0.0261962
867.2 0 -0.0078773
867.4 0 -0.0183448
867.6 0 -0.0172876
867.8 0 -0.0369211
868 0 -0.0780371
868.2 0 -0.0963088
868.4 0 -0.050735
868.6 0 0.0405778
868.8 0 0.106897
869 0 0.0913509
869.2 0 0.0052776
869.4 0 -0.0876509
869.6 0 -0.134009
869.8 0 -0.129069
870 0 -0.0987254
870.2 0 -0.0618741
870.4 0 -0.0219982
870.6 0 0.0136689
870.8 0 0.0279086
871 0 0.0153218
871.2 0 -0.00101426
871.4 0 0.00918529
871.6 0 0.0447742
871.8 0 0.0690537
872 0 0.0523066
872.2 0 0.0107751
872.4 0 -0.00979364
872.6 0 0.0106659
872.8 0 0.0412396
873 0 0.0383086
873.2 0 0.000694613
873.4 0 -0.0286559
873.6 0 -0.0177142
873.8 0 0.0130608
874 0 0.0170733
874.2 0 -0.0166611
874.4 0 -0.0465843
874.6 0 -0.0311509
874.8 0 0.0147655
875 0 0.0339674
875.2 0 -0.00133839
875.4 0 -0.0486666
875.6 0 -0.0401815
875.8 0 0.0363273
876 0 0.117168
876.2 0 0.130094
876.4 0 0.0726617
876.6 0 0.012262
876.8 0 0.0103696
877 0 0.0593102
877.2 0 0.0989734
877.4 0 0.0866063
877.6 0 0.0374268
877.8 0 -0.0023883
878 0 -0.00812606
878.2 0 0.00705644
878.4 0 0.0199023
878.6 0 0.0246799
878.8 0 0.0279274
879 0 0.0273289
879.2 0 0.0103144
879.4 0 -0.0248871
879.6 0 -0.0576401
879.8 0 -0.0631869
880 0 -0.0403484
880.2 0 -0.0141579
880.4 0 -0.00924696
880.6 0 -0.0253984
880.8 0 -0.0421683
881 0 -0.0435952
881.2 0 -0.033327
881.4 0 -0.0265092
881.6 0 -0.0325678
881.8 0 -0.0478274
882 0 -0.0600762
882.2 0 -0.0562765
882.4 0 -0.0300301
882.6 0 0.00995908
882.8 0 0.0377635
883 0 0.0265063
883.2 0 -0.0223752
883.4 0 -0.0678862
883.6 0 -0.0601839
883.8 0 0.00785492
884 0 0.0833803
884.2 0 0.0993099
884.4 0 0.0429453
884.6 0 -0.0260393
884.8 0 -0.0332216
885 0 0.0351317
885.2 0 0.118258
885.4 0 0.143015
885.6 0 0.0942911
885.8 0 0.0210781
886 0 -0.0199864
886.2 0 -0.0168926
886.4 0 0.00224194
886.6 0 0.0128747
886.8 0 0.0200278
887 0 0.0411796
887.2 0 0.076075
887.4 0 0.103641
887.6 0 0.106143
887.8 0 0.0868834
888 0 0.0614009
888.2 0 0.0390262
888.4 0 0.0204687
888.6 0 0.00961561
888.8 0 0.0155852
889 0 0.0367927
889.2 0 0.0498567
889.4 0 0.0270506
889.6 0 -0.029924
889.8 0 -0.0795923
890 0 -0.0731882
890.2 0 -0.00200309
890.4 0 0.0893358
890.6 0 0.139225
890.8 0 0.120404
891 0 0.0580743
891.2 0 0.00243989
891.4 0 -0.0142079
891.6 0 0.00283902
891.8 0 0.024795
892 0 0.0272887
892.2 0 0.00699907
892.4 0 -0.0220031
892.6 0 -0.043497
892.8 0 -0.051574
893 0 -0.0512677
893.2 0 -0.0488037
893.4 0 -0.0416405
893.6 0 -0.0196947
893.8 0 0.0214175
894 0 0.0684681
894.2 0 0.0958398
894.4 0 0.0870112
894.6 0 0.0518077
894.8 0 0.0194984
895 0 0.0122653
895.2 0 0.0252957
895.4 0 0.0341867
895.6 0 0.020943
895.8 0 -0.00961761
896 0 -0.038674
896.2 0 -0.0539885
896.4 0 -0.0574424
896.6 0 -0.0537415
896.8 0 -0.0390507
897 0 -0.00736057
897.2 0 0.0328134
897.4 0 0.0558322
897.6 0 0.0403037
897.8 0 -0.00638646
898 0 -0.0500199
898.2 0 -0.0607973
898.4 0 -0.0421729
898.6 0 -0.0246324
898.8 0 -0.0293808
899 0 -0.0427728
899.2 0 -0.0332495
899.4 0 0.0053972
899.6 0 0.0356116
899.8 0 0.0112006
900 0 -0.0667244
900.2 0 -0.137396
900.4 0 -0.135899
900.6 0 -0.063841
900.8 0 0.0044714
901 0 -0.00340146
901.2 0 -0.0770325
901.4 0 -0.127444
901.6 0 -0.0805766
901.8 0 0.0378718
902 0 0.122309
902.2 0 0.0967426
902.4 0 -0.00356204
902.6 0 -0.0695114
902.8 0 -0.0351935
903 0 0.0546826
903.2 0 0.0996965
903.4 0 0.0562511
903.6 0 -0.0200718
903.8 0 -0.0454566
904 0 -0.00397014
904.2 0 0.0421948
904.4 0 0.0338399
904.6 0 -0.0144364
904.8 0 -0.0364679
905 0 0.00305203
905.2 0 0.0671309
905.4 0 0.0918044
905.6 0 0.0582521
905.8 0 0.00667987
906 0 -0.0150452
906.2 0 0.000777375
906.4 0 0.0296192
906.6 0 0.0534072
906.8 0 0.0729225
907 0 0.0851663
907.2 0 0.0710849
907.4 0 0.0209233
907.6 0 -0.0376324
907.8 0 -0.0577062
908 0 -0.0257956
908.2 0 0.0174538
908.4 0 0.0229152
908.6 0 -0.00603512
908.8 0 -0.0151036
909 0 0.0332799
909.2 0 0.107677
909.4 0 0.138254
909.6 0 0.0964753
909.8 0 0.0277567
910 0 -0.00207256
910.2 0 0.0192118
910.4 0 0.044508
910.6 0 0.0314845
910.8 0 -0.00700479
911 0 -0.0264359
911.2 0 -0.011567
911.4 0 0.0062529
911.6 0 -0.00551491
911.8 0 -0.0365234
912 0 -0.0493999
912.2 0 -0.0313186
912.4 0 -0.00935363
912.6 0 -0.00912925
912.8 0 -0.0160213
913 0 0.00355483
913.2 0 0.0465199
913.4 0 0.0619455
913.6 0 0.00984319
913.8 0 -0.0796319
914 0 -0.126628
914.2 0 -0.0876271
914.4 0 -0.00745137
914.6 0 0.0277787
914.8 0 -0.0146595
915 0 -0.0807837
915.2 0 -0.094779
915.4 0 -0.0447751
915.6 0 0.00892116
915.8 0 0.00771607
916 0 -0.038454
916.2 0 -0.0654931
916.4 0 -0.028677
916.6 0 0.0494919
916.8 0 0.104665
917 0 0.0938976
917.2 0 0.0305674
917.4 0 -0.0346521
917.6 0 -0.0570895
917.8 0 -0.026169
918 0 0.0337233
918.2 0 0.0797418
918.4 0 0.0751403
918.6 0 0.0143654
918.8 0 -0.0670948
919 0 -0.113294
919.2 0 -0.090621
919.4 0 -0.0166937
919.6 0 0.0537826
919.8 0 0.0746753
920 0 0.0423571
920.2 0 -0.0102925
920.4 0 -0.0468525
920.6 0 -0.052387
920.8 0 -0.0341383
921 0 -0.00963463
921.2 0 0.00251444
921.4 0 -0.010238
921.6 0 -0.0441279
921.8 0 -0.074431
922 0 -0.0704843
922.2 0 -0.0244173
922.4 0 0.0360195
922.6 0 0.0697885
922.8 0 0.0605234
923 0 0.0294685
923.2 0 0.00981482
923.4 0 0.0127668
923.6 0 0.0234435
923.8 0 0.0261158
924 0 0.0233519
924.2 0 0.0264306
924.4 0 0.0350568
924.6 0 0.0375391
924.8 0 0.0308097
925 0 0.0286473
925.2 0 0.0417205
925.4 0 0.0555501
925.6 0 0.0418918
925.8 0 -0.00371274
926 0 -0.045971
926.2 0 -0.0434291
926.4 0 0.00273604
926.6 0 0.0448685
926.8 0 0.0404522
927 0 0.000955184
927.2 0 -0.0210267
927.4 0 0.00636651
927.6 0 0.0559091
927.8 0 0.0719675
928 0 0.0335868
928.2 0 -0.0233329
928.4 0 -0.0477467
928.6 0 -0.0266632
928.8 0 0.0103866
929 0 0.0319035
929.2 0 0.034819
929.4 0 0.0318314
929.6 0 0.0237267
929.8 0 0.000938031
930 0 -0.0288885
930.2 0 -0.0335338
930.4 0 0.00891306
930.6 0 0.07261
930.8 0 0.0982298
931 0 0.0530747
931.2 0 -0.0296067
931.4 0 -0.081661
931.6 0 -0.0692326
931.8 0 -0.0219123
932 0 0.0087565
932.2 0 0.00863385
932.4 0 0.0078238
932.6 0 0.0330127
932.8 0 0.0702806
933 0 0.0852411
933.2 0 0.0709818
933.4 0 0.0583932
933.6 0 0.0742957
933.8 0 0.102699
934 0 0.101665
934.2 0 0.0561757
934.4 0 -0.000738718
934.6 0 -0.0266802
934.8 0 -0.0195441
935 0 -0.014755
935.2 0 -0.0344835
935.4 0 -0.0557598
935.6 0 -0.040689
935.8 0 0.00937012
936 0 0.0472356
936.2 0 0.0336506
936.4 0 -0.0139023
936.6 0 -0.0392669
936.8 0 -0.01224
937 0 0.0388586
937.2 0 0.0654507
937.4 0 0.0589516
937.6 0 0.0575074
937.8 0 0.09159
938 0 0.137395
938.2 0 0.137545
938.4 0 0.0664216
938.6 0 -0.0359579
938.8 0 -0.0998006
939 0 -0.0892073
939.2 0 -0.0271577
939.4 0 0.0354911
939.6 0 0.0646708
939.8 0 0.0583329
940 0 0.0325719
940.2 0 0.00569404
940.4 0 -0.00803314
940.6 0 -0.0038101
940.8 0 0.00702597
941 0 0.00354846
941.2 0 -0.0208588
941.4 0 -0.0427909
941.6 0 -0.0284816
941.8 0 0.0256627
942 0 0.0804988
942.2 0 0.0926242
942.4 0 0.0635199
942.6 0 0.0389226
942.8 0 0.0550127
943 0 0.0955903
943.2 0 0.11385
943.4 0 0.0920228
943.6 0 0.0620544
943.8 0 0.0591174
944 0 0.06843
944.2 0 0.0386322
944.4 0 -0.0490506
944.6 0 -0.143297
944.8 0 -0.17102
945 0 -0.118423
945.2 0 -0.0469262
945.4 0 -0.0218831
945.6 0 -0.0395605
945.8 0 -0.0404985
946 0 0.00930218
946.2 0 0.0709302
946.4 0 0.0776237
946.6 0 0.0161674
946.8 0 -0.0550087
947 0 -0.0708217
947.2 0 -0.0281913
947.4 0 0.0201729
947.6 0 0.0306747
947.8 0 0.0108843
948 0 -0.00352198
948.2 0 0.00440873
948.4 0 0.0229172
948.6 0 0.0394271
948.8 0 0.057196
949 0 0.0772351
949.2 0 0.0801771
949.4 0 0.0458553
949.6 0 -0.0098309
949.8 0 -0.0370857
950 0 -0.00490925
950.2 0 0.0547871
950.4 0 0.0723064
950.6 0 0.0147784
950.8 0 -0.0735196
951 0 -0.113654
951.2 0 -0.0721162
951.4 0 0.00870714
951.6 0 0.0576589
951.8 0 0.0424699
952 0 -0.0119697
952.2 0 -0.0601164
952.4 0 -0.0769384
952.6 0 -0.0652088
952.8 0 -0.0394254
953 0 -0.0150966
953.2 0 -0.00740184
953.4 0 -0.0239684
953.6 0 -0.0523894
953.8 0 -0.0641321
954 0 -0.0417159
954.2 0 -0.00119171
954.4 0 0.0215331
954.6 0 0.00976779
954.8 0 -0.0150885
955 0 -0.018626
955.2 0 0.00768895
955.4 0 0.040866
955.6 0 0.0575832
955.8 0 0.0591402
956 0 0.0587941
956.2 0 0.0537745
956.4 0 0.0259785
956.6 0 -0.0253679
956.8 0 -0.0647808
957 0 -0.0490228
957.2 0 0.02356
957.4 0 0.101915
957.6 0 0.126939
957.8 0 0.0847176
958 0 0.0121827
958.2 0 -0.0447451
958.4 0 -0.070188
958.6 0 -0.0765771
958.8 0 -0.0766234
959 0 -0.0678959
959.2 0 -0.0429405
959.4 0 -0.00413414
959.6 0 0.0360734
959.8 0 0.0642462
960 0 0.0706078
960.2 0 0.050673
960.4 0 0.0116947
960.6 0 -0.0232538
960.8 0 -0.029985
961 0 -0.0103697
961.2 0 0.00205533
961.4 0 -0.0221775
961.6 0 -0.0650561
961.8 0 -0.0676824
962 0 0.00609518
962.2 0 0.115859
962.4 0 0.170923
962.6 0 0.119926
962.8 0 0.00754351
963 0 -0.0685491
963.2 0 -0.0566299
963.4 0 0.00302229
963.6 0 0.0327585
963.8 0 0.0057499
964 0 -0.0325454
964.2 0 -0.0257386
964.4 0 0.028279
964.6 0 0.0821235
964.8 0 0.0972753
965 0 0.0802553
965.2 0 0.0602287
965.4 0 0.0476218
965.6 0 0.0291893
965.8 0 -0.00185898
966 0 -0.0284808
966.2 0 -0.0299557
966.4 0 -0.00952479
966.6 0 0.00956523
966.8 0 0.0129801
967 0 0.00828656
967.2 0 0.0059521
967.4 0 -0.00128433
967.6 0 -0.0281716
967.8 0 -0.0690987
968 0 -0.0940718
968.2 0 -0.0798722
968.4 0 -0.0385889
968.6 0 -0.00595891
968.8 0 -0.00261158
969 0 -0.0156254
969.2 0 -0.0199276
969.4 0 -0.0083813
969.6 0 0.00734564
969.8 0 0.0192429
970 0 0.0319023
970.2 0 0.0458275
970.4 0 0.0452454
970.6 0 0.0168065
970.8 0 -0.0227355
971 0 -0.0342878
971.2 0 -0.00159145
971.4 0 0.0408911
971.6 0 0.0413296
971.8 0 -0.00593511
972 0 -0.0440666
972.2 0 -0.0132038
972.4 0 0.0777674
972.6 0 0.152699
972.8 0 0.146894
973 0 0.0755487
973.2 0 0.0147002
973.4 0 0.0169385
973.6 0 0.0582339
973.8 0 0.0733534
974 0 0.0344993
974.2 0 -0.0176267
974.4 0 -0.0224909
974.6 0 0.0306598
974.8 0 0.0899223
975 0 0.0948916
975.2 0 0.0373027
975.4 0 -0.0334446
975.6 0 -0.0596804
975.8 0 -0.0271554
976 0 0.0281141
976.2 0 0.0572496
976.4 0 0.0412843
976.6 0 0.00163964
976.8 0 -0.0264095
977 0 -0.0287472
977.2 0 -0.0219286
977.4 0 -0.0285918
977.6 0 -0.0459319
977.8 0 -0.0442102
978 0 -0.00129486
978.2 0 0.0636275
978.4 0 0.100051
978.6 0 0.0767007
978.8 0 0.0191681
979 0 -0.0114984
979.2 0 0.0182553
979.4 0 0.0778099
979.6 0 0.103862
979.8 0 0.0659346
980 0 -0.00626956
980.2 0 -0.0598786
980.4 0 -0.0726488
980.6 0 -0.0621659
980.8 0 -0.0495458
981 0 -0.0321949
981.2 0 -0.000758988
981.4 0 0.029546
981.6 0 0.0252752
981.8 0 -0.0214938
982 0 -0.069457
982.2 0 -0.0642197
982.4 0 0.00164005
982.6 0 0.0772719
982.8 0 0.108975
983 0 0.0977006
983.2 0 0.0894511
983.4 0 0.110419
983.6 0 0.128741
983.8 0 0.0933781
984 0 0.00459712
984.2 0 -0.0718976
984.4 0 -0.0704884
984.6 0 0.00201238
984.8 0 0.0712542
985 0 0.0731771
985.2 0 0.018402
985.4 0 -0.0265477
985.6 0 -0.0157138
985.8 0 0.0289588
986 0 0.0478635
986.2 0 0.0124482
986.4 0 -0.0442199
986.6 0 -0.0639065
986.8 0 -0.0231768
987 0 0.0452371
987.2 0 0.0857221
987.4 0 0.0699846
987.6 0 0.0170029
987.8 0 -0.0296956
988 0 -0.04134
988.2 0 -0.0253074
988.4 0 -0.0132775
988.6 0 -0.0291761
988.8 0 -0.0654358
989 0 -0.088892
989.2 0 -0.0722727
989.4 0 -0.0223846
989.6 0 0.0236728
989.8 0 0.0331686
990 0 0.00924045
990.2 0 -0.0138829
990.4 0 -0.00820231
990.6 0 0.0182903
990.8 0 0.0325858
991 0 0.0163828
991.2 0 -0.0103911
991.4 0 -0.0103201
991.6 0 0.0284514
991.8 0 0.0749222
992 0 0.0837686
992.2 0 0.0401467
992.4 0 -0.0258136
992.6 0 -0.0674377
992.8 0 -0.0613144
993 0 -0.0201558
993.2 0 0.0259663
993.4 0 0.0539511
993.6 0 0.0550061
993.8 0 0.0292659
994 0 -0.0155026
994.2 0 -0.0592714
994.4 0 -0.0746007
994.6 0 -0.0478135
994.8 0 0.00249742
995 0 0.0355176
995.2 0 0.0251721
995.4 0 -0.0120313
995.6 0 -0.031476
995.8 0 -0.00706552
996 0 0.0384491
996.2 0 0.0549154
996.4 0 0.0190979
996.6 0 -0.035549
996.8 0 -0.0486767
997 0 0.00513673
997.2 0 0.0854487
997.4 0 0.120039
997.6 0 0.0724811
997.8 0 -0.022139
998 0 -0.087156
998.2 0 -0.0716797
998.4 0 0.00595565
998.6 0 0.0748881
998.8 0 0.0712317
999 0 -0.0104814
999.2 0 -0.113089
999.4 0 -0.160847
999.6 0 -0.117034
999.8 0 -0.0119496
1000 0 0.0797129
0.2 0.314159 -0.131891
0.4 0.314159 -0.110523
0.6 0.314159 -0.0403152
0.8 0.314159 -0.0209193
1 0.314159 -0.072684
1.2 0.314159 -0.114973
1.4 0.314159 -0.076651
1.6 0.314159 0.00768914
1.8 0.314159 0.0415269
2 0.314159 -0.00821584
2.2 0.314159 -0.0686663
2.4 0.314159 -0.0563097
2.6 0.314159 0.0149064
2.8 0.314159 0.0530646
3 0.314159 0.00849811
3.2 0.314159 -0.0623991
3.4 0.314159 -0.0716533
3.6 0.314159 -0.0141064
3.8 0.314159 0.0270174
4 0.314159 -0.0104159
4.2 0.314159 -0.0851154
4.4 0.314159 -0.102841
4.6 0.314159 -0.0345002
4.8 0.314159 0.0476577
5 0.314159 0.0588288
5.2 0.314159 0.00199402
5.4 0.314159 -0.0423742
5.6 0.314159 -0.0172084
5.8 0.314159 0.0476744
6 0.314159 0.0809269
6.2 0.314159 0.0571807
6.4 0.314159 0.0173775
6.6 0.314159 0.00793789
6.8 0.314159 0.0254601
7 0.314159 0.0342124
7.2 0.314159 0.0225554
7.4 0.314159 0.0187074
7.6 0.314159 0.0480973
7.8 0.314159 0.0934087
8 0.314159 0.111111
8.2 0.314159 0.0821146
8.4 0.314159 0.0326532
8.6 0.314159 0.00333122
8.8 0.314159 0.00786075
9 0.314159 0.0276391
9.2 0.314159 0.0384197
9.4 0.314159 0.0316707
9.6 0.314159 0.0123524
9.8 0.314159 -0.0111948
10 0.314159 -0.0289006
10.2 0.314159 -0.0293264
10.4 0.314159 -0.0102852
10.6 0.314159 0.0110614
10.8 0.314159 0.00946256
11 0.314159 -0.0203533
11.2 0.314159 -0.0517037
11.4 0.314159 -0.0501597
11.6 0.314159 -0.0103616
11.8 0.314159 0.0366878
12 0.314159 0.0548089
12.2 0.314159 0.0369239
12.4 0.314159 0.00650693
12.6 0.314159 -0.00897534
12.8 0.314159 0.000595216
13 0.314159 0.0294647
13.2 0.314159 0.0667716
13.4 0.314159 0.0996835
13.6 0.314159 0.113603
13.8 0.314159 0.10178
14 0.314159 0.0769707
14.2 0.314159 0.0639698
14.4 0.314159 0.0725578
14.6 0.314159 0.0814674
14.8 0.314159 0.058421
15 0.314159 -0.00179179
15.2 0.314159 -0.0658517
15.4 0.314159 -0.0933288
15.6 0.314159 -0.0762718
15.8 0.314159 -0.0429054
16 0.314159 -0.0252559
16.2 0.314159 -0.0310435
16.4 0.314159 -0.0476138
16.6 0.314159 -0.0622144
16.8 0.314159 -0.0685494
17 0.314159 -0.0589205
17.2 0.314159 -0.0260915
17.4 0.314159 0.0194904
17.6 0.314159 0.0447982
17.8 0.314159 0.0221972
18 0.314159 -0.03523
18.2 0.314159 -0.0779109
18.4 0.314159 -0.0686126
18.6 0.314159 -0.0230639
18.8 0.314159 0.00719929
19 0.314159 -0.00777264
19.2 0.314159 -0.0452315
19.4 0.314159 -0.0594096
19.6 0.314159 -0.033177
19.8 0.314159 0.00951741
20 0.314159 0.0379248
20.2 0.314159 0.0462175
20.4 0.314159 0.0458918
20.6 0.314159 0.0403714
20.8 0.314159 0.0241423
21 0.314159 0.00533651
21.2 0.314159 0.00927644
21.4 0.314159 0.0454178
21.6 0.314159 0.0797461
21.8 0.314159 0.0609583
22 0.314159 -0.0182984
22.2 0.314159 -0.099392
22.4 0.314159 -0.112068
22.6 0.314159 -0.0495898
22.8 0.314159 0.0231629
23 0.314159 0.0411166
23.2 0.314159 0.00820119
23.4 0.314159 -0.0143777
23.6 0.314159 0.0172957
23.8 0.314159 0.0819634
24 0.314159 0.122923
24.2 0.314159 0.111555
24.4 0.314159 0.0684106
24.6 0.314159 0.0276402
24.8 0.314159 -0.000441899
25 0.314159 -0.0242296
25.2 0.314159 -0.0436312
25.4 0.314159 -0.0475904
25.6 0.314159 -0.0388158
25.8 0.314159 -0.0421704
26 0.314159 -0.0745458
26.2 0.314159 -0.113859
26.4 0.314159 -0.115753
26.6 0.314159 -0.0661167
26.8 0.314159 -0.00429471
27 0.314159 0.0180868
27.2 0.314159 -0.00306154
27.4 0.314159 -0.0191946
27.6 0.314159 0.0129656
27.8 0.314159 0.0801176
28 0.314159 0.129007
28.2 0.314159 0.128015
28.4 0.314159 0.0971662
28.6 0.314159 0.0737291
28.8 0.314159 0.0632661
29 0.314159 0.0409147
29.2 0.314159 -0.00217735
29.4 0.314159 -0.034033
29.6 0.314159 -0.0173683
29.8 0.314159 0.0375381
30 0.314159 0.0739527
30.2 0.314159 0.0502305
30.4 0.314159 -0.00984591
30.6 0.314159 -0.0412286
30.8 0.314159 -0.0114654
31 0.314159 0.0417859
31.2 0.314159 0.0544876
31.4 0.314159 0.0106788
31.6 0.314159 -0.0389625
31.8 0.314159 -0.0353698
32 0.314159 0.0221301
32.2 0.314159 0.0770105
32.4 0.314159 0.0807147
32.6 0.314159 0.0442428
32.8 0.314159 0.0172259
33 0.314159 0.0226001
33.2 0.314159 0.0274219
33.4 0.314159 -0.0132027
33.6 0.314159 -0.0907926
33.8 0.314159 -0.137964
34 0.314159 -0.0971522
34.2 0.314159 0.0101455
34.4 0.314159 0.0945431
34.6 0.314159 0.0848642
34.8 0.314159 -0.00110472
35 0.314159 -0.0774526
35.2 0.314159 -0.0792076
35.4 0.314159 -0.0225196
35.6 0.314159 0.0254422
35.8 0.314159 0.0251024
36 0.314159 -0.000824863
36.2 0.314159 -0.00983439
36.4 0.314159 0.00215663
36.6 0.314159 0.00271172
36.8 0.314159 -0.021349
37 0.314159 -0.0337448
37.2 0.314159 0.00792887
37.4 0.314159 0.0864252
37.6 0.314159 0.126576
37.8 0.314159 0.0758455
38 0.314159 -0.0281058
38.2 0.314159 -0.0895998
38.4 0.314159 -0.0573133
38.6 0.314159 0.0210004
38.8 0.314159 0.0568748
39 0.314159 0.0234576
39.2 0.314159 -0.0201406
39.4 0.314159 -0.00891023
39.6 0.314159 0.0447636
39.8 0.314159 0.0676584
40 0.314159 0.0193465
40.2 0.314159 -0.0559197
40.4 0.314159 -0.0842355
40.6 0.314159 -0.0538104
40.8 0.314159 -0.0271279
41 0.314159 -0.0581032
41.2 0.314159 -0.119206
41.4 0.314159 -0.13169
41.6 0.314159 -0.0630846
41.8 0.314159 0.0283044
42 0.314159 0.0572424
42.2 0.314159 0.0072571
42.4 0.314159 -0.0547845
42.6 0.314159 -0.0579897
42.8 0.314159 -0.00338228
43 0.314159 0.048951
43.2 0.314159 0.0562186
43.4 0.314159 0.0372891
43.6 0.314159 0.0385182
43.8 0.314159 0.0717859
44 0.314159 0.100846
44.2 0.314159 0.0855607
44.4 0.314159 0.0263607
44.6 0.314159 -0.0388028
44.8 0.314159 -0.0719266
45 0.314159 -0.0623878
45.2 0.314159 -0.0251106
45.4 0.314159 0.0149457
45.6 0.314159 0.0355391
45.8 0.314159 0.0282454
46 0.314159 0.00774606
46.2 0.314159 0.0043101
46.4 0.314159 0.03321
46.6 0.314159 0.0690656
46.8 0.314159 0.0633046
47 0.314159 -0.00177315
47.2 0.314159 -0.081815
47.4 0.314159 -0.108222
47.6 0.314159 -0.0621801
47.8 0.314159 -0.000232806
48 0.314159 0.00538649
48.2 0.314159 -0.0515687
48.4 0.314159 -0.102434
48.6 0.314159 -0.0804601
48.8 0.314159 0.00455394
49 0.314159 0.079612
49.2 0.314159 0.0916149
49.4 0.314159 0.0614846
49.6 0.314159 0.0496737
49.8 0.314159 0.0809052
50 0.314159 0.119789
50.2 0.314159 0.120209
50.4 0.314159 0.0810045
50.6 0.314159 0.0400212
50.8 0.314159 0.0215495
51 0.314159 0.00902618
51.2 0.314159 -0.0239555
51.4 0.314159 -0.0697685
51.6 0.314159 -0.0905779
51.8 0.314159 -0.0654958
52 0.314159 -0.0190724
52.2 0.314159 0.00639217
52.4 0.314159 -0.000630349
52.6 0.314159 -0.012969
52.8 0.314159 -0.00555945
53 0.314159 0.00945532
53.2 0.314159 -0.000732845
53.4 0.314159 -0.042809
53.6 0.314159 -0.0811396
53.8 0.314159 -0.0749182
54 0.314159 -0.0247089
54.2 0.314159 0.0273778
54.4 0.314159 0.0435058
54.6 0.314159 0.0277216
54.8 0.314159 0.0139521
55 0.314159 0.0232507
55.2 0.314159 0.0423874
55.4 0.314159 0.0454768
55.6 0.314159 0.0277385
55.8 0.314159 0.00967167
56 0.314159 0.00948107
56.2 0.314159 0.0199779
56.4 0.314159 0.0181457
56.6 0.314159 -0.00534109
56.8 0.314159 -0.0324731
57 0.314159 -0.0360231
57.2 0.314159 -0.00879196
57.4 0.314159 0.0275853
57.6 0.314159 0.0421651
57.8 0.314159 0.0216877
58 0.314159 -0.0196187
58.2 0.314159 -0.0522745
58.4 0.314159 -0.0520237
58.6 0.314159 -0.0137831
58.8 0.314159 0.045568
59 0.314159 0.0939933
59.2 0.314159 0.0996521
59.4 0.314159 0.051424
59.6 0.314159 -0.0274457
59.8 0.314159 -0.0881815
60 0.314159 -0.0893586
60.2 0.314159 -0.0311109
60.4 0.314159 0.0411663
60.6 0.314159 0.0727202
60.8 0.314159 0.0462481
61 0.314159 -0.00379586
61.2 0.314159 -0.024576
61.4 0.314159 0.00529059
61.6 0.314159 0.0577354
61.8 0.314159 0.0853339
62 0.314159 0.0669919
62.2 0.314159 0.0228926
62.4 0.314159 -0.0125326
62.6 0.314159 -0.0262088
62.8 0.314159 -0.0320364
63 0.314159 -0.0452591
63.2 0.314159 -0.0593994
63.4 0.314159 -0.0530585
63.6 0.314159 -0.0167662
63.8 0.314159 0.0323716
64 0.314159 0.0640002
64.2 0.314159 0.0595841
64.4 0.314159 0.0238058
64.6 0.314159 -0.0232859
64.8 0.314159 -0.0593991
65 0.314159 -0.0677201
65.2 0.314159 -0.0429391
65.4 0.314159 0.000904424
65.6 0.314159 0.0312076
65.8 0.314159 0.0181126
66 0.314159 -0.0351421
66.2 0.314159 -0.0853811
66.4 0.314159 -0.0833083
66.6 0.314159 -0.0212356
66.8 0.314159 0.0544688
67 0.314159 0.0834986
67.2 0.314159 0.0457469
67.4 0.314159 -0.0255438
67.6 0.314159 -0.0820197
67.8 0.314159 -0.104979
68 0.314159 -0.109155
68.2 0.314159 -0.109723
68.4 0.314159 -0.0991378
68.6 0.314159 -0.0631872
68.8 0.314159 -0.0122271
69 0.314159 0.0178569
69.2 0.314159 0.00241101
69.4 0.314159 -0.0402044
69.6 0.314159 -0.0627966
69.8 0.314159 -0.0370311
70 0.314159 0.0186534
70.2 0.314159 0.0618784
70.4 0.314159 0.0718999
70.6 0.314159 0.0652689
70.8 0.314159 0.0673341
71 0.314159 0.0786249
71.2 0.314159 0.0779761
71.4 0.314159 0.0549478
71.6 0.314159 0.0261789
71.8 0.314159 0.0125408
72 0.314159 0.00805671
72.2 0.314159 -0.0136514
72.4 0.314159 -0.057546
72.6 0.314159 -0.0845137
72.8 0.314159 -0.0481633
73 0.314159 0.0416176
73.2 0.314159 0.106254
73.4 0.314159 0.0684285
73.6 0.314159 -0.0603447
73.8 0.314159 -0.173895
74 0.314159 -0.16831
74.2 0.314159 -0.0485814
74.4 0.314159 0.0696933
74.6 0.314159 0.0730516
74.8 0.314159 -0.0362507
75 0.314159 -0.14492
75.2 0.314159 -0.146813
75.4 0.314159 -0.0493101
75.6 0.314159 0.0427066
75.8 0.314159 0.0425876
76 0.314159 -0.0305556
76.2 0.314159 -0.0831077
76.4 0.314159 -0.0541819
76.6 0.314159 0.0228728
76.8 0.314159 0.066906
77 0.314159 0.0420607
77.2 0.314159 -0.00949485
77.4 0.314159 -0.0249631
77.6 0.314159 0.00577231
77.8 0.314159 0.0358056
78 0.314159 0.0237858
78.2 0.314159 -0.015548
78.4 0.314159 -0.0310533
78.6 0.314159 0.00300494
78.8 0.314159 0.057481
79 0.314159 0.0823161
79.2 0.314159 0.0603436
79.4 0.314159 0.0200236
79.6 0.314159 -0.000525538
79.8 0.314159 0.00819647
80 0.314159 0.0266474
80.2 0.314159 0.0342667
80.4 0.314159 0.0282156
80.6 0.314159 0.0163372
80.8 0.314159 0.00282797
81 0.314159 -0.0119373
81.2 0.314159 -0.0222342
81.4 0.314159 -0.0179307
81.6 0.314159 0.00167976
81.8 0.314159 0.0204817
82 0.314159 0.0184386
82.2 0.314159 -0.00800691
82.4 0.314159 -0.0423417
82.6 0.314159 -0.0654501
82.8 0.314159 -0.0728523
83 0.314159 -0.0723859
83.2 0.314159 -0.0690526
83.4 0.314159 -0.0588227
83.6 0.314159 -0.0384092
83.8 0.314159 -0.0146954
84 0.314159 0.00194924
84.2 0.314159 0.0124983
84.4 0.314159 0.0300732
84.6 0.314159 0.0611356
84.8 0.314159 0.088991
85 0.314159 0.0836366
85.2 0.314159 0.0326516
85.4 0.314159 -0.0394908
85.6 0.314159 -0.0878389
85.8 0.314159 -0.0863331
86 0.314159 -0.0516249
86.2 0.314159 -0.0267914
86.4 0.314159 -0.0396536
86.6 0.314159 -0.0755271
86.8 0.314159 -0.0909504
87 0.314159 -0.0564176
87.2 0.314159 0.0117575
87.4 0.314159 0.0621092
87.6 0.314159 0.0546532
87.8 0.314159 0.00172559
88 0.314159 -0.037807
88.2 0.314159 -0.0108355
88.4 0.314159 0.0776472
88.6 0.314159 0.164077
88.8 0.314159 0.182808
89 0.314159 0.127014
89.2 0.314159 0.0532151
89.4 0.314159 0.0235329
89.6 0.314159 0.044387
89.8 0.314159 0.0651037
90 0.314159 0.0368658
90.2 0.314159 -0.0320772
90.4 0.314159 -0.0841771
90.6 0.314159 -0.0734365
90.8 0.314159 -0.0126734
91 0.314159 0.0419732
91.2 0.314159 0.0486958
91.4 0.314159 0.0164739
91.6 0.314159 -0.0138836
91.8 0.314159 -0.0158549
92 0.314159 0.00175417
92.2 0.314159 0.0148211
92.4 0.314159 0.0134515
92.6 0.314159 0.00618094
92.8 0.314159 0.00156351
93 0.314159 -0.00291822
93.2 0.314159 -0.0101434
93.4 0.314159 -0.00977737
93.6 0.314159 0.0137967
93.8 0.314159 0.0574986
94 0.314159 0.090609
94.2 0.314159 0.0784976
94.4 0.314159 0.0181527
94.6 0.314159 -0.0526141
94.8 0.314159 -0.0848989
95 0.314159 -0.0593481
95.2 0.314159 0.000956117
95.4 0.314159 0.0548253
95.6 0.314159 0.0777212
95.8 0.314159 0.0745365
96 0.314159 0.0643935
96.2 0.314159 0.0589469
96.4 0.314159 0.0565925
96.6 0.314159 0.0532068
96.8 0.314159 0.0519695
97 0.314159 0.0589058
97.2 0.314159 0.0700425
97.4 0.314159 0.0678222
97.6 0.314159 0.035341
97.8 0.314159 -0.023517
98 0.314159 -0.0796188
98.2 0.314159 -0.0982818
98.4 0.314159 -0.0673863
98.6 0.314159 -0.00792471
98.8 0.314159 0.0433812
99 0.314159 0.062901
99.2 0.314159 0.053781
99.4 0.314159 0.0348815
99.6 0.314159 0.020596
99.8 0.314159 0.0128071
100 0.314159 0.00823768
100.2 0.314159 0.00630874
100.4 0.314159 0.00645591
100.6 0.314159 0.00232463
100.8 0.314159 -0.0133272
101 0.314159 -0.0351749
101.2 0.314159 -0.04232
101.4 0.314159 -0.0165108
101.6 0.314159 0.0346325
101.8 0.314159 0.0773143
102 0.314159 0.0794017
102.2 0.314159 0.038879
102.4 0.314159 -0.0173246
102.6 0.314159 -0.061217
102.8 0.314159 -0.0858308
103 0.314159 -0.0987964
103.2 0.314159 -0.101405
103.4 0.314159 -0.0837816
103.6 0.314159 -0.0427471
103.8 0.314159 0.00379815
104 0.314159 0.0293917
104.2 0.314159 0.0261667
104.4 0.314159 0.0126099
104.6 0.314159 0.0105848
104.8 0.314159 0.0194162
105 0.314159 0.0193592
105.2 0.314159 -0.000747188
105.4 0.314159 -0.0281027
105.6 0.314159 -0.04286
105.8 0.314159 -0.0441406
106 0.314159 -0.0493358
106.2 0.314159 -0.0669753
106.4 0.314159 -0.0807206
106.6 0.314159 -0.0690778
106.8 0.314159 -0.036823
107 0.314159 -0.0146108
107.2 0.314159 -0.0225745
107.4 0.314159 -0.0431774
107.6 0.314159 -0.041218
107.8 0.314159 -0.00930444
108 0.314159 0.0192569
108.2 0.314159 0.0104483
108.4 0.314159 -0.0254079
108.6 0.314159 -0.0421735
108.8 0.314159 -0.0136845
109 0.314159 0.0311691
109.2 0.314159 0.0402927
109.4 0.314159 0.00127133
109.6 0.314159 -0.0414221
109.8 0.314159 -0.0378852
110 0.314159 0.00817551
110.2 0.314159 0.0440174
110.4 0.314159 0.0301781
110.6 0.314159 -0.0147255
110.8 0.314159 -0.0388162
111 0.314159 -0.0183301
111.2 0.314159 0.0188064
111.4 0.314159 0.0312215
111.6 0.314159 0.0130232
111.8 0.314159 -0.00466449
112 0.314159 0.00565259
112.2 0.314159 0.0389713
112.4 0.314159 0.0707286
112.6 0.314159 0.0850153
112.8 0.314159 0.0799383
113 0.314159 0.0540173
113.2 0.314159 0.00657294
113.4 0.314159 -0.0430689
113.6 0.314159 -0.0544392
113.8 0.314159 -0.00539827
114 0.314159 0.0669896
114.2 0.314159 0.0861015
114.4 0.314159 0.0142412
114.6 0.314159 -0.0928646
114.8 0.314159 -0.128903
115 0.314159 -0.0446072
115.2 0.314159 0.094265
115.4 0.314159 0.167133
115.6 0.314159 0.116369
115.8 0.314159 -0.00177141
116 0.314159 -0.0818101
116.2 0.314159 -0.0720337
116.4 0.314159 -0.00699081
116.6 0.314159 0.048952
116.8 0.314159 0.0689396
117 0.314159 0.0702338
117.2 0.314159 0.0735433
117.4 0.314159 0.0779748
117.6 0.314159 0.0760841
117.8 0.314159 0.0731038
118 0.314159 0.0764967
118.2 0.314159 0.0750943
118.4 0.314159 0.047963
118.6 0.314159 -0.00137686
118.8 0.314159 -0.034926
119 0.314159 -0.0189794
119.2 0.314159 0.0314679
119.4 0.314159 0.0630781
119.6 0.314159 0.0444413
119.8 0.314159 0.00443913
120 0.314159 -0.00137054
120.2 0.314159 0.0422533
120.4 0.314159 0.0919781
120.6 0.314159 0.0988251
120.8 0.314159 0.0662299
121 0.314159 0.0421224
121.2 0.314159 0.0583031
121.4 0.314159 0.0952319
121.6 0.314159 0.113746
121.8 0.314159 0.107381
122 0.314159 0.104957
122.2 0.314159 0.12233
122.4 0.314159 0.13127
122.6 0.314159 0.0910134
122.8 0.314159 0.00410242
123 0.314159 -0.076258
123.2 0.314159 -0.0998353
123.4 0.314159 -0.0696517
123.6 0.314159 -0.0302065
123.8 0.314159 -0.0131714
124 0.314159 -0.0095855
124.2 0.314159 0.00245543
124.4 0.314159 0.0184949
124.6 0.314159 0.011405
124.8 0.314159 -0.0283024
125 0.314159 -0.0713144
125.2 0.314159 -0.0776689
125.4 0.314159 -0.0406567
125.6 0.314159 0.00564138
125.8 0.314159 0.0210791
126 0.314159 -0.00567642
126.2 0.314159 -0.0560048
126.4 0.314159 -0.103459
126.6 0.314159 -0.129154
126.8 0.314159 -0.123081
127 0.314159 -0.0862932
127.2 0.314159 -0.0378326
127.4 0.314159 -0.00900936
127.6 0.314159 -0.0172826
127.8 0.314159 -0.0443856
128 0.314159 -0.0494044
128.2 0.314159 -0.0094609
128.4 0.314159 0.0556285
128.6 0.314159 0.102756
128.8 0.314159 0.106128
129 0.314159 0.074307
129.2 0.314159 0.0319906
129.4 0.314159 -0.00328375
129.6 0.314159 -0.0234233
129.8 0.314159 -0.0221244
130 0.314159 -0.00062207
130.2 0.314159 0.0199684
130.4 0.314159 0.00897133
130.6 0.314159 -0.039225
130.8 0.314159 -0.0881324
131 0.314159 -0.0923384
131.2 0.314159 -0.0501072
131.4 0.314159 -0.0095735
131.6 0.314159 -0.0130456
131.8 0.314159 -0.0444398
132 0.314159 -0.0485621
132.2 0.314159 -0.00284579
132.4 0.314159 0.0487545
132.6 0.314159 0.0469794
132.8 0.314159 -0.00782005
133 0.314159 -0.0530684
133.2 0.314159 -0.0398006
133.4 0.314159 0.00878579
133.6 0.314159 0.0316493
133.8 0.314159 0.0124661
134 0.314159 0.00110555
134.2 0.314159 0.0433216
134.4 0.314159 0.110622
134.6 0.314159 0.126959
134.8 0.314159 0.0645374
135 0.314159 -0.0130036
135.2 0.314159 -0.0202643
135.4 0.314159 0.0496232
135.6 0.314159 0.117401
135.8 0.314159 0.111649
136 0.314159 0.0481946
136.2 0.314159 0.0010042
136.4 0.314159 0.0087047
136.6 0.314159 0.0363826
136.8 0.314159 0.0333805
137 0.314159 0.00304511
137.2 0.314159 -0.00783864
137.4 0.314159 0.0203098
137.6 0.314159 0.0486617
137.8 0.314159 0.0306118
138 0.314159 -0.0255466
138.2 0.314159 -0.0668772
138.4 0.314159 -0.0638656
138.6 0.314159 -0.0435518
138.8 0.314159 -0.0445016
139 0.314159 -0.0583038
139.2 0.314159 -0.0409813
139.4 0.314159 0.019091
139.6 0.314159 0.0708721
139.8 0.314159 0.0556702
140 0.314159 -0.0185651
140.2 0.314159 -0.0796045
140.4 0.314159 -0.0700871
140.6 0.314159 -0.00716315
140.8 0.314159 0.0464147
141 0.314159 0.0564902
141.2 0.314159 0.0433348
141.4 0.314159 0.0376031
141.6 0.314159 0.0365672
141.8 0.314159 0.0203738
142 0.314159 -0.00302397
142.2 0.314159 0.00270215
142.4 0.314159 0.0508684
142.6 0.314159 0.100387
142.8 0.314159 0.0959996
143 0.314159 0.0353037
143.2 0.314159 -0.024056
143.4 0.314159 -0.0299138
143.6 0.314159 0.00700609
143.8 0.314159 0.0343596
144 0.314159 0.0272431
144.2 0.314159 0.0147241
144.4 0.314159 0.0329894
144.6 0.314159 0.0712132
144.8 0.314159 0.0826864
145 0.314159 0.0447374
145.2 0.314159 -0.0126932
145.4 0.314159 -0.0451219
145.6 0.314159 -0.0448767
145.8 0.314159 -0.0393739
146 0.314159 -0.045713
146.2 0.314159 -0.0486174
146.4 0.314159 -0.0307544
146.6 0.314159 -0.0076594
146.8 0.314159 -0.0128231
147 0.314159 -0.0507545
147.2 0.314159 -0.0843899
147.4 0.314159 -0.0778255
147.6 0.314159 -0.0381844
147.8 0.314159 -0.000109012
148 0.314159 0.0242232
148.2 0.314159 0.0572948
148.4 0.314159 0.111228
148.6 0.314159 0.150534
148.8 0.314159 0.124241
149 0.314159 0.0349011
149.2 0.314159 -0.0476481
149.4 0.314159 -0.0571286
149.6 0.314159 -0.00561497
149.8 0.314159 0.0312095
150 0.314159 0.00386836
150.2 0.314159 -0.0546221
150.4 0.314159 -0.0731189
150.6 0.314159 -0.0295469
150.8 0.314159 0.0267793
151 0.314159 0.0393053
151.2 0.314159 0.00825454
151.4 0.314159 -0.0236034
151.6 0.314159 -0.0341856
151.8 0.314159 -0.0439506
152 0.314159 -0.0699139
152.2 0.314159 -0.08358
152.4 0.314159 -0.0411954
152.6 0.314159 0.0477245
152.8 0.314159 0.109936
153 0.314159 0.084891
153.2 0.314159 0.0012627
153.4 0.314159 -0.044756
153.6 0.314159 0.00667824
153.8 0.314159 0.110619
154 0.314159 0.163966
154.2 0.314159 0.113983
154.4 0.314159 0.00793543
154.6 0.314159 -0.0634007
154.8 0.314159 -0.0557318
155 0.314159 0.00260332
155.2 0.314159 0.0593894
155.4 0.314159 0.090479
155.6 0.314159 0.0992252
155.8 0.314159 0.0852039
156 0.314159 0.0376478
156.2 0.314159 -0.0369101
156.4 0.314159 -0.0980962
156.6 0.314159 -0.100168
156.8 0.314159 -0.0388429
157 0.314159 0.0390808
157.2 0.314159 0.0783224
157.4 0.314159 0.0653294
157.6 0.314159 0.0339373
157.8 0.314159 0.0245916
158 0.314159 0.0431759
158.2 0.314159 0.0604331
158.4 0.314159 0.0470104
158.6 0.314159 0.00502564
158.8 0.314159 -0.0342334
159 0.314159 -0.0410304
159.2 0.314159 -0.0149542
159.4 0.314159 0.0161677
159.6 0.314159 0.0242211
159.8 0.314159 0.0085818
160 0.314159 -0.00346767
160.2 0.314159 0.0151287
160.4 0.314159 0.0623429
160.6 0.314159 0.10756
160.8 0.314159 0.121596
161 0.314159 0.104389
161.2 0.314159 0.0804673
161.4 0.314159 0.068616
161.6 0.314159 0.061438
161.8 0.314159 0.0382806
162 0.314159 -0.00495916
162.2 0.314159 -0.0453669
162.4 0.314159 -0.0544484
162.6 0.314159 -0.0266507
162.8 0.314159 0.0161916
163 0.314159 0.0464019
163.2 0.314159 0.0527921
163.4 0.314159 0.043723
163.6 0.314159 0.0349705
163.8 0.314159 0.0375848
164 0.314159 0.0520183
164.2 0.314159 0.066583
164.4 0.314159 0.0624447
164.6 0.314159 0.0289709
164.8 0.314159 -0.0202679
165 0.314159 -0.0519029
165.2 0.314159 -0.042066
165.4 0.314159 -0.0023892
165.6 0.314159 0.0305735
165.8 0.314159 0.0357975
166 0.314159 0.0310446
166.2 0.314159 0.0471457
166.4 0.314159 0.0822233
166.6 0.314159 0.0952757
166.8 0.314159 0.0534099
167 0.314159 -0.0228738
167.2 0.314159 -0.0758742
167.4 0.314159 -0.0735918
167.6 0.314159 -0.0432247
167.8 0.314159 -0.0324738
168 0.314159 -0.046807
168.2 0.314159 -0.0439272
168.4 0.314159 0.00512143
168.6 0.314159 0.0667959
168.8 0.314159 0.076126
169 0.314159 0.0155682
169.2 0.314159 -0.0560953
169.4 0.314159 -0.06576
169.6 0.314159 -0.00856753
169.8 0.314159 0.046896
170 0.314159 0.0368445
170.2 0.314159 -0.0287246
170.4 0.314159 -0.0839152
170.6 0.314159 -0.0832532
170.8 0.314159 -0.0434104
171 0.314159 -0.00890496
171.2 0.314159 0.0042821
171.4 0.314159 0.0149421
171.6 0.314159 0.0343952
171.8 0.314159 0.0412745
172 0.314159 0.0108292
172.2 0.314159 -0.0417289
172.4 0.314159 -0.0666093
172.6 0.314159 -0.0338176
172.8 0.314159 0.0287216
173 0.314159 0.0622926
173.2 0.314159 0.0406522
173.4 0.314159 -0.00283094
173.6 0.314159 -0.0140328
173.8 0.314159 0.0220957
174 0.314159 0.0661415
174.2 0.314159 0.0668702
174.4 0.314159 0.0144407
174.6 0.314159 -0.0493345
174.8 0.314159 -0.0705707
175 0.314159 -0.0329021
175.2 0.314159 0.0283008
175.4 0.314159 0.0584926
175.6 0.314159 0.0338193
175.8 0.314159 -0.0171195
176 0.314159 -0.0418656
176.2 0.314159 -0.0179501
176.4 0.314159 0.0226419
176.6 0.314159 0.0286712
176.8 0.314159 -0.0089524
177 0.314159 -0.0394329
177.2 0.314159 -0.00638477
177.4 0.314159 0.0811997
177.6 0.314159 0.145803
177.8 0.314159 0.119691
178 0.314159 0.0212746
178.2 0.314159 -0.0603271
178.4 0.314159 -0.0602877
178.6 0.314159 -0.00610906
178.8 0.314159 0.0194967
179 0.314159 -0.0230223
179.2 0.314159 -0.0858751
179.4 0.314159 -0.0935312
179.6 0.314159 -0.0326937
179.8 0.314159 0.0331988
180 0.314159 0.0374978
180.2 0.314159 -0.0177915
180.4 0.314159 -0.0712275
180.6 0.314159 -0.0716801
180.8 0.314159 -0.0248131
181 0.314159 0.0259646
181.2 0.314159 0.0463918
181.4 0.314159 0.0312408
181.6 0.314159 -0.00722517
181.8 0.314159 -0.0500532
182 0.314159 -0.0717623
182.2 0.314159 -0.0518844
182.4 0.314159 -0.00224807
182.6 0.314159 0.0274986
182.8 0.314159 -0.00576869
183 0.314159 -0.0827166
183.2 0.314159 -0.126941
183.4 0.314159 -0.082854
183.6 0.314159 0.01658
183.8 0.314159 0.0772978
184 0.314159 0.0443882
184.2 0.314159 -0.0385597
184.4 0.314159 -0.0807671
184.6 0.314159 -0.0452125
184.8 0.314159 0.0192611
185 0.314159 0.0456601
185.2 0.314159 0.0257941
185.4 0.314159 0.00327153
185.6 0.314159 0.00327458
185.8 0.314159 -0.000843345
186 0.314159 -0.0408613
186.2 0.314159 -0.096287
186.4 0.314159 -0.111206
186.6 0.314159 -0.0677045
186.8 0.314159 -0.0162667
187 0.314159 -0.0155345
187.2 0.314159 -0.0547246
187.4 0.314159 -0.0612389
187.6 0.314159 0.00938906
187.8 0.314159 0.111065
188 0.314159 0.152397
188.2 0.314159 0.0984311
188.4 0.314159 0.00926883
188.6 0.314159 -0.027037
188.8 0.314159 0.0139337
189 0.314159 0.078433
189.2 0.314159 0.101299
189.4 0.314159 0.0699559
189.6 0.314159 0.0221568
189.8 0.314159 -0.00110953
190 0.314159 0.0119615
190.2 0.314159 0.0469641
190.4 0.314159 0.0776541
190.6 0.314159 0.0755403
190.8 0.314159 0.0260918
191 0.314159 -0.0476958
191.2 0.314159 -0.0873078
191.4 0.314159 -0.0483586
191.6 0.314159 0.0432322
191.8 0.314159 0.101117
192 0.314159 0.0634019
192.2 0.314159 -0.0351547
192.4 0.314159 -0.0935192
192.6 0.314159 -0.0536954
192.8 0.314159 0.033961
193 0.314159 0.0686957
193.2 0.314159 0.01541
193.4 0.314159 -0.0575081
193.6 0.314159 -0.0623604
193.8 0.314159 0.00408121
194 0.314159 0.0610575
194.2 0.314159 0.0439484
194.4 0.314159 -0.0198672
194.6 0.314159 -0.0487839
194.8 0.314159 -0.0071611
195 0.314159 0.0550094
195.2 0.314159 0.0660286
195.4 0.314159 0.0170094
195.6 0.314159 -0.0334581
195.8 0.314159 -0.0318216
196 0.314159 0.0132492
196.2 0.314159 0.0526428
196.4 0.314159 0.0604513
196.6 0.314159 0.0583889
196.8 0.314159 0.0777706
197 0.314159 0.113774
197.2 0.314159 0.129194
197.4 0.314159 0.0989982
197.6 0.314159 0.0398464
197.8 0.314159 -0.00769687
198 0.314159 -0.0203746
198.2 0.314159 -0.0117993
198.4 0.314159 -0.0149031
198.6 0.314159 -0.049597
198.8 0.314159 -0.105918
199 0.314159 -0.153901
199.2 0.314159 -0.169523
199.4 0.314159 -0.155564
199.6 0.314159 -0.138911
199.8 0.314159 -0.143103
200 0.314159 -0.159895
200.2 0.314159 -0.15218
200.4 0.314159 -0.0928737
200.6 0.314159 -0.0014066
200.8 0.314159 0.0671185
201 0.314159 0.0761334
201.2 0.314159 0.0468187
201.4 0.314159 0.034284
201.6 0.314159 0.0642657
201.8 0.314159 0.103981
202 0.314159 0.103327
202.2 0.314159 0.0576321
202.4 0.314159 0.0151479
202.6 0.314159 0.0195206
202.8 0.314159 0.0583615
203 0.314159 0.0817044
203.2 0.314159 0.0660136
203.4 0.314159 0.0417146
203.6 0.314159 0.0491061
203.8 0.314159 0.0800314
204 0.314159 0.082502
204.2 0.314159 0.0259969
204.4 0.314159 -0.0532391
204.6 0.314159 -0.0853542
204.8 0.314159 -0.0415541
205 0.314159 0.0364133
205.2 0.314159 0.0830842
205.4 0.314159 0.074143
205.6 0.314159 0.037082
205.8 0.314159 0.00677147
206 0.314159 -0.0122481
206.2 0.314159 -0.034747
206.4 0.314159 -0.0606784
206.6 0.314159 -0.0687161
206.8 0.314159 -0.0447544
207 0.314159 -0.00420017
207.2 0.314159 0.0230299
207.4 0.314159 0.0254291
207.6 0.314159 0.019418
207.8 0.314159 0.0263915
208 0.314159 0.0483819
208.2 0.314159 0.07018
208.4 0.314159 0.0792695
208.6 0.314159 0.076284
208.8 0.314159 0.0679174
209 0.314159 0.0585314
209.2 0.314159 0.0521822
209.4 0.314159 0.0556879
209.6 0.314159 0.0710996
209.8 0.314159 0.0863448
210 0.314159 0.0821902
210.2 0.314159 0.052971
210.4 0.314159 0.0152746
210.6 0.314159 -0.0102816
210.8 0.314159 -0.0232277
211 0.314159 -0.0403641
211.2 0.314159 -0.0660655
211.4 0.314159 -0.0747199
211.6 0.314159 -0.0348439
211.8 0.314159 0.0473157
212 0.314159 0.117848
212.2 0.314159 0.119028
212.4 0.314159 0.0451735
212.6 0.314159 -0.0491909
212.8 0.314159 -0.0989712
213 0.314159 -0.0849962
213.2 0.314159 -0.0415298
213.4 0.314159 -0.0137243
213.6 0.314159 -0.014326
213.8 0.314159 -0.0224837
214 0.314159 -0.0175341
214.2 0.314159 -0.00517495
214.4 0.314159 -0.00770172
214.6 0.314159 -0.0326892
214.8 0.314159 -0.0578627
215 0.314159 -0.0515361
215.2 0.314159 -0.00905843
215.4 0.314159 0.0335932
215.6 0.314159 0.0279923
215.8 0.314159 -0.0394656
216 0.314159 -0.127227
216.2 0.314159 -0.170025
216.4 0.314159 -0.136929
216.6 0.314159 -0.0604695
216.8 0.314159 -0.0057866
217 0.314159 -0.00846565
217.2 0.314159 -0.0436299
217.4 0.314159 -0.0571933
217.6 0.314159 -0.0245615
217.8 0.314159 0.0262021
218 0.314159 0.04879
218.2 0.314159 0.0290027
218.4 0.314159 -0.00430985
218.6 0.314159 -0.0143376
218.8 0.314159 0.00695556
219 0.314159 0.0393074
219.2 0.314159 0.0618682
219.4 0.314159 0.069824
219.6 0.314159 0.0652887
219.8 0.314159 0.0454538
220 0.314159 0.0102583
220.2 0.314159 -0.0229842
220.4 0.314159 -0.0267873
220.6 0.314159 0.00747083
220.8 0.314159 0.0538601
221 0.314159 0.0747674
221.2 0.314159 0.059971
221.4 0.314159 0.0358763
221.6 0.314159 0.0327453
221.8 0.314159 0.0488976
222 0.314159 0.054521
222.2 0.314159 0.0289703
222.4 0.314159 -0.014282
222.6 0.314159 -0.0429026
222.8 0.314159 -0.0391801
223 0.314159 -0.0119136
223.2 0.314159 0.0206524
223.4 0.314159 0.0483649
223.6 0.314159 0.0660985
223.8 0.314159 0.0637468
224 0.314159 0.0331786
224.2 0.314159 -0.0127096
224.4 0.314159 -0.0387018
224.6 0.314159 -0.0159196
224.8 0.314159 0.0472919
225 0.314159 0.108546
225.2 0.314159 0.127891
225.4 0.314159 0.0996825
225.6 0.314159 0.0498163
225.8 0.314159 0.00828049
226 0.314159 -0.0115337
226.2 0.314159 -0.0127919
226.4 0.314159 -0.00634986
226.6 0.314159 -0.00500801
226.8 0.314159 -0.0172131
227 0.314159 -0.0368473
227.2 0.314159 -0.0423176
227.4 0.314159 -0.0175224
227.6 0.314159 0.0222288
227.8 0.314159 0.0357771
228 0.314159 8.87732e-05
228.2 0.314159 -0.0535371
228.4 0.314159 -0.0624947
228.6 0.314159 -0.00214617
228.8 0.314159 0.0753387
229 0.314159 0.0869356
229.2 0.314159 0.00823698
229.4 0.314159 -0.0929557
229.6 0.314159 -0.122548
229.8 0.314159 -0.0568796
230 0.314159 0.0359459
230.2 0.314159 0.071895
230.4 0.314159 0.0366912
230.6 0.314159 -0.0120046
230.8 0.314159 -0.0189132
231 0.314159 0.0101211
231.2 0.314159 0.0289512
231.4 0.314159 0.0154555
231.6 0.314159 -0.0039771
231.8 0.314159 0.00418213
232 0.314159 0.0316324
232.2 0.314159 0.0361963
232.4 0.314159 -0.00341118
232.6 0.314159 -0.0552082
232.8 0.314159 -0.0652714
233 0.314159 -0.0171083
233.2 0.314159 0.0488539
233.4 0.314159 0.0761003
233.6 0.314159 0.0470737
233.8 0.314159 -0.00417803
234 0.314159 -0.0287808
234.2 0.314159 -0.00756358
234.4 0.314159 0.0373278
234.6 0.314159 0.0665511
234.8 0.314159 0.0565477
235 0.314159 0.0156564
235.2 0.314159 -0.0239311
235.4 0.314159 -0.0299483
235.6 0.314159 0.00619908
235.8 0.314159 0.0623846
236 0.314159 0.102975
236.2 0.314159 0.108253
236.4 0.314159 0.0899496
236.6 0.314159 0.0770035
236.8 0.314159 0.0854468
237 0.314159 0.104296
237.2 0.314159 0.112431
237.4 0.314159 0.106002
237.6 0.314159 0.102747
237.8 0.314159 0.116127
238 0.314159 0.129299
238.2 0.314159 0.103214
238.4 0.314159 0.0168591
238.6 0.314159 -0.100501
238.8 0.314159 -0.182446
239 0.314159 -0.177936
239.2 0.314159 -0.0959799
239.4 0.314159 0.000640533
239.6 0.314159 0.0488923
239.8 0.314159 0.0370844
240 0.314159 0.00637632
240.2 0.314159 0.00242582
240.4 0.314159 0.0272395
240.6 0.314159 0.0413027
240.8 0.314159 0.0133826
241 0.314159 -0.0373088
241.2 0.314159 -0.0565114
241.4 0.314159 -0.0150697
241.6 0.314159 0.0524405
241.8 0.314159 0.0782954
242 0.314159 0.0332146
242.2 0.314159 -0.0391672
242.4 0.314159 -0.065921
242.6 0.314159 -0.0211644
242.8 0.314159 0.0483393
243 0.314159 0.0756314
243.2 0.314159 0.0438694
243.4 0.314159 -0.00303457
243.6 0.314159 -0.0156371
243.8 0.314159 0.0082124
244 0.314159 0.0316075
244.2 0.314159 0.029348
244.4 0.314159 0.0146464
244.6 0.314159 0.0124842
244.8 0.314159 0.020624
245 0.314159 0.012044
245.2 0.314159 -0.0254604
245.4 0.314159 -0.0672676
245.6 0.314159 -0.0790345
245.8 0.314159 -0.0590084
246 0.314159 -0.0404893
246.2 0.314159 -0.0504472
246.4 0.314159 -0.076913
246.6 0.314159 -0.0861882
246.8 0.314159 -0.0666668
247 0.314159 -0.0425116
247.2 0.314159 -0.0403681
247.4 0.314159 -0.0531814
247.6 0.314159 -0.0484203
247.8 0.314159 -0.0107502
248 0.314159 0.0346027
248.2 0.314159 0.0470886
248.4 0.314159 0.0144592
248.6 0.314159 -0.0352421
248.8 0.314159 -0.0628277
249 0.314159 -0.0516365
249.2 0.314159 -0.0120989
249.4 0.314159 0.0362585
249.6 0.314159 0.0774515
249.8 0.314159 0.0974082
250 0.314159 0.0840165
250.2 0.314159 0.0383044
250.4 0.314159 -0.0181641
250.6 0.314159 -0.0568542
250.8 0.314159 -0.0667974
251 0.314159 -0.0617371
251.2 0.314159 -0.0604603
251.4 0.314159 -0.0644667
251.6 0.314159 -0.0601318
251.8 0.314159 -0.0403137
252 0.314159 -0.0156233
252.2 0.314159 -0.00090914
252.4 0.314159 0.00375947
252.6 0.314159 0.01193
252.8 0.314159 0.0320345
253 0.314159 0.0568227
253.2 0.314159 0.0735256
253.4 0.314159 0.0781942
253.6 0.314159 0.0742187
253.8 0.314159 0.0609252
254 0.314159 0.0340134
254.2 0.314159 0.000466377
254.4 0.314159 -0.016251
254.6 0.314159 0.00293
254.8 0.314159 0.0463835
255 0.314159 0.0760835
255.2 0.314159 0.0646832
255.4 0.314159 0.0242629
255.6 0.314159 -0.00889038
255.8 0.314159 -0.0163539
256 0.314159 -0.0150964
256.2 0.314159 -0.0291782
256.4 0.314159 -0.053019
256.6 0.314159 -0.0553036
256.8 0.314159 -0.0204979
257 0.314159 0.0249343
257.2 0.314159 0.0373013
257.4 0.314159 0.00338894
257.6 0.314159 -0.0464379
257.8 0.314159 -0.0740128
258 0.314159 -0.0722504
258.2 0.314159 -0.0604183
258.4 0.314159 -0.0479254
258.6 0.314159 -0.0193692
258.8 0.314159 0.03681
259 0.314159 0.0958669
259.2 0.314159 0.110881
259.4 0.314159 0.0659585
259.6 0.314159 0.00534176
259.8 0.314159 -0.00392447
260 0.314159 0.0581331
260.2 0.314159 0.138474
260.4 0.314159 0.160791
260.6 0.314159 0.100542
260.8 0.314159 0.00747307
261 0.314159 -0.0452233
261.2 0.314159 -0.0296949
261.4 0.314159 0.018459
261.6 0.314159 0.044312
261.8 0.314159 0.0285441
262 0.314159 -0.00138642
262.2 0.314159 -0.00771886
262.4 0.314159 0.0167949
262.6 0.314159 0.0447491
262.8 0.314159 0.0454406
263 0.314159 0.0157892
263.2 0.314159 -0.0200506
263.4 0.314159 -0.0379697
263.6 0.314159 -0.0365842
263.8 0.314159 -0.0316029
264 0.314159 -0.0311475
264.2 0.314159 -0.0231168
264.4 0.314159 0.00821906
264.6 0.314159 0.0549623
264.8 0.314159 0.0828379
265 0.314159 0.0631165
265.2 0.314159 0.00708544
265.4 0.314159 -0.0383142
265.6 0.314159 -0.0355086
265.8 0.314159 0.00414136
266 0.314159 0.0311051
266.2 0.314159 0.00999119
266.4 0.314159 -0.0429476
266.6 0.314159 -0.0787585
266.8 0.314159 -0.0693767
267 0.314159 -0.0353856
267.2 0.314159 -0.0182102
267.4 0.314159 -0.0318418
267.6 0.314159 -0.0511913
267.8 0.314159 -0.0480679
268 0.314159 -0.0282549
268.2 0.314159 -0.023511
268.4 0.314159 -0.0490977
268.6 0.314159 -0.080428
268.8 0.314159 -0.0790959
269 0.314159 -0.0380646
269.2 0.314159 0.00823232
269.4 0.314159 0.0215788
269.6 0.314159 0.00165011
269.8 0.314159 -0.0163631
270 0.314159 -0.00422698
270.2 0.314159 0.026499
270.4 0.314159 0.0381309
270.6 0.314159 0.0100895
270.8 0.314159 -0.0371435
271 0.314159 -0.062034
271.2 0.314159 -0.0419492
271.4 0.314159 0.00879989
271.6 0.314159 0.0570402
271.8 0.314159 0.0808798
272 0.314159 0.0815378
272.2 0.314159 0.0715673
272.4 0.314159 0.0587839
272.6 0.314159 0.0431018
272.8 0.314159 0.0241886
273 0.314159 0.00643764
273.2 0.314159 -0.00471183
273.4 0.314159 -0.00855663
273.6 0.314159 -0.00897838
273.8 0.314159 -0.00958903
274 0.314159 -0.0111794
274.2 0.314159 -0.0135168
274.4 0.314159 -0.0163017
274.6 0.314159 -0.0159581
274.8 0.314159 -0.00379842
275 0.314159 0.0268863
275.2 0.314159 0.068435
275.4 0.314159 0.0965974
275.6 0.314159 0.0881129
275.8 0.314159 0.0452893
276 0.314159 0.000644309
276.2 0.314159 -0.00984251
276.4 0.314159 0.0176515
276.6 0.314159 0.0482222
276.8 0.314159 0.0420797
277 0.314159 -0.0036008
277.2 0.314159 -0.0498066
277.4 0.314159 -0.0551831
277.6 0.314159 -0.0182545
277.8 0.314159 0.0237057
278 0.314159 0.0371623
278.2 0.314159 0.0271001
278.4 0.314159 0.024512
278.6 0.314159 0.042922
278.8 0.314159 0.057619
279 0.314159 0.0343812
279.2 0.314159 -0.0254843
279.4 0.314159 -0.0782334
279.6 0.314159 -0.079766
279.8 0.314159 -0.0299372
280 0.314159 0.0301675
280.2 0.314159 0.0628086
280.4 0.314159 0.0683218
280.6 0.314159 0.0734034
280.8 0.314159 0.0924798
281 0.314159 0.110147
281.2 0.314159 0.102545
281.4 0.314159 0.0677206
281.6 0.314159 0.0275357
281.8 0.314159 0.00183685
282 0.314159 -0.0116926
282.2 0.314159 -0.0292466
282.4 0.314159 -0.0580547
282.6 0.314159 -0.0874615
282.8 0.314159 -0.101092
283 0.314159 -0.0919639
283.2 0.314159 -0.0643944
283.4 0.314159 -0.0275164
283.6 0.314159 0.00723562
283.8 0.314159 0.0256091
284 0.314159 0.0177261
284.2 0.314159 -0.00910538
284.4 0.314159 -0.0304246
284.6 0.314159 -0.026973
284.8 0.314159 -0.0086669
285 0.314159 -0.00863667
285.2 0.314159 -0.0462132
285.4 0.314159 -0.0980959
285.6 0.314159 -0.115351
285.8 0.314159 -0.0740844
286 0.314159 -0.00560589
286.2 0.314159 0.030637
286.4 0.314159 0.00615972
286.6 0.314159 -0.0476817
286.8 0.314159 -0.0716734
287 0.314159 -0.037452
287.2 0.314159 0.027731
287.4 0.314159 0.0716235
287.6 0.314159 0.0667583
287.8 0.314159 0.02925
288 0.314159 -0.00437821
288.2 0.314159 -0.0109125
288.4 0.314159 0.00807164
288.6 0.314159 0.0380906
288.8 0.314159 0.0651929
289 0.314159 0.0782343
289.2 0.314159 0.0678728
289.4 0.314159 0.0330608
289.6 0.314159 -0.0108041
289.8 0.314159 -0.0371217
290 0.314159 -0.0285419
290.2 0.314159 0.00635834
290.4 0.314159 0.0391629
290.6 0.314159 0.0463829
290.8 0.314159 0.0279757
291 0.314159 0.00145876
291.2 0.314159 -0.0197952
291.4 0.314159 -0.0389392
291.6 0.314159 -0.0659426
291.8 0.314159 -0.0994175
292 0.314159 -0.12318
292.2 0.314159 -0.122336
292.4 0.314159 -0.1
292.6 0.314159 -0.074507
292.8 0.314159 -0.0603253
293 0.314159 -0.0550276
293.2 0.314159 -0.0467812
293.4 0.314159 -0.0310712
293.6 0.314159 -0.0144329
293.8 0.314159 -0.00107024
294 0.314159 0.0175036
294.2 0.314159 0.051793
294.4 0.314159 0.0934534
294.6 0.314159 0.113691
294.8 0.314159 0.0906337
295 0.314159 0.0375079
295.2 0.314159 -0.00472789
295.4 0.314159 -0.00832197
295.6 0.314159 0.0112873
295.8 0.314159 0.0134551
296 0.314159 -0.0192067
296.2 0.314159 -0.0578691
296.4 0.314159 -0.0591658
296.6 0.314159 -0.0163062
296.8 0.314159 0.0307955
297 0.314159 0.0398216
297.2 0.314159 0.0132839
297.4 0.314159 -0.00681245
297.6 0.314159 0.0101156
297.8 0.314159 0.048152
298 0.314159 0.0666139
298.2 0.314159 0.0500962
298.4 0.314159 0.0252432
298.6 0.314159 0.0252847
298.8 0.314159 0.0480552
299 0.314159 0.0592661
299.2 0.314159 0.0353436
299.4 0.314159 -0.00779434
299.6 0.314159 -0.0338642
299.8 0.314159 -0.0273021
300 0.314159 -0.00697948
300.2 0.314159 -0.000904461
300.4 0.314159 -0.0171463
300.6 0.314159 -0.0434469
300.8 0.314159 -0.0661376
301 0.314159 -0.0780883
301.2 0.314159 -0.0702579
301.4 0.314159 -0.0312058
301.6 0.314159 0.0336376
301.8 0.314159 0.0886058
302 0.314159 0.0908723
302.2 0.314159 0.0353206
302.4 0.314159 -0.0309319
302.6 0.314159 -0.0507933
302.8 0.314159 -0.0153376
303 0.314159 0.0277958
303.2 0.314159 0.0276509
303.4 0.314159 -0.0150423
303.6 0.314159 -0.0532281
303.8 0.314159 -0.0494396
304 0.314159 -0.0146244
304.2 0.314159 0.012633
304.4 0.314159 0.0145352
304.6 0.314159 0.00847368
304.8 0.314159 0.0146555
305 0.314159 0.0250893
305.2 0.314159 0.0161847
305.4 0.314159 -0.0144249
305.6 0.314159 -0.0400499
305.8 0.314159 -0.0396289
306 0.314159 -0.0287445
306.2 0.314159 -0.0416688
306.4 0.314159 -0.0828756
306.6 0.314159 -0.110677
306.8 0.314159 -0.0800867
307 0.314159 0.0016173
307.2 0.314159 0.0733339
307.4 0.314159 0.0786882
307.6 0.314159 0.0215397
307.8 0.314159 -0.0403195
308 0.314159 -0.0524389
308.2 0.314159 -0.00955738
308.4 0.314159 0.0504407
308.6 0.314159 0.0857792
308.8 0.314159 0.0788205
309 0.314159 0.0365254
309.2 0.314159 -0.0199698
309.4 0.314159 -0.0622938
309.6 0.314159 -0.0653547
309.8 0.314159 -0.0269164
310 0.314159 0.0222884
310.2 0.314159 0.0406659
310.4 0.314159 0.0174645
310.6 0.314159 -0.0120742
310.8 0.314159 -0.00315415
311 0.314159 0.0461755
311.2 0.314159 0.0890082
311.4 0.314159 0.0828037
311.6 0.314159 0.0417903
311.8 0.314159 0.0230748
312 0.314159 0.0576179
312.2 0.314159 0.107474
312.4 0.314159 0.105385
312.6 0.314159 0.0356026
312.8 0.314159 -0.0395362
313 0.314159 -0.0442006
313.2 0.314159 0.0256792
313.4 0.314159 0.0951649
313.6 0.314159 0.0924716
313.8 0.314159 0.0277055
314 0.314159 -0.021413
314.2 0.314159 0.000735463
314.4 0.314159 0.0664616
314.6 0.314159 0.100949
314.8 0.314159 0.0699122
315 0.314159 0.0153767
315.2 0.314159 0.000897124
315.4 0.314159 0.0352307
315.6 0.314159 0.0657104
315.8 0.314159 0.0455918
316 0.314159 -0.00854615
316.2 0.314159 -0.0378273
316.4 0.314159 -0.0120806
316.6 0.314159 0.0364042
316.8 0.314159 0.0544353
317 0.314159 0.0302691
317.2 0.314159 0.000411875
317.4 0.314159 -0.00233063
317.6 0.314159 0.0103079
317.8 0.314159 0.00392874
318 0.314159 -0.0262261
318.2 0.314159 -0.0448623
318.4 0.314159 -0.0246392
318.6 0.314159 0.0106148
318.8 0.314159 0.00902413
319 0.314159 -0.0429037
319.2 0.314159 -0.094311
319.4 0.314159 -0.0835684
319.6 0.314159 -0.0115653
319.8 0.314159 0.0545133
320 0.314159 0.0551158
320.2 0.314159 0.00337644
320.4 0.314159 -0.0356136
320.6 0.314159 -0.0248969
320.8 0.314159 0.00299135
321 0.314159 -0.00778933
321.2 0.314159 -0.061966
321.4 0.314159 -0.103418
321.6 0.314159 -0.0818445
321.8 0.314159 -0.0133291
322 0.314159 0.0380761
322.2 0.314159 0.0326829
322.4 0.314159 -0.00640998
322.6 0.314159 -0.0297248
322.8 0.314159 -0.0204196
323 0.314159 -0.0033695
323.2 0.314159 -0.00275266
323.4 0.314159 -0.0116197
323.6 0.314159 -0.0122337
323.8 0.314159 -0.0107536
324 0.314159 -0.0299656
324.2 0.314159 -0.0667806
324.4 0.314159 -0.0788017
324.6 0.314159 -0.0315318
324.8 0.314159 0.0477199
325 0.314159 0.0852648
325.2 0.314159 0.0405739
325.4 0.314159 -0.0414233
325.6 0.314159 -0.0742203
325.8 0.314159 -0.0249343
326 0.314159 0.0491545
326.2 0.314159 0.0662142
326.4 0.314159 0.0104407
326.6 0.314159 -0.0571329
326.8 0.314159 -0.0734472
327 0.314159 -0.0391726
327.2 0.314159 -0.000439619
327.4 0.314159 0.0181962
327.6 0.314159 0.0371727
327.8 0.314159 0.0750355
328 0.314159 0.103132
328.2 0.314159 0.0726984
328.4 0.314159 -0.0147498
328.6 0.314159 -0.0898623
328.8 0.314159 -0.086254
329 0.314159 -0.0203056
329.2 0.314159 0.0216039
329.4 0.314159 -0.0178683
329.6 0.314159 -0.0962098
329.8 0.314159 -0.115477
330 0.314159 -0.0342898
330.2 0.314159 0.0818517
330.4 0.314159 0.130329
330.6 0.314159 0.0809878
330.8 0.314159 0.00192982
331 0.314159 -0.0221409
331.2 0.314159 0.0186261
331.4 0.314159 0.0586148
331.6 0.314159 0.0383321
331.8 0.314159 -0.0301516
332 0.314159 -0.0829192
332.2 0.314159 -0.0767814
332.4 0.314159 -0.0303656
332.6 0.314159 0.00416465
332.8 0.314159 -0.00268382
333 0.314159 -0.0348375
333.2 0.314159 -0.0550082
333.4 0.314159 -0.0410523
333.6 0.314159 0.000450547
333.8 0.314159 0.0449738
334 0.314159 0.0673902
334.2 0.314159 0.0550592
334.4 0.314159 0.0158189
334.6 0.314159 -0.0236119
334.8 0.314159 -0.0346684
335 0.314159 -0.0109048
335.2 0.314159 0.0248821
335.4 0.314159 0.0424716
335.6 0.314159 0.0348567
335.8 0.314159 0.0235049
336 0.314159 0.0312483
336.2 0.314159 0.0546634
336.4 0.314159 0.0696639
336.6 0.314159 0.0634415
336.8 0.314159 0.0518388
337 0.314159 0.058238
337.2 0.314159 0.0791309
337.4 0.314159 0.0817095
337.6 0.314159 0.0418571
337.8 0.314159 -0.0206803
338 0.314159 -0.0553683
338.2 0.314159 -0.0333824
338.4 0.314159 0.0177662
338.6 0.314159 0.0398299
338.8 0.314159 0.00585422
339 0.314159 -0.0479224
339.2 0.314159 -0.0576162
339.4 0.314159 1.79589e-06
339.6 0.314159 0.0785073
339.8 0.314159 0.10493
340 0.314159 0.0530132
340.2 0.314159 -0.028541
340.4 0.314159 -0.0631229
340.6 0.314159 -0.0220413
340.8 0.314159 0.0479794
341 0.314159 0.0738024
341.2 0.314159 0.0305944
341.4 0.314159 -0.0355239
341.6 0.314159 -0.0603715
341.8 0.314159 -0.0321615
342 0.314159 -0.00179047
342.2 0.314159 -0.0204648
342.4 0.314159 -0.0744943
342.6 0.314159 -0.0940244
342.8 0.314159 -0.0309523
343 0.314159 0.0796457
343.2 0.314159 0.147282
343.4 0.314159 0.117809
343.6 0.314159 0.0293958
343.8 0.314159 -0.0296556
344 0.314159 -0.0144167
344.2 0.314159 0.0359188
344.4 0.314159 0.0514645
344.6 0.314159 0.0122581
344.8 0.314159 -0.0382356
345 0.314159 -0.0556645
345.2 0.314159 -0.0499985
345.4 0.314159 -0.0639766
345.6 0.314159 -0.106143
345.8 0.314159 -0.129828
346 0.314159 -0.0904837
346.2 0.314159 -0.00942437
346.4 0.314159 0.042496
346.6 0.314159 0.0285195
346.8 0.314159 -0.0064646
347 0.314159 0.0101932
347.2 0.314159 0.084288
347.4 0.314159 0.138053
347.6 0.314159 0.100211
347.8 0.314159 -0.00233433
348 0.314159 -0.0666239
348.2 0.314159 -0.0313179
348.4 0.314159 0.0475714
348.6 0.314159 0.0576181
348.8 0.314159 -0.0390135
349 0.314159 -0.157186
349.2 0.314159 -0.181857
349.4 0.314159 -0.0964591
349.6 0.314159 0.00108361
349.8 0.314159 0.0104518
350 0.314159 -0.0614665
350.2 0.314159 -0.116208
350.4 0.314159 -0.0792597
350.6 0.314159 0.0199966
350.8 0.314159 0.0884897
351 0.314159 0.0733958
351.2 0.314159 0.00966964
351.4 0.314159 -0.0310364
351.6 0.314159 -0.0190295
351.8 0.314159 0.0157364
352 0.314159 0.0316845
352.2 0.314159 0.0218764
352.4 0.314159 0.00971395
352.6 0.314159 0.0141935
352.8 0.314159 0.0327919
353 0.314159 0.0535969
353.2 0.314159 0.0691158
353.4 0.314159 0.0735645
353.6 0.314159 0.0585019
353.8 0.314159 0.0237419
354 0.314159 -0.0106058
354.2 0.314159 -0.0171277
354.4 0.314159 0.00715016
354.6 0.314159 0.0305973
354.8 0.314159 0.0195211
355 0.314159 -0.020596
355.2 0.314159 -0.0477693
355.4 0.314159 -0.0322697
355.6 0.314159 0.00641225
355.8 0.314159 0.022234
356 0.314159 -0.000585
356.2 0.314159 -0.0277599
356.4 0.314159 -0.019175
356.6 0.314159 0.0178836
356.8 0.314159 0.0370172
357 0.314159 0.0167743
357.2 0.314159 -0.000904097
357.4 0.314159 0.0444708
357.6 0.314159 0.147946
357.8 0.314159 0.218306
358 0.314159 0.160385
358.2 0.314159 -0.018498
358.4 0.314159 -0.195009
358.6 0.314159 -0.235095
358.8 0.314159 -0.117788
359 0.314159 0.0451887
359.2 0.314159 0.113181
359.4 0.314159 0.0416404
359.6 0.314159 -0.0891921
359.8 0.314159 -0.158999
360 0.314159 -0.115658
360.2 0.314159 -0.00634424
360.4 0.314159 0.0830503
360.6 0.314159 0.108108
360.8 0.314159 0.088167
361 0.314159 0.0641523
361.2 0.314159 0.0499673
361.4 0.314159 0.0302276
361.6 0.314159 -0.00373402
361.8 0.314159 -0.0317054
362 0.314159 -0.0271143
362.2 0.314159 0.00384293
362.4 0.314159 0.0190138
362.6 0.314159 -0.0154614
362.8 0.314159 -0.0820781
363 0.314159 -0.123678
363.2 0.314159 -0.102309
363.4 0.314159 -0.0403316
363.6 0.314159 0.00464569
363.8 0.314159 0.0031074
364 0.314159 -0.0178141
364.2 0.314159 -0.0128168
364.4 0.314159 0.024169
364.6 0.314159 0.0536053
364.8 0.314159 0.0410272
365 0.314159 0.000480673
365.2 0.314159 -0.0230575
365.4 0.314159 -0.00821421
365.6 0.314159 0.0211481
365.8 0.314159 0.0325759
366 0.314159 0.0291975
366.2 0.314159 0.042042
366.4 0.314159 0.0812904
366.6 0.314159 0.113176
366.8 0.314159 0.0961326
367 0.314159 0.0310926
367.2 0.314159 -0.0388734
367.4 0.314159 -0.0777108
367.6 0.314159 -0.0885876
367.8 0.314159 -0.0891701
368 0.314159 -0.0713464
368.2 0.314159 -0.0104597
368.4 0.314159 0.081823
368.6 0.314159 0.138486
368.8 0.314159 0.0965412
369 0.314159 -0.024863
369.2 0.314159 -0.127454
369.4 0.314159 -0.128915
369.6 0.314159 -0.046426
369.8 0.314159 0.0282395
370 0.314159 0.032022
370.2 0.314159 -0.0102669
370.4 0.314159 -0.0349449
370.6 0.314159 -0.025736
370.8 0.314159 -0.0250889
371 0.314159 -0.0618664
371.2 0.314159 -0.0980338
371.4 0.314159 -0.0710613
371.6 0.314159 0.020286
371.8 0.314159 0.100795
372 0.314159 0.100034
372.2 0.314159 0.0305305
372.4 0.314159 -0.0340816
372.6 0.314159 -0.0509027
372.8 0.314159 -0.0512194
373 0.314159 -0.0833924
373.2 0.314159 -0.135351
373.4 0.314159 -0.142942
373.6 0.314159 -0.0755555
373.8 0.314159 0.0140243
374 0.314159 0.044939
374.2 0.314159 0.00190857
374.4 0.314159 -0.0504065
374.6 0.314159 -0.0498337
374.8 0.314159 -0.0102758
375 0.314159 0.00523914
375.2 0.314159 -0.0267572
375.4 0.314159 -0.0566832
375.6 0.314159 -0.0268716
375.8 0.314159 0.0502594
376 0.314159 0.102562
376.2 0.314159 0.0843253
376.4 0.314159 0.0292355
376.6 0.314159 0.00441169
376.8 0.314159 0.0255932
377 0.314159 0.0396829
377.2 0.314159 -0.00611012
377.4 0.314159 -0.0959899
377.6 0.314159 -0.159828
377.8 0.314159 -0.147929
378 0.314159 -0.0771316
378.2 0.314159 -0.00320836
378.4 0.314159 0.0361428
378.6 0.314159 0.0419641
378.8 0.314159 0.0312387
379 0.314159 0.0147501
379.2 0.314159 0.0010303
379.4 0.314159 0.00429363
379.6 0.314159 0.0311858
379.8 0.314159 0.0627882
380 0.314159 0.0665976
380.2 0.314159 0.0344671
380.4 0.314159 -0.000299387
380.6 0.314159 0.00425248
380.8 0.314159 0.0495998
381 0.314159 0.0903611
381.2 0.314159 0.081378
381.4 0.314159 0.0251808
381.6 0.314159 -0.0333608
381.8 0.314159 -0.0551827
382 0.314159 -0.0415777
382.2 0.314159 -0.0213414
382.4 0.314159 -0.0144144
382.6 0.314159 -0.015875
382.8 0.314159 -0.0108963
383 0.314159 0.00520981
383.2 0.314159 0.0240904
383.4 0.314159 0.0335974
383.6 0.314159 0.0246359
383.8 0.314159 -0.00530538
384 0.314159 -0.0461719
384.2 0.314159 -0.0736107
384.4 0.314159 -0.0641848
384.6 0.314159 -0.0195916
384.8 0.314159 0.0291979
385 0.314159 0.0510979
385.2 0.314159 0.0479165
385.4 0.314159 0.0494786
385.6 0.314159 0.0720443
385.8 0.314159 0.0908371
386 0.314159 0.0657064
386.2 0.314159 -0.00677999
386.4 0.314159 -0.0794212
386.6 0.314159 -0.100677
386.8 0.314159 -0.0685882
387 0.314159 -0.0284348
387.2 0.314159 -0.0182176
387.4 0.314159 -0.0292733
387.6 0.314159 -0.0275841
387.8 0.314159 -0.00312822
388 0.314159 0.0186266
388.2 0.314159 0.0156417
388.4 0.314159 0.00296182
388.6 0.314159 0.0126769
388.8 0.314159 0.04548
389 0.314159 0.0608532
389.2 0.314159 0.0254105
389.4 0.314159 -0.0383036
389.6 0.314159 -0.0671229
389.8 0.314159 -0.0247478
390 0.314159 0.0555096
390.2 0.314159 0.103238
390.4 0.314159 0.0826982
390.6 0.314159 0.0247117
390.8 0.314159 -0.0117353
391 0.314159 -0.000386695
391.2 0.314159 0.0347102
391.4 0.314159 0.055285
391.6 0.314159 0.0511253
391.8 0.314159 0.042956
392 0.314159 0.0500217
392.2 0.314159 0.0628807
392.4 0.314159 0.0509501
392.6 0.314159 -0.00382491
392.8 0.314159 -0.0805552
393 0.314159 -0.126813
393.2 0.314159 -0.0977936
393.4 0.314159 0.00226816
393.6 0.314159 0.113672
393.8 0.314159 0.162088
394 0.314159 0.117408
394.2 0.314159 0.0182048
394.4 0.314159 -0.0629964
394.6 0.314159 -0.0816918
394.8 0.314159 -0.0504255
395 0.314159 -0.0112689
395.2 0.314159 0.0105369
395.4 0.314159 0.0187187
395.6 0.314159 0.0194143
395.8 0.314159 0.00149903
396 0.314159 -0.0445394
396.2 0.314159 -0.0964782
396.4 0.314159 -0.109222
396.6 0.314159 -0.0634619
396.8 0.314159 0.00414196
397 0.314159 0.0337884
397.2 0.314159 0.00591651
397.4 0.314159 -0.0397777
397.6 0.314159 -0.0538249
397.8 0.314159 -0.0341145
398 0.314159 -0.0204743
398.2 0.314159 -0.0363682
398.4 0.314159 -0.0552592
398.6 0.314159 -0.0363472
398.8 0.314159 0.0176693
399 0.314159 0.0586083
399.2 0.314159 0.0518319
399.4 0.314159 0.0201389
399.6 0.314159 0.0134907
399.8 0.314159 0.0421598
400 0.314159 0.0607044
400.2 0.314159 0.0267539
400.4 0.314159 -0.0384904
400.6 0.314159 -0.0668497
400.8 0.314159 -0.0202827
401 0.314159 0.0634376
401.2 0.314159 0.110321
401.4 0.314159 0.086472
401.6 0.314159 0.0235105
401.8 0.314159 -0.0267387
402 0.314159 -0.0454703
402.2 0.314159 -0.0482258
402.4 0.314159 -0.0486578
402.6 0.314159 -0.0410898
402.8 0.314159 -0.0199786
403 0.314159 0.00221735
403.2 0.314159 0.0108907
403.4 0.314159 0.0151232
403.6 0.314159 0.03883
403.8 0.314159 0.0813301
404 0.314159 0.102512
404.2 0.314159 0.0639239
404.4 0.314159 -0.01751
404.6 0.314159 -0.0738015
404.8 0.314159 -0.053778
405 0.314159 0.0199324
405.2 0.314159 0.0731366
405.4 0.314159 0.0588478
405.6 0.314159 0.00333172
405.8 0.314159 -0.0308677
406 0.314159 -0.0181828
406.2 0.314159 0.00652429
406.4 0.314159 -0.00237753
406.6 0.314159 -0.0413847
406.8 0.314159 -0.0593083
407 0.314159 -0.0173349
407.2 0.314159 0.0623477
407.4 0.314159 0.114371
407.6 0.314159 0.095045
407.8 0.314159 0.0254984
408 0.314159 -0.0296397
408.2 0.314159 -0.0237195
408.4 0.314159 0.0318034
408.6 0.314159 0.0849612
408.8 0.314159 0.0964375
409 0.314159 0.0738717
409.2 0.314159 0.0547827
409.4 0.314159 0.05953
409.6 0.314159 0.0669498
409.8 0.314159 0.0407321
410 0.314159 -0.022681
410.2 0.314159 -0.0816336
410.4 0.314159 -0.0918465
410.6 0.314159 -0.0579536
410.8 0.314159 -0.0312966
411 0.314159 -0.0507213
411.2 0.314159 -0.0935735
411.4 0.314159 -0.0981064
411.6 0.314159 -0.0354768
411.8 0.314159 0.0533858
412 0.314159 0.102088
412.2 0.314159 0.0918356
412.4 0.314159 0.0646787
412.6 0.314159 0.0625648
412.8 0.314159 0.0726504
413 0.314159 0.0511331
413.2 0.314159 -0.00600434
413.4 0.314159 -0.0432056
413.6 0.314159 -0.0115661
413.8 0.314159 0.0602589
414 0.314159 0.0882347
414.2 0.314159 0.0318311
414.4 0.314159 -0.0503936
414.6 0.314159 -0.0645705
414.8 0.314159 0.00606584
415 0.314159 0.0764806
415.2 0.314159 0.0571134
415.4 0.314159 -0.040915
415.6 0.314159 -0.117899
415.8 0.314159 -0.0983564
416 0.314159 -0.0100223
416.2 0.314159 0.0582588
416.4 0.314159 0.0583665
416.6 0.314159 0.0203044
416.8 0.314159 -0.00602551
417 0.314159 -0.0155566
417.2 0.314159 -0.0355323
417.4 0.314159 -0.0650909
417.6 0.314159 -0.0606911
417.8 0.314159 0.00648511
418 0.314159 0.0987207
418.2 0.314159 0.141015
418.4 0.314159 0.101566
418.6 0.314159 0.0247522
418.8 0.314159 -0.0227815
419 0.314159 -0.0244418
419.2 0.314159 -0.0180937
419.4 0.314159 -0.0372687
419.6 0.314159 -0.0701065
419.8 0.314159 -0.0834648
420 0.314159 -0.0697327
420.2 0.314159 -0.0504507
420.4 0.314159 -0.038831
420.6 0.314159 -0.0217143
420.8 0.314159 0.0109636
421 0.314159 0.0353582
421.2 0.314159 0.0147854
421.4 0.314159 -0.0473169
421.6 0.314159 -0.095029
421.8 0.314159 -0.0744136
422 0.314159 0.00587311
422.2 0.314159 0.0812673
422.4 0.314159 0.0975928
422.6 0.314159 0.0590908
422.8 0.314159 0.0092588
423 0.314159 -0.0198865
423.2 0.314159 -0.026162
423.4 0.314159 -0.015678
423.6 0.314159 0.0121067
423.8 0.314159 0.0486616
424 0.314159 0.0643676
424.2 0.314159 0.0350842
424.4 0.314159 -0.0201995
424.6 0.314159 -0.0497328
424.8 0.314159 -0.0283682
425 0.314159 0.00717293
425.2 0.314159 0.0012957
425.4 0.314159 -0.0463824
425.6 0.314159 -0.0736164
425.8 0.314159 -0.0331346
426 0.314159 0.0407099
426.2 0.314159 0.0679789
426.4 0.314159 0.0239145
426.6 0.314159 -0.0246761
426.8 0.314159 -0.00176488
427 0.314159 0.0759344
427.2 0.314159 0.110768
427.4 0.314159 0.043763
427.6 0.314159 -0.0651252
427.8 0.314159 -0.101488
428 0.314159 -0.0318248
428.2 0.314159 0.0569455
428.4 0.314159 0.0641816
428.6 0.314159 -0.00318617
428.8 0.314159 -0.0452544
429 0.314159 0.00021277
429.2 0.314159 0.0764326
429.4 0.314159 0.0781791
429.6 0.314159 -0.014264
429.8 0.314159 -0.105865
430 0.314159 -0.0993185
430.2 0.314159 -0.0103738
430.4 0.314159 0.0540534
430.6 0.314159 0.0252022
430.8 0.314159 -0.049727
431 0.314159 -0.0712503
431.2 0.314159 -0.00923452
431.4 0.314159 0.0646725
431.6 0.314159 0.0657546
431.8 0.314159 -0.00680383
432 0.314159 -0.0762991
432.2 0.314159 -0.0787992
432.4 0.314159 -0.024856
432.6 0.314159 0.030371
432.8 0.314159 0.0556383
433 0.314159 0.0635623
433.2 0.314159 0.0702782
433.4 0.314159 0.0613095
433.6 0.314159 0.0125415
433.8 0.314159 -0.0644656
434 0.314159 -0.117867
434.2 0.314159 -0.104146
434.4 0.314159 -0.0350008
434.6 0.314159 0.0318905
434.8 0.314159 0.0475077
435 0.314159 0.0129946
435.2 0.314159 -0.0308522
435.4 0.314159 -0.0473688
435.6 0.314159 -0.0340012
435.8 0.314159 -0.0145204
436 0.314159 -0.00978648
436.2 0.314159 -0.018125
436.4 0.314159 -0.0200296
436.6 0.314159 0.00161732
436.8 0.314159 0.0447946
437 0.314159 0.0880886
437.2 0.314159 0.105999
437.4 0.314159 0.0871711
437.6 0.314159 0.0410312
437.8 0.314159 -0.0106736
438 0.314159 -0.0476367
438.2 0.314159 -0.0581631
438.4 0.314159 -0.0393034
438.6 0.314159 0.00241693
438.8 0.314159 0.0482068
439 0.314159 0.071938
439.2 0.314159 0.0578245
439.4 0.314159 0.0171892
439.6 0.314159 -0.0170636
439.8 0.314159 -0.0184945
440 0.314159 0.00949724
440.2 0.314159 0.0404893
440.4 0.314159 0.0536272
440.6 0.314159 0.0504248
440.8 0.314159 0.0424541
441 0.314159 0.0303894
441.2 0.314159 0.00446355
441.4 0.314159 -0.0350182
441.6 0.314159 -0.0681951
441.8 0.314159 -0.0742149
442 0.314159 -0.0552544
442.2 0.314159 -0.0330089
442.4 0.314159 -0.0210377
442.6 0.314159 -0.0104705
442.8 0.314159 0.0105531
443 0.314159 0.031441
443.2 0.314159 0.027209
443.4 0.314159 -0.00585523
443.6 0.314159 -0.0364367
443.8 0.314159 -0.0329096
444 0.314159 -0.00723857
444.2 0.314159 -0.00720511
444.4 0.314159 -0.0567374
444.6 0.314159 -0.1153
444.8 0.314159 -0.113679
445 0.314159 -0.0330121
445.2 0.314159 0.0646187
445.4 0.314159 0.0946091
445.6 0.314159 0.0346782
445.8 0.314159 -0.0574555
446 0.314159 -0.108282
446.2 0.314159 -0.0973495
446.4 0.314159 -0.0581663
446.6 0.314159 -0.0253985
446.8 0.314159 -0.000943359
447 0.314159 0.0270329
447.2 0.314159 0.0519494
447.4 0.314159 0.0543673
447.6 0.314159 0.0353737
447.8 0.314159 0.0247888
448 0.314159 0.0459858
448.2 0.314159 0.0826816
448.4 0.314159 0.0953584
448.6 0.314159 0.0698884
448.8 0.314159 0.0357832
449 0.314159 0.0292385
449.2 0.314159 0.0482862
449.4 0.314159 0.0577797
449.6 0.314159 0.0363822
449.8 0.314159 0.00287748
450 0.314159 -0.011639
450.2 0.314159 -0.00574376
450.4 0.314159 -0.00571745
450.6 0.314159 -0.0230564
450.8 0.314159 -0.0328248
451 0.314159 -0.00749586
451.2 0.314159 0.0368704
451.4 0.314159 0.0485511
451.6 0.314159 0.000900588
451.8 0.314159 -0.06866
452 0.314159 -0.0957078
452.2 0.314159 -0.0621694
452.4 0.314159 -0.0170374
452.6 0.314159 -0.0164643
452.8 0.314159 -0.0547332
453 0.314159 -0.0706205
453.2 0.314159 -0.0230408
453.4 0.314159 0.0544579
453.6 0.314159 0.0863958
453.8 0.314159 0.0379259
454 0.314159 -0.0469092
454.2 0.314159 -0.092129
454.4 0.314159 -0.0663439
454.6 0.314159 -0.00601046
454.8 0.314159 0.0311404
455 0.314159 0.0240576
455.2 0.314159 -0.0022745
455.4 0.314159 -0.0140824
455.6 0.314159 -0.00402576
455.8 0.314159 0.00992203
456 0.314159 0.0101551
456.2 0.314159 -0.00316737
456.4 0.314159 -0.0173024
456.6 0.314159 -0.0224086
456.8 0.314159 -0.0196988
457 0.314159 -0.0175454
457.2 0.314159 -0.0219915
457.4 0.314159 -0.0299491
457.6 0.314159 -0.0306965
457.8 0.314159 -0.0164539
458 0.314159 0.00565536
458.2 0.314159 0.0138821
458.4 0.314159 -0.0101789
458.6 0.314159 -0.0603843
458.8 0.314159 -0.104923
459 0.314159 -0.111067
459.2 0.314159 -0.0729329
459.4 0.314159 -0.0144169
459.6 0.314159 0.0343114
459.8 0.314159 0.0601252
460 0.314159 0.0679331
460.2 0.314159 0.0656804
460.4 0.314159 0.0559094
460.6 0.314159 0.0408481
460.8 0.314159 0.0264692
461 0.314159 0.014929
461.2 0.314159 -0.00239362
461.4 0.314159 -0.0344501
461.6 0.314159 -0.0712
461.8 0.314159 -0.0844268
462 0.314159 -0.0580239
462.2 0.314159 -0.0152429
462.4 0.314159 -0.00338282
462.6 0.314159 -0.0429585
462.8 0.314159 -0.0969205
463 0.314159 -0.101452
463.2 0.314159 -0.0314935
463.4 0.314159 0.0693286
463.6 0.314159 0.128871
463.8 0.314159 0.113637
464 0.314159 0.0524719
464.2 0.314159 -0.00176903
464.4 0.314159 -0.0226396
464.6 0.314159 -0.0188309
464.8 0.314159 -0.00531265
465 0.314159 0.016228
465.2 0.314159 0.044352
465.4 0.314159 0.0604924
465.6 0.314159 0.0424072
465.8 0.314159 -0.00343479
466 0.314159 -0.0370912
466.2 0.314159 -0.0246699
466.4 0.314159 0.0206717
466.6 0.314159 0.0493222
466.8 0.314159 0.0306672
467 0.314159 -0.0107058
467.2 0.314159 -0.0234669
467.4 0.314159 0.00894754
467.6 0.314159 0.0474491
467.8 0.314159 0.0436855
468 0.314159 -0.000632316
468.2 0.314159 -0.0332381
468.4 0.314159 -0.0123549
468.6 0.314159 0.0417693
468.8 0.314159 0.0662946
469 0.314159 0.0258987
469.2 0.314159 -0.045424
469.4 0.314159 -0.0778935
469.6 0.314159 -0.0382001
469.8 0.314159 0.03681
470 0.314159 0.0775525
470.2 0.314159 0.0475667
470.4 0.314159 -0.0280312
470.6 0.314159 -0.0920803
470.8 0.314159 -0.105246
471 0.314159 -0.0695055
471.2 0.314159 -0.0148306
471.4 0.314159 0.0266301
471.6 0.314159 0.0358563
471.8 0.314159 0.010359
472 0.314159 -0.0356972
472.2 0.314159 -0.0752681
472.4 0.314159 -0.0828055
472.6 0.314159 -0.0542475
472.8 0.314159 -0.0134621
473 0.314159 0.00693939
473.2 0.314159 -0.00416835
473.4 0.314159 -0.0255427
473.6 0.314159 -0.025784
473.8 0.314159 0.00267642
474 0.314159 0.0335076
474.2 0.314159 0.0322879
474.4 0.314159 -0.00763412
474.6 0.314159 -0.0564528
474.8 0.314159 -0.0754158
475 0.314159 -0.0525411
475.2 0.314159 -0.0110303
475.4 0.314159 0.0156921
475.6 0.314159 0.0149811
475.8 0.314159 0.00150598
476 0.314159 -0.00301507
476.2 0.314159 0.00769335
476.4 0.314159 0.0225008
476.6 0.314159 0.0290714
476.8 0.314159 0.027062
477 0.314159 0.0243927
477.2 0.314159 0.0242418
477.4 0.314159 0.0203779
477.6 0.314159 0.00639995
477.8 0.314159 -0.0134277
478 0.314159 -0.0261392
478.2 0.314159 -0.0235832
478.4 0.314159 -0.0122186
478.6 0.314159 -0.00756713
478.8 0.314159 -0.0187089
479 0.314159 -0.0387147
479.2 0.314159 -0.0501392
479.4 0.314159 -0.0392963
479.6 0.314159 -0.00582363
479.8 0.314159 0.0388705
480 0.314159 0.0796361
480.2 0.314159 0.104029
480.4 0.314159 0.104913
480.6 0.314159 0.0818251
480.8 0.314159 0.0423811
481 0.314159 0.000711781
481.2 0.314159 -0.029266
481.4 0.314159 -0.0419919
481.6 0.314159 -0.0421228
481.8 0.314159 -0.0375362
482 0.314159 -0.0305302
482.2 0.314159 -0.017265
482.4 0.314159 0.00322548
482.6 0.314159 0.0212769
482.8 0.314159 0.0219069
483 0.314159 0.00118303
483.2 0.314159 -0.0237143
483.4 0.314159 -0.0258817
483.6 0.314159 0.00481248
483.8 0.314159 0.0462924
484 0.314159 0.0600209
484.2 0.314159 0.0271983
484.4 0.314159 -0.0299233
484.6 0.314159 -0.0664367
484.8 0.314159 -0.0573802
485 0.314159 -0.0215323
485.2 0.314159 -0.000388304
485.4 0.314159 -0.0139036
485.6 0.314159 -0.0409903
485.8 0.314159 -0.0463824
486 0.314159 -0.0234975
486.2 0.314159 -0.00370292
486.4 0.314159 -0.0199711
486.6 0.314159 -0.0658307
486.8 0.314159 -0.097551
487 0.314159 -0.079033
487.2 0.314159 -0.0198014
487.4 0.314159 0.035623
487.6 0.314159 0.0534842
487.8 0.314159 0.0394215
488 0.314159 0.0210993
488.2 0.314159 0.0110627
488.4 0.314159 -0.00315358
488.6 0.314159 -0.0322476
488.8 0.314159 -0.0601498
489 0.314159 -0.0571563
489.2 0.314159 -0.0176726
489.4 0.314159 0.0254842
489.6 0.314159 0.0330272
489.8 0.314159 0.00327352
490 0.314159 -0.0239606
490.2 0.314159 -0.0115379
490.4 0.314159 0.0313011
490.6 0.314159 0.0561476
490.8 0.314159 0.0274888
491 0.314159 -0.0362691
491.2 0.314159 -0.0769671
491.4 0.314159 -0.0515387
491.6 0.314159 0.027562
491.8 0.314159 0.103384
492 0.314159 0.122945
492.2 0.314159 0.0782086
492.4 0.314159 0.00867215
492.6 0.314159 -0.0309145
492.8 0.314159 -0.0107076
493 0.314159 0.0531034
493.2 0.314159 0.10992
493.4 0.314159 0.113222
493.6 0.314159 0.0596084
493.8 0.314159 -0.0050103
494 0.314159 -0.0236939
494.2 0.314159 0.0187486
494.4 0.314159 0.0791585
494.6 0.314159 0.0965722
494.8 0.314159 0.0519954
495 0.314159 -0.0141018
495.2 0.314159 -0.0454259
495.4 0.314159 -0.0269715
495.6 0.314159 0.00690011
495.8 0.314159 0.0189914
496 0.314159 0.0131153
496.2 0.314159 0.0232725
496.4 0.314159 0.0640219
496.6 0.314159 0.105651
496.8 0.314159 0.106586
497 0.314159 0.0638204
497.2 0.314159 0.0185557
497.4 0.314159 0.00930313
497.6 0.314159 0.029796
497.8 0.314159 0.0428582
498 0.314159 0.0310352
498.2 0.314159 0.0187232
498.4 0.314159 0.0371843
498.6 0.314159 0.0774259
498.8 0.314159 0.0932668
499 0.314159 0.0548712
499.2 0.314159 -0.0115254
499.4 0.314159 -0.0474327
499.6 0.314159 -0.0231106
499.8 0.314159 0.0348005
500 0.314159 0.0777317
500.2 0.314159 0.0864249
500.4 0.314159 0.0789423
500.6 0.314159 0.0741409
500.8 0.314159 0.0645422
501 0.314159 0.0341538
501.2 0.314159 -0.0071969
501.4 0.314159 -0.0253821
501.6 0.314159 -0.00320844
501.8 0.314159 0.0316006
502 0.314159 0.0330434
502.2 0.314159 -0.00905775
502.4 0.314159 -0.0531775
502.6 0.314159 -0.0512639
502.8 0.314159 -0.00350322
503 0.314159 0.0420156
503.2 0.314159 0.044724
503.4 0.314159 0.0172938
503.6 0.314159 0.00919573
503.8 0.314159 0.0489845
504 0.314159 0.111614
504.2 0.314159 0.144573
504.4 0.314159 0.119825
504.6 0.314159 0.0556005
504.8 0.314159 -0.0072778
505 0.314159 -0.0417301
505.2 0.314159 -0.0477361
505.4 0.314159 -0.0413221
505.6 0.314159 -0.0396428
505.8 0.314159 -0.0529485
506 0.314159 -0.0785813
506.2 0.314159 -0.0970158
506.4 0.314159 -0.0818506
506.6 0.314159 -0.0257776
506.8 0.314159 0.0413272
507 0.314159 0.0699668
507.2 0.314159 0.0364008
507.4 0.314159 -0.0288946
507.6 0.314159 -0.0647088
507.8 0.314159 -0.0352603
508 0.314159 0.0372386
508.2 0.314159 0.0961074
508.4 0.314159 0.102896
508.6 0.314159 0.065012
508.8 0.314159 0.0170894
509 0.314159 -0.0146712
509.2 0.314159 -0.0261082
509.4 0.314159 -0.0225946
509.6 0.314159 -0.00662863
509.8 0.314159 0.0176507
510 0.314159 0.0362572
510.2 0.314159 0.0332451
510.4 0.314159 0.00985183
510.6 0.314159 -0.0105573
510.8 0.314159 -0.00335131
511 0.314159 0.0307589
511.2 0.314159 0.0631507
511.4 0.314159 0.0632566
511.6 0.314159 0.0270505
511.8 0.314159 -0.0195845
512 0.314159 -0.0441115
512.2 0.314159 -0.0345393
512.4 0.314159 -0.00794775
512.6 0.314159 0.00466682
512.8 0.314159 -0.0154441
513 0.314159 -0.0571478
513.2 0.314159 -0.0850773
513.4 0.314159 -0.0680863
513.6 0.314159 -0.00953577
513.8 0.314159 0.0497109
514 0.314159 0.0643661
514.2 0.314159 0.0271019
514.4 0.314159 -0.0223963
514.6 0.314159 -0.0345409
514.8 0.314159 0.00220613
515 0.314159 0.051496
515.2 0.314159 0.0664458
515.4 0.314159 0.0334901
515.6 0.314159 -0.0214788
515.8 0.314159 -0.0637062
516 0.314159 -0.0775477
516.2 0.314159 -0.0657931
516.4 0.314159 -0.0345531
516.6 0.314159 0.00866123
516.8 0.314159 0.0452034
517 0.314159 0.0501497
517.2 0.314159 0.0191238
517.4 0.314159 -0.0151275
517.6 0.314159 -0.00785339
517.8 0.314159 0.0493673
518 0.314159 0.112934
518.2 0.314159 0.129472
518.4 0.314159 0.0922749
518.6 0.314159 0.0464318
518.8 0.314159 0.0356512
519 0.314159 0.0541114
519.2 0.314159 0.0599867
519.4 0.314159 0.0312099
519.6 0.314159 -0.00777942
519.8 0.314159 -0.0204094
520 0.314159 -0.00598044
520.2 0.314159 0.00260159
520.4 0.314159 -0.0120045
520.6 0.314159 -0.0230486
520.8 0.314159 0.00611917
521 0.314159 0.0669464
521.2 0.314159 0.103829
521.4 0.314159 0.0750533
521.6 0.314159 0.00403571
521.8 0.314159 -0.0444031
522 0.314159 -0.0363431
522.2 0.314159 -0.00306451
522.4 0.314159 0.00343343
522.6 0.314159 -0.0231155
522.8 0.314159 -0.0375131
523 0.314159 -0.00355423
523.2 0.314159 0.0559919
523.4 0.314159 0.082441
523.6 0.314159 0.0484916
523.8 0.314159 -0.0120985
524 0.314159 -0.0452558
524.2 0.314159 -0.0352184
524.4 0.314159 -0.0117158
524.6 0.314159 -0.00444531
524.8 0.314159 -0.00648638
525 0.314159 0.0099102
525.2 0.314159 0.0510578
525.4 0.314159 0.0892818
525.6 0.314159 0.0942281
525.8 0.314159 0.0667087
526 0.314159 0.0345559
526.2 0.314159 0.0196179
526.4 0.314159 0.0172358
526.6 0.314159 0.00853949
526.8 0.314159 -0.0148426
527 0.314159 -0.0427704
527.2 0.314159 -0.0586897
527.4 0.314159 -0.0539923
527.6 0.314159 -0.032658
527.8 0.314159 -0.00862231
528 0.314159 0.000913454
528.2 0.314159 -0.0116134
528.4 0.314159 -0.0312765
528.6 0.314159 -0.0262529
528.8 0.314159 0.0216589
529 0.314159 0.088764
529.2 0.314159 0.121921
529.4 0.314159 0.090361
529.6 0.314159 0.0232532
529.8 0.314159 -0.0158505
530 0.314159 0.00337504
530.2 0.314159 0.0438384
530.4 0.314159 0.0440264
530.6 0.314159 -0.00870978
530.8 0.314159 -0.0612308
531 0.314159 -0.0559787
531.2 0.314159 0.000947939
531.4 0.314159 0.0462031
531.6 0.314159 0.0316709
531.8 0.314159 -0.0238888
532 0.314159 -0.0624217
532.2 0.314159 -0.0544984
532.4 0.314159 -0.0242207
532.6 0.314159 -0.00849245
532.8 0.314159 -0.0112705
533 0.314159 -0.0118818
533.2 0.314159 -0.00743041
533.4 0.314159 -0.0224364
533.6 0.314159 -0.0674546
533.8 0.314159 -0.105985
534 0.314159 -0.0857316
534.2 0.314159 -0.00528788
534.4 0.314159 0.0692234
534.6 0.314159 0.068793
534.8 0.314159 -0.00314762
535 0.314159 -0.0747054
535.2 0.314159 -0.0858823
535.4 0.314159 -0.0501763
535.6 0.314159 -0.0262334
535.8 0.314159 -0.0394875
536 0.314159 -0.0531206
536.2 0.314159 -0.0221114
536.4 0.314159 0.0412514
536.6 0.314159 0.0752979
536.8 0.314159 0.0413987
537 0.314159 -0.0288508
537.2 0.314159 -0.0685875
537.4 0.314159 -0.0488797
537.6 0.314159 -0.00317777
537.8 0.314159 0.0194188
538 0.314159 0.00864043
538.2 0.314159 -0.00840324
538.4 0.314159 -0.0123328
538.6 0.314159 -0.015984
538.8 0.314159 -0.0392041
539 0.314159 -0.0734551
539.2 0.314159 -0.0866177
539.4 0.314159 -0.062107
539.6 0.314159 -0.0208355
539.8 0.314159 0.0018073
540 0.314159 -0.00633742
540.2 0.314159 -0.0271157
540.4 0.314159 -0.0389913
540.6 0.314159 -0.0402915
540.8 0.314159 -0.0430637
541 0.314159 -0.0532418
541.2 0.314159 -0.0653716
541.4 0.314159 -0.0725224
541.6 0.314159 -0.0700598
541.8 0.314159 -0.0481731
542 0.314159 0.00623785
542.2 0.314159 0.0878863
542.4 0.314159 0.157764
542.6 0.314159 0.166648
542.8 0.314159 0.104475
543 0.314159 0.0198915
543.2 0.314159 -0.0219724
543.4 0.314159 -0.00354676
543.6 0.314159 0.0317001
543.8 0.314159 0.0335421
544 0.314159 0.00315714
544.2 0.314159 -0.0142309
544.4 0.314159 0.00814217
544.6 0.314159 0.0405675
544.8 0.314159 0.0332427
545 0.314159 -0.0169312
545.2 0.314159 -0.0536861
545.4 0.314159 -0.0233178
545.6 0.314159 0.0605913
545.8 0.314159 0.127432
546 0.314159 0.123809
546.2 0.314159 0.0669216
546.4 0.314159 0.0187171
546.6 0.314159 0.0165123
546.8 0.314159 0.0415095
547 0.314159 0.0543087
547.2 0.314159 0.0460791
547.4 0.314159 0.0427807
547.6 0.314159 0.0641068
547.8 0.314159 0.0939483
548 0.314159 0.0990673
548.2 0.314159 0.0697356
548.4 0.314159 0.0305176
548.6 0.314159 0.00970641
548.8 0.314159 0.00690196
549 0.314159 -0.00235708
549.2 0.314159 -0.0330779
549.4 0.314159 -0.0695856
549.6 0.314159 -0.0806139
549.8 0.314159 -0.0523798
550 0.314159 -0.00384316
550.2 0.314159 0.0298023
550.4 0.314159 0.0276855
550.6 0.314159 -7.24664e-05
550.8 0.314159 -0.022657
551 0.314159 -0.0164539
551.2 0.314159 0.0123142
551.4 0.314159 0.0315084
551.6 0.314159 0.0147803
551.8 0.314159 -0.0258775
552 0.314159 -0.0434173
552.2 0.314159 -0.00244677
552.4 0.314159 0.0727889
552.6 0.314159 0.106348
552.8 0.314159 0.0412785
553 0.314159 -0.0928705
553.2 0.314159 -0.192434
553.4 0.314159 -0.172196
553.6 0.314159 -0.0485566
553.8 0.314159 0.0752645
554 0.314159 0.109249
554.2 0.314159 0.0584646
554.4 0.314159 0.00269009
554.6 0.314159 0.00301233
554.8 0.314159 0.0415862
555 0.314159 0.0560584
555.2 0.314159 0.0196247
555.4 0.314159 -0.0292886
555.6 0.314159 -0.0372257
555.8 0.314159 -9.88118e-05
556 0.314159 0.0344844
556.2 0.314159 0.0240331
556.4 0.314159 -0.0236609
556.6 0.314159 -0.0659967
556.8 0.314159 -0.0745883
557 0.314159 -0.0570452
557.2 0.314159 -0.0344474
557.4 0.314159 -0.0131288
557.6 0.314159 0.0125713
557.8 0.314159 0.0391362
558 0.314159 0.0509389
558.2 0.314159 0.0411507
558.4 0.314159 0.0234182
558.6 0.314159 0.0131048
558.8 0.314159 0.00300258
559 0.314159 -0.0282187
559.2 0.314159 -0.0802853
559.4 0.314159 -0.117023
559.6 0.314159 -0.101577
559.8 0.314159 -0.0440868
560 0.314159 -0.000270983
560.2 0.314159 -0.0140504
560.4 0.314159 -0.0684704
560.6 0.314159 -0.104967
560.8 0.314159 -0.0908342
561 0.314159 -0.0549924
561.2 0.314159 -0.049289
561.4 0.314159 -0.0825633
561.6 0.314159 -0.108516
561.8 0.314159 -0.0826088
562 0.314159 -0.0184372
562.2 0.314159 0.0253044
562.4 0.314159 0.0122185
562.6 0.314159 -0.0304376
562.8 0.314159 -0.0444931
563 0.314159 -0.00736588
563.2 0.314159 0.0444712
563.4 0.314159 0.058131
563.6 0.314159 0.0200674
563.8 0.314159 -0.0359423
564 0.314159 -0.0682593
564.2 0.314159 -0.0641019
564.4 0.314159 -0.0383729
564.6 0.314159 -0.0099793
564.8 0.314159 0.0107755
565 0.314159 0.0177274
565.2 0.314159 0.00750739
565.4 0.314159 -0.0114399
565.6 0.314159 -0.0183326
565.8 0.314159 -0.00107186
566 0.314159 0.0226826
566.2 0.314159 0.0173389
566.4 0.314159 -0.0299524
566.6 0.314159 -0.0862368
566.8 0.314159 -0.10127
567 0.314159 -0.0605682
567.2 0.314159 -0.00181619
567.4 0.314159 0.0277017
567.6 0.314159 0.0239108
567.8 0.314159 0.0258675
568 0.314159 0.062699
568.2 0.314159 0.112522
568.4 0.314159 0.125055
568.6 0.314159 0.0822289
568.8 0.314159 0.0236925
569 0.314159 0.00541403
569.2 0.314159 0.0386666
569.4 0.314159 0.0796719
569.6 0.314159 0.0798207
569.8 0.314159 0.0373912
570 0.314159 -0.00553538
570.2 0.314159 -0.0114407
570.4 0.314159 0.0163744
570.6 0.314159 0.0450076
570.8 0.314159 0.048827
571 0.314159 0.0281754
571.2 0.314159 -0.00212161
571.4 0.314159 -0.030121
571.6 0.314159 -0.0484068
571.8 0.314159 -0.0478927
572 0.314159 -0.0221107
572.2 0.314159 0.0202459
572.4 0.314159 0.0551314
572.6 0.314159 0.0623426
572.8 0.314159 0.0439114
573 0.314159 0.0195448
573.2 0.314159 0.00509792
573.4 0.314159 0.000754376
573.6 0.314159 0.000936017
573.8 0.314159 0.00789426
574 0.314159 0.0272314
574.2 0.314159 0.051583
574.4 0.314159 0.0590706
574.6 0.314159 0.0354122
574.8 0.314159 -0.00559784
575 0.314159 -0.0317656
575.2 0.314159 -0.0254238
575.4 0.314159 -0.00177572
575.6 0.314159 0.00967989
575.8 0.314159 -0.00124657
576 0.314159 -0.0166252
576.2 0.314159 -0.0148645
576.4 0.314159 0.00371465
576.6 0.314159 0.0214774
576.8 0.314159 0.0292031
577 0.314159 0.0368504
577.2 0.314159 0.054449
577.4 0.314159 0.0691526
577.6 0.314159 0.0521788
577.8 0.314159 -0.00762748
578 0.314159 -0.0820637
578.2 0.314159 -0.121912
578.4 0.314159 -0.0993605
578.6 0.314159 -0.0324346
578.8 0.314159 0.030783
579 0.314159 0.0498468
579.2 0.314159 0.017961
579.4 0.314159 -0.0399642
579.6 0.314159 -0.08766
579.8 0.314159 -0.0993685
580 0.314159 -0.0730244
580.2 0.314159 -0.0306869
580.4 0.314159 -0.00384826
580.6 0.314159 -0.00990069
580.8 0.314159 -0.0375851
581 0.314159 -0.05692
581.2 0.314159 -0.0472484
581.4 0.314159 -0.0166473
581.6 0.314159 0.00694826
581.8 0.314159 0.0030471
582 0.314159 -0.0240691
582.2 0.314159 -0.0524348
582.4 0.314159 -0.0614086
582.6 0.314159 -0.0425512
582.8 0.314159 0.00055789
583 0.314159 0.0528548
583.2 0.314159 0.0875906
583.4 0.314159 0.0779585
583.6 0.314159 0.022822
583.8 0.314159 -0.0385561
584 0.314159 -0.0504776
584.2 0.314159 0.00717044
584.4 0.314159 0.0910279
584.6 0.314159 0.128871
584.8 0.314159 0.0899107
585 0.314159 0.0178605
585.2 0.314159 -0.0128433
585.4 0.314159 0.0249235
585.6 0.314159 0.0821677
585.8 0.314159 0.0862486
586 0.314159 0.0178498
586.2 0.314159 -0.0697873
586.4 0.314159 -0.107486
586.6 0.314159 -0.0783657
586.8 0.314159 -0.025821
587 0.314159 -0.000135744
587.2 0.314159 -0.00754773
587.4 0.314159 -0.0151444
587.6 0.314159 0.00246878
587.8 0.314159 0.0323895
588 0.314159 0.0406966
588.2 0.314159 0.0126208
588.4 0.314159 -0.0318051
588.6 0.314159 -0.0608417
588.8 0.314159 -0.0629646
589 0.314159 -0.0524177
589.2 0.314159 -0.0472986
589.4 0.314159 -0.0485581
589.6 0.314159 -0.0426192
589.8 0.314159 -0.0206014
590 0.314159 0.00999893
590.2 0.314159 0.0333359
590.4 0.314159 0.0412803
590.6 0.314159 0.0381968
590.8 0.314159 0.030309
591 0.314159 0.0144701
591.2 0.314159 -0.0182337
591.4 0.314159 -0.066704
591.6 0.314159 -0.110802
591.8 0.314159 -0.123068
592 0.314159 -0.0924807
592.2 0.314159 -0.0364359
592.4 0.314159 0.0132447
592.6 0.314159 0.0372995
592.8 0.314159 0.0417003
593 0.314159 0.0439865
593.2 0.314159 0.0504263
593.4 0.314159 0.0504574
593.6 0.314159 0.0337868
593.8 0.314159 0.00820082
594 0.314159 -0.00436152
594.2 0.314159 0.0101527
594.4 0.314159 0.0426866
594.6 0.314159 0.0685998
594.8 0.314159 0.0678821
595 0.314159 0.0371676
595.2 0.314159 -0.0124625
595.4 0.314159 -0.061906
595.6 0.314159 -0.0881907
595.8 0.314159 -0.0730816
596 0.314159 -0.0194366
596.2 0.314159 0.0401199
596.4 0.314159 0.0617449
596.6 0.314159 0.0276269
596.8 0.314159 -0.0356528
597 0.314159 -0.0820208
597.2 0.314159 -0.0902571
597.4 0.314159 -0.0774884
597.6 0.314159 -0.0669703
597.8 0.314159 -0.0532193
598 0.314159 -0.013128
598.2 0.314159 0.048878
598.4 0.314159 0.0850927
598.6 0.314159 0.0515683
598.8 0.314159 -0.0315683
599 0.314159 -0.0856035
599.2 0.314159 -0.0523693
599.4 0.314159 0.0387714
599.6 0.314159 0.0980868
599.8 0.314159 0.0720143
600 0.314159 -0.000819451
600.2 0.314159 -0.0391713
600.4 0.314159 -0.0151798
600.6 0.314159 0.0182148
600.8 0.314159 -0.000488471
601 0.314159 -0.0601433
601.2 0.314159 -0.0872542
601.4 0.314159 -0.0354978
601.6 0.314159 0.0550557
601.8 0.314159 0.100581
602 0.314159 0.0651755
602.2 0.314159 -0.00630703
602.4 0.314159 -0.0468915
602.6 0.314159 -0.0400019
602.8 0.314159 -0.020691
603 0.314159 -0.0163076
603.2 0.314159 -0.0102924
603.4 0.314159 0.0256921
603.6 0.314159 0.0795358
603.8 0.314159 0.10029
604 0.314159 0.0554702
604.2 0.314159 -0.0263329
604.4 0.314159 -0.0804005
604.6 0.314159 -0.0688121
604.8 0.314159 -0.0104967
605 0.314159 0.047237
605.2 0.314159 0.0744617
605.4 0.314159 0.0729027
605.6 0.314159 0.0583931
605.8 0.314159 0.0442966
606 0.314159 0.0403628
606.2 0.314159 0.051453
606.4 0.314159 0.0676031
606.6 0.314159 0.064133
606.8 0.314159 0.0265046
607 0.314159 -0.0238239
607.2 0.314159 -0.041828
607.4 0.314159 -0.00675771
607.6 0.314159 0.0489898
607.8 0.314159 0.0712079
608 0.314159 0.0439842
608.2 0.314159 0.00642737
608.4 0.314159 0.00233476
608.6 0.314159 0.0235654
608.8 0.314159 0.019318
609 0.314159 -0.0374222
609.2 0.314159 -0.108193
609.4 0.314159 -0.126387
609.6 0.314159 -0.0709637
609.8 0.314159 0.0107706
610 0.314159 0.0555003
610.2 0.314159 0.0466164
610.4 0.314159 0.016589
610.6 0.314159 -0.00199903
610.8 0.314159 -0.00917668
611 0.314159 -0.0196106
611.2 0.314159 -0.0316171
611.4 0.314159 -0.0318234
611.6 0.314159 -0.0245002
611.8 0.314159 -0.0334052
612 0.314159 -0.0637997
612.2 0.314159 -0.0779976
612.4 0.314159 -0.0316153
612.6 0.314159 0.0632758
612.8 0.314159 0.131311
613 0.314159 0.107124
613.2 0.314159 0.011298
613.4 0.314159 -0.0645893
613.6 0.314159 -0.0545254
613.8 0.314159 0.0125192
614 0.314159 0.050956
614.2 0.314159 0.0191554
614.4 0.314159 -0.0366278
614.6 0.314159 -0.0445573
614.8 0.314159 0.0026366
615 0.314159 0.0394612
615.2 0.314159 0.00993722
615.4 0.314159 -0.060617
615.6 0.314159 -0.0918073
615.8 0.314159 -0.0418158
616 0.314159 0.041962
616.2 0.314159 0.0741167
616.4 0.314159 0.0251991
616.6 0.314159 -0.0478471
616.8 0.314159 -0.0662878
617 0.314159 -0.0140898
617.2 0.314159 0.0497776
617.4 0.314159 0.0601509
617.6 0.314159 0.0161477
617.8 0.314159 -0.0228345
618 0.314159 -0.00712058
618.2 0.314159 0.0456074
618.4 0.314159 0.0677572
618.6 0.314159 0.0153675
618.8 0.314159 -0.0807191
619 0.314159 -0.140689
619.2 0.314159 -0.11361
619.4 0.314159 -0.0275721
619.6 0.314159 0.0393851
619.8 0.314159 0.0375307
620 0.314159 -0.00810149
620.2 0.314159 -0.0292302
620.4 0.314159 0.0118619
620.6 0.314159 0.0850862
620.8 0.314159 0.127674
621 0.314159 0.107795
621.2 0.314159 0.0475212
621.4 0.314159 -0.0119753
621.6 0.314159 -0.053503
621.8 0.314159 -0.0849026
622 0.314159 -0.107293
622.2 0.314159 -0.101682
622.4 0.314159 -0.0556588
622.6 0.314159 0.00692222
622.8 0.314159 0.039594
623 0.314159 0.0207093
623.2 0.314159 -0.0219389
623.4 0.314159 -0.0421785
623.6 0.314159 -0.0262735
623.8 0.314159 -0.00265962
624 0.314159 -0.00122691
624.2 0.314159 -0.0149771
624.4 0.314159 -0.011543
624.6 0.314159 0.0228651
624.8 0.314159 0.0644169
625 0.314159 0.0799216
625.2 0.314159 0.0642947
625.4 0.314159 0.040876
625.6 0.314159 0.0298248
625.8 0.314159 0.028993
626 0.314159 0.0286099
626.2 0.314159 0.0322017
626.4 0.314159 0.0509975
626.6 0.314159 0.0817197
626.8 0.314159 0.104335
627 0.314159 0.106355
627.2 0.314159 0.0979215
627.4 0.314159 0.0914413
627.6 0.314159 0.0734434
627.8 0.314159 0.0162163
628 0.314159 -0.0746332
628.2 0.314159 -0.139706
628.4 0.314159 -0.115143
628.6 0.314159 -0.00739955
628.8 0.314159 0.0966314
629 0.314159 0.108768
629.2 0.314159 0.0283307
629.4 0.314159 -0.0584084
629.6 0.314159 -0.0689047
629.8 0.314159 -0.0057594
630 0.314159 0.0560903
630.2 0.314159 0.0532854
630.4 0.314159 -0.0065882
630.6 0.314159 -0.0656245
630.8 0.314159 -0.0786981
631 0.314159 -0.047534
631.2 0.314159 -0.00460574
631.4 0.314159 0.0189491
631.6 0.314159 0.00904963
631.8 0.314159 -0.028433
632 0.314159 -0.0658697
632.2 0.314159 -0.0638869
632.4 0.314159 -0.00453495
632.6 0.314159 0.0781762
632.8 0.314159 0.11572
633 0.314159 0.069718
633.2 0.314159 -0.0216176
633.4 0.314159 -0.0764447
633.6 0.314159 -0.0545403
633.8 0.314159 0.000469728
634 0.314159 0.0133198
634.2 0.314159 -0.035801
634.4 0.314159 -0.0922192
634.6 0.314159 -0.0961061
634.8 0.314159 -0.0525078
635 0.314159 -0.016576
635.2 0.314159 -0.0175007
635.4 0.314159 -0.0214688
635.6 0.314159 0.0187516
635.8 0.314159 0.093484
636 0.314159 0.13786
636.2 0.314159 0.105976
636.4 0.314159 0.0251649
636.6 0.314159 -0.035746
636.8 0.314159 -0.0421577
637 0.314159 -0.0205155
637.2 0.314159 -0.0118069
637.4 0.314159 -0.0195003
637.6 0.314159 -0.0181611
637.8 0.314159 -0.00135615
638 0.314159 0.00435045
638.2 0.314159 -0.0190885
638.4 0.314159 -0.0441092
638.6 0.314159 -0.0232509
638.8 0.314159 0.0486423
639 0.314159 0.116077
639.2 0.314159 0.118135
639.4 0.314159 0.0543246
639.6 0.314159 -0.0169657
639.8 0.314159 -0.0436083
640 0.314159 -0.0292685
640.2 0.314159 -0.0133332
640.4 0.314159 -0.0145209
640.6 0.314159 -0.0116258
640.8 0.314159 0.0191147
641 0.314159 0.0634347
641.2 0.314159 0.0789733
641.4 0.314159 0.0431478
641.6 0.314159 -0.0195608
641.8 0.314159 -0.06154
642 0.314159 -0.056966
642.2 0.314159 -0.0197561
642.4 0.314159 0.0172457
642.6 0.314159 0.0328587
642.8 0.314159 0.0290171
643 0.314159 0.0212522
643.2 0.314159 0.0230704
643.4 0.314159 0.034959
643.6 0.314159 0.042522
643.8 0.314159 0.0274518
644 0.314159 -0.0121469
644.2 0.314159 -0.0506296
644.4 0.314159 -0.0518762
644.6 0.314159 -0.00533983
644.8 0.314159 0.0568388
645 0.314159 0.086671
645.2 0.314159 0.0678463
645.4 0.314159 0.0316241
645.6 0.314159 0.0211893
645.8 0.314159 0.0437142
646 0.314159 0.0642165
646.2 0.314159 0.0461225
646.4 0.314159 -0.00984291
646.6 0.314159 -0.0705845
646.8 0.314159 -0.107019
647 0.314159 -0.116278
647.2 0.314159 -0.110305
647.4 0.314159 -0.0948719
647.6 0.314159 -0.0682344
647.8 0.314159 -0.0346125
648 0.314159 -0.00724182
648.2 0.314159 0.00498931
648.4 0.314159 0.0064603
648.6 0.314159 0.00573303
648.8 0.314159 0.00347733
649 0.314159 -0.00302367
649.2 0.314159 -0.0071716
649.4 0.314159 0.00292728
649.6 0.314159 0.0238409
649.8 0.314159 0.0318811
650 0.314159 0.0115633
650.2 0.314159 -0.0148807
650.4 0.314159 -0.00410131
650.6 0.314159 0.0534999
650.8 0.314159 0.108149
651 0.314159 0.0985078
651.2 0.314159 0.0264892
651.4 0.314159 -0.0339921
651.6 0.314159 -0.016513
651.8 0.314159 0.0586268
652 0.314159 0.103755
652.2 0.314159 0.0657244
652.4 0.314159 -0.00965987
652.6 0.314159 -0.031003
652.8 0.314159 0.0289666
653 0.314159 0.0994446
653.2 0.314159 0.0950055
653.4 0.314159 0.0160774
653.6 0.314159 -0.0538387
653.8 0.314159 -0.0478824
654 0.314159 0.00988894
654.2 0.314159 0.0414404
654.4 0.314159 0.0118103
654.6 0.314159 -0.033526
654.8 0.314159 -0.0304544
655 0.314159 0.0252996
655.2 0.314159 0.077792
655.4 0.314159 0.0815165
655.6 0.314159 0.0516895
655.8 0.314159 0.037025
656 0.314159 0.0569001
656.2 0.314159 0.0815959
656.4 0.314159 0.0733356
656.6 0.314159 0.0319594
656.8 0.314159 -0.00776202
657 0.314159 -0.0160195
657.2 0.314159 0.00452868
657.4 0.314159 0.0286562
657.6 0.314159 0.0357017
657.8 0.314159 0.0245238
658 0.314159 0.00993442
658.2 0.314159 0.0102715
658.4 0.314159 0.0324718
658.6 0.314159 0.0605658
658.8 0.314159 0.061984
659 0.314159 0.0181581
659.2 0.314159 -0.0458382
659.4 0.314159 -0.0741022
659.6 0.314159 -0.0370544
659.8 0.314159 0.0262269
660 0.314159 0.0396495
660.2 0.314159 -0.0256271
660.4 0.314159 -0.109051
660.6 0.314159 -0.119911
660.8 0.314159 -0.0394355
661 0.314159 0.0531215
661.2 0.314159 0.0676498
661.4 0.314159 0.00588506
661.6 0.314159 -0.0424125
661.8 0.314159 -0.00739897
662 0.314159 0.0773883
662.2 0.314159 0.116253
662.4 0.314159 0.0675023
662.6 0.314159 -0.00626648
662.8 0.314159 -0.0139715
663 0.314159 0.0548808
663.2 0.314159 0.118055
663.4 0.314159 0.0972655
663.6 0.314159 0.00639376
663.8 0.314159 -0.0697647
664 0.314159 -0.0728509
664.2 0.314159 -0.0274036
664.4 0.314159 0.00184654
664.6 0.314159 -0.0111487
664.8 0.314159 -0.0346375
665 0.314159 -0.0317865
665.2 0.314159 -0.010427
665.4 0.314159 -0.00846333
665.6 0.314159 -0.0395651
665.8 0.314159 -0.0703943
666 0.314159 -0.0564801
666.2 0.314159 0.00734171
666.4 0.314159 0.0793803
666.6 0.314159 0.111512
666.8 0.314159 0.0927045
667 0.314159 0.0543837
667.2 0.314159 0.0382843
667.4 0.314159 0.0585532
667.6 0.314159 0.0891442
667.8 0.314159 0.0856581
668 0.314159 0.0256739
668.2 0.314159 -0.0645193
668.4 0.314159 -0.124732
668.6 0.314159 -0.111871
668.8 0.314159 -0.0423176
669 0.314159 0.020138
669.2 0.314159 0.0251742
669.4 0.314159 -0.0154785
669.6 0.314159 -0.0449078
669.8 0.314159 -0.0252737
670 0.314159 0.0231991
670.2 0.314159 0.0508711
670.4 0.314159 0.0368377
670.6 0.314159 0.00529535
670.8 0.314159 -0.0146527
671 0.314159 -0.027258
671.2 0.314159 -0.0540845
671.4 0.314159 -0.088057
671.6 0.314159 -0.087311
671.8 0.314159 -0.0270159
672 0.314159 0.0558743
672.2 0.314159 0.0916232
672.4 0.314159 0.0560529
672.6 0.314159 0.00358975
672.8 0.314159 0.00745711
673 0.314159 0.0731979
673.2 0.314159 0.12943
673.4 0.314159 0.110506
673.6 0.314159 0.0336082
673.8 0.314159 -0.0224158
674 0.314159 -0.0106699
674.2 0.314159 0.0301697
674.4 0.314159 0.0263393
674.6 0.314159 -0.038577
674.8 0.314159 -0.10094
675 0.314159 -0.0905923
675.2 0.314159 -0.0135634
675.4 0.314159 0.0524278
675.6 0.314159 0.0426198
675.8 0.314159 -0.0270291
676 0.314159 -0.0813464
676.2 0.314159 -0.066988
676.4 0.314159 -0.0030715
676.6 0.314159 0.0462517
676.8 0.314159 0.0388613
677 0.314159 -0.010284
677.2 0.314159 -0.0526528
677.4 0.314159 -0.0540088
677.6 0.314159 -0.0182048
677.8 0.314159 0.0265523
678 0.314159 0.0555585
678.2 0.314159 0.062661
678.4 0.314159 0.0557288
678.6 0.314159 0.0438196
678.8 0.314159 0.0289539
679 0.314159 0.00728844
679.2 0.314159 -0.0234999
679.4 0.314159 -0.0573598
679.6 0.314159 -0.0797809
679.8 0.314159 -0.0760252
680 0.314159 -0.0424434
680.2 0.314159 0.00773645
680.4 0.314159 0.0501817
680.6 0.314159 0.0647775
680.8 0.314159 0.0507054
681 0.314159 0.028973
681.2 0.314159 0.0269184
681.4 0.314159 0.0538344
681.6 0.314159 0.0891501
681.8 0.314159 0.0987311
682 0.314159 0.0686654
682.2 0.314159 0.0235007
682.4 0.314159 0.00513351
682.6 0.314159 0.0293414
682.8 0.314159 0.0662033
683 0.314159 0.0696047
683.2 0.314159 0.0268528
683.4 0.314159 -0.0271034
683.6 0.314159 -0.0482205
683.8 0.314159 -0.0302856
684 0.314159 -0.00497621
684.2 0.314159 0.00319267
684.4 0.314159 0.00912566
684.6 0.314159 0.0442328
684.8 0.314159 0.107113
685 0.314159 0.153199
685.2 0.314159 0.142208
685.4 0.314159 0.0877741
685.6 0.314159 0.0466265
685.8 0.314159 0.0566326
686 0.314159 0.0956669
686.2 0.314159 0.108061
686.4 0.314159 0.0655763
686.6 0.314159 -0.00682649
686.8 0.314159 -0.0620487
687 0.314159 -0.0738436
687.2 0.314159 -0.0459907
687.4 0.314159 0.00549667
687.6 0.314159 0.0605258
687.8 0.314159 0.0884459
688 0.314159 0.057695
688.2 0.314159 -0.0286987
688.4 0.314159 -0.115035
688.6 0.314159 -0.133907
688.8 0.314159 -0.0760517
689 0.314159 -0.00668177
689.2 0.314159 0.00379275
689.4 0.314159 -0.0383209
689.6 0.314159 -0.0559625
689.8 0.314159 0.00355444
690 0.314159 0.0951615
690.2 0.314159 0.117554
690.4 0.314159 0.0278367
690.6 0.314159 -0.103921
690.8 0.314159 -0.165913
691 0.314159 -0.119245
691.2 0.314159 -0.0267379
691.4 0.314159 0.0287285
691.6 0.314159 0.0320042
691.8 0.314159 0.0301246
692 0.314159 0.0556906
692.2 0.314159 0.0830797
692.4 0.314159 0.0676745
692.6 0.314159 0.00875403
692.8 0.314159 -0.0468174
693 0.314159 -0.0590747
693.2 0.314159 -0.0340772
693.4 0.314159 -0.00274257
693.6 0.314159 0.0222676
693.8 0.314159 0.0513456
694 0.314159 0.0855691
694.2 0.314159 0.101622
694.4 0.314159 0.0792543
694.6 0.314159 0.0313642
694.8 0.314159 -0.00911652
695 0.314159 -0.0286025
695.2 0.314159 -0.0425423
695.4 0.314159 -0.0615532
695.6 0.314159 -0.0661074
695.8 0.314159 -0.0332969
696 0.314159 0.017704
696.2 0.314159 0.0320114
696.4 0.314159 -0.0160552
696.6 0.314159 -0.0790011
696.8 0.314159 -0.079534
697 0.314159 0.000757014
697.2 0.314159 0.0945783
697.4 0.314159 0.12262
697.6 0.314159 0.0814769
697.8 0.314159 0.0390047
698 0.314159 0.0451565
698.2 0.314159 0.0716531
698.4 0.314159 0.0558089
698.6 0.314159 -0.011202
698.8 0.314159 -0.0685196
699 0.314159 -0.0633539
699.2 0.314159 -0.0202906
699.4 0.314159 -0.00863894
699.6 0.314159 -0.0477077
699.8 0.314159 -0.0744351
700 0.314159 -0.0212814
700.2 0.314159 0.0894822
700.4 0.314159 0.15621
700.6 0.314159 0.107626
700.8 0.314159 -0.0165529
701 0.314159 -0.10855
701.2 0.314159 -0.106816
701.4 0.314159 -0.0487691
701.6 0.314159 -0.00992225
701.8 0.314159 -0.0132572
702 0.314159 -0.0180152
702.2 0.314159 0.0103179
702.4 0.314159 0.0458432
702.6 0.314159 0.0333033
702.8 0.314159 -0.03766
703 0.314159 -0.109637
703.2 0.314159 -0.115299
703.4 0.314159 -0.0483924
703.6 0.314159 0.0315549
703.8 0.314159 0.0613936
704 0.314159 0.032456
704.2 0.314159 -0.0116025
704.4 0.314159 -0.0246041
704.6 0.314159 0.0007531
704.8 0.314159 0.0348878
705 0.314159 0.0442364
705.2 0.314159 0.0209718
705.4 0.314159 -0.0123258
705.6 0.314159 -0.0221071
705.8 0.314159 0.007888
706 0.314159 0.0599534
706.2 0.314159 0.0926561
706.4 0.314159 0.074327
706.6 0.314159 0.0125591
706.8 0.314159 -0.0496772
707 0.314159 -0.0704082
707.2 0.314159 -0.0434019
707.4 0.314159 0.00248123
707.6 0.314159 0.0349039
707.8 0.314159 0.0447659
708 0.314159 0.0427445
708.2 0.314159 0.0382058
708.4 0.314159 0.0296632
708.6 0.314159 0.0147735
708.8 0.314159 1.97232e-05
709 0.314159 -0.00626427
709.2 0.314159 -0.00692892
709.4 0.314159 -0.0133789
709.6 0.314159 -0.0273875
709.8 0.314159 -0.0320138
710 0.314159 -0.008096
710.2 0.314159 0.0397538
710.4 0.314159 0.0793967
710.6 0.314159 0.078164
710.8 0.314159 0.0341219
711 0.314159 -0.0206188
711.2 0.314159 -0.0480517
711.4 0.314159 -0.0370511
711.6 0.314159 -0.0118101
711.8 0.314159 -0.0100115
712 0.314159 -0.0489226
712.2 0.314159 -0.105557
712.4 0.314159 -0.128782
712.6 0.314159 -0.0796135
712.8 0.314159 0.0293581
713 0.314159 0.132701
713.2 0.314159 0.16055
713.4 0.314159 0.0996888
713.6 0.314159 0.00853717
713.8 0.314159 -0.0348642
714 0.314159 -0.00415169
714.2 0.314159 0.0558029
714.4 0.314159 0.0804059
714.6 0.314159 0.0506977
714.8 0.314159 0.0027544
715 0.314159 -0.0222736
715.2 0.314159 -0.0242624
715.4 0.314159 -0.0335323
715.6 0.314159 -0.063342
715.8 0.314159 -0.088644
716 0.314159 -0.0767186
716.2 0.314159 -0.0285579
716.4 0.314159 0.0217211
716.6 0.314159 0.0460905
716.8 0.314159 0.0491468
717 0.314159 0.0512532
717.2 0.314159 0.0560792
717.4 0.314159 0.0475637
717.6 0.314159 0.0177434
717.8 0.314159 -0.0161999
718 0.314159 -0.0307524
718.2 0.314159 -0.0250038
718.4 0.314159 -0.019411
718.6 0.314159 -0.0266453
718.8 0.314159 -0.0360065
719 0.314159 -0.0331319
719.2 0.314159 -0.0251825
719.4 0.314159 -0.0317405
719.6 0.314159 -0.0509102
719.8 0.314159 -0.0509858
720 0.314159 -0.00868904
720.2 0.314159 0.0507869
720.4 0.314159 0.0699201
720.6 0.314159 0.0225665
720.8 0.314159 -0.0490209
721 0.314159 -0.0741866
721.2 0.314159 -0.0308952
721.4 0.314159 0.028823
721.6 0.314159 0.0362237
721.8 0.314159 -0.0186268
722 0.314159 -0.0775251
722.2 0.314159 -0.0775704
722.4 0.314159 -0.013856
722.6 0.314159 0.0630061
722.8 0.314159 0.100616
723 0.314159 0.0857793
723.2 0.314159 0.0392177
723.4 0.314159 -0.0124041
723.6 0.314159 -0.0501384
723.8 0.314159 -0.0603208
724 0.314159 -0.0376047
724.2 0.314159 0.00366246
724.4 0.314159 0.032464
724.6 0.314159 0.0275318
724.8 0.314159 0.000125013
725 0.314159 -0.0176736
725.2 0.314159 -0.0091632
725.4 0.314159 0.00953014
725.6 0.314159 0.0123566
725.8 0.314159 -0.00290808
726 0.314159 -0.0129348
726.2 0.314159 0.000370081
726.4 0.314159 0.0277726
726.6 0.314159 0.0465922
726.8 0.314159 0.0487088
727 0.314159 0.0442022
727.2 0.314159 0.0396273
727.4 0.314159 0.0266168
727.6 0.314159 -0.00015843
727.8 0.314159 -0.0236537
728 0.314159 -0.0190055
728.2 0.314159 0.0104095
728.4 0.314159 0.0261791
728.6 0.314159 -0.00330944
728.8 0.314159 -0.0596831
729 0.314159 -0.0889108
729.2 0.314159 -0.0642237
729.4 0.314159 -0.0223996
729.6 0.314159 -0.0234852
729.8 0.314159 -0.0769945
730 0.314159 -0.123677
730.2 0.314159 -0.0993209
730.4 0.314159 -0.00866778
730.6 0.314159 0.0763425
730.8 0.314159 0.0913329
731 0.314159 0.0411033
731.2 0.314159 -0.0161359
731.4 0.314159 -0.0340537
731.6 0.314159 -0.0149888
731.8 0.314159 0.0123633
732 0.314159 0.0310695
732.2 0.314159 0.0408211
732.4 0.314159 0.0380678
732.6 0.314159 0.0145338
732.8 0.314159 -0.018761
733 0.314159 -0.0242547
733.2 0.314159 0.0247937
733.4 0.314159 0.100456
733.6 0.314159 0.132518
733.8 0.314159 0.0783453
734 0.314159 -0.0252144
734.2 0.314159 -0.0932343
734.4 0.314159 -0.079121
734.6 0.314159 -0.0203032
734.8 0.314159 0.00819188
735 0.314159 -0.0222666
735.2 0.314159 -0.0672807
735.4 0.314159 -0.0657949
735.6 0.314159 -0.00968731
735.8 0.314159 0.0515225
736 0.314159 0.0678616
736.2 0.314159 0.0378053
736.4 0.314159 -0.00134083
736.6 0.314159 -0.018669
736.8 0.314159 -0.0145759
737 0.314159 -0.0062117
737.2 0.314159 -0.00343398
737.4 0.314159 -0.00519784
737.6 0.314159 -0.0100523
737.8 0.314159 -0.0179678
738 0.314159 -0.0225829
738.2 0.314159 -0.013234
738.4 0.314159 0.00932861
738.6 0.314159 0.0269165
738.8 0.314159 0.0241444
739 0.314159 0.0132564
739.2 0.314159 0.0265717
739.4 0.314159 0.0764985
739.6 0.314159 0.129984
739.8 0.314159 0.135596
740 0.314159 0.0789042
740.2 0.314159 0.00247413
740.4 0.314159 -0.0368244
740.6 0.314159 -0.0259611
740.8 0.314159 -0.00224221
741 0.314159 -0.00283037
741.2 0.314159 -0.0205712
741.4 0.314159 -0.0201671
741.6 0.314159 0.00808757
741.8 0.314159 0.0281464
742 0.314159 0.00080934
742.2 0.314159 -0.0619339
742.4 0.314159 -0.100735
742.6 0.314159 -0.0717771
742.8 0.314159 0.00353462
743 0.314159 0.0612163
743.2 0.314159 0.0646134
743.4 0.314159 0.0408877
743.6 0.314159 0.0433958
743.8 0.314159 0.0862227
744 0.314159 0.127915
744.2 0.314159 0.121668
744.4 0.314159 0.0713799
744.6 0.314159 0.0279318
744.8 0.314159 0.0311271
745 0.314159 0.0652432
745.2 0.314159 0.0783571
745.4 0.314159 0.042471
745.6 0.314159 -0.0136112
745.8 0.314159 -0.0341888
746 0.314159 0.00493389
746.2 0.314159 0.0717315
746.4 0.314159 0.11024
746.6 0.314159 0.0926061
746.8 0.314159 0.0379138
747 0.314159 -0.0149606
747.2 0.314159 -0.0457716
747.4 0.314159 -0.0623963
747.6 0.314159 -0.0781757
747.8 0.314159 -0.0888147
748 0.314159 -0.0764005
748.2 0.314159 -0.0341315
748.4 0.314159 0.0189274
748.6 0.314159 0.0517009
748.8 0.314159 0.0495181
749 0.314159 0.0265357
749.2 0.314159 0.00962381
749.4 0.314159 0.0118151
749.6 0.314159 0.0234727
749.8 0.314159 0.0278705
750 0.314159 0.0206576
750.2 0.314159 0.0109464
750.4 0.314159 0.00576255
750.6 0.314159 2.37754e-05
750.8 0.314159 -0.0141984
751 0.314159 -0.0318101
751.2 0.314159 -0.0356473
751.4 0.314159 -0.0171105
751.6 0.314159 0.00839577
751.8 0.314159 0.0148079
752 0.314159 -0.00264539
752.2 0.314159 -0.0141813
752.4 0.314159 0.0166548
752.6 0.314159 0.0881748
752.8 0.314159 0.149005
753 0.314159 0.140185
753.2 0.314159 0.0541536
753.4 0.314159 -0.0507435
753.6 0.314159 -0.100017
753.8 0.314159 -0.0707948
754 0.314159 -0.0101328
754.2 0.314159 0.0140945
754.4 0.314159 -0.0204853
754.6 0.314159 -0.0740905
754.8 0.314159 -0.0913112
755 0.314159 -0.0585967
755.2 0.314159 -0.0129724
755.4 0.314159 0.00306415
755.6 0.314159 -0.0120689
755.8 0.314159 -0.0214168
756 0.314159 0.00561034
756.2 0.314159 0.0576142
756.4 0.314159 0.0931938
756.6 0.314159 0.0843945
756.8 0.314159 0.042945
757 0.314159 0.00399201
757.2 0.314159 -0.0100786
757.4 0.314159 -0.00585005
757.6 0.314159 -0.00385311
757.8 0.314159 -0.0163254
758 0.314159 -0.0420679
758.2 0.314159 -0.0745548
758.4 0.314159 -0.104436
758.6 0.314159 -0.114473
758.8 0.314159 -0.0852619
759 0.314159 -0.0184479
759.2 0.314159 0.0481125
759.4 0.314159 0.063821
759.6 0.314159 0.0160037
759.8 0.314159 -0.0466766
760 0.314159 -0.0551235
760.2 0.314159 0.00789751
760.4 0.314159 0.0826327
760.6 0.314159 0.0900031
760.8 0.314159 0.0156305
761 0.314159 -0.072221
761.2 0.314159 -0.0941517
761.4 0.314159 -0.0431753
761.6 0.314159 0.0130893
761.8 0.314159 0.012973
762 0.314159 -0.0299636
762.2 0.314159 -0.048629
762.4 0.314159 -0.00797118
762.6 0.314159 0.0484936
762.8 0.314159 0.0478074
763 0.314159 -0.024634
763.2 0.314159 -0.101284
763.4 0.314159 -0.101887
763.6 0.314159 -0.0181223
763.8 0.314159 0.0799681
764 0.314159 0.118301
764.2 0.314159 0.0892374
764.4 0.314159 0.0449408
764.6 0.314159 0.0314385
764.8 0.314159 0.042023
765 0.314159 0.0366008
765.2 0.314159 -0.00426512
765.4 0.314159 -0.0542889
765.6 0.314159 -0.068858
765.8 0.314159 -0.0304748
766 0.314159 0.0344893
766.2 0.314159 0.0792017
766.4 0.314159 0.0746406
766.6 0.314159 0.0310364
766.8 0.314159 -0.0112094
767 0.314159 -0.0133018
767.2 0.314159 0.0292841
767.4 0.314159 0.0798814
767.6 0.314159 0.0908676
767.8 0.314159 0.0493581
768 0.314159 -0.00612345
768.2 0.314159 -0.0213914
768.4 0.314159 0.0163874
768.6 0.314159 0.0617065
768.8 0.314159 0.0572896
769 0.314159 -0.00367031
769.2 0.314159 -0.0688857
769.4 0.314159 -0.0828998
769.6 0.314159 -0.043811
769.8 0.314159 0.00285702
770 0.314159 0.0203266
770.2 0.314159 0.0156765
770.4 0.314159 0.0140782
770.6 0.314159 0.0138268
770.8 0.314159 -0.0116193
771 0.314159 -0.0644723
771.2 0.314159 -0.0968001
771.4 0.314159 -0.0562643
771.6 0.314159 0.0428657
771.8 0.314159 0.115672
772 0.314159 0.0899785
772.2 0.314159 -0.00998341
772.4 0.314159 -0.0796157
772.6 0.314159 -0.040116
772.8 0.314159 0.0795684
773 0.314159 0.174397
773.2 0.314159 0.17161
773.4 0.314159 0.0964635
773.6 0.314159 0.0306213
773.8 0.314159 0.0202845
774 0.314159 0.03853
774.2 0.314159 0.0326678
774.4 0.314159 -0.00918265
774.6 0.314159 -0.0486217
774.8 0.314159 -0.0450916
775 0.314159 0.000917167
775.2 0.314159 0.0537386
775.4 0.314159 0.0799299
775.6 0.314159 0.0719514
775.8 0.314159 0.0420244
776 0.314159 0.00633255
776.2 0.314159 -0.0213726
776.4 0.314159 -0.0310739
776.6 0.314159 -0.0226304
776.8 0.314159 -0.00994086
777 0.314159 -0.0100655
777.2 0.314159 -0.0237264
777.4 0.314159 -0.031516
777.6 0.314159 -0.0154136
777.8 0.314159 0.0174836
778 0.314159 0.0387882
778.2 0.314159 0.0283617
778.4 0.314159 -0.00418832
778.6 0.314159 -0.0305759
778.8 0.314159 -0.0331978
779 0.314159 -0.0186555
779.2 0.314159 -0.00389818
779.4 0.314159 0.00364765
779.6 0.314159 0.00800772
779.8 0.314159 0.0118892
780 0.314159 0.0103777
780.2 0.314159 -0.000671918
780.4 0.314159 -0.0155574
780.6 0.314159 -0.022975
780.8 0.314159 -0.0179172
781 0.314159 -0.00561356
781.2 0.314159 0.00542192
781.4 0.314159 0.0097268
781.6 0.314159 0.00375972
781.8 0.314159 -0.0152459
782 0.314159 -0.0436181
782.2 0.314159 -0.0675178
782.4 0.314159 -0.0735433
782.6 0.314159 -0.0661016
782.8 0.314159 -0.0669426
783 0.314159 -0.08878
783.2 0.314159 -0.110902
783.4 0.314159 -0.0921914
783.6 0.314159 -0.0166439
783.8 0.314159 0.0777321
784 0.314159 0.125104
784.2 0.314159 0.0926684
784.4 0.314159 0.0130581
784.6 0.314159 -0.0466131
784.8 0.314159 -0.0466375
785 0.314159 -0.00404344
785.2 0.314159 0.0348171
785.4 0.314159 0.0431768
785.6 0.314159 0.0334499
785.8 0.314159 0.0354707
786 0.314159 0.0631374
786.2 0.314159 0.101501
786.4 0.314159 0.119721
786.6 0.314159 0.0948572
786.8 0.314159 0.0305527
787 0.314159 -0.0398954
787.2 0.314159 -0.0725663
787.4 0.314159 -0.0472279
787.6 0.314159 0.0100908
787.8 0.314159 0.044391
788 0.314159 0.0214026
788.2 0.314159 -0.0374191
788.4 0.314159 -0.0756685
788.6 0.314159 -0.0608216
788.8 0.314159 -0.0172144
789 0.314159 0.00465562
789.2 0.314159 -0.0130224
789.4 0.314159 -0.0378444
789.6 0.314159 -0.0305031
789.8 0.314159 0.00570138
790 0.314159 0.0299416
790.2 0.314159 0.0151268
790.4 0.314159 -0.020111
790.6 0.314159 -0.0371722
790.8 0.314159 -0.0250221
791 0.314159 -0.00851961
791.2 0.314159 -0.0112976
791.4 0.314159 -0.0261764
791.6 0.314159 -0.0318075
791.8 0.314159 -0.0280149
792 0.314159 -0.0365914
792.2 0.314159 -0.0649279
792.4 0.314159 -0.0861497
792.6 0.314159 -0.070608
792.8 0.314159 -0.0309646
793 0.314159 -0.0167379
793.2 0.314159 -0.0560315
793.4 0.314159 -0.115359
793.6 0.314159 -0.132896
793.8 0.314159 -0.089376
794 0.314159 -0.0297669
794.2 0.314159 -0.00743822
794.4 0.314159 -0.0194184
794.6 0.314159 -0.0139008
794.8 0.314159 0.0392814
795 0.314159 0.103966
795.2 0.314159 0.115891
795.4 0.314159 0.0582943
795.6 0.314159 -0.0161001
795.8 0.314159 -0.0416365
796 0.314159 -0.00671666
796.2 0.314159 0.0424075
796.4 0.314159 0.056268
796.6 0.314159 0.02747
796.8 0.314159 -0.0165442
797 0.314159 -0.0490422
797.2 0.314159 -0.0620136
797.4 0.314159 -0.0584264
797.6 0.314159 -0.0445252
797.8 0.314159 -0.0330283
798 0.314159 -0.0388867
798.2 0.314159 -0.0587385
798.4 0.314159 -0.0613741
798.6 0.314159 -0.0167223
798.8 0.314159 0.0597625
799 0.314159 0.105365
799.2 0.314159 0.0695283
799.4 0.314159 -0.0250114
799.6 0.314159 -0.0940844
799.8 0.314159 -0.0739174
800 0.314159 0.0138868
800.2 0.314159 0.0859542
800.4 0.314159 0.0830068
800.6 0.314159 0.0238702
800.8 0.314159 -0.024636
801 0.314159 -0.018341
801.2 0.314159 0.030873
801.4 0.314159 0.081419
801.6 0.314159 0.103214
801.8 0.314159 0.0901376
802 0.314159 0.0499559
802.2 0.314159 0.000140619
802.4 0.314159 -0.0305948
802.6 0.314159 -0.0178687
802.8 0.314159 0.0290511
803 0.314159 0.0639052
803.2 0.314159 0.04724
803.4 0.314159 -0.00481602
803.6 0.314159 -0.0308568
803.8 0.314159 0.00622419
804 0.314159 0.0688731
804.2 0.314159 0.0802655
804.4 0.314159 0.0123659
804.6 0.314159 -0.0757679
804.8 0.314159 -0.098899
805 0.314159 -0.0378226
805.2 0.314159 0.0425561
805.4 0.314159 0.0676698
805.6 0.314159 0.0302097
805.8 0.314159 -0.016929
806 0.314159 -0.0319425
806.2 0.314159 -0.0266448
806.4 0.314159 -0.0331965
806.6 0.314159 -0.0489788
806.8 0.314159 -0.0374925
807 0.314159 0.0165303
807.2 0.314159 0.0745847
807.4 0.314159 0.0831336
807.6 0.314159 0.0379637
807.8 0.314159 -0.00817707
808 0.314159 -0.0069989
808.2 0.314159 0.028964
808.4 0.314159 0.0437831
808.6 0.314159 0.00679696
808.8 0.314159 -0.0514546
809 0.314159 -0.0765981
809.2 0.314159 -0.0518734
809.4 0.314159 -0.00922092
809.6 0.314159 0.0171832
809.8 0.314159 0.0315439
810 0.314159 0.0608836
810.2 0.314159 0.108233
810.4 0.314159 0.138409
810.6 0.314159 0.116264
810.8 0.314159 0.049126
811 0.314159 -0.0195384
811.2 0.314159 -0.0563188
811.4 0.314159 -0.0660956
811.6 0.314159 -0.0702401
811.8 0.314159 -0.0681821
812 0.314159 -0.0365468
812.2 0.314159 0.0303939
812.4 0.314159 0.092782
812.6 0.314159 0.0935261
812.8 0.314159 0.0180709
813 0.314159 -0.0827888
813.2 0.314159 -0.13789
813.4 0.314159 -0.122139
813.6 0.314159 -0.0723709
813.8 0.314159 -0.038672
814 0.314159 -0.0313155
814.2 0.314159 -0.0240868
814.4 0.314159 -0.00312213
814.6 0.314159 0.00704625
814.8 0.314159 -0.0220255
815 0.314159 -0.0718932
815.2 0.314159 -0.0831728
815.4 0.314159 -0.0239785
815.6 0.314159 0.0590564
815.8 0.314159 0.0795163
816 0.314159 0.00749026
816.2 0.314159 -0.0865982
816.4 0.314159 -0.10156
816.6 0.314159 -0.0172061
816.8 0.314159 0.0805091
817 0.314159 0.0948007
817.2 0.314159 0.0267554
817.4 0.314159 -0.0303154
817.6 0.314159 -0.00496867
817.8 0.314159 0.0659428
818 0.314159 0.0827512
818.2 0.314159 0.00618533
818.4 0.314159 -0.0909875
818.6 0.314159 -0.107177
818.8 0.314159 -0.0300059
819 0.314159 0.0519989
819.2 0.314159 0.0549534
819.4 0.314159 -0.00676243
819.6 0.314159 -0.047868
819.8 0.314159 -0.018803
820 0.314159 0.0414989
820.2 0.314159 0.0628939
820.4 0.314159 0.0293288
820.6 0.314159 -0.0147063
820.8 0.314159 -0.0317087
821 0.314159 -0.0336077
821.2 0.314159 -0.0458124
821.4 0.314159 -0.054018
821.6 0.314159 -0.0190369
821.8 0.314159 0.0559201
822 0.314159 0.104673
822.2 0.314159 0.0685661
822.4 0.314159 -0.0247501
822.6 0.314159 -0.0820213
822.8 0.314159 -0.0506207
823 0.314159 0.0191587
823.2 0.314159 0.0374637
823.4 0.314159 -0.0112668
823.6 0.314159 -0.0472689
823.8 0.314159 0.00365487
824 0.314159 0.112359
824.2 0.314159 0.173978
824.4 0.314159 0.127524
824.6 0.314159 0.0214236
824.8 0.314159 -0.0492711
825 0.314159 -0.0481764
825.2 0.314159 -0.0177223
825.4 0.314159 -0.00473248
825.6 0.314159 -0.00150763
825.8 0.314159 0.0228547
826 0.314159 0.0576962
826.2 0.314159 0.0541209
826.4 0.314159 -0.00312057
826.6 0.314159 -0.0589278
826.8 0.314159 -0.0490186
827 0.314159 0.0141313
827.2 0.314159 0.0475329
827.4 0.314159 -0.00103884
827.6 0.314159 -0.0823729
827.8 0.314159 -0.10041
828 0.314159 -0.0289711
828.2 0.314159 0.053879
828.4 0.314159 0.0585289
828.6 0.314159 -0.0104302
828.8 0.314159 -0.0643243
829 0.314159 -0.0396058
829.2 0.314159 0.0295897
829.4 0.314159 0.0595959
829.6 0.314159 0.0186711
829.8 0.314159 -0.0429857
830 0.314159 -0.0603884
830.2 0.314159 -0.0259872
830.4 0.314159 0.0168315
830.6 0.314159 0.0339225
830.8 0.314159 0.0300977
831 0.314159 0.0215213
831.2 0.314159 0.00512257
831.4 0.314159 -0.0280585
831.6 0.314159 -0.0626019
831.8 0.314159 -0.0661866
832 0.314159 -0.0310152
832.2 0.314159 0.0100214
832.4 0.314159 0.0206059
832.6 0.314159 0.00333664
832.8 0.314159 -0.0114789
833 0.314159 -0.0143938
833.2 0.314159 -0.0316129
833.4 0.314159 -0.0807233
833.6 0.314159 -0.12938
833.8 0.314159 -0.122998
834 0.314159 -0.054511
834.2 0.314159 0.0152773
834.4 0.314159 0.0217643
834.6 0.314159 -0.0306305
834.8 0.314159 -0.0784086
835 0.314159 -0.0781923
835.2 0.314159 -0.053475
835.4 0.314159 -0.0517961
835.6 0.314159 -0.0751875
835.8 0.314159 -0.0799575
836 0.314159 -0.0437263
836.2 0.314159 -0.00299963
836.4 0.314159 -0.00413705
836.6 0.314159 -0.0335212
836.8 0.314159 -0.0286268
837 0.314159 0.0356554
837.2 0.314159 0.0996445
837.4 0.314159 0.0834591
837.6 0.314159 -0.0103803
837.8 0.314159 -0.0894453
838 0.314159 -0.0767239
838.2 0.314159 -0.00201882
838.4 0.314159 0.035515
838.6 0.314159 -0.0120425
838.8 0.314159 -0.0870952
839 0.314159 -0.102198
839.2 0.314159 -0.0463437
839.4 0.314159 0.0107181
839.6 0.314159 0.0131322
839.8 0.314159 -0.0145629
840 0.314159 -0.0107359
840.2 0.314159 0.0358959
840.4 0.314159 0.0731235
840.6 0.314159 0.0589061
840.8 0.314159 0.0173259
841 0.314159 0.00152171
841.2 0.314159 0.01862
841.4 0.314159 0.0234928
841.6 0.314159 -0.00940446
841.8 0.314159 -0.0388423
842 0.314159 -0.00684979
842.2 0.314159 0.0756052
842.4 0.314159 0.126112
842.6 0.314159 0.086362
842.8 0.314159 -0.00126517
843 0.314159 -0.0367767
843.2 0.314159 0.0219684
843.4 0.314159 0.111154
843.6 0.314159 0.137042
843.8 0.314159 0.0809382
844 0.314159 0.00847191
844.2 0.314159 -0.0171716
844.4 0.314159 -0.00411153
844.6 0.314159 -0.00403932
844.8 0.314159 -0.0375659
845 0.314159 -0.073146
845.2 0.314159 -0.0774227
845.4 0.314159 -0.0595025
845.6 0.314159 -0.0497524
845.8 0.314159 -0.0507428
846 0.314159 -0.0349955
846.2 0.314159 0.00713132
846.4 0.314159 0.0413497
846.6 0.314159 0.028604
846.8 0.314159 -0.0206263
847 0.314159 -0.0534733
847.2 0.314159 -0.0390611
847.4 0.314159 -0.00593428
847.6 0.314159 -0.0008944
847.8 0.314159 -0.0226273
848 0.314159 -0.0201327
848.2 0.314159 0.0380625
848.4 0.314159 0.11341
848.6 0.314159 0.134841
848.8 0.314159 0.080965
849 0.314159 0.00475353
849.2 0.314159 -0.0296688
849.4 0.314159 -0.0188652
849.6 0.314159 -0.0130717
849.8 0.314159 -0.0445025
850 0.314159 -0.0844134
850.2 0.314159 -0.0809989
850.4 0.314159 -0.026767
850.6 0.314159 0.0293472
850.8 0.314159 0.036814
851 0.314159 -0.00406931
851.2 0.314159 -0.0502695
851.4 0.314159 -0.0656637
851.6 0.314159 -0.0506318
851.8 0.314159 -0.0274712
852 0.314159 -0.0132695
852.2 0.314159 -0.0133902
852.4 0.314159 -0.0288397
852.6 0.314159 -0.0542652
852.8 0.314159 -0.0701353
853 0.314159 -0.0526739
853.2 0.314159 -0.00125019
853.4 0.314159 0.0514518
853.6 0.314159 0.0681288
853.8 0.314159 0.0455264
854 0.314159 0.0154846
854.2 0.314159 0.0062031
854.4 0.314159 0.0132816
854.6 0.314159 0.0166333
854.8 0.314159 0.0154233
855 0.314159 0.027135
855.2 0.314159 0.0489612
855.4 0.314159 0.0405841
855.6 0.314159 -0.0323861
855.8 0.314159 -0.139409
856 0.314159 -0.191903
856.2 0.314159 -0.12737
856.4 0.314159 0.0177964
856.6 0.314159 0.134709
856.8 0.314159 0.145898
857 0.314159 0.0739155
857.2 0.314159 0.00319904
857.4 0.314159 -0.0144419
857.6 0.314159 -0.00117883
857.8 0.314159 -0.0047279
858 0.314159 -0.0318726
858.2 0.314159 -0.0467255
858.4 0.314159 -0.0263331
858.6 0.314159 0.00537156
858.8 0.314159 0.00902977
859 0.314159 -0.0183269
859.2 0.314159 -0.0402318
859.4 0.314159 -0.0288874
859.6 0.314159 0.000199341
859.8 0.314159 0.0112526
860 0.314159 -0.00398958
860.2 0.314159 -0.0171809
860.4 0.314159 -0.00357666
860.6 0.314159 0.0229727
860.8 0.314159 0.0266634
861 0.314159 -0.00381771
861.2 0.314159 -0.0389437
861.4 0.314159 -0.0432339
861.6 0.314159 -0.0179211
861.8 0.314159 0.000450431
862 0.314159 -0.017437
862.2 0.314159 -0.0600109
862.4 0.314159 -0.0860368
862.6 0.314159 -0.0646079
862.8 0.314159 -0.00164217
863 0.314159 0.0670681
863.2 0.314159 0.102044
863.4 0.314159 0.0825764
863.6 0.314159 0.0159652
863.8 0.314159 -0.0666072
864 0.314159 -0.127068
864.2 0.314159 -0.144812
864.4 0.314159 -0.129974
864.6 0.314159 -0.110365
864.8 0.314159 -0.10259
865 0.314159 -0.0986306
865.2 0.314159 -0.0832066
865.4 0.314159 -0.0590806
865.6 0.314159 -0.0456052
865.8 0.314159 -0.0504391
866 0.314159 -0.0528576
866.2 0.314159 -0.0258831
866.4 0.314159 0.0265485
866.6 0.314159 0.0662347
866.8 0.314159 0.0610609
867 0.314159 0.021804
867.2 0.314159 -0.0113122
867.4 0.314159 -0.0174578
867.6 0.314159 -0.0176183
867.8 0.314159 -0.0404982
868 0.314159 -0.0750717
868.2 0.314159 -0.0740976
868.4 0.314159 -0.0110461
868.6 0.314159 0.0770213
868.8 0.314159 0.116829
869 0.314159 0.0701682
869.2 0.314159 -0.0290261
869.4 0.314159 -0.110763
869.6 0.314159 -0.133627
869.8 0.314159 -0.108184
870 0.314159 -0.0661025
870.2 0.314159 -0.0241818
870.4 0.314159 0.0154299
870.6 0.314159 0.0445002
870.8 0.314159 0.0484692
871 0.314159 0.0298396
871.2 0.314159 0.0165147
871.4 0.314159 0.0328977
871.6 0.314159 0.0666464
871.8 0.314159 0.0784425
872 0.314159 0.0492959
872.2 0.314159 0.00743898
872.4 0.314159 -0.00303118
872.6 0.314159 0.0240686
872.8 0.314159 0.0486523
873 0.314159 0.0341302
873.2 0.314159 -0.00626217
873.4 0.314159 -0.0261429
873.6 0.314159 -0.00547395
873.8 0.314159 0.023385
874 0.314159 0.0177021
874.2 0.314159 -0.0185688
874.4 0.314159 -0.0375495
874.6 0.314159 -0.00929093
874.8 0.314159 0.0359015
875 0.314159 0.0419831
875.2 0.314159 -0.000640263
875.4 0.314159 -0.036083
875.6 0.314159 -0.00594559
875.8 0.314159 0.0784157
876 0.314159 0.142035
876.2 0.314159 0.127183
876.4 0.314159 0.0562302
876.6 0.314159 0.00505133
876.8 0.314159 0.0196853
877 0.314159 0.07168
877.2 0.314159 0.0970903
877.4 0.314159 0.0677683
877.6 0.314159 0.0139855
877.8 0.314159 -0.0176325
878 0.314159 -0.013238
878.2 0.314159 0.00570174
878.4 0.314159 0.0168789
878.6 0.314159 0.0190102
878.8 0.314159 0.0192508
879 0.314159 0.0133861
879.2 0.314159 -0.00931384
879.4 0.314159 -0.044534
879.6 0.314159 -0.0685263
879.8 0.314159 -0.0617567
880 0.314159 -0.032245
880.2 0.314159 -0.00864259
880.4 0.314159 -0.0102005
880.6 0.314159 -0.0287634
880.8 0.314159 -0.041713
881 0.314159 -0.037622
881.2 0.314159 -0.0252649
881.4 0.314159 -0.0201827
881.6 0.314159 -0.0280542
881.8 0.314159 -0.0414072
882 0.314159 -0.0470501
882.2 0.314159 -0.0343158
882.4 0.314159 -0.00191895
882.6 0.314159 0.0358982
882.8 0.314159 0.052218
883 0.314159 0.0277641
883.2 0.314159 -0.0234633
883.4 0.314159 -0.0546418
883.6 0.314159 -0.0257132
883.8 0.314159 0.0511892
884 0.314159 0.112959
884.2 0.314159 0.103684
884.4 0.314159 0.034208
884.6 0.314159 -0.0233172
884.8 0.314159 -0.00654708
885 0.314159 0.0732293
885.2 0.314159 0.142388
885.4 0.314159 0.13923
885.6 0.314159 0.0715925
885.8 0.314159 0.00026903
886 0.314159 -0.025812
886.2 0.314159 -0.00982064
886.4 0.314159 0.0137237
886.6 0.314159 0.0251985
886.8 0.314159 0.035314
887 0.314159 0.0595833
887.2 0.314159 0.0915537
887.4 0.314159 0.108634
887.6 0.314159 0.0986063
887.8 0.314159 0.0711117
888 0.314159 0.0430823
888.2 0.314159 0.0216289
888.4 0.314159 0.00625959
888.6 0.314159 0.000943925
888.8 0.314159 0.0122404
889 0.314159 0.0328792
889.2 0.314159 0.0371393
889.4 0.314159 0.00436026
889.6 0.314159 -0.0512538
889.8 0.314159 -0.0828272
890 0.314159 -0.0514144
890.2 0.314159 0.033156
890.4 0.314159 0.115109
890.6 0.314159 0.139142
890.8 0.314159 0.0960109
891 0.314159 0.0253193
891.2 0.314159 -0.0224378
891.4 0.314159 -0.0260874
891.6 0.314159 -0.00238714
891.8 0.314159 0.0166727
892 0.314159 0.0118032
892.2 0.314159 -0.0130391
892.4 0.314159 -0.0402098
892.6 0.314159 -0.0550692
892.8 0.314159 -0.0555968
893 0.314159 -0.0490972
893.2 0.314159 -0.0409494
893.4 0.314159 -0.0269292
893.6 0.314159 0.00183272
893.8 0.314159 0.0448363
894 0.314159 0.0844179
894.2 0.314159 0.0964887
894.4 0.314159 0.0726349
894.6 0.314159 0.0310983
894.8 0.314159 0.00231146
895 0.314159 0.00141952
895.2 0.314159 0.0154289
895.4 0.314159 0.0184837
895.6 0.314159 -0.0015419
895.8 0.314159 -0.0333331
896 0.314159 -0.0570864
896.2 0.314159 -0.0643859
896.4 0.314159 -0.0603589
896.6 0.314159 -0.0497146
896.8 0.314159 -0.0284161
897 0.314159 0.00622535
897.2 0.314159 0.0408318
897.4 0.314159 0.0498975
897.6 0.314159 0.020154
897.8 0.314159 -0.0308041
898 0.314159 -0.0662221
898.2 0.314159 -0.064418
898.4 0.314159 -0.0395018
898.6 0.314159 -0.0241566
898.8 0.314159 -0.0317993
899 0.314159 -0.0412654
899.2 0.314159 -0.0242768
899.4 0.314159 0.0136825
899.6 0.314159 0.0293142
899.8 0.314159 -0.0130906
900 0.314159 -0.0933814
900.2 0.314159 -0.143403
900.4 0.314159 -0.113439
900.6 0.314159 -0.0298894
900.8 0.314159 0.0244105
901 0.314159 -0.00436393
901.2 0.314159 -0.0784293
901.4 0.314159 -0.102878
901.6 0.314159 -0.0279919
901.8 0.314159 0.0904057
902 0.314159 0.143592
902.2 0.314159 0.0844907
902.4 0.314159 -0.0205029
902.6 0.314159 -0.0617404
902.8 0.314159 -0.00296673
903 0.314159 0.0841126
903.2 0.314159 0.103411
903.4 0.314159 0.0399031
903.6 0.314159 -0.0312045
903.8 0.314159 -0.0360142
904 0.314159 0.0162417
904.2 0.314159 0.0532678
904.4 0.314159 0.0309566
904.6 0.314159 -0.0161614
904.8 0.314159 -0.0218014
905 0.314159 0.0301471
905.2 0.314159 0.0875568
905.4 0.314159 0.0926005
905.6 0.314159 0.0455412
905.8 0.314159 -0.00297478
906 0.314159 -0.0120298
906.2 0.314159 0.013069
906.4 0.314159 0.042933
906.6 0.314159 0.0629007
906.8 0.314159 0.0759796
907 0.314159 0.0774935
907.2 0.314159 0.0503393
907.4 0.314159 -0.00561242
907.6 0.314159 -0.0546728
907.8 0.314159 -0.0556625
908 0.314159 -0.0113872
908.2 0.314159 0.0285013
908.4 0.314159 0.0243515
908.6 0.314159 -0.00378301
908.8 0.314159 0.000813153
909 0.314159 0.0590749
909.2 0.314159 0.123236
909.4 0.314159 0.128079
909.6 0.314159 0.0668607
909.8 0.314159 -0.000348313
910 0.314159 -0.0158245
910.2 0.314159 0.0130955
910.4 0.314159 0.03176
910.6 0.314159 0.00908967
910.8 0.314159 -0.0285251
911 0.314159 -0.0380279
911.2 0.314159 -0.0170896
911.4 0.314159 -0.00337367
911.6 0.314159 -0.0211872
911.8 0.314159 -0.0493542
912 0.314159 -0.0518486
912.2 0.314159 -0.0269493
912.4 0.314159 -0.00695178
912.6 0.314159 -0.010125
912.8 0.314159 -0.0137907
913 0.314159 0.0106496
913.2 0.314159 0.047078
913.4 0.314159 0.0427253
913.6 0.314159 -0.0252644
913.8 0.314159 -0.107779
914 0.314159 -0.127566
914.2 0.314159 -0.0656351
914.4 0.314159 0.0125188
914.6 0.314159 0.0268047
914.8 0.314159 -0.0298137
915 0.314159 -0.0869512
915.2 0.314159 -0.079148
915.4 0.314159 -0.018154
915.6 0.314159 0.0263666
915.8 0.314159 0.010221
916 0.314159 -0.0364734
916.2 0.314159 -0.0470135
916.4 0.314159 0.00590083
916.6 0.314159 0.0815635
916.8 0.314159 0.115127
917 0.314159 0.0801176
917.2 0.314159 0.00725725
917.4 0.314159 -0.048451
917.6 0.314159 -0.0518166
917.8 0.314159 -0.00674095
918 0.314159 0.052286
918.2 0.314159 0.0820819
918.4 0.314159 0.0558896
918.6 0.314159 -0.0166631
918.8 0.314159 -0.0899141
919 0.314159 -0.111639
919.2 0.314159 -0.0646707
919.4 0.314159 0.016728
919.6 0.314159 0.0743932
919.8 0.314159 0.0737019
920 0.314159 0.0266613
920.2 0.314159 -0.0264565
920.4 0.314159 -0.0530405
920.6 0.314159 -0.0469815
920.8 0.314159 -0.0223007
921 0.314159 0.00123166
921.2 0.314159 0.00695544
921.4 0.314159 -0.0120745
921.6 0.314159 -0.044956
921.8 0.314159 -0.063753
922 0.314159 -0.043383
922.2 0.314159 0.0122864
922.4 0.314159 0.067755
922.6 0.314159 0.0860808
922.8 0.314159 0.0631795
923 0.314159 0.0288946
923.2 0.314159 0.0140638
923.4 0.314159 0.0214637
923.6 0.314159 0.031848
923.8 0.314159 0.0323294
924 0.314159 0.029384
924.2 0.314159 0.033393
924.4 0.314159 0.0406601
924.6 0.314159 0.0397429
924.8 0.314159 0.0316128
925 0.314159 0.0312088
925.2 0.314159 0.0440342
925.4 0.314159 0.0506289
925.6 0.314159 0.0268447
925.8 0.314159 -0.0204795
926 0.314159 -0.0505561
926.2 0.314159 -0.0310678
926.4 0.314159 0.0211147
926.6 0.314159 0.053504
926.8 0.314159 0.0357984
927 0.314159 -0.00485999
927.2 0.314159 -0.0149844
927.4 0.314159 0.0221845
927.6 0.314159 0.0659875
927.8 0.314159 0.0648405
928 0.314159 0.0148829
928.2 0.314159 -0.036852
928.4 0.314159 -0.045352
928.6 0.314159 -0.012443
928.8 0.314159 0.0249189
929 0.314159 0.0399618
929.2 0.314159 0.0370883
929.4 0.314159 0.0302816
929.6 0.314159 0.0182712
929.8 0.314159 -0.00605802
930 0.314159 -0.0291486
930.2 0.314159 -0.019718
930.4 0.314159 0.0318476
930.6 0.314159 0.0871605
930.8 0.314159 0.089865
931 0.314159 0.0262496
931.2 0.314159 -0.0536851
931.4 0.314159 -0.0846207
931.6 0.314159 -0.0515406
931.8 0.314159 0.00156098
932 0.314159 0.0266785
932.2 0.314159 0.0231645
932.4 0.314159 0.02657
932.6 0.314159 0.0556058
932.8 0.314159 0.087479
933 0.314159 0.0908279
933.2 0.314159 0.0697486
933.4 0.314159 0.0590542
933.6 0.314159 0.0766071
933.8 0.314159 0.0962879
934 0.314159 0.0790605
934.2 0.314159 0.0237418
934.4 0.314159 -0.0282401
934.6 0.314159 -0.0414549
934.8 0.314159 -0.0269071
935 0.314159 -0.022846
935.2 0.314159 -0.0415673
935.4 0.314159 -0.052267
935.6 0.314159 -0.0236562
935.8 0.314159 0.0287676
936 0.314159 0.0543607
936.2 0.314159 0.0273391
936.4 0.314159 -0.0191712
936.6 0.314159 -0.0294844
936.8 0.314159 0.0107224
937 0.314159 0.0606717
937.2 0.314159 0.076601
937.4 0.314159 0.0640725
937.6 0.314159 0.0655281
937.8 0.314159 0.099873
938 0.314159 0.130834
938.2 0.314159 0.105281
938.4 0.314159 0.0171279
938.6 0.314159 -0.0782269
938.8 0.314159 -0.115277
939 0.314159 -0.0774421
939.2 0.314159 -0.00408611
939.4 0.314159 0.0522992
939.6 0.314159 0.0672628
939.8 0.314159 0.0489532
940 0.314159 0.0182862
940.2 0.314159 -0.00646071
940.4 0.314159 -0.0141544
940.6 0.314159 -0.0051882
940.8 0.314159 0.00514471
941 0.314159 -0.00194952
941.2 0.314159 -0.0252185
941.4 0.314159 -0.0362732
941.6 0.314159 -0.00745273
941.8 0.314159 0.0516158
942 0.314159 0.0957596
942.2 0.314159 0.0910295
942.4 0.314159 0.0543791
942.6 0.314159 0.0355128
942.8 0.314159 0.0586154
943 0.314159 0.0943012
943.2 0.314159 0.0974786
943.4 0.314159 0.0640423
943.6 0.314159 0.0332261
943.8 0.314159 0.0314527
944 0.314159 0.0317164
944.2 0.314159 -0.0139027
944.4 0.314159 -0.105285
944.6 0.314159 -0.178661
944.8 0.314159 -0.172186
945 0.314159 -0.0970269
945.2 0.314159 -0.0264187
945.4 0.314159 -0.0126723
945.6 0.314159 -0.0317623
945.8 0.314159 -0.0218665
946 0.314159 0.0335679
946.2 0.314159 0.0816385
946.4 0.314159 0.064252
946.6 0.314159 -0.00912082
946.8 0.314159 -0.069102
947 0.314159 -0.0631519
947.2 0.314159 -0.00909743
947.4 0.314159 0.0336672
947.6 0.314159 0.0329086
947.8 0.314159 0.00942576
948 0.314159 -0.000185864
948.2 0.314159 0.0129156
948.4 0.314159 0.0320577
948.6 0.314159 0.0465007
948.8 0.314159 0.0608934
949 0.314159 0.0731302
949.2 0.314159 0.0629669
949.4 0.314159 0.018494
949.6 0.314159 -0.0334635
949.8 0.314159 -0.0442564
950 0.314159 0.000566079
950.2 0.314159 0.0534401
950.4 0.314159 0.0488181
950.6 0.314159 -0.0239765
950.8 0.314159 -0.103165
951 0.314159 -0.115894
951.2 0.314159 -0.0523524
951.4 0.314159 0.0275902
951.6 0.314159 0.0570849
951.8 0.314159 0.0225691
952 0.314159 -0.0369288
952.2 0.314159 -0.0761953
952.4 0.314159 -0.0794372
952.6 0.314159 -0.0575178
952.8 0.314159 -0.0281769
953 0.314159 -0.00690096
953.2 0.314159 -0.00602602
953.4 0.314159 -0.0270045
953.6 0.314159 -0.0514915
953.8 0.314159 -0.0519476
954 0.314159 -0.0200181
954.2 0.314159 0.0196138
954.4 0.314159 0.0327516
954.6 0.314159 0.0135158
954.8 0.314159 -0.00878174
955 0.314159 -0.003415
955.2 0.314159 0.0278284
955.4 0.314159 0.057038
955.6 0.314159 0.0653853
955.8 0.314159 0.0601797
956 0.314159 0.0543734
956.2 0.314159 0.0418181
956.4 0.314159 0.00707757
956.6 0.314159 -0.0414171
956.8 0.314159 -0.063871
957 0.314159 -0.0270519
957.2 0.314159 0.0528032
957.4 0.314159 0.116149
957.6 0.314159 0.113873
957.8 0.314159 0.0510741
958 0.314159 -0.0244723
958.2 0.314159 -0.0709371
958.4 0.314159 -0.0830011
958.6 0.314159 -0.078726
958.8 0.314159 -0.0696069
959 0.314159 -0.0514501
959.2 0.314159 -0.0188845
959.4 0.314159 0.0219101
959.6 0.314159 0.0569637
959.8 0.314159 0.0743839
960 0.314159 0.0677478
960.2 0.314159 0.0373883
960.4 0.314159 -0.00409596
960.6 0.314159 -0.0320313
960.8 0.314159 -0.0283545
961 0.314159 -0.00490643
961.2 0.314159 0.00215089
961.4 0.314159 -0.0262322
961.6 0.314159 -0.0588474
961.8 0.314159 -0.0385722
962 0.314159 0.0503119
962.2 0.314159 0.147515
962.4 0.314159 0.166379
962.6 0.314159 0.083457
962.8 0.314159 -0.0313667
963 0.314159 -0.0830641
963.2 0.314159 -0.0463424
963.4 0.314159 0.0170824
963.6 0.314159 0.0341003
963.8 0.314159 -0.000743761
964 0.314159 -0.030012
964.2 0.314159 -0.00707664
964.4 0.314159 0.0523026
964.6 0.314159 0.0954024
964.8 0.314159 0.0941826
965 0.314159 0.0668953
965.2 0.314159 0.043552
965.4 0.314159 0.0284917
965.6 0.314159 0.00679808
965.8 0.314159 -0.023356
966 0.314159 -0.0419818
966.2 0.314159 -0.0334729
966.4 0.314159 -0.00884715
966.6 0.314159 0.00733542
966.8 0.314159 0.00616899
967 0.314159 -0.000805077
967.2 0.314159 -0.00513994
967.4 0.314159 -0.0166783
967.6 0.314159 -0.0464693
967.8 0.314159 -0.0817741
968 0.314159 -0.0919347
968.2 0.314159 -0.0629682
968.4 0.314159 -0.0171319
968.6 0.314159 0.00966574
968.8 0.314159 0.00601134
969 0.314159 -0.00754702
969.2 0.314159 -0.00737222
969.4 0.314159 0.00746389
969.6 0.314159 0.0228207
969.8 0.314159 0.0329341
970 0.314159 0.0432814
970.2 0.314159 0.0516761
970.4 0.314159 0.0421236
970.6 0.314159 0.00822352
970.8 0.314159 -0.0255768
971 0.314159 -0.0231445
971.2 0.314159 0.017992
971.4 0.314159 0.0538369
971.6 0.314159 0.040591
971.8 0.314159 -0.00869577
972 0.314159 -0.0297164
972.2 0.314159 0.0220803
972.4 0.314159 0.114375
972.6 0.314159 0.165383
972.8 0.314159 0.130008
973 0.314159 0.0479218
973.2 0.314159 -0.00109298
973.4 0.314159 0.0164832
973.6 0.314159 0.0575787
973.8 0.314159 0.0589249
974 0.314159 0.0115162
974.2 0.314159 -0.0313508
974.4 0.314159 -0.0176272
974.6 0.314159 0.0432954
974.8 0.314159 0.0897725
975 0.314159 0.0723697
975.2 0.314159 0.00317913
975.4 0.314159 -0.0585109
975.6 0.314159 -0.063895
975.8 0.314159 -0.0166403
976 0.314159 0.036698
976.2 0.314159 0.0518915
976.4 0.314159 0.0234775
976.6 0.314159 -0.0176655
976.8 0.314159 -0.0381608
977 0.314159 -0.0329393
977.2 0.314159 -0.024097
977.4 0.314159 -0.0304451
977.6 0.314159 -0.0414397
977.8 0.314159 -0.0267788
978 0.314159 0.0253404
978.2 0.314159 0.0843285
978.4 0.314159 0.101051
978.6 0.314159 0.0599574
978.8 0.314159 0.00179729
979 0.314159 -0.0141556
979.2 0.314159 0.0277114
979.4 0.314159 0.0811675
979.6 0.314159 0.0860377
979.8 0.314159 0.0300149
980 0.314159 -0.0429874
980.2 0.314159 -0.0826612
980.4 0.314159 -0.0796861
980.6 0.314159 -0.0595784
980.8 0.314159 -0.0412783
981 0.314159 -0.0188617
981.2 0.314159 0.0135103
981.4 0.314159 0.0356101
981.6 0.314159 0.0186998
981.8 0.314159 -0.0311926
982 0.314159 -0.0646299
982.2 0.314159 -0.0368376
982.4 0.314159 0.0401106
982.6 0.314159 0.106493
982.8 0.314159 0.119422
983 0.314159 0.0966869
983.2 0.314159 0.0871086
983.4 0.314159 0.104006
983.6 0.314159 0.105899
983.8 0.314159 0.0510979
984 0.314159 -0.0400337
984.2 0.314159 -0.0947895
984.4 0.314159 -0.0646358
984.6 0.314159 0.0186075
984.8 0.314159 0.0735831
985 0.314159 0.0538141
985.2 0.314159 -0.00763454
985.4 0.314159 -0.0405338
985.6 0.314159 -0.0156777
985.8 0.314159 0.0281318
986 0.314159 0.0329337
986.2 0.314159 -0.0125871
986.4 0.314159 -0.0620786
986.6 0.314159 -0.0621493
986.8 0.314159 -0.00703547
987 0.314159 0.0575087
987.2 0.314159 0.0790812
987.4 0.314159 0.0445076
987.6 0.314159 -0.0142449
987.8 0.314159 -0.0529601
988 0.314159 -0.0529135
988.2 0.314159 -0.0320829
988.4 0.314159 -0.0239297
988.6 0.314159 -0.0445095
988.8 0.314159 -0.0767671
989 0.314159 -0.0861297
989.2 0.314159 -0.0543302
989.4 0.314159 0.000317742
989.6 0.314159 0.0377992
989.8 0.314159 0.0342016
990 0.314159 0.00461432
990.2 0.314159 -0.0135791
990.4 0.314159 -0.00061443
990.6 0.314159 0.0256274
990.8 0.314159 0.0319777
991 0.314159 0.00986362
991.2 0.314159 -0.0126933
991.4 0.314159 -0.00206584
991.6 0.314159 0.0408935
991.8 0.314159 0.0770121
992 0.314159 0.0667381
992.2 0.314159 0.0101686
992.4 0.314159 -0.052331
992.6 0.314159 -0.077266
992.8 0.314159 -0.0536229
993 0.314159 -0.00466687
993.2 0.314159 0.0374779
993.4 0.314159 0.0541739
993.6 0.314159 0.0424502
993.8 0.314159 0.00749263
994 0.314159 -0.0383016
994.2 0.314159 -0.0724979
994.4 0.314159 -0.0714484
994.6 0.314159 -0.031704
994.8 0.314159 0.0188223
995 0.314159 0.0401815
995.2 0.314159 0.018085
995.4 0.314159 -0.019159
995.6 0.314159 -0.0274672
995.8 0.314159 0.00625394
996 0.314159 0.0473818
996.2 0.314159 0.0486192
996.4 0.314159 0.00266478
996.6 0.314159 -0.0444645
996.8 0.314159 -0.0376719
997 0.314159 0.0287333
997.2 0.314159 0.0990269
997.4 0.314159 0.106017
997.6 0.314159 0.0353089
997.8 0.314159 -0.0587259
998 0.314159 -0.100342
998.2 0.314159 -0.059047
998.4 0.314159 0.0247244
998.6 0.314159 0.0749648
998.8 0.314159 0.0435228
999 0.314159 -0.0513896
999.2 0.314159 -0.139755
999.4 0.314159 -0.153806
999.6 0.314159 -0.0797441
999.8 0.314159 0.0314592
1000 0.314159 0.102202
0.2 0.628319 -0.151924
0.4 0.628319 -0.10252
0.6 0.628319 -0.0307566
0.8 0.628319 -0.0273789
1 0.628319 -0.0826929
1.2 0.628319 -0.105183
1.4 0.628319 -0.0461122
1.6 0.628319 0.0342051
1.8 0.628319 0.044452
2 0.628319 -0.0186889
2.2 0.628319 -0.0664737
2.4 0.628319 -0.033608
2.6 0.628319 0.037808
2.8 0.628319 0.0544786
3 0.628319 -0.00634672
3.2 0.628319 -0.0682144
3.4 0.628319 -0.0557148
3.6 0.628319 0.00800606
3.8 0.628319 0.0328293
4 0.628319 -0.019755
4.2 0.628319 -0.0848349
4.4 0.628319 -0.0752823
4.6 0.628319 0.00835188
4.8 0.628319 0.07796
5 0.628319 0.0653385
5.2 0.628319 0.0013094
5.4 0.628319 -0.0278746
5.6 0.628319 0.013988
5.8 0.628319 0.076688
6 0.628319 0.0923631
6.2 0.628319 0.0554601
6.4 0.628319 0.0177218
6.6 0.628319 0.017096
6.8 0.628319 0.037147
7 0.628319 0.0418848
7.2 0.628319 0.0296591
7.4 0.628319 0.0324947
7.6 0.628319 0.0666737
7.8 0.628319 0.104505
8 0.628319 0.104951
8.2 0.628319 0.0624322
8.4 0.628319 0.0128221
8.6 0.628319 -0.00688932
8.8 0.628319 0.00598627
9 0.628319 0.0262974
9.2 0.628319 0.0318315
9.4 0.628319 0.0195446
9.6 0.628319 -0.0020407
9.8 0.628319 -0.0233621
10 0.628319 -0.0345134
10.2 0.628319 -0.0268558
10.4 0.628319 -0.00383178
10.6 0.628319 0.0137406
10.8 0.628319 0.00457471
11 0.628319 -0.026999
11.2 0.628319 -0.0489755
11.4 0.628319 -0.0328997
11.6 0.628319 0.0143893
11.8 0.628319 0.0558159
12 0.628319 0.0611559
12.2 0.628319 0.0346705
12.4 0.628319 0.00569818
12.6 0.628319 -0.0013527
12.8 0.628319 0.0168538
13 0.628319 0.0497715
13.2 0.628319 0.084609
13.4 0.628319 0.108424
13.6 0.628319 0.109295
13.8 0.628319 0.0864916
14 0.628319 0.0579215
14.2 0.628319 0.0465629
14.4 0.628319 0.0539157
14.6 0.628319 0.0531435
14.8 0.628319 0.0171339
15 0.628319 -0.0472301
15.2 0.628319 -0.100348
15.4 0.628319 -0.108604
15.6 0.628319 -0.0772373
15.8 0.628319 -0.0412262
16 0.628319 -0.0283703
16.2 0.628319 -0.0381358
16.4 0.628319 -0.0538399
16.6 0.628319 -0.0634539
16.8 0.628319 -0.0620878
17 0.628319 -0.043655
17.2 0.628319 -0.0057216
17.4 0.628319 0.0348087
17.6 0.628319 0.0448233
17.8 0.628319 0.00746105
18 0.628319 -0.0508234
18.2 0.628319 -0.0788726
18.4 0.628319 -0.0530333
18.6 0.628319 -0.00404526
18.8 0.628319 0.0162293
19 0.628319 -0.00811047
19.2 0.628319 -0.0422372
19.4 0.628319 -0.0432149
19.6 0.628319 -0.00675329
19.8 0.628319 0.0353432
20 0.628319 0.0558807
20.2 0.628319 0.0563632
20.4 0.628319 0.0504389
20.6 0.628319 0.0400202
20.8 0.628319 0.0212161
21 0.628319 0.0060802
21.2 0.628319 0.0175084
21.4 0.628319 0.0539982
21.6 0.628319 0.0739928
21.8 0.628319 0.0350247
22 0.628319 -0.0500763
22.2 0.628319 -0.112509
22.4 0.628319 -0.0954098
22.6 0.628319 -0.0167441
22.8 0.628319 0.0484416
23 0.628319 0.0493765
23.2 0.628319 0.0113217
23.4 0.628319 -0.000262762
23.6 0.628319 0.0426691
23.8 0.628319 0.102552
24 0.628319 0.123764
24.2 0.628319 0.0924782
24.4 0.628319 0.0403534
24.6 0.628319 5.50039e-05
24.8 0.628319 -0.0248269
25 0.628319 -0.044634
25.2 0.628319 -0.0574874
25.4 0.628319 -0.0543058
25.6 0.628319 -0.0434731
25.8 0.628319 -0.0501543
26 0.628319 -0.0821045
26.2 0.628319 -0.10857
26.4 0.628319 -0.0898018
26.6 0.628319 -0.0273293
26.8 0.628319 0.030085
27 0.628319 0.0393942
27.2 0.628319 0.0137451
27.4 0.628319 0.00732295
27.6 0.628319 0.0507262
27.8 0.628319 0.114719
28 0.628319 0.145242
28.2 0.628319 0.12469
28.4 0.628319 0.084692
28.6 0.628319 0.0599482
28.8 0.628319 0.0468465
29 0.628319 0.0197918
29.2 0.628319 -0.0209642
29.4 0.628319 -0.0388857
29.6 0.628319 -0.0069799
29.8 0.628319 0.0487461
30 0.628319 0.0695249
30.2 0.628319 0.0300699
30.4 0.628319 -0.0285403
30.6 0.628319 -0.0429547
30.8 0.628319 0.000124739
31 0.628319 0.0483915
31.2 0.628319 0.0445946
31.4 0.628319 -0.00694419
31.6 0.628319 -0.0453108
31.8 0.628319 -0.0230329
32 0.628319 0.0404306
32.2 0.628319 0.082373
32.4 0.628319 0.0677224
32.6 0.628319 0.0238522
32.8 0.628319 0.000970124
33 0.628319 0.00836279
33.2 0.628319 0.0046142
33.4 0.628319 -0.0452949
33.6 0.628319 -0.114887
33.8 0.628319 -0.133601
34 0.628319 -0.0640304
34.2 0.628319 0.046917
34.4 0.628319 0.105829
34.6 0.628319 0.0647134
34.8 0.628319 -0.0307667
35 0.628319 -0.0894079
35.2 0.628319 -0.0666251
35.4 0.628319 -0.00142114
35.6 0.628319 0.0366101
35.8 0.628319 0.0239722
36 0.628319 -0.0035147
36.2 0.628319 -0.0070862
36.4 0.628319 0.00599599
36.6 0.628319 0.00229515
36.8 0.628319 -0.020355
37 0.628319 -0.0200284
37.2 0.628319 0.0333028
37.4 0.628319 0.103734
37.6 0.628319 0.115498
37.8 0.628319 0.0395647
38 0.628319 -0.0621694
38.2 0.628319 -0.0964976
38.4 0.628319 -0.0397588
38.6 0.628319 0.0377632
38.8 0.628319 0.0543195
39 0.628319 0.00867276
39.2 0.628319 -0.0272847
39.4 0.628319 -0.00297706
39.6 0.628319 0.0474109
39.8 0.628319 0.050012
40 0.628319 -0.0137495
40.2 0.628319 -0.0824664
40.4 0.628319 -0.0909605
40.6 0.628319 -0.0505005
40.8 0.628319 -0.0314543
41 0.628319 -0.0704841
41.2 0.628319 -0.120103
41.4 0.628319 -0.105652
41.6 0.628319 -0.0200551
41.8 0.628319 0.0611996
42 0.628319 0.0644788
42.2 0.628319 0.00065689
42.4 0.628319 -0.0508776
42.6 0.628319 -0.033589
42.8 0.628319 0.0290265
43 0.628319 0.0715766
43.2 0.628319 0.0655803
43.4 0.628319 0.0437475
43.6 0.628319 0.0495027
43.8 0.628319 0.080943
44 0.628319 0.0954645
44.2 0.628319 0.0618893
44.4 0.628319 -0.00502983
44.6 0.628319 -0.0618546
44.8 0.628319 -0.0771976
45 0.628319 -0.0515096
45.2 0.628319 -0.00713751
45.4 0.628319 0.0297452
45.6 0.628319 0.0411054
45.8 0.628319 0.0261944
46 0.628319 0.00598665
46.2 0.628319 0.0089938
46.4 0.628319 0.0399902
46.6 0.628319 0.0646683
46.8 0.628319 0.0395881
47 0.628319 -0.0351606
47.2 0.628319 -0.102735
47.4 0.628319 -0.103162
47.6 0.628319 -0.0408023
47.8 0.628319 0.0146798
48 0.628319 0.00323228
48.2 0.628319 -0.0569518
48.4 0.628319 -0.08823
48.6 0.628319 -0.040904
48.8 0.628319 0.0511804
49 0.628319 0.110401
49.2 0.628319 0.101801
49.4 0.628319 0.0649569
49.6 0.628319 0.0590167
49.8 0.628319 0.0921282
50 0.628319 0.118829
50.2 0.628319 0.100795
50.4 0.628319 0.0512024
50.6 0.628319 0.0112198
50.8 0.628319 -0.00399118
51 0.628319 -0.0180068
51.2 0.628319 -0.0521423
51.4 0.628319 -0.0893315
51.6 0.628319 -0.0924753
51.8 0.628319 -0.0530611
52 0.628319 -0.00569298
52.2 0.628319 0.0111231
52.4 0.628319 -0.00203432
52.6 0.628319 -0.0127372
52.8 0.628319 -0.00277598
53 0.628319 0.00768744
53.2 0.628319 -0.0108982
53.4 0.628319 -0.0533139
53.6 0.628319 -0.0782369
53.8 0.628319 -0.0538811
54 0.628319 0.0042532
54.2 0.628319 0.0490993
54.4 0.628319 0.0522753
54.6 0.628319 0.0301977
54.8 0.628319 0.018844
55 0.628319 0.0309934
55.2 0.628319 0.0463682
55.4 0.628319 0.0415794
55.6 0.628319 0.0196621
55.8 0.628319 0.00398987
56 0.628319 0.00745278
56.2 0.628319 0.01657
56.4 0.628319 0.00930312
56.6 0.628319 -0.0162692
56.8 0.628319 -0.0371012
57 0.628319 -0.0297043
57.2 0.628319 0.0037748
57.4 0.628319 0.0358806
57.6 0.628319 0.0389512
57.8 0.628319 0.00915193
58 0.628319 -0.0315297
58.2 0.628319 -0.05306
58.4 0.628319 -0.0376517
58.6 0.628319 0.0104801
58.8 0.628319 0.0673374
59 0.628319 0.0999637
59.2 0.628319 0.0835897
59.4 0.628319 0.0197625
59.6 0.628319 -0.0573741
59.8 0.628319 -0.0985371
60 0.628319 -0.0746716
60.2 0.628319 -0.00313603
60.4 0.628319 0.0622159
60.6 0.628319 0.074386
60.8 0.628319 0.0334813
61 0.628319 -0.0145302
61.2 0.628319 -0.0213495
61.4 0.628319 0.0188775
61.6 0.628319 0.0667744
61.8 0.628319 0.0780351
62 0.628319 0.0446702
62.2 0.628319 -0.00343077
62.4 0.628319 -0.0334857
62.6 0.628319 -0.0406719
62.8 0.628319 -0.0432753
63 0.628319 -0.0532223
63.2 0.628319 -0.0592566
63.4 0.628319 -0.0415987
63.6 0.628319 0.00133648
63.8 0.628319 0.0460426
64 0.628319 0.0636874
64.2 0.628319 0.0438423
64.4 0.628319 -0.000624758
64.6 0.628319 -0.0461663
64.8 0.628319 -0.0720247
65 0.628319 -0.0665283
65.2 0.628319 -0.0318516
65.4 0.628319 0.0111239
65.6 0.628319 0.0292529
65.8 0.628319 0.00185048
66 0.628319 -0.0542778
66.2 0.628319 -0.0903105
66.4 0.628319 -0.0668263
66.6 0.628319 0.00541823
66.8 0.628319 0.0697657
67 0.628319 0.0737783
67.2 0.628319 0.0159854
67.4 0.628319 -0.0581063
67.6 0.628319 -0.103267
67.8 0.628319 -0.112087
68 0.628319 -0.105561
68.2 0.628319 -0.0965058
68.4 0.628319 -0.074786
68.6 0.628319 -0.0308819
68.8 0.628319 0.0172099
69 0.628319 0.0341232
69.2 0.628319 0.00686416
69.4 0.628319 -0.0342079
69.6 0.628319 -0.0425693
69.8 0.628319 -0.00310353
70 0.628319 0.0536241
70.2 0.628319 0.0860086
70.4 0.628319 0.0839937
70.6 0.628319 0.0716275
70.8 0.628319 0.0713492
71 0.628319 0.0767648
71.2 0.628319 0.0662816
71.4 0.628319 0.0362157
71.6 0.628319 0.00756873
71.8 0.628319 -0.00318225
72 0.628319 -0.00879727
72.2 0.628319 -0.0336719
72.4 0.628319 -0.0722375
72.6 0.628319 -0.0807138
72.8 0.628319 -0.0254741
73 0.628319 0.062287
73.2 0.628319 0.0980808
73.4 0.628319 0.0265894
73.6 0.628319 -0.107961
73.8 0.628319 -0.189096
74 0.628319 -0.13913
74.2 0.628319 -0.00267953
74.4 0.628319 0.0908324
74.6 0.628319 0.054542
74.8 0.628319 -0.0688215
75 0.628319 -0.152428
75.2 0.628319 -0.116018
75.4 0.628319 -0.00390447
75.6 0.628319 0.069236
75.8 0.628319 0.0416476
76 0.628319 -0.0371424
76.2 0.628319 -0.0699711
76.4 0.628319 -0.0201056
76.6 0.628319 0.0560961
76.8 0.628319 0.0802043
77 0.628319 0.0387784
77.2 0.628319 -0.0107427
77.4 0.628319 -0.0130913
77.6 0.628319 0.0233463
77.8 0.628319 0.0451165
78 0.628319 0.0228004
78.2 0.628319 -0.0143987
78.4 0.628319 -0.0162718
78.6 0.628319 0.0277685
78.8 0.628319 0.0768216
79 0.628319 0.0852085
79.2 0.628319 0.0504032
79.4 0.628319 0.0098086
79.6 0.628319 -0.00278074
79.8 0.628319 0.0118036
80 0.628319 0.0290228
80.2 0.628319 0.0313394
80.4 0.628319 0.0208565
80.6 0.628319 0.00700072
80.8 0.628319 -0.00669253
81 0.628319 -0.0194986
81.2 0.628319 -0.0249782
81.4 0.628319 -0.015216
81.6 0.628319 0.00553528
81.8 0.628319 0.0185672
82 0.628319 0.00753947
82.2 0.628319 -0.0239538
82.4 0.628319 -0.0556255
82.6 0.628319 -0.0709058
82.8 0.628319 -0.0702391
83 0.628319 -0.0634188
83.2 0.628319 -0.0541697
83.4 0.628319 -0.0379769
83.6 0.628319 -0.0137766
83.8 0.628319 0.0096487
84 0.628319 0.0236972
84.2 0.628319 0.0328578
84.4 0.628319 0.050061
84.6 0.628319 0.076418
84.8 0.628319 0.0907571
85 0.628319 0.0668597
85.2 0.628319 0.00377238
85.4 0.628319 -0.0646463
85.6 0.628319 -0.0956953
85.8 0.628319 -0.0762362
86 0.628319 -0.0350803
86.2 0.628319 -0.0156368
86.4 0.628319 -0.0343597
86.6 0.628319 -0.0649045
86.8 0.628319 -0.0637771
87 0.628319 -0.0140217
87.2 0.628319 0.0543794
87.4 0.628319 0.0888107
87.6 0.628319 0.0633868
87.8 0.628319 0.00777866
88 0.628319 -0.0152405
88.2 0.628319 0.0324865
88.4 0.628319 0.124646
88.6 0.628319 0.189857
88.8 0.628319 0.176305
89 0.628319 0.100133
89.2 0.628319 0.0284121
89.4 0.628319 0.0123534
89.6 0.628319 0.0387323
89.8 0.628319 0.0496387
90 0.628319 0.00857509
90.2 0.628319 -0.0584901
90.4 0.628319 -0.0906913
90.6 0.628319 -0.0571387
90.8 0.628319 0.011351
91 0.628319 0.0555082
91.2 0.628319 0.0466432
91.4 0.628319 0.0083249
91.6 0.628319 -0.016367
91.8 0.628319 -0.00996341
92 0.628319 0.0102347
92.2 0.628319 0.0202383
92.4 0.628319 0.0156543
92.6 0.628319 0.00803381
92.8 0.628319 0.00444647
93 0.628319 0.00105012
93.2 0.628319 -0.00313049
93.4 0.628319 0.00369069
93.6 0.628319 0.032914
93.8 0.628319 0.0734231
94 0.628319 0.0915319
94.2 0.628319 0.0607661
94.4 0.628319 -0.00766317
94.6 0.628319 -0.0681313
94.8 0.628319 -0.0778732
95 0.628319 -0.0325576
95.2 0.628319 0.0334115
95.4 0.628319 0.0792208
95.6 0.628319 0.0893538
95.8 0.628319 0.0770373
96 0.628319 0.0631136
96.2 0.628319 0.0561627
96.4 0.628319 0.0521189
96.6 0.628319 0.0473083
96.8 0.628319 0.0456959
97 0.628319 0.0513485
97.2 0.628319 0.0567562
97.4 0.628319 0.0440629
97.6 0.628319 0.00224062
97.8 0.628319 -0.0561575
98 0.628319 -0.0982049
98.2 0.628319 -0.095063
98.4 0.628319 -0.0466762
98.6 0.628319 0.0168337
98.8 0.628319 0.0592235
99 0.628319 0.0652131
99.2 0.628319 0.0463861
99.4 0.628319 0.0241434
99.6 0.628319 0.0102556
99.8 0.628319 0.00355264
100 0.628319 -9.62951e-05
100.2 0.628319 -0.00133968
100.4 0.628319 -0.00168409
100.6 0.628319 -0.0077777
100.8 0.628319 -0.02407
101 0.628319 -0.0409541
101.2 0.628319 -0.0373882
101.4 0.628319 -0.00216585
101.6 0.628319 0.0477769
101.8 0.628319 0.0762322
102 0.628319 0.0591041
102.2 0.628319 0.00618078
102.4 0.628319 -0.0501202
102.6 0.628319 -0.0854708
102.8 0.628319 -0.0993191
103 0.628319 -0.101532
103.2 0.628319 -0.092222
103.4 0.628319 -0.0629052
103.6 0.628319 -0.0161389
103.8 0.628319 0.0260088
104 0.628319 0.0405455
104.2 0.628319 0.0282303
104.4 0.628319 0.0123405
104.6 0.628319 0.0110775
104.8 0.628319 0.0172569
105 0.628319 0.0105027
105.2 0.628319 -0.0143774
105.4 0.628319 -0.0399998
105.6 0.628319 -0.0492653
105.8 0.628319 -0.0472992
106 0.628319 -0.0522424
106.2 0.628319 -0.0670715
106.4 0.628319 -0.0719816
106.6 0.628319 -0.0506058
106.8 0.628319 -0.0162779
107 0.628319 -0.000498983
107.2 0.628319 -0.0142128
107.4 0.628319 -0.0315658
107.6 0.628319 -0.0208709
107.8 0.628319 0.0135967
108 0.628319 0.0336059
108.2 0.628319 0.0143804
108.4 0.628319 -0.0209188
108.6 0.628319 -0.0260796
108.8 0.628319 0.0109895
109 0.628319 0.0497915
109.2 0.628319 0.0438633
109.4 0.628319 -0.00213738
109.6 0.628319 -0.0354252
109.8 0.628319 -0.0168187
110 0.628319 0.0326445
110.2 0.628319 0.0566244
110.4 0.628319 0.0296573
110.6 0.628319 -0.0148582
110.8 0.628319 -0.0263449
111 0.628319 0.00443654
111.2 0.628319 0.0395895
111.4 0.628319 0.0429583
111.6 0.628319 0.0209544
111.8 0.628319 0.00900294
112 0.628319 0.0272581
112.2 0.628319 0.0616733
112.4 0.628319 0.0862035
112.6 0.628319 0.0893901
112.8 0.628319 0.0731492
113 0.628319 0.0384216
113.2 0.628319 -0.0105732
113.4 0.628319 -0.0491916
113.6 0.628319 -0.0407292
113.8 0.628319 0.0208336
114 0.628319 0.08357
114.2 0.628319 0.0763887
114.4 0.628319 -0.0121161
114.6 0.628319 -0.104142
114.8 0.628319 -0.10132
115 0.628319 0.0114484
115.2 0.628319 0.14104
115.4 0.628319 0.174378
115.6 0.628319 0.0888873
115.8 0.628319 -0.0312729
116 0.628319 -0.0846543
116.2 0.628319 -0.0463195
116.4 0.628319 0.0285699
116.6 0.628319 0.0771712
116.8 0.628319 0.0865161
117 0.628319 0.0820013
117.2 0.628319 0.0820943
117.4 0.628319 0.082252
117.6 0.628319 0.0762181
117.8 0.628319 0.0709436
118 0.628319 0.0710222
118.2 0.628319 0.06217
118.4 0.628319 0.0279505
118.6 0.628319 -0.018398
118.8 0.628319 -0.0366521
119 0.628319 -0.00479934
119.2 0.628319 0.0477025
119.4 0.628319 0.0674039
119.6 0.628319 0.0384902
119.8 0.628319 0.00317235
120 0.628319 0.0119809
120.2 0.628319 0.0626921
120.4 0.628319 0.103146
120.6 0.628319 0.0945158
120.8 0.628319 0.0564925
121 0.628319 0.0398565
121.2 0.628319 0.0638637
121.4 0.628319 0.0977776
121.6 0.628319 0.105653
121.8 0.628319 0.0918237
122 0.628319 0.0873215
122.2 0.628319 0.0986561
122.4 0.628319 0.0911888
122.6 0.628319 0.0329431
122.8 0.628319 -0.0569313
123 0.628319 -0.119761
123.2 0.628319 -0.11806
123.4 0.628319 -0.0722551
123.6 0.628319 -0.0314701
123.8 0.628319 -0.0183604
124 0.628319 -0.0156972
124.2 0.628319 -0.00389708
124.4 0.628319 0.0061742
124.6 0.628319 -0.0108209
124.8 0.628319 -0.0539318
125 0.628319 -0.0872902
125.2 0.628319 -0.0775853
125.4 0.628319 -0.0320244
125.6 0.628319 0.0082511
125.8 0.628319 0.00901133
126 0.628319 -0.0292432
126.2 0.628319 -0.0804496
126.4 0.628319 -0.118173
126.6 0.628319 -0.127746
126.8 0.628319 -0.104961
127 0.628319 -0.0577142
127.2 0.628319 -0.00996878
127.4 0.628319 0.00938946
127.6 0.628319 -0.00677479
127.8 0.628319 -0.0306707
128 0.628319 -0.0229643
128.2 0.628319 0.0268518
128.4 0.628319 0.0877756
128.6 0.628319 0.117464
128.8 0.628319 0.100941
129 0.628319 0.0567402
129.2 0.628319 0.0118123
129.4 0.628319 -0.0192009
129.6 0.628319 -0.0314182
129.8 0.628319 -0.0221842
130 0.628319 0.00159121
130.2 0.628319 0.0151909
130.4 0.628319 -0.00674878
130.6 0.628319 -0.0574062
130.8 0.628319 -0.0936192
131 0.628319 -0.0787866
131.2 0.628319 -0.0276426
131.4 0.628319 0.0063009
131.6 0.628319 -0.00666393
131.8 0.628319 -0.0352081
132 0.628319 -0.0259527
132.2 0.628319 0.0261608
132.4 0.628319 0.0661937
132.6 0.628319 0.0457994
132.8 0.628319 -0.0138962
133 0.628319 -0.0450022
133.2 0.628319 -0.0151627
133.4 0.628319 0.0349661
133.6 0.628319 0.0476927
133.8 0.628319 0.024845
134 0.628319 0.0233354
134.2 0.628319 0.0736576
134.4 0.628319 0.129409
134.6 0.628319 0.119728
134.8 0.628319 0.0423961
135 0.628319 -0.0231108
135.2 0.628319 -0.00570335
135.4 0.628319 0.0726945
135.6 0.628319 0.122854
135.8 0.628319 0.0926094
136 0.628319 0.0220532
136.2 0.628319 -0.0133864
136.4 0.628319 0.00573812
136.6 0.628319 0.0310966
136.8 0.628319 0.0197206
137 0.628319 -0.0101197
137.2 0.628319 -0.011529
137.4 0.628319 0.0203902
137.6 0.628319 0.0384246
137.8 0.628319 0.00656077
138 0.628319 -0.0504448
138.2 0.628319 -0.0782987
138.4 0.628319 -0.061873
138.6 0.628319 -0.0384742
138.8 0.628319 -0.0400778
139 0.628319 -0.0465874
139.2 0.628319 -0.0167346
139.4 0.628319 0.0448554
139.6 0.628319 0.079163
139.8 0.628319 0.0418036
140 0.628319 -0.0366229
140.2 0.628319 -0.078817
140.4 0.628319 -0.045816
140.6 0.628319 0.0244734
140.8 0.628319 0.0678211
141 0.628319 0.0648409
141.2 0.628319 0.046488
141.4 0.628319 0.0400341
141.6 0.628319 0.0360476
141.8 0.628319 0.0174785
142 0.628319 -0.000112745
142.2 0.628319 0.0171308
142.4 0.628319 0.0683302
142.6 0.628319 0.103538
142.8 0.628319 0.0778303
143 0.628319 0.00884081
143.2 0.628319 -0.0388915
143.4 0.628319 -0.0271689
143.6 0.628319 0.01569
143.8 0.628319 0.0363494
144 0.628319 0.023557
144.2 0.628319 0.0146521
144.4 0.628319 0.0377225
144.6 0.628319 0.0694194
144.8 0.628319 0.0641139
145 0.628319 0.0137102
145.2 0.628319 -0.0413753
145.4 0.628319 -0.0619098
145.6 0.628319 -0.0525872
145.8 0.628319 -0.0445813
146 0.628319 -0.0485011
146.2 0.628319 -0.0450467
146.4 0.628319 -0.0227252
146.6 0.628319 -0.00383112
146.8 0.628319 -0.0174386
147 0.628319 -0.0556555
147.2 0.628319 -0.0765236
147.4 0.628319 -0.0535739
147.6 0.628319 -0.00610399
147.8 0.628319 0.0306701
148 0.628319 0.0529971
148.2 0.628319 0.0854007
148.4 0.628319 0.130497
148.6 0.628319 0.146249
148.8 0.628319 0.093044
149 0.628319 -0.00503705
149.2 0.628319 -0.0709013
149.4 0.628319 -0.0561515
149.6 0.628319 0.00285098
149.8 0.628319 0.0270362
150 0.628319 -0.0128193
150.2 0.628319 -0.0650745
150.4 0.628319 -0.0637407
150.6 0.628319 -0.00815184
150.8 0.628319 0.0409975
151 0.628319 0.037649
151.2 0.628319 -0.0010045
151.4 0.628319 -0.0290905
151.6 0.628319 -0.0343521
151.8 0.628319 -0.0421241
152 0.628319 -0.0616516
152.2 0.628319 -0.0581268
152.4 0.628319 0.00168143
152.6 0.628319 0.0888297
152.8 0.628319 0.126459
153 0.628319 0.0758857
153.2 0.628319 -0.00835399
153.4 0.628319 -0.0299465
153.6 0.628319 0.0430139
153.8 0.628319 0.139266
154 0.628319 0.159529
154.2 0.628319 0.0805432
154.4 0.628319 -0.0262863
154.6 0.628319 -0.0737418
154.8 0.628319 -0.0405863
155 0.628319 0.0271477
155.2 0.628319 0.0774672
155.4 0.628319 0.0956247
155.6 0.628319 0.09035
155.8 0.628319 0.0620456
156 0.628319 0.00448337
156.2 0.628319 -0.0664872
156.4 0.628319 -0.106903
156.6 0.628319 -0.0816488
156.8 0.628319 -0.0046578
157 0.628319 0.0680129
157.2 0.628319 0.0892595
157.4 0.628319 0.0622511
157.6 0.628319 0.0296801
157.8 0.628319 0.0262623
158 0.628319 0.0460985
158.2 0.628319 0.0553901
158.4 0.628319 0.0317181
158.6 0.628319 -0.0122298
158.8 0.628319 -0.0418467
159 0.628319 -0.034502
159.2 0.628319 -0.000362448
159.4 0.628319 0.0286588
159.6 0.628319 0.0303303
159.8 0.628319 0.0136169
160 0.628319 0.00910905
160.2 0.628319 0.0371101
160.4 0.628319 0.0853056
160.6 0.628319 0.119658
160.8 0.628319 0.117817
161 0.628319 0.0895437
161.2 0.628319 0.0623449
161.4 0.628319 0.0496493
161.6 0.628319 0.0384808
161.8 0.628319 0.0101347
162 0.628319 -0.0319391
162.2 0.628319 -0.0608883
162.4 0.628319 -0.0534722
162.6 0.628319 -0.0141761
162.8 0.628319 0.0294544
163 0.628319 0.0524236
163.2 0.628319 0.0506454
163.4 0.628319 0.0375998
163.6 0.628319 0.0294025
163.8 0.628319 0.0338896
164 0.628319 0.0472297
164.2 0.628319 0.0551207
164.4 0.628319 0.0407171
164.6 0.628319 0.000520263
164.8 0.628319 -0.0446376
165 0.628319 -0.0617846
165.2 0.628319 -0.0368974
165.4 0.628319 0.00773721
165.6 0.628319 0.0350378
165.8 0.628319 0.0336312
166 0.628319 0.0288264
166.2 0.628319 0.0468325
166.4 0.628319 0.0746897
166.6 0.628319 0.0695769
166.8 0.628319 0.01183
167 0.628319 -0.0631257
167.2 0.628319 -0.0984049
167.4 0.628319 -0.0782387
167.6 0.628319 -0.0427136
167.8 0.628319 -0.0348218
168 0.628319 -0.0461014
168.2 0.628319 -0.031549
168.4 0.628319 0.0236551
168.6 0.628319 0.072885
168.8 0.628319 0.0584956
169 0.628319 -0.0143437
169.2 0.628319 -0.0742574
169.4 0.628319 -0.0612832
169.6 0.628319 0.00458446
169.8 0.628319 0.0460305
170 0.628319 0.0157559
170.2 0.628319 -0.0540429
170.4 0.628319 -0.0937012
170.6 0.628319 -0.0736143
170.8 0.628319 -0.0258505
171 0.628319 0.00547769
171.2 0.628319 0.0143922
171.4 0.628319 0.023437
171.6 0.628319 0.0381485
171.8 0.628319 0.0340316
172 0.628319 -0.00521587
172.2 0.628319 -0.0527534
172.4 0.628319 -0.0597873
172.6 0.628319 -0.0120595
172.8 0.628319 0.0481971
173 0.628319 0.0653755
173.2 0.628319 0.0305115
173.4 0.628319 -0.0105638
173.6 0.628319 -0.0092922
173.8 0.628319 0.0326329
174 0.628319 0.0664321
174.2 0.628319 0.0489053
174.4 0.628319 -0.0125623
174.6 0.628319 -0.0668027
174.8 0.628319 -0.0674019
175 0.628319 -0.0153447
175.2 0.628319 0.0424913
175.4 0.628319 0.0561021
175.6 0.628319 0.0178041
175.8 0.628319 -0.0313068
176 0.628319 -0.0420582
176.2 0.628319 -0.0075427
176.4 0.628319 0.0292262
176.6 0.628319 0.0233908
176.8 0.628319 -0.0167926
177 0.628319 -0.0329596
177.2 0.628319 0.0172151
177.4 0.628319 0.102116
177.6 0.628319 0.138925
177.8 0.628319 0.0811195
178 0.628319 -0.0257067
178.2 0.628319 -0.0881901
178.4 0.628319 -0.0645404
178.6 0.628319 -0.0065643
178.8 0.628319 0.00421847
179 0.628319 -0.0483401
179.2 0.628319 -0.099623
179.4 0.628319 -0.0838046
179.6 0.628319 -0.012015
179.8 0.628319 0.0416025
180 0.628319 0.0248746
180.2 0.628319 -0.0378018
180.4 0.628319 -0.0787067
180.6 0.628319 -0.0604691
180.8 0.628319 -0.00569997
181 0.628319 0.0378615
181.2 0.628319 0.0437057
181.4 0.628319 0.0162201
181.6 0.628319 -0.0266816
181.8 0.628319 -0.0638532
182 0.628319 -0.0719128
182.2 0.628319 -0.0395553
182.4 0.628319 0.00939991
182.6 0.628319 0.0234518
182.8 0.628319 -0.0252004
183 0.628319 -0.097473
183.2 0.628319 -0.115587
183.4 0.628319 -0.0467752
183.6 0.628319 0.0513113
183.8 0.628319 0.0856276
184 0.628319 0.0282047
184.2 0.628319 -0.0536305
184.4 0.628319 -0.0738129
184.6 0.628319 -0.0208617
184.8 0.628319 0.0399759
185 0.628319 0.0503061
185.2 0.628319 0.0204292
185.4 0.628319 -0.00144433
185.6 0.628319 -0.0010865
185.8 0.628319 -0.0118527
186 0.628319 -0.0560062
186.2 0.628319 -0.100475
186.4 0.628319 -0.0936947
186.6 0.628319 -0.0369118
186.8 0.628319 0.00910759
187 0.628319 -0.00123754
187.2 0.628319 -0.0363909
187.4 0.628319 -0.0227002
187.6 0.628319 0.0614858
187.8 0.628319 0.149618
188 0.628319 0.15767
188.2 0.628319 0.0794728
188.4 0.628319 -0.00564667
188.6 0.628319 -0.0194613
188.8 0.628319 0.0364786
189 0.628319 0.0943365
189.2 0.628319 0.0981086
189.4 0.628319 0.0537691
189.6 0.628319 0.00774691
189.8 0.628319 -0.00461717
190 0.628319 0.0176298
190.2 0.628319 0.052743
190.4 0.628319 0.0729735
190.6 0.628319 0.0547452
190.8 0.628319 -0.00491328
191 0.628319 -0.0711441
191.2 0.628319 -0.0862294
191.4 0.628319 -0.0245923
191.6 0.628319 0.0658303
191.8 0.628319 0.0975317
192 0.628319 0.033756
192.2 0.628319 -0.0637386
192.4 0.628319 -0.0948647
192.6 0.628319 -0.0307108
192.8 0.628319 0.0532603
193 0.628319 0.0633913
193.2 0.628319 -0.005113
193.4 0.628319 -0.0661309
193.6 0.628319 -0.0468587
193.8 0.628319 0.0274431
194 0.628319 0.0682357
194.2 0.628319 0.0319314
194.4 0.628319 -0.030823
194.6 0.628319 -0.0407364
194.8 0.628319 0.0141283
195 0.628319 0.068025
195.2 0.628319 0.0594909
195.4 0.628319 0.0022261
195.6 0.628319 -0.0369118
195.8 0.628319 -0.0179311
196 0.628319 0.0331437
196.2 0.628319 0.0654334
196.4 0.628319 0.0650076
196.6 0.628319 0.0617357
196.8 0.628319 0.0813698
197 0.628319 0.108625
197.2 0.628319 0.10561
197.4 0.628319 0.0584924
197.6 0.628319 -0.00501884
197.8 0.628319 -0.0448572
198 0.628319 -0.0483458
198.2 0.628319 -0.038579
198.4 0.628319 -0.048237
198.6 0.628319 -0.0885646
198.8 0.628319 -0.1409
199 0.628319 -0.174091
199.2 0.628319 -0.171297
199.4 0.628319 -0.144492
199.6 0.628319 -0.123166
199.8 0.628319 -0.123935
200 0.628319 -0.129223
200.2 0.628319 -0.101713
200.4 0.628319 -0.0265088
200.6 0.628319 0.0633688
200.8 0.628319 0.11296
201 0.628319 0.101349
201.2 0.628319 0.0651798
201.4 0.628319 0.0583827
201.6 0.628319 0.0911002
201.8 0.628319 0.119681
202 0.628319 0.101371
202.2 0.628319 0.0483302
202.4 0.628319 0.0145831
202.6 0.628319 0.0313925
202.8 0.628319 0.0709677
203 0.628319 0.0833148
203.2 0.628319 0.0588263
203.4 0.628319 0.036783
203.6 0.628319 0.0494051
203.8 0.628319 0.0745025
204 0.628319 0.0601448
204.2 0.628319 -0.0070161
204.4 0.628319 -0.0756254
204.6 0.628319 -0.0814377
204.8 0.628319 -0.0174971
205 0.628319 0.0588779
205.2 0.628319 0.0874032
205.4 0.628319 0.0611422
205.6 0.628319 0.0181144
205.8 0.628319 -0.0101609
206 0.628319 -0.0264702
206.2 0.628319 -0.0458592
206.4 0.628319 -0.0634468
206.6 0.628319 -0.0579186
206.8 0.628319 -0.0229396
207 0.628319 0.0189762
207.2 0.628319 0.039879
207.4 0.628319 0.0367642
207.6 0.628319 0.0311969
207.8 0.628319 0.0415089
208 0.628319 0.0635318
208.2 0.628319 0.0800931
208.4 0.628319 0.081829
208.6 0.628319 0.0729696
208.8 0.628319 0.0612219
209 0.628319 0.0506712
209.2 0.628319 0.0452448
209.4 0.628319 0.050318
209.6 0.628319 0.0641673
209.8 0.628319 0.0719033
210 0.628319 0.0569647
210.2 0.628319 0.0206957
210.4 0.628319 -0.0161251
210.6 0.628319 -0.0360556
210.8 0.628319 -0.0444873
211 0.628319 -0.0582597
211.2 0.628319 -0.0754193
211.4 0.628319 -0.0675267
211.6 0.628319 -0.0121033
211.8 0.628319 0.0694077
212 0.628319 0.117677
212.2 0.628319 0.0881258
212.4 0.628319 -0.00298582
212.6 0.628319 -0.0899341
212.8 0.628319 -0.116567
213 0.628319 -0.0828811
213.2 0.628319 -0.0345
213.4 0.628319 -0.0124189
213.6 0.628319 -0.0181078
213.8 0.628319 -0.025515
214 0.628319 -0.0184442
214.2 0.628319 -0.0086576
214.4 0.628319 -0.0171733
214.6 0.628319 -0.043721
214.8 0.628319 -0.0611537
215 0.628319 -0.0433633
215.2 0.628319 0.00191168
215.4 0.628319 0.0318649
215.6 0.628319 0.00584276
215.8 0.628319 -0.0719056
216 0.628319 -0.147556
216.2 0.628319 -0.161603
216.4 0.628319 -0.103195
216.6 0.628319 -0.0214926
216.8 0.628319 0.020183
217 0.628319 0.00362869
217.2 0.628319 -0.0313458
217.4 0.628319 -0.0326445
217.6 0.628319 0.00927969
217.8 0.628319 0.0553916
218 0.628319 0.0638133
218.2 0.628319 0.0341144
218.4 0.628319 0.00307984
218.6 0.628319 0.00261982
218.8 0.628319 0.0302922
219 0.628319 0.0608139
219.2 0.628319 0.0760371
219.4 0.628319 0.0754465
219.6 0.628319 0.062758
219.8 0.628319 0.0365699
220 0.628319 0.000980716
220.2 0.628319 -0.0234431
220.4 0.628319 -0.0133779
220.6 0.628319 0.0291108
220.8 0.628319 0.0709598
221 0.628319 0.0791048
221.2 0.628319 0.0550576
221.4 0.628319 0.0313208
221.6 0.628319 0.0324708
221.8 0.628319 0.0471809
222 0.628319 0.0441859
222.2 0.628319 0.0114341
222.4 0.628319 -0.0290057
222.6 0.628319 -0.0455779
222.8 0.628319 -0.0289624
223 0.628319 0.00505182
223.2 0.628319 0.0373832
223.4 0.628319 0.0599788
223.6 0.628319 0.0688297
223.8 0.628319 0.0556886
224 0.628319 0.0183842
224.2 0.628319 -0.0230572
224.4 0.628319 -0.0334493
224.6 0.628319 0.00547832
224.8 0.628319 0.0720328
225 0.628319 0.119817
225.2 0.628319 0.117683
225.4 0.628319 0.0731957
225.6 0.628319 0.0190568
225.8 0.628319 -0.0171686
226 0.628319 -0.0286395
226.2 0.628319 -0.0236777
226.4 0.628319 -0.0152369
226.6 0.628319 -0.0152246
226.8 0.628319 -0.0281588
227 0.628319 -0.0432413
227.2 0.628319 -0.0390028
227.4 0.628319 -0.00705385
227.6 0.628319 0.0286027
227.8 0.628319 0.0285964
228 0.628319 -0.0158566
228.2 0.628319 -0.0607875
228.4 0.628319 -0.0490413
228.6 0.628319 0.0223304
228.8 0.628319 0.0856696
229 0.628319 0.0681346
229.2 0.628319 -0.026288
229.4 0.628319 -0.112276
229.6 0.628319 -0.108426
229.8 0.628319 -0.021346
230 0.628319 0.0642292
230.2 0.628319 0.0766538
230.4 0.628319 0.0268702
230.6 0.628319 -0.0170027
230.8 0.628319 -0.0117122
231 0.628319 0.020403
231.2 0.628319 0.0319177
231.4 0.628319 0.0129045
231.6 0.628319 -0.00269422
231.8 0.628319 0.0115356
232 0.628319 0.0358612
232.2 0.628319 0.0288365
232.4 0.628319 -0.016926
232.6 0.628319 -0.0586348
232.8 0.628319 -0.0485167
233 0.628319 0.0120414
233.2 0.628319 0.0714687
233.4 0.628319 0.0800333
233.6 0.628319 0.0374559
233.8 0.628319 -0.0113537
234 0.628319 -0.0220093
234.2 0.628319 0.0109203
234.4 0.628319 0.0552583
234.6 0.628319 0.072937
234.8 0.628319 0.0504984
235 0.628319 0.00671804
235.2 0.628319 -0.0230821
235.4 0.628319 -0.0129532
235.6 0.628319 0.0344587
235.8 0.628319 0.0892698
236 0.628319 0.117676
236.2 0.628319 0.109583
236.4 0.628319 0.0853726
236.6 0.628319 0.074039
236.8 0.628319 0.0843355
237 0.628319 0.0993316
237.2 0.628319 0.099612
237.4 0.628319 0.0873927
237.6 0.628319 0.0819597
237.8 0.628319 0.090431
238 0.628319 0.0891593
238.2 0.628319 0.0425292
238.4 0.628319 -0.0555613
238.6 0.628319 -0.161382
238.8 0.628319 -0.209122
239 0.628319 -0.165947
239.2 0.628319 -0.0631238
239.4 0.628319 0.0282674
239.6 0.628319 0.0567244
239.8 0.628319 0.0301186
240 0.628319 -0.000936876
240.2 0.628319 0.0016825
240.4 0.628319 0.0262325
240.6 0.628319 0.029916
240.8 0.628319 -0.0069612
241 0.628319 -0.0521325
241.2 0.628319 -0.0532936
241.4 0.628319 0.00128312
241.6 0.628319 0.0620563
241.8 0.628319 0.0661726
242 0.628319 0.00572295
242.2 0.628319 -0.0597835
242.4 0.628319 -0.064171
242.6 0.628319 -0.00401003
242.8 0.628319 0.0594647
243 0.628319 0.0671744
243.2 0.628319 0.0223002
243.4 0.628319 -0.0211372
243.6 0.628319 -0.0222885
243.8 0.628319 0.00633235
244 0.628319 0.0241626
244.2 0.628319 0.0146846
244.4 0.628319 -0.0013872
244.6 0.628319 -0.00225929
244.8 0.628319 0.00225845
245 0.628319 -0.0144513
245.2 0.628319 -0.0551985
245.4 0.628319 -0.0890573
245.6 0.628319 -0.0875748
245.8 0.628319 -0.0607215
246 0.628319 -0.0452505
246.2 0.628319 -0.0594763
246.4 0.628319 -0.0819499
246.6 0.628319 -0.0805497
246.8 0.628319 -0.053715
247 0.628319 -0.0308127
247.2 0.628319 -0.0322885
247.4 0.628319 -0.042075
247.6 0.628319 -0.0283601
247.8 0.628319 0.0135264
248 0.628319 0.0504392
248.2 0.628319 0.0467517
248.4 0.628319 0.00353175
248.6 0.628319 -0.042771
248.8 0.628319 -0.0565177
249 0.628319 -0.031302
249.2 0.628319 0.0147598
249.4 0.628319 0.060267
249.6 0.628319 0.0904786
249.8 0.628319 0.09393
250 0.628319 0.0638191
250.2 0.628319 0.00870821
250.4 0.628319 -0.0453203
250.6 0.628319 -0.0729482
250.8 0.628319 -0.0715384
251 0.628319 -0.0601452
251.2 0.628319 -0.0555688
251.4 0.628319 -0.0545099
251.6 0.628319 -0.0428486
251.8 0.628319 -0.0178371
252 0.628319 0.00680607
252.2 0.628319 0.018669
252.4 0.628319 0.0223503
252.6 0.628319 0.0321541
252.8 0.628319 0.0526441
253 0.628319 0.0732823
253.2 0.628319 0.0823411
253.4 0.628319 0.0789735
253.6 0.628319 0.0677939
253.8 0.628319 0.0481082
254 0.628319 0.0179595
254.2 0.628319 -0.01155
254.4 0.628319 -0.0172471
254.6 0.628319 0.0117355
254.8 0.628319 0.0539768
255 0.628319 0.0707751
255.2 0.628319 0.0452629
255.4 0.628319 0.000560468
255.6 0.628319 -0.0268812
255.8 0.628319 -0.0279102
256 0.628319 -0.025758
256.2 0.628319 -0.0401317
256.4 0.628319 -0.0574814
256.6 0.628319 -0.0473839
256.8 0.628319 -0.00533859
257 0.628319 0.0336249
257.2 0.628319 0.030833
257.4 0.628319 -0.0127857
257.6 0.628319 -0.0585458
257.8 0.628319 -0.0732241
258 0.628319 -0.05981
258.2 0.628319 -0.0406788
258.4 0.628319 -0.0210044
258.6 0.628319 0.0156027
258.8 0.628319 0.0728839
259 0.628319 0.11854
259.2 0.628319 0.111363
259.4 0.628319 0.0531341
259.6 0.628319 0.000128178
259.8 0.628319 0.0109157
260 0.628319 0.0827216
260.2 0.628319 0.148106
260.4 0.628319 0.140045
260.6 0.628319 0.0583372
260.8 0.628319 -0.0313793
261 0.628319 -0.0626475
261.2 0.628319 -0.0283757
261.4 0.628319 0.0218331
261.6 0.628319 0.0372136
261.8 0.628319 0.0131415
262 0.628319 -0.0140635
262.2 0.628319 -0.0114107
262.4 0.628319 0.0169814
262.6 0.628319 0.0384221
262.8 0.628319 0.0279211
263 0.628319 -0.00759164
263.2 0.628319 -0.0397663
263.4 0.628319 -0.0490309
263.6 0.628319 -0.0408906
263.8 0.628319 -0.0326047
264 0.628319 -0.0283432
264.2 0.628319 -0.0137834
264.4 0.628319 0.0218973
264.6 0.628319 0.0629142
264.8 0.628319 0.0742717
265 0.628319 0.0378255
265.2 0.628319 -0.0218926
265.4 0.628319 -0.055752
265.6 0.628319 -0.0385695
265.8 0.628319 0.0033502
266 0.628319 0.0185759
266.2 0.628319 -0.0151049
266.4 0.628319 -0.0674055
266.6 0.628319 -0.0894274
266.8 0.628319 -0.0663865
267 0.628319 -0.0301852
267.2 0.628319 -0.0198127
267.4 0.628319 -0.03775
267.6 0.628319 -0.0528957
267.8 0.628319 -0.0430881
268 0.628319 -0.0232709
268.2 0.628319 -0.0248398
268.4 0.628319 -0.0528294
268.6 0.628319 -0.0752214
268.8 0.628319 -0.0590573
269 0.628319 -0.0104914
269.2 0.628319 0.0297601
269.4 0.628319 0.0311038
269.6 0.628319 0.00587756
269.8 0.628319 -0.00727306
270 0.628319 0.0109061
270.2 0.628319 0.0385488
270.4 0.628319 0.0386851
270.6 0.628319 0.0021315
270.8 0.628319 -0.0406848
271 0.628319 -0.0500703
271.2 0.628319 -0.0149835
271.4 0.628319 0.0399811
271.6 0.628319 0.0807883
271.8 0.628319 0.0922877
272 0.628319 0.0824182
272.2 0.628319 0.0656845
272.4 0.628319 0.0485478
272.6 0.628319 0.0300455
272.8 0.628319 0.0105719
273 0.628319 -0.00498932
273.2 0.628319 -0.0123839
273.4 0.628319 -0.0128243
273.6 0.628319 -0.0110458
273.8 0.628319 -0.0101685
274 0.628319 -0.0102539
274.2 0.628319 -0.0106716
274.4 0.628319 -0.0104893
274.6 0.628319 -0.00530823
274.8 0.628319 0.0127265
275 0.628319 0.0462856
275.2 0.628319 0.0825998
275.4 0.628319 0.0967654
275.6 0.628319 0.0725964
275.8 0.628319 0.0229413
276 0.628319 -0.0153068
276.2 0.628319 -0.0134017
276.4 0.628319 0.0194826
276.6 0.628319 0.042489
276.8 0.628319 0.0236126
277 0.628319 -0.0258552
277.2 0.628319 -0.0610494
277.4 0.628319 -0.0493534
277.6 0.628319 -0.00349927
277.8 0.628319 0.0342107
278 0.628319 0.0383811
278.2 0.628319 0.024518
278.4 0.628319 0.0239663
278.6 0.628319 0.0411001
278.8 0.628319 0.0455332
279 0.628319 0.010175
279.2 0.628319 -0.050016
279.4 0.628319 -0.0864575
279.6 0.628319 -0.0656198
279.8 0.628319 -0.00331795
280 0.628319 0.0534824
280.2 0.628319 0.0750275
280.4 0.628319 0.0725921
280.6 0.628319 0.0747518
280.8 0.628319 0.0891383
281 0.628319 0.0954313
281.2 0.628319 0.0737291
281.4 0.628319 0.0303568
281.6 0.628319 -0.00969001
281.8 0.628319 -0.0311869
282 0.628319 -0.0423122
282.2 0.628319 -0.059498
282.4 0.628319 -0.0853437
282.6 0.628319 -0.105932
282.8 0.628319 -0.106705
283 0.628319 -0.0854284
283.2 0.628319 -0.05026
283.4 0.628319 -0.0121575
283.6 0.628319 0.0170711
283.8 0.628319 0.0251253
284 0.628319 0.00757271
284.2 0.628319 -0.0220486
284.4 0.628319 -0.038454
284.6 0.628319 -0.0293919
284.8 0.628319 -0.0130049
285 0.628319 -0.0217536
285.2 0.628319 -0.0639249
285.4 0.628319 -0.10601
285.6 0.628319 -0.102426
285.8 0.628319 -0.0453622
286 0.628319 0.0205509
286.2 0.628319 0.039534
286.4 0.628319 0.000926909
286.6 0.628319 -0.0496
286.8 0.628319 -0.0560831
287 0.628319 -0.00705938
287.2 0.628319 0.0566409
287.4 0.628319 0.0846831
287.6 0.628319 0.0631714
287.8 0.628319 0.0198069
288 0.628319 -0.00820376
288.2 0.628319 -0.00521699
288.4 0.628319 0.0196103
288.6 0.628319 0.0488072
288.8 0.628319 0.0689342
289 0.628319 0.0708253
289.2 0.628319 0.0488854
289.4 0.628319 0.00778589
289.6 0.628319 -0.0326261
289.8 0.628319 -0.0473426
290 0.628319 -0.0271327
290.2 0.628319 0.0108019
290.4 0.628319 0.0362298
290.6 0.628319 0.0317698
290.8 0.628319 0.00516894
291 0.628319 -0.0235057
291.2 0.628319 -0.0440133
291.4 0.628319 -0.0626931
291.6 0.628319 -0.0881601
291.8 0.628319 -0.115018
292 0.628319 -0.126231
292.2 0.628319 -0.111665
292.4 0.628319 -0.0806419
292.6 0.628319 -0.0530939
292.8 0.628319 -0.0395449
293 0.628319 -0.0331246
293.2 0.628319 -0.0217974
293.4 0.628319 -0.00394604
293.6 0.628319 0.012757
293.8 0.628319 0.0262613
294 0.628319 0.0462236
294.2 0.628319 0.0792493
294.4 0.628319 0.111117
294.6 0.628319 0.113349
294.8 0.628319 0.0736518
295 0.628319 0.0161177
295.2 0.628319 -0.0176781
295.4 0.628319 -0.011152
295.6 0.628319 0.00915529
295.8 0.628319 0.00407434
296 0.628319 -0.0314083
296.2 0.628319 -0.0600103
296.4 0.628319 -0.0447662
296.6 0.628319 0.00621817
296.8 0.628319 0.0464017
297 0.628319 0.0426988
297.2 0.628319 0.0119683
297.4 0.628319 -0.000764846
297.6 0.628319 0.0240704
297.8 0.628319 0.0593256
298 0.628319 0.0661947
298.2 0.628319 0.0411865
298.4 0.628319 0.0178814
298.6 0.628319 0.0233213
298.8 0.628319 0.0444196
299 0.628319 0.0452171
299.2 0.628319 0.0119439
299.4 0.628319 -0.0299721
299.6 0.628319 -0.0459801
299.8 0.628319 -0.0308153
300 0.628319 -0.010343
300.2 0.628319 -0.0098199
300.4 0.628319 -0.0298434
300.6 0.628319 -0.0540981
300.8 0.628319 -0.0696225
301 0.628319 -0.0708067
301.2 0.628319 -0.0501176
301.4 0.628319 -0.00125133
301.6 0.628319 0.0616973
301.8 0.628319 0.0993367
302 0.628319 0.0781145
302.2 0.628319 0.0102278
302.4 0.628319 -0.0482368
302.6 0.628319 -0.0498109
302.8 0.628319 -0.00462318
303 0.628319 0.0311267
303.2 0.628319 0.0168962
303.4 0.628319 -0.0297578
303.6 0.628319 -0.057349
303.8 0.628319 -0.0398233
304 0.628319 -0.000902783
304.2 0.628319 0.020565
304.4 0.628319 0.0162998
304.6 0.628319 0.00930818
304.8 0.628319 0.0154271
305 0.628319 0.0207111
305.2 0.628319 0.00413182
305.4 0.628319 -0.0282686
305.6 0.628319 -0.047414
305.8 0.628319 -0.0401739
306 0.628319 -0.0300512
306.2 0.628319 -0.0473523
306.4 0.628319 -0.0839374
306.6 0.628319 -0.0931146
306.8 0.628319 -0.0419777
307 0.628319 0.043561
307.2 0.628319 0.0971504
307.4 0.628319 0.0774272
307.6 0.628319 0.00922632
307.8 0.628319 -0.0425677
308 0.628319 -0.0351954
308.2 0.628319 0.0190471
308.4 0.628319 0.0741696
308.6 0.628319 0.0931981
308.8 0.628319 0.0690078
309 0.628319 0.0172946
309.2 0.628319 -0.0364424
309.4 0.628319 -0.0647507
309.6 0.628319 -0.0499488
309.8 0.628319 -0.00119432
310 0.628319 0.0441547
310.2 0.628319 0.050287
310.4 0.628319 0.0205734
310.6 0.628319 -0.00191347
310.8 0.628319 0.0195934
311 0.628319 0.0713321
311.2 0.628319 0.101318
311.4 0.628319 0.0795887
311.6 0.628319 0.0364081
311.8 0.628319 0.028689
312 0.628319 0.0699131
312.2 0.628319 0.108061
312.4 0.628319 0.0838633
312.6 0.628319 0.00481547
312.8 0.628319 -0.0545437
313 0.628319 -0.0328365
313.2 0.628319 0.0473238
313.4 0.628319 0.101322
313.6 0.628319 0.0753938
313.8 0.628319 0.00498284
314 0.628319 -0.0278089
314.2 0.628319 0.0121872
314.4 0.628319 0.0762442
314.6 0.628319 0.0916378
314.8 0.628319 0.0453627
315 0.628319 -0.00575786
315.2 0.628319 -0.00630557
315.4 0.628319 0.0328505
315.6 0.628319 0.0522956
315.8 0.628319 0.0190503
316 0.628319 -0.033487
316.2 0.628319 -0.0471009
316.4 0.628319 -0.00864548
316.6 0.628319 0.0366679
316.8 0.628319 0.0411679
317 0.628319 0.008655
317.2 0.628319 -0.0180535
317.4 0.628319 -0.0148488
317.6 0.628319 -0.0034803
317.8 0.628319 -0.0156511
318 0.628319 -0.045048
318.2 0.628319 -0.0535312
318.4 0.628319 -0.025102
318.6 0.628319 0.00499126
318.8 0.628319 -0.00998467
319 0.628319 -0.0653421
319.2 0.628319 -0.10067
319.4 0.628319 -0.0671199
319.6 0.628319 0.0118816
319.8 0.628319 0.0621822
320 0.628319 0.0408974
320.2 0.628319 -0.0177522
320.4 0.628319 -0.0468365
320.6 0.628319 -0.0267006
320.8 0.628319 -0.00341355
321 0.628319 -0.0254919
321.2 0.628319 -0.0791206
321.4 0.628319 -0.10239
321.6 0.628319 -0.060382
321.8 0.628319 0.0115851
322 0.628319 0.0481033
322.2 0.628319 0.0262196
322.4 0.628319 -0.0161481
322.6 0.628319 -0.0317288
322.8 0.628319 -0.0163593
323 0.628319 -0.00108101
323.2 0.628319 -0.00464754
323.4 0.628319 -0.01395
323.6 0.628319 -0.0136151
323.8 0.628319 -0.014912
324 0.628319 -0.0372277
324.2 0.628319 -0.0674584
324.4 0.628319 -0.0618371
324.6 0.628319 -0.000752408
324.8 0.628319 0.071537
325 0.628319 0.0839202
325.2 0.628319 0.019279
325.4 0.628319 -0.0575035
325.6 0.628319 -0.0663843
325.8 0.628319 -0.001112
326 0.628319 0.0637634
326.2 0.628319 0.0572399
326.4 0.628319 -0.010954
326.6 0.628319 -0.0682866
326.8 0.628319 -0.0643714
327 0.628319 -0.0187574
327.2 0.628319 0.0187003
327.4 0.628319 0.0335886
327.6 0.628319 0.0516217
327.8 0.628319 0.0832847
328 0.628319 0.0925034
328.2 0.628319 0.0402635
328.4 0.628319 -0.0512961
328.6 0.628319 -0.105975
328.8 0.628319 -0.0762742
329 0.628319 -0.00421986
329.2 0.628319 0.0211041
329.4 0.628319 -0.0329238
329.6 0.628319 -0.0999365
329.8 0.628319 -0.0878679
330 0.628319 0.0138664
330.2 0.628319 0.117829
330.4 0.628319 0.132519
330.6 0.628319 0.0592308
330.8 0.628319 -0.0162687
331 0.628319 -0.022155
331.2 0.628319 0.0256597
331.4 0.628319 0.052534
331.6 0.628319 0.0146722
331.8 0.628319 -0.0553114
332 0.628319 -0.0909393
332.2 0.628319 -0.0652801
332.4 0.628319 -0.0131266
332.6 0.628319 0.0131227
332.8 0.628319 -0.00311062
333 0.628319 -0.0344801
333.2 0.628319 -0.0438819
333.4 0.628319 -0.018126
333.6 0.628319 0.027362
333.8 0.628319 0.0652041
334 0.628319 0.0739517
334.2 0.628319 0.0487518
334.4 0.628319 0.00529375
334.6 0.628319 -0.0269953
334.8 0.628319 -0.0250348
335 0.628319 0.00749393
335.2 0.628319 0.0418443
335.4 0.628319 0.0516208
335.6 0.628319 0.0389765
335.8 0.628319 0.0296521
336 0.628319 0.0414839
336.2 0.628319 0.0635114
336.4 0.628319 0.0711915
336.6 0.628319 0.0587341
336.8 0.628319 0.0469443
337 0.628319 0.0548242
337.2 0.628319 0.0702228
337.4 0.628319 0.0595416
337.6 0.628319 0.00958426
337.8 0.628319 -0.0481596
338 0.628319 -0.0648303
338.2 0.628319 -0.0272314
338.4 0.628319 0.0231575
338.6 0.628319 0.031181
338.8 0.628319 -0.0123125
339 0.628319 -0.0574023
339.2 0.628319 -0.0462275
339.4 0.628319 0.0235864
339.6 0.628319 0.0911774
339.8 0.628319 0.0913277
340 0.628319 0.0211812
340.2 0.628319 -0.0543847
340.4 0.628319 -0.0660047
340.6 0.628319 -0.00840044
340.8 0.628319 0.0556113
341 0.628319 0.0599382
341.2 0.628319 0.00182938
341.4 0.628319 -0.058841
341.6 0.628319 -0.0662174
341.8 0.628319 -0.028342
342 0.628319 -0.0042607
342.2 0.628319 -0.0319873
342.4 0.628319 -0.0788059
342.6 0.628319 -0.0738674
342.8 0.628319 0.00930162
343 0.628319 0.113159
343.2 0.628319 0.148989
343.4 0.628319 0.0887078
343.6 0.628319 -0.00544896
343.8 0.628319 -0.0472244
344 0.628319 -0.0154791
344.2 0.628319 0.0321319
344.4 0.628319 0.0312746
344.6 0.628319 -0.0183087
344.8 0.628319 -0.0637242
345 0.628319 -0.0704204
345.2 0.628319 -0.0614903
345.4 0.628319 -0.077419
345.6 0.628319 -0.112548
345.8 0.628319 -0.115227
346 0.628319 -0.0556491
346.2 0.628319 0.0262605
346.4 0.628319 0.0607415
346.6 0.628319 0.0323416
346.8 0.628319 0.00189708
347 0.628319 0.0318427
347.2 0.628319 0.103009
347.4 0.628319 0.129715
347.6 0.628319 0.0629272
347.8 0.628319 -0.0420331
348 0.628319 -0.0818399
348.2 0.628319 -0.0254753
348.4 0.628319 0.0444726
348.6 0.628319 0.0247167
348.8 0.628319 -0.0866875
349 0.628319 -0.182793
349.2 0.628319 -0.166394
349.4 0.628319 -0.0589114
349.6 0.628319 0.0256609
349.8 0.628319 0.00921658
350 0.628319 -0.0677124
350.2 0.628319 -0.0994445
350.4 0.628319 -0.0367284
350.6 0.628319 0.0634072
350.8 0.628319 0.107723
351 0.628319 0.0678977
351.2 0.628319 -0.000300781
351.4 0.628319 -0.0279932
351.6 0.628319 -0.00363959
351.8 0.628319 0.0312699
352 0.628319 0.0397338
352.2 0.628319 0.0255912
352.4 0.628319 0.0158956
352.6 0.628319 0.0247975
352.8 0.628319 0.0443762
353 0.628319 0.0616825
353.2 0.628319 0.07038
353.4 0.628319 0.0656492
353.6 0.628319 0.0417602
353.8 0.628319 0.00412926
354 0.628319 -0.0237652
354.2 0.628319 -0.0195992
354.4 0.628319 0.00893909
354.6 0.628319 0.0256476
354.8 0.628319 0.00506373
355 0.628319 -0.0347242
355.2 0.628319 -0.0498402
355.4 0.628319 -0.0225467
355.6 0.628319 0.0157672
355.8 0.628319 0.021813
356 0.628319 -0.0061121
356.2 0.628319 -0.0260855
356.4 0.628319 -0.00665872
356.6 0.628319 0.0312509
356.8 0.628319 0.0413175
357 0.628319 0.0171201
357.2 0.628319 0.0104315
357.4 0.628319 0.0690602
357.6 0.628319 0.16265
357.8 0.628319 0.191756
358 0.628319 0.0867462
358.2 0.628319 -0.104888
358.4 0.628319 -0.243782
358.6 0.628319 -0.222722
358.8 0.628319 -0.0681877
359 0.628319 0.0826423
359.2 0.628319 0.107246
359.4 0.628319 0.00373587
359.6 0.628319 -0.11997
359.8 0.628319 -0.152729
360 0.628319 -0.0750736
360.2 0.628319 0.0411994
360.4 0.628319 0.11207
360.6 0.628319 0.11277
360.8 0.628319 0.0781668
361 0.628319 0.0491524
361.2 0.628319 0.031557
361.4 0.628319 0.00748149
361.6 0.628319 -0.026159
361.8 0.628319 -0.0455992
362 0.628319 -0.0310429
362.2 0.628319 -5.11477e-05
362.4 0.628319 0.00341929
362.6 0.628319 -0.0417599
362.8 0.628319 -0.103096
363 0.628319 -0.123163
363.2 0.628319 -0.0803127
363.4 0.628319 -0.0130869
363.6 0.628319 0.0217001
363.8 0.628319 0.0100109
364 0.628319 -0.00945238
364.2 0.628319 0.00347999
364.4 0.628319 0.0409318
364.6 0.628319 0.0588827
364.8 0.628319 0.0337626
365 0.628319 -0.00752839
365.2 0.628319 -0.0207048
365.4 0.628319 0.00309812
365.6 0.628319 0.0316985
365.8 0.628319 0.0377151
366 0.628319 0.0336457
366.2 0.628319 0.0496667
366.4 0.628319 0.0849848
366.6 0.628319 0.0998692
366.8 0.628319 0.0619346
367 0.628319 -0.0123548
367.2 0.628319 -0.0748181
367.4 0.628319 -0.0981671
367.6 0.628319 -0.0950841
367.8 0.628319 -0.0829525
368 0.628319 -0.0503565
368.2 0.628319 0.0203814
368.4 0.628319 0.102848
368.6 0.628319 0.127274
368.8 0.628319 0.0517473
369 0.628319 -0.0759811
369.2 0.628319 -0.151446
369.4 0.628319 -0.117254
369.6 0.628319 -0.02138
369.8 0.628319 0.0390348
370 0.628319 0.0227045
370.2 0.628319 -0.0246575
370.4 0.628319 -0.041817
370.6 0.628319 -0.0290184
370.8 0.628319 -0.0334862
371 0.628319 -0.0702337
371.2 0.628319 -0.0898393
371.4 0.628319 -0.0408706
371.6 0.628319 0.0539046
371.8 0.628319 0.111127
372 0.628319 0.0794997
372.2 0.628319 -0.00330448
372.4 0.628319 -0.0601729
372.6 0.628319 -0.0661806
372.8 0.628319 -0.0658485
373 0.628319 -0.0989536
373.2 0.628319 -0.137243
373.4 0.628319 -0.118601
373.6 0.628319 -0.0346091
373.8 0.628319 0.0456944
374 0.628319 0.0521491
374.2 0.628319 -0.00456053
374.4 0.628319 -0.0488493
374.6 0.628319 -0.0336402
374.8 0.628319 0.00740644
375 0.628319 0.0123484
375.2 0.628319 -0.0233702
375.4 0.628319 -0.0401231
375.6 0.628319 0.00594217
375.8 0.628319 0.0811661
376 0.628319 0.111522
376.2 0.628319 0.0716023
376.4 0.628319 0.0129551
376.6 0.628319 -0.0026973
376.8 0.628319 0.0204221
377 0.628319 0.0211285
377.2 0.628319 -0.0386416
377.4 0.628319 -0.122909
377.6 0.628319 -0.159581
377.8 0.628319 -0.117425
378 0.628319 -0.0325721
378.2 0.628319 0.0361446
378.4 0.628319 0.0617559
378.6 0.628319 0.0558765
378.8 0.628319 0.0387247
379 0.628319 0.0207349
379.2 0.628319 0.0104698
379.4 0.628319 0.0199236
379.6 0.628319 0.0489478
379.8 0.628319 0.0731104
380 0.628319 0.0640915
380.2 0.628319 0.0257312
380.4 0.628319 -0.00208845
380.6 0.628319 0.0144708
380.8 0.628319 0.0615103
381 0.628319 0.0880121
381.2 0.628319 0.0598182
381.4 0.628319 -0.00429897
381.6 0.628319 -0.0544503
381.8 0.628319 -0.0610256
382 0.628319 -0.0375147
382.2 0.628319 -0.0158374
382.4 0.628319 -0.0103325
382.6 0.628319 -0.0107221
382.8 0.628319 -0.00272889
383 0.628319 0.0143127
383.2 0.628319 0.0295754
383.4 0.628319 0.0317084
383.6 0.628319 0.0147413
383.8 0.628319 -0.0191656
384 0.628319 -0.0553335
384.2 0.628319 -0.0690101
384.4 0.628319 -0.0437761
384.6 0.628319 0.00822769
384.8 0.628319 0.0518694
385 0.628319 0.0629004
385.2 0.628319 0.0533253
385.4 0.628319 0.0542371
385.6 0.628319 0.072748
385.8 0.628319 0.0771796
386 0.628319 0.0343895
386.2 0.628319 -0.0432579
386.4 0.628319 -0.101542
386.6 0.628319 -0.0997684
386.8 0.628319 -0.0536186
387 0.628319 -0.0142759
387.2 0.628319 -0.00986044
387.4 0.628319 -0.0202579
387.6 0.628319 -0.0122789
387.8 0.628319 0.0144883
388 0.628319 0.0308205
388.2 0.628319 0.022172
388.4 0.628319 0.0112604
388.6 0.628319 0.0260241
388.8 0.628319 0.0556427
389 0.628319 0.0570928
389.2 0.628319 0.0101584
389.4 0.628319 -0.0474867
389.6 0.628319 -0.0544493
389.8 0.628319 0.00607525
390 0.628319 0.0832909
390.2 0.628319 0.10965
390.4 0.628319 0.0691791
390.6 0.628319 0.00866618
390.8 0.628319 -0.0154758
391 0.628319 0.00766377
391.2 0.628319 0.0432609
391.4 0.628319 0.0560021
391.6 0.628319 0.0454592
391.8 0.628319 0.0364197
392 0.628319 0.0427446
392.2 0.628319 0.0481009
392.4 0.628319 0.0234053
392.6 0.628319 -0.0383643
392.8 0.628319 -0.104945
393 0.628319 -0.123854
393.2 0.628319 -0.0651802
393.4 0.628319 0.0461639
393.6 0.628319 0.140235
393.8 0.628319 0.152802
394 0.628319 0.0776661
394.2 0.628319 -0.0277902
394.4 0.628319 -0.0919455
394.6 0.628319 -0.0874958
394.8 0.628319 -0.0433627
395 0.628319 -0.0044076
395.2 0.628319 0.0114978
395.4 0.628319 0.0135474
395.6 0.628319 0.0070596
395.8 0.628319 -0.0189028
396 0.628319 -0.0666622
396.2 0.628319 -0.106501
396.4 0.628319 -0.0977316
396.6 0.628319 -0.0373765
396.8 0.628319 0.0256186
397 0.628319 0.0374441
397.2 0.628319 -0.00296118
397.4 0.628319 -0.0451715
397.6 0.628319 -0.0474796
397.8 0.628319 -0.0224215
398 0.628319 -0.0125155
398.2 0.628319 -0.0299325
398.4 0.628319 -0.0396867
398.6 0.628319 -0.00838398
398.8 0.628319 0.0465476
399 0.628319 0.0741694
399.2 0.628319 0.0535321
399.4 0.628319 0.02057
399.6 0.628319 0.021113
399.8 0.628319 0.049793
400 0.628319 0.0554993
400.2 0.628319 0.00956218
400.4 0.628319 -0.0496562
400.6 0.628319 -0.0555569
400.8 0.628319 0.00882735
401 0.628319 0.0875799
401.2 0.628319 0.110703
401.4 0.628319 0.0647918
401.6 0.628319 -0.00354359
401.8 0.628319 -0.0451414
402 0.628319 -0.0528397
402.2 0.628319 -0.0480337
402.4 0.628319 -0.0420609
402.6 0.628319 -0.0275744
402.8 0.628319 -0.00247367
403 0.628319 0.0183447
403.2 0.628319 0.0244306
403.4 0.628319 0.0300985
403.6 0.628319 0.055931
403.8 0.628319 0.0911674
404 0.628319 0.0930593
404.2 0.628319 0.0364383
404.4 0.628319 -0.043944
404.6 0.628319 -0.0783291
404.8 0.628319 -0.0348404
405 0.628319 0.0424244
405.2 0.628319 0.0780927
405.4 0.628319 0.0447024
405.6 0.628319 -0.0132941
405.8 0.628319 -0.0353632
406 0.628319 -0.0128589
406.2 0.628319 0.00913513
406.4 0.628319 -0.00679044
406.6 0.628319 -0.041814
406.8 0.628319 -0.04234
407 0.628319 0.0151319
407.2 0.628319 0.0913547
407.4 0.628319 0.120982
407.6 0.628319 0.0785416
407.8 0.628319 0.00413525
408 0.628319 -0.035695
408.2 0.628319 -0.0101452
408.4 0.628319 0.0515903
408.6 0.628319 0.0939645
408.8 0.628319 0.0892264
409 0.628319 0.0581275
409.2 0.628319 0.0394592
409.4 0.628319 0.0437048
409.6 0.628319 0.0421351
409.8 0.628319 0.00392172
410 0.628319 -0.0609543
410.2 0.628319 -0.105209
410.4 0.628319 -0.0952456
410.6 0.628319 -0.0521047
410.8 0.628319 -0.0305583
411 0.628319 -0.0551947
411.2 0.628319 -0.0879574
411.4 0.628319 -0.0699058
411.6 0.628319 0.00817052
411.8 0.628319 0.0905578
412 0.628319 0.117528
412.2 0.628319 0.0898315
412.4 0.628319 0.0589201
412.6 0.628319 0.05733
412.8 0.628319 0.0601003
413 0.628319 0.0275361
413.2 0.628319 -0.0284701
413.4 0.628319 -0.0478578
413.6 0.628319 0.000623374
413.8 0.628319 0.067444
414 0.628319 0.0715123
414.2 0.628319 -0.00109938
414.4 0.628319 -0.072149
414.6 0.628319 -0.0598791
414.8 0.628319 0.0212025
415 0.628319 0.0725055
415.2 0.628319 0.0256738
415.4 0.628319 -0.0760769
415.6 0.628319 -0.126712
415.8 0.628319 -0.0764859
416 0.628319 0.0189601
416.2 0.628319 0.069884
416.4 0.628319 0.0499415
416.6 0.628319 0.00560036
416.8 0.628319 -0.0171601
417 0.628319 -0.0244389
417.2 0.628319 -0.042954
417.4 0.628319 -0.0621004
417.6 0.628319 -0.038412
417.8 0.628319 0.0401755
418 0.628319 0.120177
418.2 0.628319 0.13228
418.4 0.628319 0.0680118
418.6 0.628319 -0.0119798
418.8 0.628319 -0.0474901
419 0.628319 -0.0398998
419.2 0.628319 -0.0344754
419.4 0.628319 -0.0560451
419.6 0.628319 -0.0828499
419.8 0.628319 -0.0839686
420 0.628319 -0.0611729
420.2 0.628319 -0.0391215
420.4 0.628319 -0.0259257
420.6 0.628319 -0.00607501
420.8 0.628319 0.0243265
421 0.628319 0.0365321
421.2 0.628319 0.00202787
421.4 0.628319 -0.0597137
421.6 0.628319 -0.0878019
421.8 0.628319 -0.0434707
422 0.628319 0.0433881
422.2 0.628319 0.102697
422.4 0.628319 0.0948793
422.6 0.628319 0.0422354
422.8 0.628319 -0.00679652
423 0.628319 -0.027408
423.2 0.628319 -0.024734
423.4 0.628319 -0.00712931
423.6 0.628319 0.0236435
423.8 0.628319 0.0543149
424 0.628319 0.0555015
424.2 0.628319 0.0138568
424.4 0.628319 -0.0393653
424.6 0.628319 -0.0542304
424.8 0.628319 -0.0219225
425 0.628319 0.00919412
425.2 0.628319 -0.00769898
425.4 0.628319 -0.0538029
425.6 0.628319 -0.062772
425.8 0.628319 -0.00624163
426 0.628319 0.0620489
426.2 0.628319 0.0680222
426.4 0.628319 0.0126011
426.6 0.628319 -0.0242422
426.8 0.628319 0.0157249
427 0.628319 0.0882283
427.2 0.628319 0.0944609
427.4 0.628319 0.00559628
427.6 0.628319 -0.0921902
427.8 0.628319 -0.0950231
428 0.628319 -0.0055337
428.2 0.628319 0.0703015
428.4 0.628319 0.0517656
428.6 0.628319 -0.0213398
428.8 0.628319 -0.0445121
429 0.628319 0.0159661
429.2 0.628319 0.0789727
429.4 0.628319 0.0513412
429.6 0.628319 -0.0518714
429.8 0.628319 -0.120793
430 0.628319 -0.0818918
430.2 0.628319 0.0149084
430.4 0.628319 0.0583247
430.6 0.628319 0.00844604
430.8 0.628319 -0.0614365
431 0.628319 -0.059179
431.2 0.628319 0.015308
431.4 0.628319 0.0744825
431.6 0.628319 0.0497909
431.8 0.628319 -0.0316151
432 0.628319 -0.0848553
432.2 0.628319 -0.0635952
432.4 0.628319 0.000730112
432.6 0.628319 0.0498598
432.8 0.628319 0.0638315
433 0.628319 0.0629262
433.2 0.628319 0.0601036
433.4 0.628319 0.0375429
433.6 0.628319 -0.0214859
433.8 0.628319 -0.0929597
434 0.628319 -0.123426
434.2 0.628319 -0.0842836
434.4 0.628319 -0.00576178
434.6 0.628319 0.0498999
434.8 0.628319 0.0463912
435 0.628319 0.00152467
435.2 0.628319 -0.0381905
435.4 0.628319 -0.0435602
435.6 0.628319 -0.0227368
435.8 0.628319 -0.00317679
436 0.628319 -0.00104335
436.2 0.628319 -0.00812586
436.4 0.628319 -0.00349399
436.6 0.628319 0.0248728
436.8 0.628319 0.0677492
437 0.628319 0.100518
437.2 0.628319 0.101353
437.4 0.628319 0.0670106
437.6 0.628319 0.0139475
437.8 0.628319 -0.0340441
438 0.628319 -0.0594024
438.2 0.628319 -0.055402
438.4 0.628319 -0.0245244
438.6 0.628319 0.0215454
438.8 0.628319 0.0611403
439 0.628319 0.0708756
439.2 0.628319 0.0437162
439.4 0.628319 -1.73388e-05
439.6 0.628319 -0.0260972
439.8 0.628319 -0.0160705
440 0.628319 0.0168169
440.2 0.628319 0.0434012
440.4 0.628319 0.0480034
440.6 0.628319 0.0378428
440.8 0.628319 0.0249122
441 0.628319 0.007644
441.2 0.628319 -0.0223743
441.4 0.628319 -0.0597331
441.6 0.628319 -0.0825829
441.8 0.628319 -0.0755292
442 0.628319 -0.0485774
442.2 0.628319 -0.0251629
442.4 0.628319 -0.0139288
442.6 0.628319 -0.00259833
442.8 0.628319 0.0172595
443 0.628319 0.0304676
443.2 0.628319 0.0154163
443.4 0.628319 -0.0216909
443.6 0.628319 -0.0454499
443.8 0.628319 -0.0332168
444 0.628319 -0.00920285
444.2 0.628319 -0.0200158
444.4 0.628319 -0.0732713
444.6 0.628319 -0.115638
444.8 0.628319 -0.0867246
445 0.628319 0.00761405
445.2 0.628319 0.0903013
445.4 0.628319 0.0885406
445.6 0.628319 0.00731295
445.8 0.628319 -0.079926
446 0.628319 -0.108277
446.2 0.628319 -0.0770694
446.4 0.628319 -0.029867
446.6 0.628319 0.00310902
446.8 0.628319 0.0267132
447 0.628319 0.0520745
447.2 0.628319 0.0692184
447.4 0.628319 0.0620437
447.6 0.628319 0.039957
447.8 0.628319 0.0346064
448 0.628319 0.0601739
448.2 0.628319 0.0906986
448.4 0.628319 0.0892047
448.6 0.628319 0.0540271
448.8 0.628319 0.0218717
449 0.628319 0.0221368
449.2 0.628319 0.0411499
449.4 0.628319 0.0421193
449.6 0.628319 0.0135199
449.8 0.628319 -0.0179918
450 0.628319 -0.0252999
450.2 0.628319 -0.0161767
450.4 0.628319 -0.0179319
450.6 0.628319 -0.0339134
450.8 0.628319 -0.0350918
451 0.628319 -0.00267896
451.2 0.628319 0.0353521
451.4 0.628319 0.0292869
451.6 0.628319 -0.0302053
451.8 0.628319 -0.0918827
452 0.628319 -0.0979704
452.2 0.628319 -0.0508087
452.4 0.628319 -0.00994491
452.6 0.628319 -0.0200951
452.8 0.628319 -0.0566891
453 0.628319 -0.0561936
453.2 0.628319 0.00409319
453.4 0.628319 0.0727599
453.6 0.628319 0.0786646
453.8 0.628319 0.0102506
454 0.628319 -0.0705857
454.2 0.628319 -0.0933339
454.4 0.628319 -0.0480798
454.6 0.628319 0.0137198
454.8 0.628319 0.0384188
455 0.628319 0.0199069
455.2 0.628319 -0.00775722
455.4 0.628319 -0.014327
455.6 0.628319 -0.00121427
455.8 0.628319 0.00990897
456 0.628319 0.00495942
456.2 0.628319 -0.0107504
456.4 0.628319 -0.0231392
456.6 0.628319 -0.0249984
456.8 0.628319 -0.020619
457 0.628319 -0.0189262
457.2 0.628319 -0.0238413
457.4 0.628319 -0.029806
457.6 0.628319 -0.0262763
457.8 0.628319 -0.00932295
458 0.628319 0.00934343
458.2 0.628319 0.00797466
458.4 0.628319 -0.0249028
458.6 0.628319 -0.0739385
458.8 0.628319 -0.104322
459 0.628319 -0.0903689
459.2 0.628319 -0.0378492
459.4 0.628319 0.0226376
459.6 0.628319 0.0632222
459.8 0.628319 0.0775665
460 0.628319 0.0751331
460.2 0.628319 0.0645804
460.4 0.628319 0.0483288
460.6 0.628319 0.0293038
460.8 0.628319 0.0131516
461 0.628319 -0.000237303
461.2 0.628319 -0.0203222
461.4 0.628319 -0.0521767
461.6 0.628319 -0.0805782
461.8 0.628319 -0.0789298
462 0.628319 -0.041597
462.2 0.628319 -0.00137213
462.4 0.628319 -0.00182762
462.6 0.628319 -0.0472945
462.8 0.628319 -0.0883245
463 0.628319 -0.0675076
463.2 0.628319 0.0189677
463.4 0.628319 0.111786
463.6 0.628319 0.14404
463.8 0.628319 0.102581
464 0.628319 0.0320099
464.2 0.628319 -0.0156299
464.4 0.628319 -0.0250893
464.6 0.628319 -0.0130737
464.8 0.628319 0.00499986
465 0.628319 0.0281593
465.2 0.628319 0.0522089
465.4 0.628319 0.0573418
465.6 0.628319 0.0281008
465.8 0.628319 -0.0183025
466 0.628319 -0.0397105
466.2 0.628319 -0.0136713
466.4 0.628319 0.0326887
466.6 0.628319 0.0491836
466.8 0.628319 0.0193797
467 0.628319 -0.0194019
467.2 0.628319 -0.0196474
467.4 0.628319 0.0192243
467.6 0.628319 0.0492449
467.8 0.628319 0.0314232
468 0.628319 -0.0157348
468.2 0.628319 -0.0360643
468.4 0.628319 -0.00238974
468.6 0.628319 0.0483819
468.8 0.628319 0.0544448
469 0.628319 -0.00066311
469.2 0.628319 -0.0663933
469.4 0.628319 -0.0769273
469.6 0.628319 -0.0198702
469.8 0.628319 0.0510677
470 0.628319 0.0696387
470.2 0.628319 0.0186138
470.4 0.628319 -0.0601061
470.6 0.628319 -0.108432
470.8 0.628319 -0.0996253
471 0.628319 -0.049609
471.2 0.628319 0.00560811
471.4 0.628319 0.0364853
471.6 0.628319 0.0311607
471.8 0.628319 -0.00485071
472 0.628319 -0.0513433
472.2 0.628319 -0.0804343
472.4 0.628319 -0.0728231
472.6 0.628319 -0.034484
472.8 0.628319 0.00476818
473 0.628319 0.0160438
473.2 0.628319 -0.00166143
473.4 0.628319 -0.02059
473.6 0.628319 -0.0132118
473.8 0.628319 0.0177245
474 0.628319 0.0402032
474.2 0.628319 0.02548
474.4 0.628319 -0.0209854
474.6 0.628319 -0.0626169
474.8 0.628319 -0.0658609
475 0.628319 -0.030835
475.2 0.628319 0.0115318
475.4 0.628319 0.0306031
475.6 0.628319 0.0226674
475.8 0.628319 0.00819132
476 0.628319 0.00704097
476.2 0.628319 0.0197872
476.4 0.628319 0.032405
476.6 0.628319 0.034599
476.8 0.628319 0.0293498
477 0.628319 0.0250438
477.2 0.628319 0.0227987
477.4 0.628319 0.0155225
477.6 0.628319 -0.000874888
477.8 0.628319 -0.0191217
478 0.628319 -0.0265024
478.2 0.628319 -0.0188762
478.4 0.628319 -0.00656755
478.6 0.628319 -0.00467184
478.8 0.628319 -0.0176702
479 0.628319 -0.0341678
479.2 0.628319 -0.0365407
479.4 0.628319 -0.0154295
479.6 0.628319 0.0240235
479.8 0.628319 0.0671733
480 0.628319 0.0989828
480.2 0.628319 0.109562
480.4 0.628319 0.0955949
480.6 0.628319 0.0608353
480.8 0.628319 0.0163185
481 0.628319 -0.0229073
481.2 0.628319 -0.0452856
481.4 0.628319 -0.0494014
481.6 0.628319 -0.0428759
481.8 0.628319 -0.033715
482 0.628319 -0.0228983
482.2 0.628319 -0.0067159
482.4 0.628319 0.0134574
482.6 0.628319 0.0262962
482.8 0.628319 0.0194146
483 0.628319 -0.004827
483.2 0.628319 -0.0249422
483.4 0.628319 -0.0173367
483.6 0.628319 0.0184298
483.8 0.628319 0.052881
484 0.628319 0.0506479
484.2 0.628319 0.00538442
484.4 0.628319 -0.0500396
484.6 0.628319 -0.0724086
484.8 0.628319 -0.0494771
485 0.628319 -0.0112446
485.2 0.628319 0.00204555
485.4 0.628319 -0.0181266
485.6 0.628319 -0.0422226
485.8 0.628319 -0.0389
486 0.628319 -0.0128049
486.2 0.628319 2.63992e-05
486.4 0.628319 -0.0248806
486.6 0.628319 -0.0682272
486.8 0.628319 -0.083809
487 0.628319 -0.0472735
487.2 0.628319 0.0174553
487.4 0.628319 0.0630153
487.6 0.628319 0.0656777
487.8 0.628319 0.0421021
488 0.628319 0.0213568
488.2 0.628319 0.0101478
488.4 0.628319 -0.00653602
488.6 0.628319 -0.0343872
488.8 0.628319 -0.0524454
489 0.628319 -0.0354873
489.2 0.628319 0.0105065
489.4 0.628319 0.0467268
489.6 0.628319 0.0414939
489.8 0.628319 0.00697869
490 0.628319 -0.012313
490.2 0.628319 0.010506
490.4 0.628319 0.0522111
490.6 0.628319 0.0628501
490.8 0.628319 0.0208752
491 0.628319 -0.0397167
491.2 0.628319 -0.0598378
491.4 0.628319 -0.0121122
491.6 0.628319 0.0726981
491.8 0.628319 0.132643
492 0.628319 0.12665
492.2 0.628319 0.0651501
492.4 0.628319 -0.00164248
492.6 0.628319 -0.0232072
492.8 0.628319 0.0150066
493 0.628319 0.0818634
493.2 0.628319 0.123424
493.4 0.628319 0.104615
493.6 0.628319 0.0396961
493.8 0.628319 -0.0165034
494 0.628319 -0.0156158
494.2 0.628319 0.0384699
494.4 0.628319 0.0908812
494.6 0.628319 0.0879442
494.8 0.628319 0.0298857
495 0.628319 -0.0308701
495.2 0.628319 -0.0445306
495.4 0.628319 -0.0125138
495.6 0.628319 0.0225985
495.8 0.628319 0.0305601
496 0.628319 0.0260185
496.2 0.628319 0.0428105
496.4 0.628319 0.0844107
496.6 0.628319 0.113888
496.8 0.628319 0.0970709
497 0.628319 0.0457719
497.2 0.628319 0.00671558
497.4 0.628319 0.00879901
497.6 0.628319 0.0331361
497.8 0.628319 0.0417646
498 0.628319 0.0274131
498.2 0.628319 0.0206491
498.4 0.628319 0.0454217
498.6 0.628319 0.0807788
498.8 0.628319 0.0804002
499 0.628319 0.0291558
499.2 0.628319 -0.0325761
499.4 0.628319 -0.0488162
499.6 0.628319 -0.00667099
499.8 0.628319 0.0537491
500 0.628319 0.0861144
500.2 0.628319 0.0829615
500.4 0.628319 0.068888
500.6 0.628319 0.0593878
500.8 0.628319 0.0431084
501 0.628319 0.00824303
501.2 0.628319 -0.0281067
501.4 0.628319 -0.0333582
501.6 0.628319 -0.00225836
501.8 0.628319 0.0282301
502 0.628319 0.0177951
502.2 0.628319 -0.0281092
502.4 0.628319 -0.0601997
502.6 0.628319 -0.0401968
502.8 0.628319 0.0149751
503 0.628319 0.0523573
503.2 0.628319 0.0434298
503.4 0.628319 0.0153892
503.6 0.628319 0.0178061
503.8 0.628319 0.064838
504 0.628319 0.118576
504.2 0.628319 0.128809
504.4 0.628319 0.0821204
504.6 0.628319 0.00944635
504.8 0.628319 -0.0473643
505 0.628319 -0.0693541
505.2 0.628319 -0.0650305
505.4 0.628319 -0.0539791
505.6 0.628319 -0.0520474
505.8 0.628319 -0.0651532
506 0.628319 -0.0852645
506.2 0.628319 -0.090349
506.4 0.628319 -0.0589048
506.6 0.628319 0.00507248
506.8 0.628319 0.0633835
507 0.628319 0.0713026
507.2 0.628319 0.0217151
507.4 0.628319 -0.0407365
507.6 0.628319 -0.0570976
507.8 0.628319 -0.00893093
508 0.628319 0.065162
508.2 0.628319 0.107511
508.4 0.628319 0.0929528
508.6 0.628319 0.0427947
508.8 0.628319 -0.00471583
509 0.628319 -0.0287857
509.2 0.628319 -0.0314255
509.4 0.628319 -0.0205828
509.6 0.628319 -7.37861e-06
509.8 0.628319 0.0238778
510 0.628319 0.0363095
510.2 0.628319 0.0256251
510.4 0.628319 0.000208711
510.6 0.628319 -0.0139166
510.8 0.628319 0.00193019
511 0.628319 0.0374097
511.2 0.628319 0.0601461
511.4 0.628319 0.0459082
511.6 0.628319 0.00153916
511.8 0.628319 -0.0413217
512 0.628319 -0.054151
512.2 0.628319 -0.0348065
512.4 0.628319 -0.00763586
512.6 0.628319 -0.00239791
512.8 0.628319 -0.0290035
513 0.628319 -0.0670301
513.2 0.628319 -0.0798105
513.4 0.628319 -0.0456431
513.6 0.628319 0.0186854
513.8 0.628319 0.0668721
514 0.628319 0.0624371
514.2 0.628319 0.0142044
514.4 0.628319 -0.0295797
514.6 0.628319 -0.0267157
514.8 0.628319 0.0182836
515 0.628319 0.0600858
515.2 0.628319 0.0579769
515.4 0.628319 0.0125099
515.6 0.628319 -0.0418148
515.8 0.628319 -0.0725753
516 0.628319 -0.0716834
516.2 0.628319 -0.0473819
516.4 0.628319 -0.00847801
516.6 0.628319 0.0347379
516.8 0.628319 0.0622966
517 0.628319 0.0545505
517.2 0.628319 0.0182542
517.4 0.628319 -0.0072546
517.6 0.628319 0.015391
517.8 0.628319 0.0781939
518 0.628319 0.128865
518.2 0.628319 0.123289
518.4 0.628319 0.0725957
518.6 0.628319 0.0291532
518.8 0.628319 0.0266612
519 0.628319 0.0453655
519.2 0.628319 0.0424284
519.4 0.628319 0.00751431
519.6 0.628319 -0.0264421
519.8 0.628319 -0.0283397
520 0.628319 -0.0088134
520.2 0.628319 -0.00237881
520.4 0.628319 -0.0165023
520.6 0.628319 -0.0179952
520.8 0.628319 0.0212632
521 0.628319 0.0778317
521.2 0.628319 0.0942859
521.4 0.628319 0.0455125
521.6 0.628319 -0.0272797
521.8 0.628319 -0.0601379
522 0.628319 -0.0369745
522.2 0.628319 -0.00254418
522.4 0.628319 -0.0030658
522.6 0.628319 -0.0291737
522.8 0.628319 -0.0314324
523 0.628319 0.0129637
523.2 0.628319 0.0666394
523.4 0.628319 0.073595
523.6 0.628319 0.0243177
523.8 0.628319 -0.0343418
524 0.628319 -0.0531898
524.2 0.628319 -0.0313606
524.4 0.628319 -0.00575521
524.6 0.628319 0.000120328
524.8 0.628319 0.00139515
525 0.628319 0.0239558
525.2 0.628319 0.0646427
525.4 0.628319 0.0913721
525.6 0.628319 0.0806323
525.8 0.628319 0.0437562
526 0.628319 0.011635
526.2 0.628319 0.000171119
526.4 0.628319 -0.00185033
526.6 0.628319 -0.013242
526.8 0.628319 -0.0372301
527 0.628319 -0.0599602
527.2 0.628319 -0.0661595
527.4 0.628319 -0.0518211
527.6 0.628319 -0.0253981
527.8 0.628319 -0.00264062
528 0.628319 0.00173778
528.2 0.628319 -0.0133088
528.4 0.628319 -0.0270377
528.6 0.628319 -0.00975845
528.8 0.628319 0.0452277
529 0.628319 0.103097
529.2 0.628319 0.113147
529.4 0.628319 0.061525
529.6 0.628319 -0.0070781
529.8 0.628319 -0.031855
530 0.628319 -0.00125021
530.2 0.628319 0.0336995
530.4 0.628319 0.0185153
530.6 0.628319 -0.0395761
530.8 0.628319 -0.0784543
531 0.628319 -0.053795
531.2 0.628319 0.00775106
531.4 0.628319 0.0385805
531.6 0.628319 0.00697752
531.8 0.628319 -0.0505815
532 0.628319 -0.0761745
532.2 0.628319 -0.0553614
532.4 0.628319 -0.0230347
532.6 0.628319 -0.0123295
532.8 0.628319 -0.0181747
533 0.628319 -0.0191263
533.2 0.628319 -0.018254
533.4 0.628319 -0.0396022
533.6 0.628319 -0.0829124
533.8 0.628319 -0.10446
534 0.628319 -0.0624505
534.2 0.628319 0.0233375
534.4 0.628319 0.0783775
534.6 0.628319 0.0500436
534.8 0.628319 -0.03306
535 0.628319 -0.0916978
535.2 0.628319 -0.0826388
535.4 0.628319 -0.0391737
535.6 0.628319 -0.0204358
535.8 0.628319 -0.036143
536 0.628319 -0.040495
536.2 0.628319 0.000908139
536.4 0.628319 0.0590537
536.6 0.628319 0.0718592
536.8 0.628319 0.0193129
537 0.628319 -0.0499071
537.2 0.628319 -0.0722866
537.4 0.628319 -0.0376479
537.6 0.628319 0.00782824
537.8 0.628319 0.0200547
538 0.628319 0.00168664
538.2 0.628319 -0.0156729
538.4 0.628319 -0.018846
538.6 0.628319 -0.025563
538.8 0.628319 -0.0510014
539 0.628319 -0.0789648
539.2 0.628319 -0.0784392
539.4 0.628319 -0.0433402
539.6 0.628319 -0.00287313
539.8 0.628319 0.0105338
540 0.628319 -0.00535698
540.2 0.628319 -0.02675
540.4 0.628319 -0.0349998
540.6 0.628319 -0.0337362
540.8 0.628319 -0.0358368
541 0.628319 -0.0442026
541.2 0.628319 -0.0513345
541.4 0.628319 -0.0506278
541.6 0.628319 -0.0378833
541.8 0.628319 -0.00419358
542 0.628319 0.0581833
542.2 0.628319 0.134436
542.4 0.628319 0.181078
542.6 0.628319 0.158688
542.8 0.628319 0.0767421
543 0.628319 -0.00436202
543.2 0.628319 -0.0278651
543.4 0.628319 0.00375108
543.6 0.628319 0.0364812
543.8 0.628319 0.02895
544 0.628319 -0.00232006
544.2 0.628319 -0.0100061
544.4 0.628319 0.0193828
544.6 0.628319 0.0455985
544.8 0.628319 0.026314
545 0.628319 -0.0237347
545.2 0.628319 -0.0423711
545.4 0.628319 0.00850169
545.6 0.628319 0.0940433
545.8 0.628319 0.140176
546 0.628319 0.111682
546.2 0.628319 0.045849
546.4 0.628319 0.00647101
546.6 0.628319 0.0160515
546.8 0.628319 0.0431926
547 0.628319 0.0507395
547.2 0.628319 0.0400984
547.4 0.628319 0.0403264
547.6 0.628319 0.0633361
547.8 0.628319 0.0854205
548 0.628319 0.0765165
548.2 0.628319 0.0375471
548.4 0.628319 -0.00119148
548.6 0.628319 -0.0164553
548.8 0.628319 -0.0171494
549 0.628319 -0.0289296
549.2 0.628319 -0.0594866
549.4 0.628319 -0.0865718
549.6 0.628319 -0.0816013
549.8 0.628319 -0.0410311
550 0.628319 0.0079514
550.2 0.628319 0.0314693
550.4 0.628319 0.0181181
550.6 0.628319 -0.0127136
550.8 0.628319 -0.0289754
551 0.628319 -0.0147004
551.2 0.628319 0.0144712
551.4 0.628319 0.0247914
551.6 0.628319 -0.00084498
551.8 0.628319 -0.0387629
552 0.628319 -0.0414313
552.2 0.628319 0.0113663
552.4 0.628319 0.0776385
552.6 0.628319 0.0815351
552.8 0.628319 -0.0103398
553 0.628319 -0.140749
553.2 0.628319 -0.202221
553.4 0.628319 -0.136846
553.6 0.628319 0.00441726
553.8 0.628319 0.108786
554 0.628319 0.109014
554.2 0.628319 0.0404833
554.4 0.628319 -0.00910787
554.6 0.628319 0.00340067
554.8 0.628319 0.0404657
555 0.628319 0.0406605
555.2 0.628319 -0.00517614
555.4 0.628319 -0.0472366
555.6 0.628319 -0.040498
555.8 0.628319 0.00177213
556 0.628319 0.0262074
556.2 0.628319 0.0018261
556.4 0.628319 -0.048913
556.6 0.628319 -0.0810756
556.8 0.628319 -0.0758279
557 0.628319 -0.0496636
557.2 0.628319 -0.0241083
557.4 0.628319 -0.00204546
557.6 0.628319 0.0221337
557.8 0.628319 0.0421845
558 0.628319 0.0435095
558.2 0.628319 0.0250074
558.4 0.628319 0.00376284
558.6 0.628319 -0.00834876
558.8 0.628319 -0.0232251
559 0.628319 -0.0591203
559.2 0.628319 -0.106397
559.4 0.628319 -0.12583
559.6 0.628319 -0.0917246
559.8 0.628319 -0.0301761
560 0.628319 0.000224739
560.2 0.628319 -0.0293406
560.4 0.628319 -0.0846802
560.6 0.628319 -0.106866
560.8 0.628319 -0.0792543
561 0.628319 -0.0436585
561.2 0.628319 -0.046367
561.4 0.628319 -0.0798219
561.6 0.628319 -0.0915806
561.8 0.628319 -0.0497793
562 0.628319 0.0150987
562.2 0.628319 0.0435102
562.4 0.628319 0.0156624
562.6 0.628319 -0.0261842
562.8 0.628319 -0.0273234
563 0.628319 0.017551
563.2 0.628319 0.0606823
563.4 0.628319 0.0557349
563.6 0.628319 0.00536113
563.8 0.628319 -0.0477002
564 0.628319 -0.066705
564.2 0.628319 -0.0497401
564.4 0.628319 -0.018072
564.6 0.628319 0.00956158
564.8 0.628319 0.0252709
565 0.628319 0.0253229
565.2 0.628319 0.0100582
565.4 0.628319 -0.00815586
565.6 0.628319 -0.00942919
565.8 0.628319 0.010892
566 0.628319 0.0283943
566.2 0.628319 0.0110843
566.4 0.628319 -0.0408402
566.6 0.628319 -0.0853558
566.8 0.628319 -0.0785593
567 0.628319 -0.0226397
567.2 0.628319 0.0351093
567.4 0.628319 0.0546246
567.6 0.628319 0.046177
567.8 0.628319 0.0525138
568 0.628319 0.0915486
568.2 0.628319 0.129947
568.4 0.628319 0.121522
568.6 0.628319 0.0650522
568.8 0.628319 0.0110549
569 0.628319 0.00775279
569.2 0.628319 0.0484257
569.4 0.628319 0.0807268
569.6 0.628319 0.0653912
569.8 0.628319 0.0165296
570 0.628319 -0.0185986
570.2 0.628319 -0.0118888
570.4 0.628319 0.0209281
570.6 0.628319 0.0438402
570.8 0.628319 0.037831
571 0.628319 0.0109521
571.2 0.628319 -0.0192841
571.4 0.628319 -0.0418968
571.6 0.628319 -0.0507431
571.8 0.628319 -0.0387955
572 0.628319 -0.00446196
572.2 0.628319 0.0379947
572.4 0.628319 0.0638403
572.6 0.628319 0.0590279
572.8 0.628319 0.0333138
573 0.628319 0.0088513
573.2 0.628319 -0.00194587
573.4 0.628319 -0.00269903
573.6 0.628319 0.000662864
573.8 0.628319 0.0109661
574 0.628319 0.0312578
574.2 0.628319 0.0501841
574.4 0.628319 0.0467346
574.6 0.628319 0.0143404
574.8 0.628319 -0.0255377
575 0.628319 -0.0417005
575.2 0.628319 -0.0257873
575.4 0.628319 -0.00076987
575.6 0.628319 0.00569662
575.8 0.628319 -0.00825235
576 0.628319 -0.0200586
576.2 0.628319 -0.0120147
576.4 0.628319 0.00895143
576.6 0.628319 0.0240719
576.8 0.628319 0.0284488
577 0.628319 0.0342985
577.2 0.628319 0.0476254
577.4 0.628319 0.0509064
577.6 0.628319 0.0188078
577.8 0.628319 -0.0481964
578 0.628319 -0.112667
578.2 0.628319 -0.128904
578.4 0.628319 -0.0840213
578.6 0.628319 -0.0103503
578.8 0.628319 0.0414396
579 0.628319 0.0406795
579.2 0.628319 -0.00572078
579.4 0.628319 -0.0644627
579.6 0.628319 -0.10007
579.8 0.628319 -0.0948406
580 0.628319 -0.0568241
580.2 0.628319 -0.0140849
580.4 0.628319 0.00407078
580.6 0.628319 -0.0108326
580.8 0.628319 -0.0391521
581 0.628319 -0.0504469
581.2 0.628319 -0.0318475
581.4 0.628319 0.000169247
581.6 0.628319 0.0167038
581.8 0.628319 0.00416346
582 0.628319 -0.0252498
582.2 0.628319 -0.0471534
582.4 0.628319 -0.0444964
582.6 0.628319 -0.0148415
582.8 0.628319 0.0325921
583 0.628319 0.0787397
583.2 0.628319 0.0971979
583.4 0.628319 0.0690895
583.6 0.628319 0.00644048
583.8 0.628319 -0.0436332
584 0.628319 -0.0330155
584.2 0.628319 0.0385732
584.4 0.628319 0.113211
584.6 0.628319 0.124847
584.8 0.628319 0.0651823
585 0.628319 -0.00529854
585.2 0.628319 -0.0184752
585.4 0.628319 0.0300048
585.6 0.628319 0.076238
585.8 0.628319 0.0565197
586 0.628319 -0.0251284
586.2 0.628319 -0.102058
586.4 0.628319 -0.114499
586.6 0.628319 -0.0665319
586.8 0.628319 -0.0125056
587 0.628319 0.00463058
587.2 0.628319 -0.00741017
587.4 0.628319 -0.0115157
587.6 0.628319 0.00947215
587.8 0.628319 0.0338564
588 0.628319 0.0295196
588.2 0.628319 -0.00790316
588.4 0.628319 -0.0508276
588.6 0.628319 -0.0700712
588.8 0.628319 -0.0625912
589 0.628319 -0.0476623
589.2 0.628319 -0.0411269
589.4 0.628319 -0.0391912
589.6 0.628319 -0.0276239
589.8 0.628319 -0.00173204
590 0.628319 0.0269829
590.2 0.628319 0.0432134
590.4 0.628319 0.0427801
590.6 0.628319 0.0328345
590.8 0.628319 0.0190407
591 0.628319 -0.00288807
591.2 0.628319 -0.0395902
591.4 0.628319 -0.0846099
591.6 0.628319 -0.114797
591.8 0.628319 -0.106942
592 0.628319 -0.0599529
592.2 0.628319 0.00083483
592.4 0.628319 0.0440687
592.6 0.628319 0.0579499
592.8 0.628319 0.0551887
593 0.628319 0.0536384
593.2 0.628319 0.0555635
593.4 0.628319 0.0488514
593.6 0.628319 0.0270987
593.8 0.628319 0.00296117
594 0.628319 -0.00225232
594.2 0.628319 0.0186953
594.4 0.628319 0.0498195
594.6 0.628319 0.0655857
594.8 0.628319 0.0513231
595 0.628319 0.0107717
595.2 0.628319 -0.040026
595.4 0.628319 -0.0803563
595.6 0.628319 -0.0897444
595.8 0.628319 -0.0575731
596 0.628319 0.00278223
596.2 0.628319 0.0528366
596.4 0.628319 0.054512
596.6 0.628319 0.00472158
596.8 0.628319 -0.0587057
597 0.628319 -0.0918773
597.2 0.628319 -0.0853213
597.4 0.628319 -0.0639474
597.6 0.628319 -0.0480447
597.8 0.628319 -0.0266811
598 0.628319 0.0193476
598.2 0.628319 0.0745673
598.4 0.628319 0.0890399
598.6 0.628319 0.0345916
598.8 0.628319 -0.0480739
599 0.628319 -0.0784099
599.2 0.628319 -0.0209093
599.4 0.628319 0.0702404
599.6 0.628319 0.105226
599.8 0.628319 0.0552611
600 0.628319 -0.0191137
600.2 0.628319 -0.0413119
600.4 0.628319 -0.00666148
600.6 0.628319 0.0195733
600.8 0.628319 -0.0108395
601 0.628319 -0.0655174
601.2 0.628319 -0.0696913
601.4 0.628319 0.00068319
601.6 0.628319 0.0850445
601.8 0.628319 0.10449
602 0.628319 0.0475812
602.2 0.628319 -0.0239519
602.4 0.628319 -0.0495619
602.6 0.628319 -0.0302911
602.8 0.628319 -0.00815319
603 0.628319 -0.00271222
603.2 0.628319 0.00931966
603.4 0.628319 0.0496178
603.6 0.628319 0.0942922
603.8 0.628319 0.093224
604 0.628319 0.0307247
604.2 0.628319 -0.0484239
604.4 0.628319 -0.0809976
604.6 0.628319 -0.0463349
604.8 0.628319 0.0209507
605 0.628319 0.072022
605.2 0.628319 0.0862418
605.4 0.628319 0.0742272
605.6 0.628319 0.0547905
605.8 0.628319 0.0404811
606 0.628319 0.0387396
606.2 0.628319 0.0501586
606.4 0.628319 0.0603795
606.6 0.628319 0.0461311
606.8 0.628319 0.00223048
607 0.628319 -0.0409843
607.2 0.628319 -0.041843
607.4 0.628319 0.00519043
607.6 0.628319 0.0560421
607.8 0.628319 0.0618777
608 0.628319 0.0235442
608.2 0.628319 -0.0112327
608.4 0.628319 -0.00797424
608.6 0.628319 0.0106579
608.8 0.628319 -0.00595855
609 0.628319 -0.0681802
609.2 0.628319 -0.124125
609.4 0.628319 -0.11454
609.6 0.628319 -0.0402237
609.8 0.628319 0.0380824
610 0.628319 0.0645673
610.2 0.628319 0.0402181
610.4 0.628319 0.00607998
610.6 0.628319 -0.0103669
610.8 0.628319 -0.0163431
611 0.628319 -0.0262158
611.2 0.628319 -0.034792
611.4 0.628319 -0.0306145
611.6 0.628319 -0.0231853
611.8 0.628319 -0.0344999
612 0.628319 -0.0597649
612.2 0.628319 -0.0566906
612.4 0.628319 0.00657736
612.6 0.628319 0.097799
612.8 0.628319 0.13753
613 0.628319 0.0818991
613.2 0.628319 -0.0213218
613.4 0.628319 -0.0767469
613.6 0.628319 -0.0423825
613.8 0.628319 0.027641
614 0.628319 0.0487455
614.2 0.628319 0.00296996
614.4 0.628319 -0.0465398
614.6 0.628319 -0.0375166
614.8 0.628319 0.0144928
615 0.628319 0.0370174
615.2 0.628319 -0.00776632
615.4 0.628319 -0.0730954
615.6 0.628319 -0.0803768
615.8 0.628319 -0.012126
616 0.628319 0.0646575
616.2 0.628319 0.0719815
616.4 0.628319 0.00666857
616.6 0.628319 -0.0580164
616.8 0.628319 -0.0538911
617 0.628319 0.0104566
617.2 0.628319 0.0644043
617.4 0.628319 0.0553639
617.6 0.628319 0.00367261
617.8 0.628319 -0.025358
618 0.628319 0.00263506
618.2 0.628319 0.0512624
618.4 0.628319 0.0525853
618.6 0.628319 -0.017306
618.8 0.628319 -0.107296
619 0.628319 -0.138468
619.2 0.628319 -0.0822801
619.4 0.628319 0.0108269
619.6 0.628319 0.0619692
619.8 0.628319 0.0415513
620 0.628319 -0.0057438
620.2 0.628319 -0.0123127
620.4 0.628319 0.0407322
620.6 0.628319 0.106948
620.8 0.628319 0.125987
621 0.628319 0.0828211
621.2 0.628319 0.0128764
621.4 0.628319 -0.0431904
621.6 0.628319 -0.0760864
621.8 0.628319 -0.0970294
622 0.628319 -0.10477
622.2 0.628319 -0.0814791
622.4 0.628319 -0.0241734
622.6 0.628319 0.0343155
622.8 0.628319 0.0509863
623 0.628319 0.0189679
623.2 0.628319 -0.0228018
623.4 0.628319 -0.0320718
623.6 0.628319 -0.00818451
623.8 0.628319 0.0140515
624 0.628319 0.0113875
624.2 0.628319 0.000240643
624.4 0.628319 0.0121798
624.6 0.628319 0.0507919
624.8 0.628319 0.0855247
625 0.628319 0.0880893
625.2 0.628319 0.0636708
625.4 0.628319 0.0396642
625.6 0.628319 0.0318344
625.8 0.628319 0.0332013
626 0.628319 0.0345574
626.2 0.628319 0.0415775
626.4 0.628319 0.0630388
626.6 0.628319 0.090442
626.8 0.628319 0.10325
627 0.628319 0.0946329
627.2 0.628319 0.0787221
627.4 0.628319 0.0646698
627.6 0.628319 0.0351879
627.8 0.628319 -0.030917
628 0.628319 -0.113518
628.2 0.628319 -0.148455
628.4 0.628319 -0.0893472
628.6 0.628319 0.0297462
628.8 0.628319 0.11196
629 0.628319 0.0894739
629.2 0.628319 -0.00664067
629.4 0.628319 -0.0786557
629.6 0.628319 -0.0629624
629.8 0.628319 0.0101918
630 0.628319 0.0579219
630.2 0.628319 0.0336995
630.4 0.628319 -0.0335857
630.6 0.628319 -0.0810372
630.8 0.628319 -0.0755776
631 0.628319 -0.033374
631.2 0.628319 0.00797453
631.4 0.628319 0.0216073
631.6 0.628319 0.00177334
631.8 0.628319 -0.0372688
632 0.628319 -0.063515
632.2 0.628319 -0.0429313
632.4 0.628319 0.0270822
632.6 0.628319 0.0989873
632.8 0.628319 0.108196
633 0.628319 0.0383521
633.2 0.628319 -0.0524376
633.4 0.628319 -0.0857387
633.6 0.628319 -0.0450899
633.8 0.628319 0.00771357
634 0.628319 0.00452032
634.2 0.628319 -0.051692
634.4 0.628319 -0.0951079
634.6 0.628319 -0.0783898
634.8 0.628319 -0.0256979
635 0.628319 0.00553746
635.2 0.628319 0.00103404
635.4 0.628319 0.00455864
635.6 0.628319 0.0533719
635.8 0.628319 0.120058
636 0.628319 0.138053
636.2 0.628319 0.080669
636.4 0.628319 -0.0053283
636.6 0.628319 -0.0521427
636.8 0.628319 -0.0427593
637 0.628319 -0.01623
637.2 0.628319 -0.00955956
637.4 0.628319 -0.0162059
637.6 0.628319 -0.0101833
637.8 0.628319 0.00714144
638 0.628319 0.00748373
638.2 0.628319 -0.0173248
638.4 0.628319 -0.0313152
638.6 0.628319 0.00538678
638.8 0.628319 0.0796167
639 0.628319 0.127805
639.2 0.628319 0.102507
639.4 0.628319 0.0250255
639.6 0.628319 -0.0386844
639.8 0.628319 -0.0487528
640 0.628319 -0.0246316
640.2 0.628319 -0.00794902
640.4 0.628319 -0.00817077
640.6 0.628319 0.000851524
640.8 0.628319 0.0356499
641 0.628319 0.0722735
641.2 0.628319 0.0702418
641.4 0.628319 0.0206706
641.6 0.628319 -0.0402476
641.8 0.628319 -0.0667376
642 0.628319 -0.0454947
642.2 0.628319 -0.00128137
642.4 0.628319 0.0320559
642.6 0.628319 0.0399216
642.8 0.628319 0.0309751
643 0.628319 0.0227012
643.2 0.628319 0.0257103
643.4 0.628319 0.0358472
643.6 0.628319 0.036718
643.8 0.628319 0.0139204
644 0.628319 -0.0263005
644.2 0.628319 -0.0535282
644.4 0.628319 -0.037319
644.6 0.628319 0.0193254
644.8 0.628319 0.0751971
645 0.628319 0.0875405
645.2 0.628319 0.0550099
645.4 0.628319 0.0181704
645.6 0.628319 0.0144614
645.8 0.628319 0.0375963
646 0.628319 0.0469483
646.2 0.628319 0.0141566
646.4 0.628319 -0.0473991
646.6 0.628319 -0.100359
646.8 0.628319 -0.121709
647 0.628319 -0.116407
647.2 0.628319 -0.0989771
647.4 0.628319 -0.0743244
647.6 0.628319 -0.041474
647.8 0.628319 -0.00703728
648 0.628319 0.0159461
648.2 0.628319 0.0224392
648.4 0.628319 0.0201798
648.6 0.628319 0.0175234
648.8 0.628319 0.0138409
649 0.628319 0.00748534
649.2 0.628319 0.00653382
649.4 0.628319 0.0201144
649.6 0.628319 0.0392447
649.8 0.628319 0.0400934
650 0.628319 0.0158765
650.2 0.628319 -0.00317085
650.4 0.628319 0.0208507
650.6 0.628319 0.0809453
650.8 0.628319 0.118632
651 0.628319 0.0856077
651.2 0.628319 0.00723236
651.4 0.628319 -0.0355547
651.6 0.628319 0.00383299
651.8 0.628319 0.0796661
652 0.628319 0.102993
652.2 0.628319 0.0458983
652.4 0.628319 -0.0236727
652.6 0.628319 -0.0220313
652.8 0.628319 0.0493456
653 0.628319 0.104148
653.2 0.628319 0.0733684
653.4 0.628319 -0.0136383
653.6 0.628319 -0.0656754
653.8 0.628319 -0.0369751
654 0.628319 0.0248177
654.2 0.628319 0.0428242
654.4 0.628319 0.0038795
654.6 0.628319 -0.032229
654.8 0.628319 -0.0112407
655 0.628319 0.0506904
655.2 0.628319 0.0915428
655.4 0.628319 0.0795858
655.6 0.628319 0.0453
655.8 0.628319 0.0364209
656 0.628319 0.0588852
656.2 0.628319 0.0751119
656.4 0.628319 0.0542342
656.6 0.628319 0.00857482
656.8 0.628319 -0.0234161
657 0.628319 -0.019799
657.2 0.628319 0.00685747
657.4 0.628319 0.0286276
657.6 0.628319 0.0296416
657.8 0.628319 0.0151778
658 0.628319 0.00292097
658.2 0.628319 0.00865048
658.4 0.628319 0.0326286
658.6 0.628319 0.0532097
658.8 0.628319 0.0402023
659 0.628319 -0.013036
659.2 0.628319 -0.0699653
659.4 0.628319 -0.0777915
659.6 0.628319 -0.0256545
659.8 0.628319 0.0313301
660 0.628319 0.023494
660.2 0.628319 -0.0525525
660.4 0.628319 -0.119045
660.6 0.628319 -0.0977272
660.8 0.628319 -0.000512219
661 0.628319 0.0782529
661.2 0.628319 0.0665486
661.4 0.628319 -0.00331707
661.6 0.628319 -0.0341333
661.8 0.628319 0.0200383
662 0.628319 0.0995639
662.2 0.628319 0.112115
662.4 0.628319 0.044703
662.6 0.628319 -0.0207695
662.8 0.628319 -0.006488
663 0.628319 0.0682143
663.2 0.628319 0.11016
663.4 0.628319 0.0615038
663.6 0.628319 -0.0360917
663.8 0.628319 -0.0934644
664 0.628319 -0.0733281
664.2 0.628319 -0.0207891
664.4 0.628319 0.000654562
664.6 0.628319 -0.0186456
664.8 0.628319 -0.0377574
665 0.628319 -0.0272153
665.2 0.628319 -0.00592971
665.4 0.628319 -0.0104521
665.6 0.628319 -0.0420073
665.8 0.628319 -0.0598377
666 0.628319 -0.0275075
666.2 0.628319 0.044162
666.4 0.628319 0.105803
666.6 0.628319 0.117145
666.8 0.628319 0.0823653
667 0.628319 0.0415247
667.2 0.628319 0.0317394
667.4 0.628319 0.054559
667.6 0.628319 0.0751465
667.8 0.628319 0.0528495
668 0.628319 -0.0200097
668.2 0.628319 -0.103439
668.4 0.628319 -0.138011
668.6 0.628319 -0.0977164
668.8 0.628319 -0.0182466
669 0.628319 0.0330126
669.2 0.628319 0.0212525
669.4 0.628319 -0.023322
669.6 0.628319 -0.041367
669.8 0.628319 -0.00969588
670 0.628319 0.0372828
670.2 0.628319 0.0516384
670.4 0.628319 0.0258316
670.6 0.628319 -0.00778732
670.8 0.628319 -0.0246684
671 0.628319 -0.0360209
671.2 0.628319 -0.0604806
671.4 0.628319 -0.0822639
671.6 0.628319 -0.0607999
671.8 0.628319 0.012822
672 0.628319 0.0874958
672.2 0.628319 0.099966
672.4 0.628319 0.0490498
672.6 0.628319 0.00324465
672.8 0.628319 0.0238407
673 0.628319 0.0916165
673.2 0.628319 0.126832
673.4 0.628319 0.0823684
673.6 0.628319 -0.000547412
673.8 0.628319 -0.0413969
674 0.628319 -0.0149863
674.2 0.628319 0.0217305
674.4 0.628319 0.00223036
674.6 0.628319 -0.0663084
674.8 0.628319 -0.109403
675 0.628319 -0.0729202
675.2 0.628319 0.0116808
675.4 0.628319 0.0603139
675.6 0.628319 0.0277925
675.8 0.628319 -0.0459683
676 0.628319 -0.0823713
676.2 0.628319 -0.0469038
676.4 0.628319 0.0212553
676.6 0.628319 0.0563002
676.8 0.628319 0.0318357
677 0.628319 -0.0212409
677.2 0.628319 -0.0523561
677.4 0.628319 -0.0379405
677.6 0.628319 0.00634975
677.8 0.628319 0.0485244
678 0.628319 0.0680892
678.2 0.628319 0.0651856
678.4 0.628319 0.0510422
678.6 0.628319 0.0344613
678.8 0.628319 0.016051
679 0.628319 -0.00795692
679.2 0.628319 -0.0376921
679.4 0.628319 -0.0645593
679.6 0.628319 -0.0739786
679.8 0.628319 -0.0551392
680 0.628319 -0.0109119
680.2 0.628319 0.0403004
680.4 0.628319 0.0741809
680.6 0.628319 0.076572
680.8 0.628319 0.0548934
681 0.628319 0.03452
681.2 0.628319 0.0391937
681.4 0.628319 0.0690033
681.6 0.628319 0.0968351
681.8 0.628319 0.0918894
682 0.628319 0.051667
682.2 0.628319 0.00929367
682.4 0.628319 0.00278618
682.6 0.628319 0.0343909
682.8 0.628319 0.0649283
683 0.628319 0.0537727
683.2 0.628319 0.00323626
683.4 0.628319 -0.0431982
683.6 0.628319 -0.04819
683.8 0.628319 -0.018875
684 0.628319 0.00848108
684.2 0.628319 0.0169891
684.4 0.628319 0.0288844
684.6 0.628319 0.0706199
684.8 0.628319 0.128414
685 0.628319 0.154433
685.2 0.628319 0.121431
685.4 0.628319 0.0595893
685.6 0.628319 0.0272077
685.8 0.628319 0.0467573
686 0.628319 0.0810033
686.2 0.628319 0.0759387
686.4 0.628319 0.0190656
686.6 0.628319 -0.0518421
686.8 0.628319 -0.0909728
687 0.628319 -0.0828505
687.2 0.628319 -0.0408257
687.4 0.628319 0.0143422
687.6 0.628319 0.0602455
687.8 0.628319 0.0676886
688 0.628319 0.0156149
688.2 0.628319 -0.0760397
688.4 0.628319 -0.143346
688.6 0.628319 -0.131626
688.8 0.628319 -0.0561903
689 0.628319 0.00648132
689.2 0.628319 0.00103941
689.4 0.628319 -0.042122
689.6 0.628319 -0.042468
689.8 0.628319 0.0294157
690 0.628319 0.105573
690.2 0.628319 0.0918384
690.4 0.628319 -0.0216159
690.6 0.628319 -0.140624
690.8 0.628319 -0.164109
691 0.628319 -0.0862455
691.2 0.628319 0.00987616
691.4 0.628319 0.050908
691.6 0.628319 0.0434104
691.8 0.628319 0.0411959
692 0.628319 0.0651031
692.2 0.628319 0.0795424
692.4 0.628319 0.0472048
692.6 0.628319 -0.016758
692.8 0.628319 -0.0606214
693 0.628319 -0.0553905
693.2 0.628319 -0.0198682
693.4 0.628319 0.013412
693.6 0.628319 0.0375213
693.8 0.628319 0.0641543
694 0.628319 0.0896357
694.2 0.628319 0.0897577
694.4 0.628319 0.0526278
694.6 0.628319 0.000369541
694.8 0.628319 -0.0347575
695 0.628319 -0.0473896
695.2 0.628319 -0.0566403
695.4 0.628319 -0.0682956
695.6 0.628319 -0.0601089
695.8 0.628319 -0.0177415
696 0.628319 0.0281768
696.2 0.628319 0.0259201
696.4 0.628319 -0.0307019
696.6 0.628319 -0.0794915
696.8 0.628319 -0.0530684
697 0.628319 0.0404276
697.2 0.628319 0.119755
697.4 0.628319 0.120108
697.6 0.628319 0.0636083
697.8 0.628319 0.0250364
698 0.628319 0.0372897
698.2 0.628319 0.0556228
698.4 0.628319 0.0237971
698.6 0.628319 -0.046408
698.8 0.628319 -0.0872819
699 0.628319 -0.0629405
699.2 0.628319 -0.0170278
699.4 0.628319 -0.0149105
699.6 0.628319 -0.0539938
699.8 0.628319 -0.0614585
700 0.628319 0.0113454
700.2 0.628319 0.114809
700.4 0.628319 0.145377
700.6 0.628319 0.0612936
700.8 0.628319 -0.0672841
701 0.628319 -0.132827
701.2 0.628319 -0.101576
701.4 0.628319 -0.0342014
701.6 0.628319 -0.00277207
701.8 0.628319 -0.0114466
702 0.628319 -0.0119216
702.2 0.628319 0.0187828
702.4 0.628319 0.04286
702.6 0.628319 0.0119552
702.8 0.628319 -0.0640911
703 0.628319 -0.11786
703.2 0.628319 -0.0951737
703.4 0.628319 -0.0132641
703.6 0.628319 0.0580904
703.8 0.628319 0.0672101
704 0.628319 0.0250627
704.2 0.628319 -0.0159866
704.4 0.628319 -0.0173967
704.6 0.628319 0.0145422
704.8 0.628319 0.0439808
705 0.628319 0.0425078
705.2 0.628319 0.0127642
705.4 0.628319 -0.016302
705.6 0.628319 -0.0143244
705.8 0.628319 0.0242842
706 0.628319 0.0720472
706.2 0.628319 0.08759
706.4 0.628319 0.0506597
706.6 0.628319 -0.0171134
706.8 0.628319 -0.0681786
707 0.628319 -0.069356
707.2 0.628319 -0.0283134
707.4 0.628319 0.0191225
707.6 0.628319 0.0443786
707.8 0.628319 0.0461314
708 0.628319 0.0387507
708.2 0.628319 0.0304248
708.4 0.628319 0.0185658
708.6 0.628319 0.00235946
708.8 0.628319 -0.0104884
709 0.628319 -0.013702
709.2 0.628319 -0.0131262
709.4 0.628319 -0.0193428
709.6 0.628319 -0.0297055
709.8 0.628319 -0.0255701
710 0.628319 0.00654356
710.2 0.628319 0.0530081
710.4 0.628319 0.078882
710.6 0.628319 0.0594454
710.8 0.628319 0.00532162
711 0.628319 -0.0452246
711.2 0.628319 -0.0597022
711.4 0.628319 -0.0389084
711.6 0.628319 -0.0147376
711.8 0.628319 -0.0214807
712 0.628319 -0.0642502
712.2 0.628319 -0.109225
712.4 0.628319 -0.106422
712.6 0.628319 -0.0323287
712.8 0.628319 0.0810087
713 0.628319 0.16132
713.2 0.628319 0.153022
713.4 0.628319 0.0682896
713.6 0.628319 -0.0196856
713.8 0.628319 -0.0418156
714 0.628319 0.00487069
714.2 0.628319 0.06057
714.4 0.628319 0.067187
714.6 0.628319 0.0239265
714.8 0.628319 -0.0235214
715 0.628319 -0.0406426
715.2 0.628319 -0.0385714
715.4 0.628319 -0.0485819
715.6 0.628319 -0.074823
715.8 0.628319 -0.0867466
716 0.628319 -0.0584989
716.2 0.628319 -0.0030659
716.4 0.628319 0.0417985
716.6 0.628319 0.0555276
716.8 0.628319 0.0509707
717 0.628319 0.0484936
717.2 0.628319 0.0468493
717.4 0.628319 0.0297193
717.6 0.628319 -0.00467075
717.8 0.628319 -0.0348661
718 0.628319 -0.0414162
718.2 0.628319 -0.0310493
718.4 0.628319 -0.0259715
718.6 0.628319 -0.0336356
718.8 0.628319 -0.0396234
719 0.628319 -0.0328744
719.2 0.628319 -0.0251499
719.4 0.628319 -0.0333115
719.6 0.628319 -0.0477126
719.8 0.628319 -0.0359453
720 0.628319 0.0137218
720.2 0.628319 0.064115
720.4 0.628319 0.0616868
720.6 0.628319 -0.000301869
720.8 0.628319 -0.0648608
721 0.628319 -0.0685945
721.2 0.628319 -0.0120199
721.4 0.628319 0.0395497
721.6 0.628319 0.0279824
721.8 0.628319 -0.0341135
722 0.628319 -0.0786124
722.2 0.628319 -0.0551731
722.4 0.628319 0.0201431
722.6 0.628319 0.0878007
722.8 0.628319 0.103865
723 0.628319 0.0697524
723.2 0.628319 0.0146755
723.4 0.628319 -0.0342267
723.6 0.628319 -0.061087
723.8 0.628319 -0.0569483
724 0.628319 -0.0235483
724.2 0.628319 0.0182128
724.4 0.628319 0.037764
724.6 0.628319 0.0227419
724.8 0.628319 -0.00642493
725 0.628319 -0.0178246
725.2 0.628319 -0.00349062
725.4 0.628319 0.0139596
725.6 0.628319 0.0117773
725.8 0.628319 -0.00418575
726 0.628319 -0.00848436
726.2 0.628319 0.010549
726.4 0.628319 0.0370435
726.6 0.628319 0.0491859
726.8 0.628319 0.0445662
727 0.628319 0.035777
727.2 0.628319 0.0270896
727.4 0.628319 0.00947819
727.6 0.628319 -0.0178896
727.8 0.628319 -0.034647
728 0.628319 -0.0214817
728.2 0.628319 0.0076831
728.4 0.628319 0.0122583
728.6 0.628319 -0.0275657
728.8 0.628319 -0.0798198
729 0.628319 -0.092084
729.2 0.628319 -0.0544508
729.4 0.628319 -0.0163282
729.6 0.628319 -0.0298366
729.8 0.628319 -0.0839009
730 0.628319 -0.110405
730.2 0.628319 -0.0603112
730.4 0.628319 0.0376252
730.6 0.628319 0.104305
730.8 0.628319 0.092062
731 0.628319 0.0279662
731.2 0.628319 -0.0235639
731.4 0.628319 -0.0277547
731.6 0.628319 -0.000400615
731.8 0.628319 0.0267601
732 0.628319 0.0410421
732.2 0.628319 0.0448167
732.4 0.628319 0.0350541
732.6 0.628319 0.00762322
732.8 0.628319 -0.0197018
733 0.628319 -0.0104054
733.2 0.628319 0.0481732
733.4 0.628319 0.112941
733.6 0.628319 0.116168
733.8 0.628319 0.0375354
734 0.628319 -0.0648321
734.2 0.628319 -0.108279
734.4 0.628319 -0.0700376
734.6 0.628319 -0.00759376
734.8 0.628319 0.00813048
735 0.628319 -0.0302898
735.2 0.628319 -0.0653375
735.4 0.628319 -0.0449884
735.6 0.628319 0.0193826
735.8 0.628319 0.0702244
736 0.628319 0.0680161
736.2 0.628319 0.0269873
736.4 0.628319 -0.0103894
736.6 0.628319 -0.0201098
736.8 0.628319 -0.0109168
737 0.628319 -0.00178669
737.2 0.628319 0.000188298
737.4 0.628319 -0.00199107
737.6 0.628319 -0.00653398
737.8 0.628319 -0.0123576
738 0.628319 -0.0120346
738.2 0.628319 0.00283286
738.4 0.628319 0.0265961
738.6 0.628319 0.0398232
738.8 0.628319 0.0330895
739 0.628319 0.0254548
739.2 0.628319 0.0466761
739.4 0.628319 0.0969998
739.6 0.628319 0.134741
739.8 0.628319 0.115509
740 0.628319 0.0430255
740.2 0.628319 -0.0291031
740.4 0.628319 -0.05147
740.6 0.628319 -0.0281041
740.8 0.628319 -0.00411121
741 0.628319 -0.00871723
741.2 0.628319 -0.0238763
741.4 0.628319 -0.0156664
741.6 0.628319 0.0139679
741.8 0.628319 0.0237923
742 0.628319 -0.0143843
742.2 0.628319 -0.0723762
742.4 0.628319 -0.0890692
742.6 0.628319 -0.037618
742.8 0.628319 0.042275
743 0.628319 0.0864443
743.2 0.628319 0.0752773
743.4 0.628319 0.0501637
743.6 0.628319 0.0602236
743.8 0.628319 0.103412
744 0.628319 0.130472
744.2 0.628319 0.104945
744.4 0.628319 0.0473785
744.6 0.628319 0.0124372
744.8 0.628319 0.026716
745 0.628319 0.0596498
745.2 0.628319 0.0598054
745.4 0.628319 0.0143831
745.6 0.628319 -0.0350474
745.8 0.628319 -0.036864
746 0.628319 0.0159089
746.2 0.628319 0.0780728
746.4 0.628319 0.0968222
746.6 0.628319 0.0594218
746.8 0.628319 -0.00274712
747 0.628319 -0.0506619
747.2 0.628319 -0.0721216
747.4 0.628319 -0.0806803
747.6 0.628319 -0.0882298
747.8 0.628319 -0.0869664
748 0.628319 -0.0608566
748.2 0.628319 -0.0106464
748.4 0.628319 0.0388213
748.6 0.628319 0.0591494
748.8 0.628319 0.0449859
749 0.628319 0.0179137
749.2 0.628319 0.00405028
749.4 0.628319 0.00977657
749.6 0.628319 0.0205391
749.8 0.628319 0.0208125
750 0.628319 0.0105735
750.2 0.628319 0.000625992
750.4 0.628319 -0.00418562
750.6 0.628319 -0.0107082
750.8 0.628319 -0.0246979
751 0.628319 -0.0375393
751.2 0.628319 -0.0329872
751.4 0.628319 -0.00873067
751.6 0.628319 0.0148855
751.8 0.628319 0.0152295
752 0.628319 -0.00290372
752.2 0.628319 -0.0051643
752.4 0.628319 0.0364415
752.6 0.628319 0.104722
752.8 0.628319 0.141914
753 0.628319 0.10158
753.2 0.628319 -0.00112602
753.4 0.628319 -0.0954867
753.6 0.628319 -0.117182
753.8 0.628319 -0.0668519
754 0.628319 -0.00645187
754.2 0.628319 0.00290587
754.4 0.628319 -0.0413628
754.6 0.628319 -0.0873248
754.8 0.628319 -0.0862358
755 0.628319 -0.0411597
755.2 0.628319 0.00246603
755.4 0.628319 0.00959862
755.6 0.628319 -0.00806723
755.8 0.628319 -0.00998373
756 0.628319 0.0246567
756.2 0.628319 0.0726752
756.4 0.628319 0.0920056
756.6 0.628319 0.0657411
756.8 0.628319 0.0168274
757 0.628319 -0.0185143
757.2 0.628319 -0.0258187
757.4 0.628319 -0.0191839
757.6 0.628319 -0.0198396
757.8 0.628319 -0.0358276
758 0.628319 -0.06201
758.2 0.628319 -0.0898208
758.4 0.628319 -0.108575
758.6 0.628319 -0.101714
758.8 0.628319 -0.0562406
759 0.628319 0.015118
759.2 0.628319 0.0684302
759.4 0.628319 0.0616151
759.6 0.628319 0.00116846
759.8 0.628319 -0.0523637
760 0.628319 -0.0394883
760.2 0.628319 0.0332178
760.4 0.628319 0.0923484
760.6 0.628319 0.071258
760.8 0.628319 -0.0174594
761 0.628319 -0.0921036
761.2 0.628319 -0.0875619
761.4 0.628319 -0.0228634
761.6 0.628319 0.0249836
761.8 0.628319 0.0101606
762 0.628319 -0.0331021
762.2 0.628319 -0.0372988
762.4 0.628319 0.0127508
762.6 0.628319 0.0582919
762.8 0.628319 0.035817
763 0.628319 -0.0441138
763.2 0.628319 -0.101328
763.4 0.628319 -0.0706383
763.6 0.628319 0.0286014
763.8 0.628319 0.114224
764 0.628319 0.125885
764.2 0.628319 0.0787376
764.4 0.628319 0.0334096
764.6 0.628319 0.0254209
764.8 0.628319 0.034621
765 0.628319 0.0207407
765.2 0.628319 -0.0237465
765.4 0.628319 -0.0634525
765.6 0.628319 -0.0583703
765.8 0.628319 -0.00532765
766 0.628319 0.0583968
766.2 0.628319 0.0876843
766.4 0.628319 0.0658685
766.6 0.628319 0.0161374
766.8 0.628319 -0.0175284
767 0.628319 -0.00503782
767.2 0.628319 0.0438286
767.4 0.628319 0.0847853
767.6 0.628319 0.0771645
767.8 0.628319 0.0243367
768 0.628319 -0.0252037
768.2 0.628319 -0.0246306
768.4 0.628319 0.0207541
768.6 0.628319 0.0556292
768.8 0.628319 0.032578
769 0.628319 -0.035489
769.2 0.628319 -0.0877279
769.4 0.628319 -0.0800481
769.6 0.628319 -0.0287259
769.8 0.628319 0.0148638
770 0.628319 0.0233723
770.2 0.628319 0.0139849
770.4 0.628319 0.0107057
770.6 0.628319 0.00545841
770.8 0.628319 -0.025644
771 0.628319 -0.0726346
771.2 0.628319 -0.082885
771.4 0.628319 -0.0194179
771.6 0.628319 0.0801546
771.8 0.628319 0.126343
772 0.628319 0.0709725
772.2 0.628319 -0.0315608
772.4 0.628319 -0.0726399
772.6 0.628319 -0.00151824
772.8 0.628319 0.121116
773 0.628319 0.186739
773.2 0.628319 0.148743
773.4 0.628319 0.0593318
773.6 0.628319 0.00207423
773.8 0.628319 0.00384008
774 0.628319 0.0220777
774.2 0.628319 0.00819633
774.4 0.628319 -0.0345598
774.6 0.628319 -0.0612238
774.8 0.628319 -0.0403082
775 0.628319 0.0137658
775.2 0.628319 0.0603437
775.4 0.628319 0.0721339
775.6 0.628319 0.0508891
775.8 0.628319 0.0141906
776 0.628319 -0.0209135
776.2 0.628319 -0.0423163
776.4 0.628319 -0.0436776
776.6 0.628319 -0.0298111
776.8 0.628319 -0.0172016
777 0.628319 -0.0198465
777.2 0.628319 -0.0323639
777.4 0.628319 -0.0334832
777.6 0.628319 -0.0109394
777.8 0.628319 0.0205647
778 0.628319 0.0321141
778.2 0.628319 0.011589
778.4 0.628319 -0.0229667
778.6 0.628319 -0.0427918
778.8 0.628319 -0.0370803
779 0.628319 -0.018626
779.2 0.628319 -0.00461916
779.4 0.628319 0.000837055
779.6 0.628319 0.00340125
779.8 0.628319 0.00476685
780 0.628319 -0.00025299
780.2 0.628319 -0.0134878
780.4 0.628319 -0.0269083
780.6 0.628319 -0.0300873
780.8 0.628319 -0.0214373
781 0.628319 -0.00873908
781.2 0.628319 -0.000508271
781.4 0.628319 -0.000940961
781.6 0.628319 -0.0121772
781.8 0.628319 -0.0347253
782 0.628319 -0.0618671
782.2 0.628319 -0.0790015
782.4 0.628319 -0.0768017
782.6 0.628319 -0.065336
782.8 0.628319 -0.0663191
783 0.628319 -0.0847148
783.2 0.628319 -0.0927962
783.4 0.628319 -0.0541323
783.6 0.628319 0.0314231
783.8 0.628319 0.11348
784 0.628319 0.131569
784.2 0.628319 0.0735044
784.4 0.628319 -0.0104966
784.6 0.628319 -0.0543481
784.8 0.628319 -0.0351127
785 0.628319 0.0147295
785.2 0.628319 0.047773
785.4 0.628319 0.0477498
785.6 0.628319 0.0361809
785.8 0.628319 0.0419661
786 0.628319 0.0706247
786.2 0.628319 0.100216
786.4 0.628319 0.100715
786.6 0.628319 0.0578739
786.8 0.628319 -0.013499
787 0.628319 -0.0743472
787.2 0.628319 -0.0863211
787.4 0.628319 -0.0440959
787.6 0.628319 0.0133882
787.8 0.628319 0.0324213
788 0.628319 -0.00562182
788.2 0.628319 -0.0639277
788.4 0.628319 -0.0865521
788.6 0.628319 -0.0564909
788.8 0.628319 -0.0115554
789 0.628319 0.000673003
789.2 0.628319 -0.023133
789.4 0.628319 -0.042508
789.6 0.628319 -0.0257991
789.8 0.628319 0.010647
790 0.628319 0.0240848
790.2 0.628319 -0.0012143
790.4 0.628319 -0.0362472
790.6 0.628319 -0.04515
790.8 0.628319 -0.0278664
791 0.628319 -0.0142164
791.2 0.628319 -0.0219975
791.4 0.628319 -0.0371786
791.6 0.628319 -0.0401483
791.8 0.628319 -0.0370153
792 0.628319 -0.0492435
792.2 0.628319 -0.0761275
792.4 0.628319 -0.0868951
792.6 0.628319 -0.0606254
792.8 0.628319 -0.0223641
793 0.628319 -0.0209192
793.2 0.628319 -0.0683407
793.4 0.628319 -0.11754
793.6 0.628319 -0.112502
793.8 0.628319 -0.0534761
794 0.628319 0.00378244
794.2 0.628319 0.0157188
794.4 0.628319 0.00208857
794.6 0.628319 0.0164051
794.8 0.628319 0.0728746
795 0.628319 0.122091
795.2 0.628319 0.107409
795.4 0.628319 0.0338005
795.6 0.628319 -0.0338934
795.8 0.628319 -0.0402244
796 0.628319 0.0058858
796.2 0.628319 0.0486835
796.4 0.628319 0.0469653
796.6 0.628319 0.00744489
796.8 0.628319 -0.0363449
797 0.628319 -0.0611073
797.2 0.628319 -0.0645624
797.4 0.628319 -0.0532423
797.6 0.628319 -0.0356558
797.8 0.628319 -0.0251852
798 0.628319 -0.0327325
798.2 0.628319 -0.0475249
798.4 0.628319 -0.0367268
798.6 0.628319 0.0189181
798.8 0.628319 0.0889031
799 0.628319 0.109197
799.2 0.628319 0.0484156
799.4 0.628319 -0.0475492
799.6 0.628319 -0.0918275
799.8 0.628319 -0.043152
800 0.628319 0.051134
800.2 0.628319 0.104258
800.4 0.628319 0.0774911
800.6 0.628319 0.0116044
800.8 0.628319 -0.0241374
801 0.628319 -0.00102719
801.2 0.628319 0.0535604
801.4 0.628319 0.0952048
801.6 0.628319 0.101037
801.8 0.628319 0.0733555
802 0.628319 0.0258758
802.2 0.628319 -0.0202225
802.4 0.628319 -0.0374005
802.6 0.628319 -0.0106809
802.8 0.628319 0.0381647
803 0.628319 0.0602885
803.2 0.628319 0.0294306
803.4 0.628319 -0.0218609
803.6 0.628319 -0.0321465
803.8 0.628319 0.0167215
804 0.628319 0.0700802
804.2 0.628319 0.0574482
804.4 0.628319 -0.0239139
804.6 0.628319 -0.0983804
804.8 0.628319 -0.092196
805 0.628319 -0.0137581
805.2 0.628319 0.0579669
805.4 0.628319 0.0610942
805.6 0.628319 0.0108519
805.8 0.628319 -0.0323671
806 0.628319 -0.037881
806.2 0.628319 -0.0288244
806.4 0.628319 -0.0344577
806.6 0.628319 -0.042697
806.8 0.628319 -0.0182351
807 0.628319 0.0404596
807.2 0.628319 0.0858155
807.4 0.628319 0.0736233
807.6 0.628319 0.0185241
807.8 0.628319 -0.0200194
808 0.628319 -0.00681668
808.2 0.628319 0.0287638
808.4 0.628319 0.0304866
808.6 0.628319 -0.0161417
808.8 0.628319 -0.0674936
809 0.628319 -0.0739963
809.2 0.628319 -0.0346526
809.4 0.628319 0.0103575
809.6 0.628319 0.0329744
809.8 0.628319 0.0462766
810 0.628319 0.0755824
810.2 0.628319 0.11415
810.4 0.628319 0.123529
810.6 0.628319 0.079053
810.8 0.628319 0.00241854
811 0.628319 -0.0594187
811.2 0.628319 -0.0823027
811.4 0.628319 -0.0807482
811.6 0.628319 -0.0760753
811.8 0.628319 -0.0627832
812 0.628319 -0.0199099
812.2 0.628319 0.0466899
812.4 0.628319 0.0897016
812.6 0.628319 0.0615577
812.8 0.628319 -0.0308203
813 0.628319 -0.123044
813.2 0.628319 -0.151726
813.4 0.628319 -0.11265
813.6 0.628319 -0.0557849
813.8 0.628319 -0.0263888
814 0.628319 -0.0223889
814.2 0.628319 -0.0142642
814.4 0.628319 0.00436715
814.6 0.628319 0.00493938
814.8 0.628319 -0.0315624
815 0.628319 -0.0735991
815.2 0.628319 -0.0641504
815.4 0.628319 0.00801524
815.6 0.628319 0.0788446
815.8 0.628319 0.0704129
816 0.628319 -0.0178496
816.2 0.628319 -0.0965382
816.4 0.628319 -0.0787387
816.6 0.628319 0.0219012
816.8 0.628319 0.103051
817 0.628319 0.0871731
817.2 0.628319 0.00771334
817.4 0.628319 -0.0340963
817.6 0.628319 0.00844943
817.8 0.628319 0.0721418
818 0.628319 0.0622641
818.2 0.628319 -0.0292827
818.4 0.628319 -0.109699
818.6 0.628319 -0.0930483
818.8 0.628319 -0.000398671
819 0.628319 0.0668915
819.2 0.628319 0.045843
819.4 0.628319 -0.0211021
819.6 0.628319 -0.0460325
819.8 0.628319 -0.00206652
820 0.628319 0.053365
820.2 0.628319 0.0566225
820.4 0.628319 0.011577
820.6 0.628319 -0.0292547
820.8 0.628319 -0.0379217
821 0.628319 -0.0357041
821.2 0.628319 -0.0437762
821.4 0.628319 -0.0402868
821.6 0.628319 0.00725292
821.8 0.628319 0.0783137
822 0.628319 0.102441
822.2 0.628319 0.0414994
822.4 0.628319 -0.0517812
822.6 0.628319 -0.0845368
822.8 0.628319 -0.0311901
823 0.628319 0.0360102
823.2 0.628319 0.0367321
823.4 0.628319 -0.016348
823.6 0.628319 -0.0333007
823.8 0.628319 0.0375613
824 0.628319 0.138428
824.2 0.628319 0.164882
824.4 0.628319 0.0860982
824.6 0.628319 -0.0235794
824.8 0.628319 -0.0739533
825 0.628319 -0.0532435
825.2 0.628319 -0.0176467
825.4 0.628319 -0.00625152
825.6 0.628319 -0.000680878
825.8 0.628319 0.0256881
826 0.628319 0.0513277
826.2 0.628319 0.0307836
826.4 0.628319 -0.0326601
826.6 0.628319 -0.0740879
826.8 0.628319 -0.0444516
827 0.628319 0.0197375
827.2 0.628319 0.0334555
827.4 0.628319 -0.030487
827.6 0.628319 -0.10068
827.8 0.628319 -0.0902126
828 0.628319 -0.00393661
828.2 0.628319 0.0641822
828.4 0.628319 0.042782
828.6 0.628319 -0.0334875
828.8 0.628319 -0.0698368
829 0.628319 -0.0261024
829.2 0.628319 0.0403346
829.4 0.628319 0.0498435
829.6 0.628319 -0.00526624
829.8 0.628319 -0.0602934
830 0.628319 -0.0599066
830.2 0.628319 -0.0155249
830.4 0.628319 0.0230745
830.6 0.628319 0.0301853
830.8 0.628319 0.0190629
831 0.628319 0.00553548
831.2 0.628319 -0.0156811
831.4 0.628319 -0.0494784
831.6 0.628319 -0.0751482
831.8 0.628319 -0.0645391
832 0.628319 -0.0220947
832.2 0.628319 0.0130222
832.4 0.628319 0.0119483
832.6 0.628319 -0.0115063
832.8 0.628319 -0.0263245
833 0.628319 -0.031257
833.2 0.628319 -0.0543907
833.4 0.628319 -0.10269
833.6 0.628319 -0.134769
833.8 0.628319 -0.104814
834 0.628319 -0.0266655
834.2 0.628319 0.0296363
834.4 0.628319 0.014132
834.6 0.628319 -0.0464661
834.8 0.628319 -0.0839694
835 0.628319 -0.070684
835.2 0.628319 -0.0441119
835.4 0.628319 -0.0469191
835.6 0.628319 -0.0671472
835.8 0.628319 -0.0597662
836 0.628319 -0.0164311
836.2 0.628319 0.0173602
836.4 0.628319 0.00578639
836.6 0.628319 -0.0210361
836.8 0.628319 -0.00269858
837 0.628319 0.0643779
837.2 0.628319 0.10717
837.4 0.628319 0.0616488
837.6 0.628319 -0.0400712
837.8 0.628319 -0.0976231
838 0.628319 -0.0587448
838.2 0.628319 0.0180822
838.4 0.628319 0.0349928
838.6 0.628319 -0.0274953
838.8 0.628319 -0.0916275
839 0.628319 -0.0815459
839.2 0.628319 -0.0131245
839.4 0.628319 0.0352195
839.6 0.628319 0.0249381
839.8 0.628319 -0.00150979
840 0.628319 0.0128251
840.2 0.628319 0.0605938
840.4 0.628319 0.083659
840.6 0.628319 0.0546004
840.8 0.628319 0.0121904
841 0.628319 0.00492112
841.2 0.628319 0.0243057
841.4 0.628319 0.0223265
841.6 0.628319 -0.0119372
841.8 0.628319 -0.0271502
842 0.628319 0.0218418
842.2 0.628319 0.101264
842.4 0.628319 0.12598
842.6 0.628319 0.0626433
842.8 0.628319 -0.0214464
843 0.628319 -0.0315558
843.2 0.628319 0.0440554
843.4 0.628319 0.120954
843.6 0.628319 0.117163
843.8 0.628319 0.0423128
844 0.628319 -0.0257955
844.2 0.628319 -0.0378874
844.4 0.628319 -0.0205879
844.6 0.628319 -0.0260769
844.8 0.628319 -0.0611662
845 0.628319 -0.087121
845.2 0.628319 -0.0785717
845.4 0.628319 -0.0546839
845.6 0.628319 -0.0441141
845.8 0.628319 -0.0410519
846 0.628319 -0.0181315
846.2 0.628319 0.0239078
846.4 0.628319 0.0454874
846.6 0.628319 0.0179757
846.8 0.628319 -0.0328306
847 0.628319 -0.0530586
847.2 0.628319 -0.0268081
847.4 0.628319 0.00568982
847.6 0.628319 0.00420222
847.8 0.628319 -0.0149459
848 0.628319 0.00058978
848.2 0.628319 0.0652778
848.4 0.628319 0.125726
848.6 0.628319 0.118297
848.8 0.628319 0.0447485
849 0.628319 -0.0288772
849.2 0.628319 -0.0489193
849.4 0.628319 -0.031032
849.6 0.628319 -0.0295834
849.8 0.628319 -0.0631179
850 0.628319 -0.0913376
850.2 0.628319 -0.0693598
850.4 0.628319 -0.0074897
850.6 0.628319 0.0377878
850.8 0.628319 0.0270815
851 0.628319 -0.0224534
851.2 0.628319 -0.0625204
851.4 0.628319 -0.0655173
851.6 0.628319 -0.0424139
851.8 0.628319 -0.0186425
852 0.628319 -0.00831971
852.2 0.628319 -0.0131798
852.4 0.628319 -0.0310572
852.6 0.628319 -0.0527813
852.8 0.628319 -0.0573925
853 0.628319 -0.0269348
853.2 0.628319 0.0285443
853.4 0.628319 0.0713403
853.6 0.628319 0.0714821
853.8 0.628319 0.0384686
854 0.628319 0.00897188
854.2 0.628319 0.00453558
854.4 0.628319 0.0128437
854.6 0.628319 0.0143071
854.8 0.628319 0.012949
855 0.628319 0.0245153
855.2 0.628319 0.0379379
855.4 0.628319 0.0122212
855.6 0.628319 -0.0711901
855.8 0.628319 -0.162505
856 0.628319 -0.174506
856.2 0.628319 -0.0724226
856.4 0.628319 0.0772915
856.6 0.628319 0.163213
856.8 0.628319 0.135193
857 0.628319 0.0449383
857.2 0.628319 -0.0192684
857.4 0.628319 -0.0244424
857.6 0.628319 -0.00875997
857.8 0.628319 -0.0166894
858 0.628319 -0.0422762
858.2 0.628319 -0.047061
858.4 0.628319 -0.0190314
858.6 0.628319 0.00898334
858.8 0.628319 0.00314005
859 0.628319 -0.0267747
859.2 0.628319 -0.0408647
859.4 0.628319 -0.0211677
859.6 0.628319 0.00698416
859.8 0.628319 0.0104726
860 0.628319 -0.00827733
860.2 0.628319 -0.0169671
860.4 0.628319 0.00112811
860.6 0.628319 0.0231785
860.8 0.628319 0.0159444
861 0.628319 -0.0202335
861.2 0.628319 -0.0494655
861.4 0.628319 -0.0432805
861.6 0.628319 -0.0150279
861.8 0.628319 -0.00408346
862 0.628319 -0.0299002
862.2 0.628319 -0.0692821
862.4 0.628319 -0.08006
862.6 0.628319 -0.0421412
862.8 0.628319 0.0256617
863 0.628319 0.0823888
863.2 0.628319 0.0936761
863.4 0.628319 0.0502334
863.6 0.628319 -0.0291816
863.8 0.628319 -0.107811
864 0.628319 -0.151184
864.2 0.628319 -0.149212
864.4 0.628319 -0.121524
864.6 0.628319 -0.0972052
864.8 0.628319 -0.0869464
865 0.628319 -0.0780148
865.2 0.628319 -0.0573112
865.4 0.628319 -0.0325795
865.6 0.628319 -0.0225596
865.8 0.628319 -0.0279555
866 0.628319 -0.0239412
866.2 0.628319 0.0102898
866.4 0.628319 0.0598558
866.6 0.628319 0.0841075
866.8 0.628319 0.0614853
867 0.628319 0.0152774
867.2 0.628319 -0.01364
867.4 0.628319 -0.0148619
867.6 0.628319 -0.0162244
867.8 0.628319 -0.040111
868 0.628319 -0.0647577
868.2 0.628319 -0.0446332
868.4 0.628319 0.0297241
868.6 0.628319 0.105926
868.8 0.628319 0.115324
869 0.628319 0.0421171
869.2 0.628319 -0.0604886
869.4 0.628319 -0.123034
869.6 0.628319 -0.120164
869.8 0.628319 -0.0767093
870 0.628319 -0.0270094
870.2 0.628319 0.0158778
870.4 0.628319 0.0513479
870.6 0.628319 0.0709756
870.8 0.628319 0.0642851
871 0.628319 0.0414368
871.2 0.628319 0.0324276
871.4 0.628319 0.0533897
871.6 0.628319 0.081995
871.8 0.628319 0.0801531
872 0.628319 0.0414602
872.2 0.628319 0.00337435
872.4 0.628319 0.00402819
872.6 0.628319 0.0351155
872.8 0.628319 0.0513028
873 0.628319 0.0266108
873.2 0.628319 -0.0126062
873.4 0.628319 -0.0210708
873.6 0.628319 0.00730222
873.8 0.628319 0.03142
874 0.628319 0.0165981
874.2 0.628319 -0.018659
874.4 0.628319 -0.0248391
874.6 0.628319 0.0134786
874.8 0.628319 0.0535233
875 0.628319 0.0458894
875.2 0.628319 0.00012069
875.4 0.628319 -0.019967
875.6 0.628319 0.0288723
875.8 0.628319 0.112828
876 0.628319 0.152999
876.2 0.628319 0.111822
876.4 0.628319 0.0342943
876.6 0.628319 -0.00265325
876.8 0.628319 0.0270742
877 0.628319 0.0770327
877.2 0.628319 0.0857033
877.4 0.628319 0.0422969
877.6 0.628319 -0.010825
877.8 0.628319 -0.0311505
878 0.628319 -0.0170542
878.2 0.628319 0.00378892
878.4 0.628319 0.0122032
878.6 0.628319 0.0114796
878.8 0.628319 0.00868987
879 0.628319 -0.00186703
879.2 0.628319 -0.0280305
879.4 0.628319 -0.0598213
879.6 0.628319 -0.0727047
879.8 0.628319 -0.0542813
880 0.628319 -0.0209854
880.2 0.628319 -0.00228153
880.4 0.628319 -0.0101555
880.6 0.628319 -0.0293127
880.8 0.628319 -0.0371744
881 0.628319 -0.0279663
881.2 0.628319 -0.0147297
881.4 0.628319 -0.0118806
881.6 0.628319 -0.0207944
881.8 0.628319 -0.0309339
882 0.628319 -0.0294186
882.2 0.628319 -0.00899612
882.4 0.628319 0.02638
882.6 0.628319 0.0583236
882.8 0.628319 0.0615612
883 0.628319 0.0263044
883.2 0.628319 -0.0222546
883.4 0.628319 -0.0360487
883.6 0.628319 0.0112745
883.8 0.628319 0.0895128
884 0.628319 0.131481
884.2 0.628319 0.0979098
884.4 0.628319 0.0221223
884.6 0.628319 -0.0183128
884.8 0.628319 0.0207682
885 0.628319 0.104158
885.2 0.628319 0.15258
885.4 0.628319 0.121815
885.6 0.628319 0.0418861
885.8 0.628319 -0.0205664
886 0.628319 -0.0291107
886.2 0.628319 -0.0017871
886.4 0.628319 0.0238621
886.6 0.628319 0.0350559
886.8 0.628319 0.0471433
887 0.628319 0.0721546
887.2 0.628319 0.0980709
887.4 0.628319 0.102993
887.6 0.628319 0.081417
887.8 0.628319 0.0483793
888 0.628319 0.0205466
888.2 0.628319 0.00211433
888.4 0.628319 -0.00856235
888.6 0.628319 -0.00782019
888.8 0.628319 0.00769743
889 0.628319 0.0257472
889.2 0.628319 0.0207863
889.4 0.628319 -0.018757
889.6 0.628319 -0.067566
889.8 0.628319 -0.0779545
890 0.628319 -0.0246081
890.2 0.628319 0.0650695
890.4 0.628319 0.129614
890.6 0.628319 0.125438
890.8 0.628319 0.0622202
891 0.628319 -0.00991422
891.2 0.628319 -0.045119
891.4 0.628319 -0.0354136
891.6 0.628319 -0.00737957
891.8 0.628319 0.00691827
892 0.628319 -0.00483758
892.2 0.628319 -0.0318008
892.4 0.628319 -0.0544805
892.6 0.628319 -0.061251
892.8 0.628319 -0.0541777
893 0.628319 -0.0421212
893.2 0.628319 -0.0290865
893.4 0.628319 -0.0095818
893.6 0.628319 0.0231806
893.8 0.628319 0.063866
894 0.628319 0.0921045
894.2 0.628319 0.087693
894.4 0.628319 0.0511482
894.6 0.628319 0.0073452
894.8 0.628319 -0.0151018
895 0.628319 -0.00956509
895.2 0.628319 0.0040518
895.4 0.628319 0.000971329
895.6 0.628319 -0.0238759
895.8 0.628319 -0.0537858
896 0.628319 -0.0699104
896.2 0.628319 -0.0684805
896.4 0.628319 -0.0573673
896.6 0.628319 -0.0408213
896.8 0.628319 -0.0150002
897 0.628319 0.0192019
897.2 0.628319 0.0448533
897.4 0.628319 0.0390785
897.6 0.628319 -0.00196859
897.8 0.628319 -0.0522064
898 0.628319 -0.0759418
898.2 0.628319 -0.0617334
898.4 0.628319 -0.0329642
898.6 0.628319 -0.0213162
898.8 0.628319 -0.0311047
899 0.628319 -0.0357184
899.2 0.628319 -0.0129276
899.4 0.628319 0.0206281
899.6 0.628319 0.0201474
899.8 0.628319 -0.0361007
900 0.628319 -0.110897
900.2 0.628319 -0.135372
900.4 0.628319 -0.0798735
900.6 0.628319 0.00698808
900.8 0.628319 0.0419602
901 0.628319 -0.00489914
901.2 0.628319 -0.0721487
901.4 0.628319 -0.0682419
901.6 0.628319 0.0273327
901.8 0.628319 0.13409
902 0.628319 0.15082
902.2 0.628319 0.0639682
902.4 0.628319 -0.0354366
902.6 0.628319 -0.0479257
902.8 0.628319 0.0295505
903 0.628319 0.105309
903.2 0.628319 0.0970033
903.4 0.628319 0.0196493
903.6 0.628319 -0.0392824
903.8 0.628319 -0.0230462
904 0.628319 0.0348638
904.2 0.628319 0.0591266
904.4 0.628319 0.025043
904.6 0.628319 -0.0163044
904.8 0.628319 -0.00500061
905 0.628319 0.0542912
905.2 0.628319 0.0994121
905.4 0.628319 0.0843325
905.6 0.628319 0.0283725
905.8 0.628319 -0.0123384
906 0.628319 -0.00783702
906.2 0.628319 0.0240812
906.4 0.628319 0.0520445
906.6 0.628319 0.0662368
906.8 0.628319 0.0715997
907 0.628319 0.0622356
907.2 0.628319 0.0246664
907.4 0.628319 -0.0315988
907.6 0.628319 -0.0663615
907.8 0.628319 -0.0481702
908 0.628319 0.00413573
908.2 0.628319 0.0367589
908.4 0.628319 0.0234039
908.6 0.628319 -0.00116066
908.8 0.628319 0.01665
909 0.628319 0.0790874
909.2 0.628319 0.126732
909.4 0.628319 0.105367
909.6 0.628319 0.0307017
909.8 0.628319 -0.0284195
910 0.628319 -0.0280277
910.2 0.628319 0.00569738
910.4 0.628319 0.0159031
910.6 0.628319 -0.0141949
910.8 0.628319 -0.047253
911 0.628319 -0.0458976
911.2 0.628319 -0.0209395
911.4 0.628319 -0.0126702
911.6 0.628319 -0.0347857
911.8 0.628319 -0.0573538
912 0.628319 -0.049222
912.2 0.628319 -0.019942
912.4 0.628319 -0.0038695
912.6 0.628319 -0.0101296
912.8 0.628319 -0.0102103
913 0.628319 0.016702
913.2 0.628319 0.0430281
913.4 0.628319 0.0193227
913.6 0.628319 -0.0578989
913.8 0.628319 -0.125376
914 0.628319 -0.116018
914.2 0.628319 -0.0372188
914.4 0.628319 0.0312636
914.6 0.628319 0.0232072
914.8 0.628319 -0.0420498
915 0.628319 -0.0846074
915.2 0.628319 -0.0557697
915.4 0.628319 0.0102441
915.6 0.628319 0.0412313
915.8 0.628319 0.0117257
916 0.628319 -0.0309223
916.2 0.628319 -0.023932
916.4 0.628319 0.0399009
916.6 0.628319 0.105651
916.8 0.628319 0.114319
917 0.628319 0.0584952
917.2 0.628319 -0.0167633
917.4 0.628319 -0.0575074
917.6 0.628319 -0.0414713
917.8 0.628319 0.0133469
918 0.628319 0.0657304
918.2 0.628319 0.076388
918.4 0.628319 0.0311679
918.6 0.628319 -0.0460605
918.8 0.628319 -0.103932
919 0.628319 -0.0990558
919.2 0.628319 -0.0323896
919.4 0.628319 0.0485124
919.6 0.628319 0.087722
919.8 0.628319 0.0655141
920 0.628319 0.00835563
920.2 0.628319 -0.0400309
920.4 0.628319 -0.0540367
920.6 0.628319 -0.0369769
920.8 0.628319 -0.00828051
921 0.628319 0.0119773
921.2 0.628319 0.0107157
921.4 0.628319 -0.012729
921.6 0.628319 -0.0413834
921.8 0.628319 -0.0468347
922 0.628319 -0.0120352
922.2 0.628319 0.0477875
922.4 0.628319 0.0928581
922.6 0.628319 0.093947
922.8 0.628319 0.0596512
923 0.628319 0.0254921
923.2 0.628319 0.0169359
923.4 0.628319 0.0280595
923.6 0.628319 0.0371347
923.8 0.628319 0.0353785
924 0.628319 0.0325398
924.2 0.628319 0.0370866
924.4 0.628319 0.0422835
924.6 0.628319 0.0380564
924.8 0.628319 0.0293215
925 0.628319 0.0307156
925.2 0.628319 0.0420379
925.4 0.628319 0.0407519
925.6 0.628319 0.00916984
925.8 0.628319 -0.0352415
926 0.628319 -0.0501924
926.2 0.628319 -0.0156655
926.4 0.628319 0.0374265
926.6 0.628319 0.0569023
926.8 0.628319 0.0276405
927 0.628319 -0.0101994
927.2 0.628319 -0.00747533
927.4 0.628319 0.035831
927.6 0.628319 0.0696067
927.8 0.628319 0.0513664
928 0.628319 -0.00527799
928.2 0.628319 -0.0467637
928.4 0.628319 -0.038518
928.6 0.628319 0.00299529
928.8 0.628319 0.0370118
929 0.628319 0.0441083
929.2 0.628319 0.0357272
929.4 0.628319 0.0257677
929.6 0.628319 0.0110272
929.8 0.628319 -0.0124611
930 0.628319 -0.0265553
930.2 0.628319 -0.00397208
930.4 0.628319 0.0516648
930.6 0.628319 0.0931792
930.8 0.628319 0.0727031
931 0.628319 -0.00314501
931.2 0.628319 -0.0725085
931.4 0.628319 -0.079297
931.6 0.628319 -0.0288037
931.8 0.628319 0.0248814
932 0.628319 0.041989
932.2 0.628319 0.0354279
932.4 0.628319 0.0427152
932.6 0.628319 0.0727559
932.8 0.628319 0.0961146
933 0.628319 0.0875242
933.2 0.628319 0.0616882
933.4 0.628319 0.0539349
933.6 0.628319 0.0714192
933.8 0.628319 0.0804509
934 0.628319 0.0487173
934.2 0.628319 -0.0110161
934.4 0.628319 -0.0529771
934.6 0.628319 -0.0521719
934.8 0.628319 -0.0316363
935 0.628319 -0.0287008
935.2 0.628319 -0.0445824
935.4 0.628319 -0.0436578
935.6 0.628319 -0.00430754
935.8 0.628319 0.0453492
936 0.628319 0.0561644
936.2 0.628319 0.0183514
936.4 0.628319 -0.0225636
936.6 0.628319 -0.0168159
936.8 0.628319 0.0326353
937 0.628319 0.0765458
937.2 0.628319 0.0802526
937.4 0.628319 0.0629215
937.6 0.628319 0.0671345
937.8 0.628319 0.0983798
938 0.628319 0.111465
938.2 0.628319 0.0627109
938.4 0.628319 -0.0338424
938.6 0.628319 -0.112839
938.8 0.628319 -0.11947
939 0.628319 -0.0580963
939.2 0.628319 0.0193856
939.4 0.628319 0.0639879
939.6 0.628319 0.0632706
939.8 0.628319 0.0347819
940 0.628319 0.00221045
940.2 0.628319 -0.0179831
940.4 0.628319 -0.0188899
940.6 0.628319 -0.00605841
940.8 0.628319 0.00275992
941 0.628319 -0.00725649
941.2 0.628319 -0.0271093
941.4 0.628319 -0.0262045
941.6 0.628319 0.0143057
941.8 0.628319 0.0725161
942 0.628319 0.101647
942.2 0.628319 0.0805243
942.4 0.628319 0.0399157
942.6 0.628319 0.0286264
942.8 0.628319 0.0564807
943 0.628319 0.0837813
943.2 0.628319 0.0715653
943.4 0.628319 0.0297933
943.6 0.628319 0.00114515
943.8 0.628319 0.000709174
944 0.628319 -0.00810173
944.2 0.628319 -0.0650762
944.4 0.628319 -0.151213
944.6 0.628319 -0.196537
944.8 0.628319 -0.156497
945 0.628319 -0.0661333
945.2 0.628319 -0.00332475
945.4 0.628319 -0.00222106
945.6 0.628319 -0.0208549
945.8 0.628319 -0.00109384
946 0.628319 0.0545481
946.2 0.628319 0.0843553
946.4 0.628319 0.0445908
946.6 0.628319 -0.0335163
946.8 0.628319 -0.0764312
947 0.628319 -0.0493003
947.2 0.628319 0.010887
947.4 0.628319 0.0438658
947.6 0.628319 0.0319212
947.8 0.628319 0.00704443
948 0.628319 0.00316836
948.2 0.628319 0.0201583
948.4 0.628319 0.0380598
948.6 0.628319 0.0490227
948.8 0.628319 0.05863
949 0.628319 0.0618669
949.2 0.628319 0.0395928
949.4 0.628319 -0.0106776
949.6 0.628319 -0.0538204
949.8 0.628319 -0.0470949
950 0.628319 0.00598608
950.2 0.628319 0.0468621
950.4 0.628319 0.020551
950.6 0.628319 -0.0603843
950.8 0.628319 -0.122712
951 0.628319 -0.106789
951.2 0.628319 -0.027464
951.4 0.628319 0.0437726
951.6 0.628319 0.050923
951.8 0.628319 0.000458937
952 0.628319 -0.0582731
952.2 0.628319 -0.0848153
952.4 0.628319 -0.0741606
952.6 0.628319 -0.0441962
952.8 0.628319 -0.0141701
953 0.628319 0.00197012
953.2 0.628319 -0.0040603
953.4 0.628319 -0.0273974
953.6 0.628319 -0.0455534
953.8 0.628319 -0.0346782
954 0.628319 0.00363915
954.2 0.628319 0.0384995
954.4 0.628319 0.0407642
954.6 0.628319 0.0159408
954.8 0.628319 -0.00161522
955 0.628319 0.0121304
955.2 0.628319 0.0452437
955.4 0.628319 0.0676268
955.6 0.628319 0.0667874
955.8 0.628319 0.0553281
956 0.628319 0.0446302
956.2 0.628319 0.0257681
956.4 0.628319 -0.0125162
956.6 0.628319 -0.0534121
956.8 0.628319 -0.0567093
957 0.628319 -0.00243307
957.2 0.628319 0.0768774
957.4 0.628319 0.119013
957.6 0.628319 0.0896604
957.8 0.628319 0.0124316
958 0.628319 -0.0587318
958.2 0.628319 -0.0901853
958.4 0.628319 -0.0876898
958.6 0.628319 -0.0731685
958.8 0.628319 -0.0557768
959 0.628319 -0.0299682
959.2 0.628319 0.00702011
959.4 0.628319 0.0458099
959.6 0.628319 0.0722779
959.8 0.628319 0.0772402
960 0.628319 0.058256
960.2 0.628319 0.0204433
960.4 0.628319 -0.0194857
960.6 0.628319 -0.0376732
960.8 0.628319 -0.0239485
961 0.628319 0.00103704
961.2 0.628319 0.00203594
961.4 0.628319 -0.027719
961.6 0.628319 -0.0468783
961.8 0.628319 -0.00568633
962 0.628319 0.0896033
962.2 0.628319 0.16473
962.4 0.628319 0.145548
962.6 0.628319 0.038818
962.8 0.628319 -0.0672067
963 0.628319 -0.089448
963.2 0.628319 -0.0315187
963.4 0.628319 0.0294703
963.6 0.628319 0.032104
963.8 0.628319 -0.00716451
964 0.628319 -0.0245408
964.2 0.628319 0.0122781
964.4 0.628319 0.0712066
964.6 0.628319 0.0993429
964.8 0.628319 0.08187
965 0.628319 0.0469871
965.2 0.628319 0.0226119
965.4 0.628319 0.00657256
965.6 0.628319 -0.0162584
965.8 0.628319 -0.0425668
966 0.628319 -0.0513732
966.2 0.628319 -0.0337138
966.4 0.628319 -0.0073035
966.6 0.628319 0.00438747
966.8 0.628319 -0.00124599
967 0.628319 -0.00981791
967.2 0.628319 -0.015729
967.4 0.628319 -0.0304395
967.6 0.628319 -0.0602184
967.8 0.628319 -0.0864455
968 0.628319 -0.0807982
968.2 0.628319 -0.0399006
968.4 0.628319 0.00600231
968.6 0.628319 0.0243444
968.8 0.628319 0.0140459
969 0.628319 0.00127017
969.2 0.628319 0.00590481
969.4 0.628319 0.0225785
969.6 0.628319 0.0360621
969.8 0.628319 0.0434016
970 0.628319 0.0504239
970.2 0.628319 0.0524664
970.4 0.628319 0.0348784
970.6 0.628319 -0.00116462
970.8 0.628319 -0.0259143
971 0.628319 -0.00973549
971.2 0.628319 0.0358144
971.4 0.628319 0.0615127
971.6 0.628319 0.0358791
971.8 0.628319 -0.0106051
972 0.628319 -0.012457
972.2 0.628319 0.0552036
972.4 0.628319 0.139786
972.6 0.628319 0.161879
972.8 0.628319 0.100395
973 0.628319 0.0156039
973.2 0.628319 -0.0167796
973.4 0.628319 0.0144147
973.6 0.628319 0.0512875
973.8 0.628319 0.0387286
974 0.628319 -0.0125943
974.2 0.628319 -0.0420064
974.4 0.628319 -0.011038
974.6 0.628319 0.0516931
974.8 0.628319 0.0808352
975 0.628319 0.0427637
975.2 0.628319 -0.0312558
975.4 0.628319 -0.0778496
975.6 0.628319 -0.0618552
975.8 0.628319 -0.00449623
976 0.628319 0.0416895
976.2 0.628319 0.0414536
976.4 0.628319 0.00337246
976.6 0.628319 -0.0352412
976.8 0.628319 -0.0461765
977 0.628319 -0.0339073
977.2 0.628319 -0.0239066
977.4 0.628319 -0.0293181
977.6 0.628319 -0.0328913
977.8 0.628319 -0.00672612
978 0.628319 0.0494955
978.2 0.628319 0.0967752
978.4 0.628319 0.0921592
978.6 0.628319 0.0373451
978.8 0.628319 -0.0157491
979 0.628319 -0.0154275
979.2 0.628319 0.0344548
979.4 0.628319 0.07658
979.6 0.628319 0.0597915
979.8 0.628319 -0.0088428
980 0.628319 -0.0754972
980.2 0.628319 -0.0973522
980.4 0.628319 -0.0789229
980.6 0.628319 -0.0511591
980.8 0.628319 -0.0289705
981 0.628319 -0.00368222
981.2 0.628319 0.0264571
981.4 0.628319 0.0381885
981.6 0.628319 0.0102938
981.8 0.628319 -0.0378381
982 0.628319 -0.0534761
982.2 0.628319 -0.00584964
982.4 0.628319 0.0746548
982.6 0.628319 0.125289
982.8 0.628319 0.118179
983 0.628319 0.0862093
983.2 0.628319 0.0762393
983.4 0.628319 0.0874118
983.6 0.628319 0.0726904
983.8 0.628319 0.00381576
984 0.628319 -0.0807459
984.2 0.628319 -0.108403
984.4 0.628319 -0.0524561
984.6 0.628319 0.0333811
984.8 0.628319 0.0687092
985 0.628319 0.0291836
985.2 0.628319 -0.0329239
985.4 0.628319 -0.0505522
985.6 0.628319 -0.0141069
985.8 0.628319 0.0245511
986 0.628319 0.0147801
986.2 0.628319 -0.0363904
986.4 0.628319 -0.0738608
986.6 0.628319 -0.0543086
986.8 0.628319 0.00979454
987 0.628319 0.0641512
987.2 0.628319 0.0646996
987.4 0.628319 0.014674
987.6 0.628319 -0.0440982
987.8 0.628319 -0.0710403
988 0.628319 -0.0593074
988.2 0.628319 -0.0357178
988.4 0.628319 -0.0322396
988.6 0.628319 -0.0554857
988.8 0.628319 -0.0805836
989 0.628319 -0.0749364
989.2 0.628319 -0.0310696
989.4 0.628319 0.022989
989.6 0.628319 0.0482257
989.8 0.628319 0.0318864
990 0.628319 -0.000463302
990.2 0.628319 -0.011946
990.4 0.628319 0.0070336
990.6 0.628319 0.0304559
990.8 0.628319 0.0282395
991 0.628319 0.00237885
991.2 0.628319 -0.0137529
991.4 0.628319 0.00639034
991.6 0.628319 0.0493329
991.8 0.628319 0.0715632
992 0.628319 0.0431749
992.2 0.628319 -0.0208049
992.4 0.628319 -0.0737257
992.6 0.628319 -0.0795313
992.8 0.628319 -0.0406823
993 0.628319 0.0112788
993.2 0.628319 0.0453207
993.4 0.628319 0.0490937
993.6 0.628319 0.0257388
993.8 0.628319 -0.015014
994 0.628319 -0.0573516
994.2 0.628319 -0.0786279
994.4 0.628319 -0.061302
994.6 0.628319 -0.0124911
994.8 0.628319 0.0333046
995 0.628319 0.0409123
995.2 0.628319 0.00922766
995.4 0.628319 -0.0244113
995.6 0.628319 -0.0207698
995.8 0.628319 0.0189611
996 0.628319 0.0516765
996.2 0.628319 0.0375638
996.4 0.628319 -0.0140292
996.6 0.628319 -0.0490274
996.8 0.628319 -0.0229794
997 0.628319 0.0495171
997.2 0.628319 0.102911
997.4 0.628319 0.0816172
997.6 0.628319 -0.0053193
997.8 0.628319 -0.0895645
998 0.628319 -0.103706
998.2 0.628319 -0.0406341
998.4 0.628319 0.0410731
998.6 0.628319 0.0677036
998.8 0.628319 0.0115537
999 0.628319 -0.0872674
999.2 0.628319 -0.152742
999.4 0.628319 -0.131709
999.6 0.628319 -0.0346491
999.8 0.628319 0.0717886
1000 0.628319 0.114686
0.2 0.942478 -0.157084
0.4 0.942478 -0.0844822
0.6 0.942478 -0.0181874
0.8 0.942478 -0.0311582
1 0.942478 -0.0846072
1.2 0.942478 -0.0850974
1.4 0.942478 -0.0110596
1.6 0.942478 0.057373
1.8 0.942478 0.043026
2 0.942478 -0.0273325
2.2 0.942478 -0.0577741
2.4 0.942478 -0.00761658
2.6 0.942478 0.0570087
2.8 0.942478 0.0505598
3 0.942478 -0.0205702
3.2 0.942478 -0.0673522
3.4 0.942478 -0.0343226
3.6 0.942478 0.0293349
3.8 0.942478 0.0354277
4 0.942478 -0.0271606
4.2 0.942478 -0.0762502
4.4 0.942478 -0.0403542
4.6 0.942478 0.0503865
4.8 0.942478 0.100631
5 0.942478 0.0654522
5.2 0.942478 0.000496432
5.4 0.942478 -0.0106467
5.6 0.942478 0.043815
5.8 0.942478 0.0981948
6 0.942478 0.0947583
6.2 0.942478 0.0483104
6.4 0.942478 0.0163312
6.6 0.942478 0.0245806
6.8 0.942478 0.0451977
7 0.942478 0.0454572
7.2 0.942478 0.0338593
7.4 0.942478 0.0431011
7.6 0.942478 0.0787237
7.8 0.942478 0.105372
8 0.942478 0.0885193
8.2 0.942478 0.0366384
8.4 0.942478 -0.0082642
8.6 0.942478 -0.016435
8.8 0.942478 0.00352573
9 0.942478 0.0223816
9.2 0.942478 0.0221273
9.4 0.942478 0.00550543
9.6 0.942478 -0.016234
9.8 0.942478 -0.0332425
10 0.942478 -0.0367478
10.2 0.942478 -0.0217566
10.4 0.942478 0.00299676
10.6 0.942478 0.0150746
10.8 0.942478 -0.000761092
11 0.942478 -0.0310017
11.2 0.942478 -0.0414531
11.4 0.942478 -0.012419
11.6 0.942478 0.0377317
11.8 0.942478 0.0694805
12 0.942478 0.0615162
12.2 0.942478 0.0290234
12.4 0.942478 0.00433163
12.6 0.942478 0.00640227
12.8 0.942478 0.0314622
13 0.942478 0.0652067
13.2 0.942478 0.094165
13.4 0.942478 0.10655
13.6 0.942478 0.0942886
13.8 0.942478 0.0627373
14 0.942478 0.0332028
14.2 0.942478 0.0245983
14.4 0.942478 0.029996
14.6 0.942478 0.0196175
14.8 0.942478 -0.0258305
15 0.942478 -0.088045
15.2 0.942478 -0.125022
15.4 0.942478 -0.113249
15.6 0.942478 -0.0706423
15.8 0.942478 -0.035512
16 0.942478 -0.0287073
16.2 0.942478 -0.0414946
16.4 0.942478 -0.0547956
16.6 0.942478 -0.0584823
16.8 0.942478 -0.0495482
17 0.942478 -0.0241164
17.2 0.942478 0.0152083
17.4 0.942478 0.0467196
17.6 0.942478 0.0404607
17.8 0.942478 -0.00800547
18 0.942478 -0.0614421
18.2 0.942478 -0.0721136
18.4 0.942478 -0.0322627
18.6 0.942478 0.0153689
18.8 0.942478 0.0236706
19 0.942478 -0.00765436
19.2 0.942478 -0.0351085
19.4 0.942478 -0.0227901
19.6 0.942478 0.0203315
19.8 0.942478 0.0577094
20 0.942478 0.0683666
20.2 0.942478 0.0609913
20.4 0.942478 0.0500491
20.6 0.942478 0.0357515
20.8 0.942478 0.0162133
21 0.942478 0.00622855
21.2 0.942478 0.0240267
21.4 0.942478 0.0572929
21.6 0.942478 0.0609969
21.8 0.942478 0.00566257
22 0.942478 -0.076952
22.2 0.942478 -0.114614
22.4 0.942478 -0.0694123
22.6 0.942478 0.0177405
22.8 0.942478 0.0689783
23 0.942478 0.052803
23.2 0.942478 0.0133339
23.4 0.942478 0.0138779
23.6 0.942478 0.0638654
23.8 0.942478 0.113101
24 0.942478 0.11249
24.2 0.942478 0.0643488
24.4 0.942478 0.00834606
24.6 0.942478 -0.0275356
24.8 0.942478 -0.0467821
25 0.942478 -0.0606693
25.2 0.942478 -0.0657167
25.4 0.942478 -0.0557051
25.6 0.942478 -0.0438753
25.8 0.942478 -0.0532289
26 0.942478 -0.0816259
26.2 0.942478 -0.0926543
26.4 0.942478 -0.0550609
26.6 0.942478 0.0141331
26.8 0.942478 0.0615198
27 0.942478 0.0568451
27.2 0.942478 0.0292064
27.4 0.942478 0.0331235
27.6 0.942478 0.0835208
27.8 0.942478 0.13809
28 0.942478 0.147259
28.2 0.942478 0.109159
28.4 0.942478 0.0639275
28.6 0.942478 0.0402988
28.8 0.942478 0.0258416
29 0.942478 -0.00326827
29.2 0.942478 -0.0376989
29.4 0.942478 -0.0399318
29.6 0.942478 0.0040916
29.8 0.942478 0.0551824
30 0.942478 0.0582917
30.2 0.942478 0.00696577
30.4 0.942478 -0.044441
30.6 0.942478 -0.040476
30.8 0.942478 0.0117026
31 0.942478 0.0502601
31.2 0.942478 0.0303365
31.4 0.942478 -0.0238876
31.6 0.942478 -0.0472238
31.8 0.942478 -0.00844147
32 0.942478 0.0547737
32.2 0.942478 0.0796724
32.4 0.942478 0.0481009
32.6 0.942478 0.00112687
32.8 0.942478 -0.0153805
33 0.942478 -0.00669298
33.2 0.942478 -0.0186452
33.4 0.942478 -0.0729535
33.6 0.942478 -0.127737
33.8 0.942478 -0.116159
34 0.942478 -0.024641
34.2 0.942478 0.0790964
34.4 0.942478 0.106756
34.6 0.942478 0.0382278
34.8 0.942478 -0.0574171
35 0.942478 -0.0926119
35.2 0.942478 -0.0475208
35.4 0.942478 0.0198166
35.6 0.942478 0.0441944
35.8 0.942478 0.0204952
36 0.942478 -0.00586056
36.2 0.942478 -0.00364449
36.4 0.942478 0.00924844
36.6 0.942478 0.00165382
36.8 0.942478 -0.0173686
37 0.942478 -0.00435181
37.2 0.942478 0.0554167
37.4 0.942478 0.110888
37.6 0.942478 0.0931143
37.8 0.942478 -0.000588781
38 0.942478 -0.0901474
38.2 0.942478 -0.0939495
38.4 0.942478 -0.0183124
38.6 0.942478 0.0508295
38.8 0.942478 0.046447
39 0.942478 -0.00696104
39.2 0.942478 -0.031758
39.4 0.942478 0.00324749
39.6 0.942478 0.045417
39.8 0.942478 0.02747
40 0.942478 -0.0454995
40.2 0.942478 -0.100941
40.4 0.942478 -0.0887816
40.6 0.942478 -0.0422471
40.8 0.942478 -0.0327014
41 0.942478 -0.0759658
41.2 0.942478 -0.109243
41.4 0.942478 -0.0692714
41.6 0.942478 0.0249369
41.8 0.942478 0.0881041
42 0.942478 0.0654036
42.2 0.942478 -0.00600745
42.4 0.942478 -0.0419904
42.6 0.942478 -0.00590026
42.8 0.942478 0.0585941
43 0.942478 0.0871955
43.2 0.942478 0.0685224
43.4 0.942478 0.045924
43.6 0.942478 0.0556417
43.8 0.942478 0.0821761
44 0.942478 0.0807385
44.2 0.942478 0.0321593
44.4 0.942478 -0.035928
44.6 0.942478 -0.0788513
44.8 0.942478 -0.074912
45 0.942478 -0.0355894
45.2 0.942478 0.0115344
45.4 0.942478 0.041633
45.6 0.942478 0.042648
45.8 0.942478 0.0215794
46 0.942478 0.0036411
46.2 0.942478 0.0127968
46.4 0.942478 0.0428558
46.6 0.942478 0.0539406
46.8 0.942478 0.0119962
47 0.942478 -0.065106
47.2 0.942478 -0.113598
47.4 0.942478 -0.0880047
47.6 0.942478 -0.0154308
47.8 0.942478 0.0281554
48 0.942478 0.000761584
48.2 0.942478 -0.0567598
48.4 0.942478 -0.0653895
48.6 0.942478 0.00265594
48.8 0.942478 0.0927968
49 0.942478 0.130384
49.2 0.942478 0.102022
49.4 0.942478 0.0620707
49.6 0.942478 0.0625816
49.8 0.942478 0.0943331
50 0.942478 0.106237
50.2 0.942478 0.0715133
50.4 0.942478 0.0163883
50.6 0.942478 -0.0186801
50.8 0.942478 -0.0291412
51 0.942478 -0.0432769
51.2 0.942478 -0.075225
51.4 0.942478 -0.10015
51.6 0.942478 -0.0853206
51.8 0.942478 -0.0354323
52 0.942478 0.0082434
52.2 0.942478 0.0147652
52.4 0.942478 -0.00323911
52.6 0.942478 -0.0112585
52.8 0.942478 0.000279219
53 0.942478 0.00516703
53.2 0.942478 -0.0199966
53.4 0.942478 -0.0586005
53.6 0.942478 -0.0676755
53.8 0.942478 -0.0275696
54 0.942478 0.032799
54.2 0.942478 0.0660148
54.4 0.942478 0.0559275
54.6 0.942478 0.0297177
54.8 0.942478 0.0218914
55 0.942478 0.0357022
55.2 0.942478 0.04581
55.4 0.942478 0.033612
55.6 0.942478 0.00966123
55.8 0.942478 -0.00208253
56 0.942478 0.00469489
56.2 0.942478 0.0115402
56.4 0.942478 -0.000450028
56.6 0.942478 -0.0256049
56.8 0.942478 -0.0380975
57 0.942478 -0.0204778
57.2 0.942478 0.015972
57.4 0.942478 0.0406636
57.6 0.942478 0.0319242
57.8 0.942478 -0.00427963
58 0.942478 -0.0403543
58.2 0.942478 -0.0486516
58.4 0.942478 -0.0195939
58.6 0.942478 0.0337171
58.8 0.942478 0.0825155
59 0.942478 0.0961493
59.2 0.942478 0.0593444
59.4 0.942478 -0.0138336
59.6 0.942478 -0.0816859
59.8 0.942478 -0.0992476
60 0.942478 -0.0526752
60.2 0.942478 0.025146
60.4 0.942478 0.077175
60.6 0.942478 0.0687708
60.8 0.942478 0.0174369
61 0.942478 -0.0238422
61.2 0.942478 -0.0160331
61.4 0.942478 0.0306168
61.6 0.942478 0.0692774
61.8 0.942478 0.063098
62 0.942478 0.0179756
62.2 0.942478 -0.0294182
62.4 0.942478 -0.0511612
62.6 0.942478 -0.0511538
62.8 0.942478 -0.0502784
63 0.942478 -0.0559756
63.2 0.942478 -0.0533134
63.4 0.942478 -0.0260671
63.6 0.942478 0.0193082
63.8 0.942478 0.0552067
64 0.942478 0.0571402
64.2 0.942478 0.0238091
64.4 0.942478 -0.0249941
64.6 0.942478 -0.0645278
64.8 0.942478 -0.0776001
65 0.942478 -0.0588243
65.2 0.942478 -0.0176464
65.4 0.942478 0.0202545
65.6 0.942478 0.0244347
65.8 0.942478 -0.0145928
66 0.942478 -0.0681001
66.2 0.942478 -0.0864002
66.4 0.942478 -0.0438027
66.6 0.942478 0.0315416
66.8 0.942478 0.0782337
67 0.942478 0.0568366
67.2 0.942478 -0.015341
67.4 0.942478 -0.084981
67.6 0.942478 -0.114405
67.8 0.942478 -0.108224
68 0.942478 -0.0916331
68.2 0.942478 -0.0738428
68.4 0.942478 -0.0431143
68.6 0.942478 0.00444649
68.8 0.942478 0.0449625
69 0.942478 0.0470494
69.2 0.942478 0.0106456
69.4 0.942478 -0.0248632
69.6 0.942478 -0.0181747
69.8 0.942478 0.0311281
70 0.942478 0.0833459
70.2 0.942478 0.101719
70.4 0.942478 0.0878657
70.6 0.942478 0.070974
70.8 0.942478 0.0683804
71 0.942478 0.0673906
71.2 0.942478 0.0480988
71.4 0.942478 0.0139389
71.6 0.942478 -0.0117824
71.8 0.942478 -0.0185939
72 0.942478 -0.0247902
72.2 0.942478 -0.0503964
72.4 0.942478 -0.0798578
72.6 0.942478 -0.0690133
72.8 0.942478 -0.000291127
73 0.942478 0.0768596
73.2 0.942478 0.0803062
73.4 0.942478 -0.0178528
73.6 0.942478 -0.145009
73.8 0.942478 -0.185786
74 0.942478 -0.0963299
74.2 0.942478 0.0434851
74.4 0.942478 0.10308
74.6 0.942478 0.0306933
74.8 0.942478 -0.0946556
75 0.942478 -0.145015
75.2 0.942478 -0.0738658
75.4 0.942478 0.0418835
75.6 0.942478 0.0889878
75.8 0.942478 0.0366308
76 0.942478 -0.0400932
76.2 0.942478 -0.0499852
76.4 0.942478 0.0159389
76.6 0.942478 0.0838284
76.8 0.942478 0.0856519
77 0.942478 0.0317002
77.2 0.942478 -0.0109392
77.4 0.942478 6.21606e-05
77.6 0.942478 0.0386352
77.8 0.942478 0.0500108
78 0.942478 0.0195831
78.2 0.942478 -0.0118397
78.4 0.942478 0.000102476
78.6 0.942478 0.0498139
78.8 0.942478 0.0886425
79 0.942478 0.0797598
79.2 0.942478 0.035529
79.4 0.942478 -0.00136671
79.6 0.942478 -0.00476382
79.8 0.942478 0.0142552
80 0.942478 0.0285572
80.2 0.942478 0.0253444
80.4 0.942478 0.0114558
80.6 0.942478 -0.00302105
80.8 0.942478 -0.015558
81 0.942478 -0.0251514
81.2 0.942478 -0.025277
81.4 0.942478 -0.0110118
81.6 0.942478 0.00884909
81.8 0.942478 0.0148351
82 0.942478 -0.00409772
82.2 0.942478 -0.0375559
82.4 0.942478 -0.0634639
82.6 0.942478 -0.0694204
82.8 0.942478 -0.0607503
83 0.942478 -0.0482434
83.2 0.942478 -0.0339845
83.4 0.942478 -0.0134134
83.6 0.942478 0.0122046
83.8 0.942478 0.0330483
84 0.942478 0.0431257
84.2 0.942478 0.0500009
84.4 0.942478 0.0651485
84.6 0.942478 0.0842203
84.8 0.942478 0.083639
85 0.942478 0.0435384
85.2 0.942478 -0.025476
85.4 0.942478 -0.0834736
85.6 0.942478 -0.0941847
85.8 0.942478 -0.0586766
86 0.942478 -0.0151018
86.2 0.942478 -0.00295151
86.4 0.942478 -0.0257026
86.6 0.942478 -0.0479289
86.8 0.942478 -0.0303607
87 0.942478 0.0297466
87.2 0.942478 0.0916782
87.4 0.942478 0.106818
87.6 0.942478 0.0659151
87.8 0.942478 0.0130702
88 0.942478 0.0088177
88.2 0.942478 0.0726293
88.4 0.942478 0.159444
88.6 0.942478 0.197053
88.8 0.942478 0.152543
89 0.942478 0.063449
89.2 0.942478 0.000828065
89.4 0.942478 -3.56615e-05
89.6 0.942478 0.0292863
89.8 0.942478 0.0293146
90 0.942478 -0.0205551
90.2 0.942478 -0.0791779
90.4 0.942478 -0.0883278
90.6 0.942478 -0.0352479
90.8 0.942478 0.0342643
91 0.942478 0.0636097
91.2 0.942478 0.0400246
91.4 0.942478 -0.000638676
91.6 0.942478 -0.0172483
91.8 0.942478 -0.00309678
92 0.942478 0.0177134
92.2 0.942478 0.0236745
92.4 0.942478 0.0163245
92.6 0.942478 0.00910006
92.8 0.942478 0.00689411
93 0.942478 0.00491558
93.2 0.942478 0.00418904
93.4 0.942478 0.0167973
93.6 0.942478 0.0488098
93.8 0.942478 0.0821611
94 0.942478 0.0834951
94.2 0.942478 0.0370865
94.4 0.942478 -0.0327289
94.6 0.942478 -0.0769791
94.8 0.942478 -0.0632243
95 0.942478 -0.00258042
95.2 0.942478 0.0625962
95.4 0.942478 0.0958619
95.6 0.942478 0.0922397
95.8 0.942478 0.071997
96 0.942478 0.0556561
96.2 0.942478 0.0478804
96.4 0.942478 0.0425439
96.6 0.942478 0.036779
96.8 0.942478 0.034949
97 0.942478 0.0387653
97.2 0.942478 0.0379145
97.4 0.942478 0.0159902
97.6 0.942478 -0.0310788
97.8 0.942478 -0.0833006
98 0.942478 -0.107178
98.2 0.942478 -0.0825386
98.4 0.942478 -0.0213972
98.6 0.942478 0.0399443
98.8 0.942478 0.0692681
99 0.942478 0.0611419
99.2 0.942478 0.0344509
99.4 0.942478 0.0110422
99.6 0.942478 -0.0010887
99.8 0.942478 -0.00604953
100 0.942478 -0.00842088
100.2 0.942478 -0.00885709
100.4 0.942478 -0.00965928
100.6 0.942478 -0.0171186
100.8 0.942478 -0.0324566
101 0.942478 -0.0427243
101.2 0.942478 -0.0287968
101.4 0.942478 0.0123911
101.6 0.942478 0.0562445
101.8 0.942478 0.0676881
102 0.942478 0.033021
102.2 0.942478 -0.0271225
102.4 0.942478 -0.0780093
102.6 0.942478 -0.101358
102.8 0.942478 -0.103086
103 0.942478 -0.0943297
103.2 0.942478 -0.0740109
103.4 0.942478 -0.0358708
103.6 0.942478 0.0120493
103.8 0.942478 0.0456736
104 0.942478 0.0477305
104.2 0.942478 0.0275307
104.4 0.942478 0.0108629
104.6 0.942478 0.010486
104.8 0.942478 0.0134084
105 0.942478 0.000618216
105.2 0.942478 -0.0266004
105.4 0.942478 -0.0479813
105.6 0.942478 -0.0508481
105.8 0.942478 -0.0458274
106 0.942478 -0.050035
106.2 0.942478 -0.0606021
106.4 0.942478 -0.0561966
106.6 0.942478 -0.0271798
106.8 0.942478 0.00586074
107 0.942478 0.0136618
107.2 0.942478 -0.00445985
107.4 0.942478 -0.0168641
107.6 0.942478 0.0015192
107.8 0.942478 0.035167
108 0.942478 0.0446654
108.2 0.942478 0.0169047
108.4 0.942478 -0.0143822
108.6 0.942478 -0.00743279
108.8 0.942478 0.0345879
109 0.942478 0.06354
109.2 0.942478 0.0431402
109.4 0.942478 -0.00533685
109.6 0.942478 -0.0259603
109.8 0.942478 0.00589408
110 0.942478 0.053918
110.2 0.942478 0.0636887
110.4 0.942478 0.0262334
110.6 0.942478 -0.0135365
110.8 0.942478 -0.0112948
111 0.942478 0.0267689
111.2 0.942478 0.0564974
111.4 0.942478 0.0504899
111.6 0.942478 0.0268347
111.8 0.942478 0.0217894
112 0.942478 0.0461954
112.2 0.942478 0.0783383
112.4 0.942478 0.0932399
112.6 0.942478 0.0850151
112.8 0.942478 0.0591994
113 0.942478 0.019065
113.2 0.942478 -0.0266845
113.4 0.942478 -0.0504992
113.6 0.942478 -0.0230322
113.8 0.942478 0.0450261
114 0.942478 0.09197
114.2 0.942478 0.0591986
114.4 0.942478 -0.0372874
114.6 0.942478 -0.105225
114.8 0.942478 -0.0638192
115 0.942478 0.0663836
115.2 0.942478 0.17401
115.4 0.942478 0.164555
115.6 0.942478 0.0527049
115.8 0.942478 -0.0577135
116 0.942478 -0.079212
116.2 0.942478 -0.0160713
116.4 0.942478 0.061334
116.6 0.942478 0.097837
116.8 0.942478 0.0956236
117 0.942478 0.0857417
117.2 0.942478 0.0826098
117.4 0.942478 0.0784774
117.6 0.942478 0.0688911
117.8 0.942478 0.061839
118 0.942478 0.0585958
118.2 0.942478 0.0431603
118.4 0.942478 0.00520197
118.6 0.942478 -0.0336183
118.8 0.942478 -0.0347902
119 0.942478 0.00985072
119.2 0.942478 0.0592673
119.4 0.942478 0.0651318
119.6 0.942478 0.0287714
119.8 0.942478 0.00159506
120 0.942478 0.0241596
120.2 0.942478 0.0769941
120.4 0.942478 0.104218
120.6 0.942478 0.0809549
120.8 0.942478 0.0412257
121 0.942478 0.0336886
121.2 0.942478 0.0631738
121.4 0.942478 0.0907523
121.6 0.942478 0.0872177
121.8 0.942478 0.0672786
122 0.942478 0.0611382
122.2 0.942478 0.0653253
122.4 0.942478 0.042181
122.6 0.942478 -0.0283516
122.8 0.942478 -0.112393
123 0.942478 -0.151541
123.2 0.942478 -0.124728
123.4 0.942478 -0.0677858
123.6 0.942478 -0.0296529
123.8 0.942478 -0.0217522
124 0.942478 -0.0202718
124.2 0.942478 -0.00986813
124.4 0.942478 -0.00675083
124.6 0.942478 -0.0319875
124.8 0.942478 -0.0742821
125 0.942478 -0.0947213
125.2 0.942478 -0.0699076
125.4 0.942478 -0.0202575
125.6 0.942478 0.0100531
125.8 0.942478 -0.00393886
126 0.942478 -0.0499477
126.2 0.942478 -0.0970183
126.4 0.942478 -0.121321
126.6 0.942478 -0.113833
126.8 0.942478 -0.0765668
127 0.942478 -0.0234856
127.2 0.942478 0.0188707
127.4 0.942478 0.0268694
127.6 0.942478 0.00439627
127.8 0.942478 -0.0139533
128 0.942478 0.00572375
128.2 0.942478 0.0605359
128.4 0.942478 0.111331
128.6 0.942478 0.120674
128.8 0.942478 0.0858739
129 0.942478 0.0336192
129.2 0.942478 -0.00952223
129.4 0.942478 -0.0332386
129.6 0.942478 -0.0363379
129.8 0.942478 -0.0200724
130 0.942478 0.00364866
130.2 0.942478 0.00892665
130.4 0.942478 -0.0218083
130.6 0.942478 -0.069968
130.8 0.942478 -0.0899419
131 0.942478 -0.0575226
131.2 0.942478 -0.00247199
131.4 0.942478 0.0215584
131.6 0.942478 0.000370201
131.8 0.942478 -0.02253
132 0.942478 -0.000802966
132.2 0.942478 0.0526064
132.4 0.942478 0.0771533
132.6 0.942478 0.0401363
132.8 0.942478 -0.0186121
133 0.942478 -0.0325309
133.2 0.942478 0.0109595
133.4 0.942478 0.0577237
133.6 0.942478 0.0590677
133.8 0.942478 0.0347919
134 0.942478 0.0432811
134.2 0.942478 0.0967832
134.4 0.942478 0.135527
134.6 0.942478 0.100777
134.8 0.942478 0.0161052
135 0.942478 -0.0309551
135.2 0.942478 0.00941557
135.4 0.942478 0.0886504
135.6 0.942478 0.11628
135.8 0.942478 0.0645044
136 0.942478 -0.00624664
136.2 0.942478 -0.0264667
136.4 0.942478 0.00220981
136.6 0.942478 0.0227666
136.8 0.942478 0.00413041
137 0.942478 -0.022294
137.2 0.942478 -0.0140909
137.4 0.942478 0.0184748
137.6 0.942478 0.0244262
137.8 0.942478 -0.0181325
138 0.942478 -0.070405
138.2 0.942478 -0.0820554
138.4 0.942478 -0.053824
138.6 0.942478 -0.0296313
138.8 0.942478 -0.0317311
139 0.942478 -0.0303107
139.2 0.942478 0.00915024
139.4 0.942478 0.0662294
139.6 0.942478 0.079705
139.8 0.942478 0.0238449
140 0.942478 -0.0510958
140.2 0.942478 -0.0703145
140.4 0.942478 -0.01706
140.6 0.942478 0.0537143
140.8 0.942478 0.0825889
141 0.942478 0.0668444
141.2 0.942478 0.0450906
141.4 0.942478 0.0385463
141.6 0.942478 0.0319997
141.8 0.942478 0.0128726
142 0.942478 0.00280952
142.2 0.942478 0.0298825
142.4 0.942478 0.0791037
142.6 0.942478 0.0965529
142.8 0.942478 0.0520424
143 0.942478 -0.0184874
143.2 0.942478 -0.04992
143.4 0.942478 -0.0217647
143.6 0.942478 0.0228381
143.8 0.942478 0.034781
144 0.942478 0.0175651
144.2 0.942478 0.0131459
144.4 0.942478 0.038763
144.6 0.942478 0.0608304
144.8 0.942478 0.0392654
145 0.942478 -0.0186593
145.2 0.942478 -0.0660074
145.4 0.942478 -0.0726373
145.6 0.942478 -0.0551502
145.8 0.942478 -0.0454245
146 0.942478 -0.0465417
146.2 0.942478 -0.0370666
146.4 0.942478 -0.0124713
146.6 0.942478 0.000372313
146.8 0.942478 -0.0203469
147 0.942478 -0.0551082
147.2 0.942478 -0.0611664
147.4 0.942478 -0.0240782
147.6 0.942478 0.0265741
147.8 0.942478 0.0584475
148 0.942478 0.0765829
148.2 0.942478 0.105146
148.4 0.942478 0.136992
148.6 0.942478 0.127648
148.8 0.942478 0.0527386
149 0.942478 -0.0444823
149.2 0.942478 -0.0872143
149.4 0.942478 -0.0496779
149.6 0.942478 0.0110379
149.8 0.942478 0.0202167
150 0.942478 -0.028252
150.2 0.942478 -0.069157
150.4 0.942478 -0.0481231
150.6 0.942478 0.0140411
150.8 0.942478 0.0512026
151 0.942478 0.0323074
151.2 0.942478 -0.0101655
151.4 0.942478 -0.0317298
151.6 0.942478 -0.031156
151.8 0.942478 -0.036174
152 0.942478 -0.047354
152.2 0.942478 -0.0269837
152.4 0.942478 0.0443938
152.6 0.942478 0.12124
152.8 0.942478 0.130603
153 0.942478 0.0594522
153.2 0.942478 -0.0171527
153.4 0.942478 -0.012206
153.6 0.942478 0.075139
153.8 0.942478 0.15428
154 0.942478 0.139475
154.2 0.942478 0.0392191
154.4 0.942478 -0.0579347
154.6 0.942478 -0.0768648
154.8 0.942478 -0.021468
155 0.942478 0.0490348
155.2 0.942478 0.0879621
155.4 0.942478 0.0914099
155.6 0.942478 0.0726306
155.8 0.942478 0.0328136
156 0.942478 -0.0291198
156.2 0.942478 -0.0895558
156.4 0.942478 -0.105246
156.6 0.942478 -0.055137
156.8 0.942478 0.0299833
157 0.942478 0.0902873
157.2 0.942478 0.0914593
157.4 0.942478 0.0530787
157.6 0.942478 0.0225177
157.8 0.942478 0.0253627
158 0.942478 0.0445089
158.2 0.942478 0.0449249
158.4 0.942478 0.0133208
158.6 0.942478 -0.0282881
158.8 0.942478 -0.0453636
159 0.942478 -0.0245963
159.2 0.942478 0.0142649
159.4 0.942478 0.0383445
159.6 0.942478 0.0334704
159.8 0.942478 0.0173188
160 0.942478 0.020794
160.2 0.942478 0.055459
160.4 0.942478 0.099918
160.6 0.942478 0.120044
160.8 0.942478 0.102505
161 0.942478 0.065933
161.2 0.942478 0.0381197
161.4 0.942478 0.0258229
161.6 0.942478 0.0117566
161.8 0.942478 -0.0190033
162 0.942478 -0.0557925
162.2 0.942478 -0.07045
162.4 0.942478 -0.0472617
162.6 0.942478 -0.000313585
162.8 0.942478 0.039834
163 0.942478 0.0533133
163.2 0.942478 0.043541
163.4 0.942478 0.0277955
163.6 0.942478 0.0209564
163.8 0.942478 0.026877
164 0.942478 0.037818
164.2 0.942478 0.0382626
164.4 0.942478 0.0150041
164.6 0.942478 -0.0279814
164.8 0.942478 -0.0646377
165 0.942478 -0.0656182
165.2 0.942478 -0.0281171
165.4 0.942478 0.0171062
165.6 0.942478 0.0360722
165.8 0.942478 0.0281724
166 0.942478 0.023787
166.2 0.942478 0.0419348
166.4 0.942478 0.0598451
166.6 0.942478 0.0370674
166.8 0.942478 -0.0309081
167 0.942478 -0.0971984
167.2 0.942478 -0.111303
167.4 0.942478 -0.0752268
167.6 0.942478 -0.0380212
167.8 0.942478 -0.0337611
168 0.942478 -0.040883
168.2 0.942478 -0.0160825
168.4 0.942478 0.0398732
168.6 0.942478 0.0718396
168.8 0.942478 0.0351394
169 0.942478 -0.0428516
169.2 0.942478 -0.0851504
169.4 0.942478 -0.0508077
169.6 0.942478 0.0172877
169.8 0.942478 0.040659
170 0.942478 -0.00687512
170.2 0.942478 -0.074071
170.4 0.942478 -0.0943153
170.6 0.942478 -0.0567699
170.8 0.942478 -0.00576024
171 0.942478 0.0193241
171.2 0.942478 0.0230932
171.4 0.942478 0.0296377
171.6 0.942478 0.0381678
171.8 0.942478 0.0234573
172 0.942478 -0.0207503
172.2 0.942478 -0.0586144
172.4 0.942478 -0.047113
172.6 0.942478 0.0108791
172.8 0.942478 0.0629547
173 0.942478 0.0620589
173.2 0.942478 0.0173841
173.4 0.942478 -0.0172624
173.6 0.942478 -0.00364172
173.8 0.942478 0.039976
174 0.942478 0.0602196
174.2 0.942478 0.0261531
174.4 0.942478 -0.0383357
174.6 0.942478 -0.0777317
174.8 0.942478 -0.0576353
175 0.942478 0.00371473
175.2 0.942478 0.0525226
175.4 0.942478 0.0482202
175.6 0.942478 4.62784e-05
175.8 0.942478 -0.0424296
176 0.942478 -0.0381339
176.2 0.942478 0.00360304
176.4 0.942478 0.0329497
176.6 0.942478 0.0158209
176.8 0.942478 -0.0229888
177 0.942478 -0.0232597
177.2 0.942478 0.0391303
177.4 0.942478 0.113036
177.6 0.942478 0.118448
177.8 0.942478 0.0346078
178 0.942478 -0.0701717
178.2 0.942478 -0.10742
178.4 0.942478 -0.0624752
178.6 0.942478 -0.00637677
178.8 0.942478 -0.0114728
179 0.942478 -0.0689263
179.2 0.942478 -0.103619
179.4 0.942478 -0.0658745
179.6 0.942478 0.0098398
179.8 0.942478 0.0459337
180 0.942478 0.00981676
180.2 0.942478 -0.0541118
180.4 0.942478 -0.0784818
180.6 0.942478 -0.043339
180.8 0.942478 0.0139711
181 0.942478 0.0460524
181.2 0.942478 0.0367415
181.4 0.942478 -0.000388338
181.6 0.942478 -0.0435265
181.8 0.942478 -0.0714027
182 0.942478 -0.0650238
182.2 0.942478 -0.0233541
182.4 0.942478 0.0201281
182.6 0.942478 0.0171096
182.8 0.942478 -0.0421651
183 0.942478 -0.102688
183.2 0.942478 -0.0929171
183.4 0.942478 -0.00611774
183.6 0.942478 0.0810199
183.8 0.942478 0.0855755
184 0.942478 0.00926012
184.2 0.942478 -0.0634517
184.4 0.942478 -0.0596336
184.6 0.942478 0.00553095
184.8 0.942478 0.0567776
185 0.942478 0.0500279
185.2 0.942478 0.0130647
185.4 0.942478 -0.00601893
185.6 0.942478 -0.00534131
185.8 0.942478 -0.0217019
186 0.942478 -0.0656688
186.2 0.942478 -0.0948291
186.4 0.942478 -0.067011
186.6 0.942478 -0.00250599
186.8 0.942478 0.0335901
187 0.942478 0.0131806
187.2 0.942478 -0.0144951
187.4 0.942478 0.0180604
187.6 0.942478 0.107565
187.8 0.942478 0.173525
188 0.942478 0.147509
188.2 0.942478 0.0527349
188.4 0.942478 -0.0200094
188.6 0.942478 -0.00998074
188.8 0.942478 0.0554528
189 0.942478 0.101005
189.2 0.942478 0.0853145
189.4 0.942478 0.0323189
189.6 0.942478 -0.00742119
189.8 0.942478 -0.00767294
190 0.942478 0.0215724
190.2 0.942478 0.0533592
190.4 0.942478 0.0611499
190.6 0.942478 0.0285913
190.8 0.942478 -0.0354374
191 0.942478 -0.0876282
191.2 0.942478 -0.0767103
191.4 0.942478 0.00158138
191.6 0.942478 0.0819843
191.8 0.942478 0.0843996
192 0.942478 0.000805698
192.2 0.942478 -0.0860832
192.4 0.942478 -0.086924
192.6 0.942478 -0.00471995
192.8 0.942478 0.0673461
193 0.942478 0.0518819
193.2 0.942478 -0.0251354
193.4 0.942478 -0.0682804
193.6 0.942478 -0.02677
193.8 0.942478 0.0481187
194 0.942478 0.0687344
194.2 0.942478 0.0167888
194.4 0.942478 -0.0387615
194.6 0.942478 -0.0287013
194.8 0.942478 0.0340346
195 0.942478 0.074382
195.2 0.942478 0.04713
195.4 0.942478 -0.0127752
195.6 0.942478 -0.0367524
195.8 0.942478 -0.00228542
196 0.942478 0.0497935
196.2 0.942478 0.0718191
196.4 0.942478 0.063201
196.6 0.942478 0.0590402
196.8 0.942478 0.0770042
197 0.942478 0.0928432
197.2 0.942478 0.0716877
197.4 0.942478 0.0122609
197.6 0.942478 -0.0493931
197.8 0.942478 -0.0776265
198 0.942478 -0.0715843
198.2 0.942478 -0.0615819
198.4 0.942478 -0.0768494
198.6 0.942478 -0.118864
198.8 0.942478 -0.16209
199 0.942478 -0.17724
199.2 0.942478 -0.156302
199.4 0.942478 -0.119275
199.6 0.942478 -0.0953641
199.8 0.942478 -0.092635
200 0.942478 -0.0859031
200.2 0.942478 -0.0412896
200.4 0.942478 0.0424508
200.6 0.942478 0.121941
200.8 0.942478 0.147745
201 0.942478 0.116644
201.2 0.942478 0.0771609
201.4 0.942478 0.0767663
201.6 0.942478 0.109017
201.8 0.942478 0.123667
202 0.942478 0.0894934
202.2 0.942478 0.0342977
202.4 0.942478 0.0125908
202.6 0.942478 0.0401919
202.8 0.942478 0.0766269
203 0.942478 0.0767699
203.2 0.942478 0.0458806
203.4 0.942478 0.0282509
203.6 0.942478 0.0448682
203.8 0.942478 0.0616807
204 0.942478 0.0319001
204.2 0.942478 -0.0393424
204.4 0.942478 -0.0906092
204.6 0.942478 -0.0695494
204.8 0.942478 0.0082726
205 0.942478 0.0755791
205.2 0.942478 0.0831667
205.4 0.942478 0.042156
205.6 0.942478 -0.00262641
205.8 0.942478 -0.0260985
206 0.942478 -0.0381011
206.2 0.942478 -0.0524823
206.4 0.942478 -0.0600041
206.6 0.942478 -0.0414515
206.8 0.942478 0.00112086
207 0.942478 0.0402953
207.2 0.942478 0.0528244
207.4 0.942478 0.0445008
207.6 0.942478 0.0399219
207.8 0.942478 0.0525628
208 0.942478 0.0724632
208.2 0.942478 0.082166
208.4 0.942478 0.0763789
208.6 0.942478 0.0625125
208.8 0.942478 0.0485334
209 0.942478 0.0378511
209.2 0.942478 0.0338784
209.4 0.942478 0.0400226
209.6 0.942478 0.0509539
209.8 0.942478 0.0504234
210 0.942478 0.0261631
210.2 0.942478 -0.0136056
210.4 0.942478 -0.0459464
210.6 0.942478 -0.0583004
210.8 0.942478 -0.0613927
211 0.942478 -0.070453
211.2 0.942478 -0.0773905
211.4 0.942478 -0.0537235
211.6 0.942478 0.011822
211.8 0.942478 0.0847048
212 0.942478 0.105986
212.2 0.942478 0.0485966
212.4 0.942478 -0.0508528
212.6 0.942478 -0.121873
212.8 0.942478 -0.122753
213 0.942478 -0.0726527
213.2 0.942478 -0.0240929
213.4 0.942478 -0.00989802
213.6 0.942478 -0.0201168
213.8 0.942478 -0.0260486
214 0.942478 -0.0175489
214.2 0.942478 -0.0112926
214.4 0.942478 -0.0249641
214.6 0.942478 -0.0504733
214.8 0.942478 -0.058459
215 0.942478 -0.0309456
215.2 0.942478 0.0126944
215.4 0.942478 0.0270176
215.6 0.942478 -0.0168789
215.8 0.942478 -0.0973072
216 0.942478 -0.15344
216.2 0.942478 -0.137361
216.4 0.942478 -0.0593589
216.6 0.942478 0.0195877
216.8 0.942478 0.044177
217 0.942478 0.0153677
217.2 0.942478 -0.0159933
217.4 0.942478 -0.00490019
217.6 0.942478 0.0422125
217.8 0.942478 0.0791587
218 0.942478 0.0725898
218.2 0.942478 0.0358867
218.4 0.942478 0.010168
218.6 0.942478 0.0193208
218.8 0.942478 0.0506634
219 0.942478 0.0763678
219.2 0.942478 0.0827626
219.4 0.942478 0.0736838
219.6 0.942478 0.0540846
219.8 0.942478 0.024106
220 0.942478 -0.0083927
220.2 0.942478 -0.0216072
220.4 0.942478 0.00134095
220.6 0.942478 0.047901
220.8 0.942478 0.0811136
221 0.942478 0.0756987
221.2 0.942478 0.0447548
221.4 0.942478 0.0236998
221.6 0.942478 0.0290175
221.8 0.942478 0.0408458
222 0.942478 0.0295256
222.2 0.942478 -0.00722152
222.4 0.942478 -0.0408901
222.6 0.942478 -0.0437916
222.8 0.942478 -0.0159096
223 0.942478 0.0215225
223.2 0.942478 0.0504549
223.4 0.942478 0.0657214
223.6 0.942478 0.0648233
223.8 0.942478 0.0421793
224 0.942478 0.00179039
224.2 0.942478 -0.0311477
224.4 0.942478 -0.0249224
224.6 0.942478 0.0263397
224.8 0.942478 0.0897233
225 0.942478 0.11936
225.2 0.942478 0.0959557
225.4 0.942478 0.0395438
225.6 0.942478 -0.0135683
225.8 0.942478 -0.0409373
226 0.942478 -0.0429419
226.2 0.942478 -0.0322456
226.4 0.942478 -0.0226325
226.6 0.942478 -0.0239511
226.8 0.942478 -0.0363482
227 0.942478 -0.0454025
227.2 0.942478 -0.0318701
227.4 0.942478 0.00410508
227.6 0.942478 0.0321768
227.8 0.942478 0.0186165
228 0.942478 -0.0302498
228.2 0.942478 -0.0620873
228.4 0.942478 -0.0307874
228.6 0.942478 0.0446212
228.8 0.942478 0.0876146
229 0.942478 0.042664
229.2 0.942478 -0.0582398
229.4 0.942478 -0.120606
229.6 0.942478 -0.0836902
229.8 0.942478 0.0162772
230 0.942478 0.0862252
230.2 0.942478 0.0739091
230.4 0.942478 0.0144186
230.6 0.942478 -0.0203363
230.8 0.942478 -0.00336445
231 0.942478 0.0286876
231.2 0.942478 0.03176
231.4 0.942478 0.00909026
231.6 0.942478 -0.00114747
231.8 0.942478 0.0177599
232 0.942478 0.0365796
232.2 0.942478 0.018654
232.4 0.942478 -0.0287841
232.6 0.942478 -0.0563221
232.8 0.942478 -0.0270126
233 0.942478 0.0400124
233.2 0.942478 0.0870876
233.4 0.942478 0.0761316
233.6 0.942478 0.0241721
233.8 0.942478 -0.0174183
234 0.942478 -0.0130833
234.2 0.942478 0.0283353
234.4 0.942478 0.0677797
234.6 0.942478 0.0721835
234.8 0.942478 0.0395058
235 0.942478 -0.00287765
235.2 0.942478 -0.0199738
235.4 0.942478 0.00530987
235.6 0.942478 0.0593457
235.8 0.942478 0.107416
236 0.942478 0.120857
236.2 0.942478 0.100186
236.4 0.942478 0.0724379
236.6 0.942478 0.0638271
236.8 0.942478 0.0749689
237 0.942478 0.0846445
237.2 0.942478 0.0770425
237.4 0.942478 0.0602298
237.6 0.942478 0.0531498
237.8 0.942478 0.0558826
238 0.942478 0.0402923
238.2 0.942478 -0.0223192
238.4 0.942478 -0.122543
238.6 0.942478 -0.206466
238.8 0.942478 -0.215327
239 0.942478 -0.137714
239.2 0.942478 -0.0240891
239.4 0.942478 0.0531275
239.6 0.942478 0.0590037
239.8 0.942478 0.0202049
240 0.942478 -0.00815834
240.2 0.942478 0.000774447
240.4 0.942478 0.0226579
240.6 0.942478 0.015601
240.8 0.942478 -0.0266236
241 0.942478 -0.0618533
241.2 0.942478 -0.0448589
241.4 0.942478 0.0175102
241.6 0.942478 0.0655973
241.8 0.942478 0.0475724
242 0.942478 -0.0223288
242.2 0.942478 -0.0745475
242.4 0.942478 -0.0561398
242.6 0.942478 0.0135368
242.8 0.942478 0.0647696
243 0.942478 0.0521421
243.2 0.942478 -0.00145197
243.4 0.942478 -0.0371708
243.6 0.942478 -0.026758
243.8 0.942478 0.00383244
244 0.942478 0.0143525
244.2 0.942478 -0.0014163
244.4 0.942478 -0.0172852
244.6 0.942478 -0.0167813
244.8 0.942478 -0.0163281
245 0.942478 -0.0395319
245.2 0.942478 -0.0795331
245.4 0.942478 -0.10213
245.6 0.942478 -0.0875425
245.8 0.942478 -0.0564907
246 0.942478 -0.0455824
246.2 0.942478 -0.0626835
246.4 0.942478 -0.0789646
246.6 0.942478 -0.0670267
246.8 0.942478 -0.0355046
247 0.942478 -0.0160981
247.2 0.942478 -0.0210483
247.4 0.942478 -0.0268501
247.6 0.942478 -0.00552397
247.8 0.942478 0.0364789
248 0.942478 0.0613385
248.2 0.942478 0.0418385
248.4 0.942478 -0.00774163
248.6 0.942478 -0.0461133
248.8 0.942478 -0.0446751
249 0.942478 -0.00790339
249.2 0.942478 0.0401737
249.4 0.942478 0.0783762
249.6 0.942478 0.0946495
249.8 0.942478 0.0812571
250 0.942478 0.0373749
250.2 0.942478 -0.0217405
250.4 0.942478 -0.0680402
250.6 0.942478 -0.0819016
250.8 0.942478 -0.0692766
251 0.942478 -0.0526663
251.2 0.942478 -0.0452383
251.4 0.942478 -0.0392168
251.6 0.942478 -0.0213706
251.8 0.942478 0.0063855
252 0.942478 0.0285693
252.2 0.942478 0.0364199
252.4 0.942478 0.0387532
252.6 0.942478 0.0492311
252.8 0.942478 0.0681006
253 0.942478 0.0825682
253.2 0.942478 0.083097
253.4 0.942478 0.0720223
253.6 0.942478 0.0547332
253.8 0.942478 0.0305816
254 0.942478 0.000147362
254.2 0.942478 -0.0224358
254.4 0.942478 -0.0165549
254.6 0.942478 0.0193922
254.8 0.942478 0.0562868
255 0.942478 0.0585394
255.2 0.942478 0.0214117
255.4 0.942478 -0.0231969
255.6 0.942478 -0.0422407
255.8 0.942478 -0.0367345
256 0.942478 -0.0338984
256.2 0.942478 -0.0471568
256.4 0.942478 -0.0563168
256.6 0.942478 -0.0348261
256.8 0.942478 0.0103433
257 0.942478 0.0390241
257.2 0.942478 0.0213466
257.4 0.942478 -0.0277087
257.6 0.942478 -0.0649231
257.8 0.942478 -0.0652681
258 0.942478 -0.0415152
258.2 0.942478 -0.0169571
258.4 0.942478 0.00797295
258.6 0.942478 0.0490474
258.8 0.942478 0.101823
259 0.942478 0.12961
259.2 0.942478 0.100944
259.4 0.942478 0.0351088
259.6 0.942478 -0.00509757
259.8 0.942478 0.0246881
260 0.942478 0.0992121
260.2 0.942478 0.14324
260.4 0.942478 0.105589
260.6 0.942478 0.0104215
260.8 0.942478 -0.0671604
261 0.942478 -0.073939
261.2 0.942478 -0.0242789
261.4 0.942478 0.0230699
261.6 0.942478 0.0264726
261.8 0.942478 -0.00354731
262 0.942478 -0.0253641
262.2 0.942478 -0.0139857
262.4 0.942478 0.0155056
262.6 0.942478 0.0283339
262.8 0.942478 0.0076685
263 0.942478 -0.0302294
263.2 0.942478 -0.0555895
263.4 0.942478 -0.0552928
263.6 0.942478 -0.0411948
263.8 0.942478 -0.0304149
264 0.942478 -0.0227643
264.2 0.942478 -0.00310083
264.4 0.942478 0.0334321
264.6 0.942478 0.0647073
264.8 0.942478 0.0584349
265 0.942478 0.0088318
265.2 0.942478 -0.0487278
265.4 0.942478 -0.0677324
265.6 0.942478 -0.0378549
265.8 0.942478 0.00223112
266 0.942478 0.00422806
266.2 0.942478 -0.0387223
266.4 0.942478 -0.0852652
266.6 0.942478 -0.0913429
266.8 0.942478 -0.0568982
267 0.942478 -0.0220296
267.2 0.942478 -0.0194758
267.4 0.942478 -0.0399627
267.6 0.942478 -0.0494226
267.8 0.942478 -0.0338904
268 0.942478 -0.0160091
268.2 0.942478 -0.023737
268.4 0.942478 -0.0513903
268.6 0.942478 -0.0626516
268.8 0.942478 -0.0332378
269 0.942478 0.0181087
269.2 0.942478 0.0483749
269.4 0.942478 0.0375841
269.6 0.942478 0.00952957
269.8 0.942478 0.00252891
270 0.942478 0.0249715
270.2 0.942478 0.0468251
270.4 0.942478 0.0354525
270.6 0.942478 -0.00603531
270.8 0.942478 -0.0402437
271 0.942478 -0.0332055
271.2 0.942478 0.0134489
271.4 0.942478 0.0672487
271.6 0.942478 0.0966283
271.8 0.942478 0.0946616
272 0.942478 0.0752308
272.2 0.942478 0.0533726
272.4 0.942478 0.0335596
272.6 0.942478 0.014048
272.8 0.942478 -0.0040797
273 0.942478 -0.0159279
273.2 0.942478 -0.0188438
273.4 0.942478 -0.0158366
273.6 0.942478 -0.0120318
273.8 0.942478 -0.00975259
274 0.942478 -0.00832487
274.2 0.942478 -0.00678178
274.4 0.942478 -0.00365002
274.6 0.942478 0.00586124
274.8 0.942478 0.0280055
275 0.942478 0.0611541
275.2 0.942478 0.0886797
275.4 0.942478 0.0874614
275.6 0.942478 0.0499735
275.8 0.942478 -0.00165289
276 0.942478 -0.0297595
276.2 0.942478 -0.0156491
276.4 0.942478 0.0194066
276.6 0.942478 0.0325965
276.8 0.942478 0.0028339
277 0.942478 -0.0455789
277.2 0.942478 -0.0663165
277.4 0.942478 -0.0386925
277.6 0.942478 0.0115985
277.8 0.942478 0.0413667
278 0.942478 0.0358425
278.2 0.942478 0.0195356
278.4 0.942478 0.0210747
278.6 0.942478 0.035255
278.8 0.942478 0.0289903
279 0.942478 -0.0150271
279.2 0.942478 -0.0696519
279.4 0.942478 -0.0862183
279.6 0.942478 -0.0450503
279.8 0.942478 0.0236261
280 0.942478 0.0715623
280.2 0.942478 0.0799019
280.4 0.942478 0.0697559
280.6 0.942478 0.0687831
280.8 0.942478 0.0770719
281 0.942478 0.0713744
281.2 0.942478 0.0376958
281.4 0.942478 -0.00997858
281.6 0.942478 -0.0459673
281.8 0.942478 -0.0611579
282 0.942478 -0.06879
282.2 0.942478 -0.083925
282.4 0.942478 -0.104278
282.6 0.942478 -0.114033
282.8 0.942478 -0.101874
283 0.942478 -0.0705303
283.2 0.942478 -0.0312056
283.4 0.942478 0.00439181
283.6 0.942478 0.0252356
283.8 0.942478 0.0221818
284 0.942478 -0.00332198
284.2 0.942478 -0.0328335
284.4 0.942478 -0.0427192
284.6 0.942478 -0.028934
284.8 0.942478 -0.0160699
285 0.942478 -0.0327408
285.2 0.942478 -0.0753785
285.4 0.942478 -0.103546
285.6 0.942478 -0.0794739
285.8 0.942478 -0.0121997
286 0.942478 0.0446959
286.2 0.942478 0.0445612
286.4 0.942478 -0.00439662
286.6 0.942478 -0.0466629
286.8 0.942478 -0.035003
287 0.942478 0.0240243
287.2 0.942478 0.0800061
287.4 0.942478 0.0894535
287.6 0.942478 0.0534008
287.8 0.942478 0.0084249
288 0.942478 -0.0112263
288.2 0.942478 0.000989311
288.4 0.942478 0.0292292
288.6 0.942478 0.054746
288.8 0.942478 0.0659275
289 0.942478 0.0564835
289.2 0.942478 0.0251128
289.4 0.942478 -0.0182511
289.6 0.942478 -0.0512544
289.8 0.942478 -0.0529293
290 0.942478 -0.0230674
290.2 0.942478 0.014188
290.4 0.942478 0.0297503
290.6 0.942478 0.0140469
290.8 0.942478 -0.0181438
291 0.942478 -0.0461689
291.2 0.942478 -0.0639229
291.4 0.942478 -0.0803101
291.6 0.942478 -0.101748
291.8 0.942478 -0.119361
292 0.942478 -0.116926
292.2 0.942478 -0.0900623
292.4 0.942478 -0.0533898
292.6 0.942478 -0.0264834
292.8 0.942478 -0.0148935
293 0.942478 -0.00797937
293.2 0.942478 0.00531989
293.4 0.942478 0.0235654
293.6 0.942478 0.038698
293.8 0.942478 0.0510219
294 0.942478 0.0704186
294.2 0.942478 0.0989481
294.4 0.942478 0.117903
294.6 0.942478 0.101911
294.8 0.942478 0.0494607
295 0.942478 -0.00685035
295.2 0.942478 -0.028898
295.4 0.942478 -0.0128906
295.6 0.942478 0.00612698
295.8 0.942478 -0.00570538
296 0.942478 -0.0405355
296.2 0.942478 -0.0562778
296.4 0.942478 -0.0259845
296.6 0.942478 0.028134
296.8 0.942478 0.057466
297 0.942478 0.0413962
297.2 0.942478 0.00948119
297.4 0.942478 0.00535763
297.6 0.942478 0.0356687
297.8 0.942478 0.0646917
298 0.942478 0.0592962
298.2 0.942478 0.0282451
298.4 0.942478 0.00876924
298.6 0.942478 0.0190749
298.8 0.942478 0.0364361
299 0.942478 0.026742
299.2 0.942478 -0.012625
299.4 0.942478 -0.0492161
299.6 0.942478 -0.053595
299.8 0.942478 -0.0313123
300 0.942478 -0.0126943
300.2 0.942478 -0.0177742
300.4 0.942478 -0.039619
300.6 0.942478 -0.0594541
300.8 0.942478 -0.066292
301 0.942478 -0.0565938
301.2 0.942478 -0.0250714
301.4 0.942478 0.0288257
301.6 0.942478 0.0837175
301.8 0.942478 0.100344
302 0.942478 0.0577095
302.2 0.942478 -0.0158658
302.4 0.942478 -0.0608199
302.6 0.942478 -0.0439526
302.8 0.942478 0.00654393
303 0.942478 0.0314109
303.2 0.942478 0.00448762
303.4 0.942478 -0.0415605
303.6 0.942478 -0.0558561
303.8 0.942478 -0.0263088
304 0.942478 0.0129073
304.2 0.942478 0.026484
304.4 0.942478 0.0164689
304.6 0.942478 0.00923148
304.8 0.942478 0.0146885
305 0.942478 0.0143056
305.2 0.942478 -0.00832553
305.4 0.942478 -0.0393452
305.6 0.942478 -0.0501369
305.8 0.942478 -0.0367864
306 0.942478 -0.0284169
306.2 0.942478 -0.0484007
306.4 0.942478 -0.0767828
306.6 0.942478 -0.0664375
306.8 0.942478 0.000240225
307 0.942478 0.0812408
307.2 0.942478 0.111458
307.4 0.942478 0.0685871
307.6 0.942478 -0.0039902
307.8 0.942478 -0.0406486
308 0.942478 -0.0145069
308.2 0.942478 0.0457873
308.4 0.942478 0.0906379
308.6 0.942478 0.0914939
308.8 0.942478 0.0524399
309 0.942478 -0.0036291
309.2 0.942478 -0.0493478
309.4 0.942478 -0.0608696
309.6 0.942478 -0.0296536
309.8 0.942478 0.0246447
310 0.942478 0.061699
310.2 0.942478 0.0549855
310.4 0.942478 0.0216685
310.6 0.942478 0.00843425
310.8 0.942478 0.0404227
311 0.942478 0.089506
311.2 0.942478 0.10371
311.4 0.942478 0.0685832
311.6 0.942478 0.0274624
311.8 0.942478 0.031495
312 0.942478 0.0753647
312.2 0.942478 0.0980688
312.4 0.942478 0.0541329
312.6 0.942478 -0.0264432
312.8 0.942478 -0.0642118
313 0.942478 -0.0182582
313.2 0.942478 0.0643361
313.4 0.942478 0.0975611
313.6 0.942478 0.0509362
313.8 0.942478 -0.0182277
314 0.942478 -0.0314824
314.2 0.942478 0.0224459
314.4 0.942478 0.0785637
314.6 0.942478 0.0733565
314.8 0.942478 0.0163725
315 0.942478 -0.0263286
315.2 0.942478 -0.0128911
315.4 0.942478 0.0272548
315.6 0.942478 0.0337619
315.8 0.942478 -0.00935602
316 0.942478 -0.0551497
316.2 0.942478 -0.0517638
316.4 0.942478 -0.00436412
316.6 0.942478 0.0333423
316.8 0.942478 0.0238705
317 0.942478 -0.0138064
317.2 0.942478 -0.0347516
317.4 0.942478 -0.0259135
317.6 0.942478 -0.0169277
317.8 0.942478 -0.0336989
318 0.942478 -0.0594604
318.2 0.942478 -0.0569601
318.4 0.942478 -0.0231077
318.6 0.942478 -0.00112068
318.8 0.942478 -0.0280163
319 0.942478 -0.0813847
319.2 0.942478 -0.0971742
319.4 0.942478 -0.0441015
319.6 0.942478 0.0341655
319.8 0.942478 0.0637641
320 0.942478 0.0226757
320.2 0.942478 -0.037143
320.4 0.942478 -0.0534748
320.6 0.942478 -0.0258906
320.8 0.942478 -0.00948417
321 0.942478 -0.0406995
321.2 0.942478 -0.0885301
321.4 0.942478 -0.0913377
321.6 0.942478 -0.033009
321.8 0.942478 0.0353651
322 0.942478 0.0534216
322.2 0.942478 0.01719
322.4 0.942478 -0.0243054
322.6 0.942478 -0.030627
322.8 0.942478 -0.0106978
323 0.942478 0.00131341
323.2 0.942478 -0.00608744
323.4 0.942478 -0.014915
323.6 0.942478 -0.0136636
323.8 0.942478 -0.0176109
324 0.942478 -0.0408454
324.2 0.942478 -0.061533
324.4 0.942478 -0.0388196
324.6 0.942478 0.0301005
324.8 0.942478 0.0883515
325 0.942478 0.0743608
325.2 0.942478 -0.00390301
325.4 0.942478 -0.0679548
325.6 0.942478 -0.0520502
325.8 0.942478 0.0228192
326 0.942478 0.0721306
326.2 0.942478 0.0426625
326.4 0.942478 -0.0312766
326.6 0.942478 -0.072756
326.8 0.942478 -0.0489947
327 0.942478 0.00349382
327.2 0.942478 0.0360097
327.4 0.942478 0.045693
327.6 0.942478 0.0610176
327.8 0.942478 0.0833812
328 0.942478 0.0728202
328.2 0.942478 0.00388718
328.4 0.942478 -0.082821
328.6 0.942478 -0.111715
328.8 0.942478 -0.0588285
329 0.942478 0.0122788
329.2 0.942478 0.0185385
329.4 0.942478 -0.0447569
329.6 0.942478 -0.0938804
329.8 0.942478 -0.0516579
330 0.942478 0.0606654
330.2 0.942478 0.142273
330.4 0.942478 0.121738
330.6 0.942478 0.0316755
330.8 0.942478 -0.0328746
331 0.942478 -0.0200004
331.2 0.942478 0.0301815
331.4 0.942478 0.0413108
331.6 0.942478 -0.010424
331.8 0.942478 -0.0750566
332 0.942478 -0.0900576
332.2 0.942478 -0.0473887
332.4 0.942478 0.00539712
332.6 0.942478 0.0207963
332.8 0.942478 -0.00323285
333 0.942478 -0.0307474
333.2 0.942478 -0.0284602
333.4 0.942478 0.00657466
333.6 0.942478 0.0515951
333.8 0.942478 0.0790518
334 0.942478 0.0732741
334.2 0.942478 0.0376724
334.4 0.942478 -0.00574966
334.6 0.942478 -0.0277361
334.8 0.942478 -0.0129505
335 0.942478 0.0251593
335.2 0.942478 0.0547104
335.4 0.942478 0.0557167
335.6 0.942478 0.0392811
335.8 0.942478 0.0328968
336 0.942478 0.0476584
336.2 0.942478 0.0661429
336.4 0.942478 0.0657507
336.6 0.942478 0.0482768
336.8 0.942478 0.0374547
337 0.942478 0.0460438
337.2 0.942478 0.0544408
337.4 0.942478 0.0315454
337.6 0.942478 -0.0236266
337.8 0.942478 -0.0709247
338 0.942478 -0.0679461
338.2 0.942478 -0.0184149
338.4 0.942478 0.0262823
338.6 0.942478 0.01948
338.8 0.942478 -0.029274
339 0.942478 -0.0612631
339.2 0.942478 -0.0303137
339.4 0.942478 0.0448619
339.6 0.942478 0.0949224
339.8 0.942478 0.0687856
340 0.942478 -0.0127239
340.2 0.942478 -0.0749046
340.4 0.942478 -0.0624259
340.6 0.942478 0.00606267
340.8 0.942478 0.0577995
341 0.942478 0.040207
341.2 0.942478 -0.0271148
341.4 0.942478 -0.0763983
341.6 0.942478 -0.0655813
341.8 0.942478 -0.0217482
342 0.942478 -0.00631374
342.2 0.942478 -0.0403784
342.4 0.942478 -0.0754036
342.6 0.942478 -0.0464797
342.8 0.942478 0.0486449
343 0.942478 0.135596
343.2 0.942478 0.136112
343.4 0.942478 0.0509232
343.6 0.942478 -0.0397606
343.8 0.942478 -0.0601705
344 0.942478 -0.0150264
344.2 0.942478 0.0251995
344.4 0.942478 0.00802331
344.6 0.942478 -0.0470834
344.8 0.942478 -0.0829749
345 0.942478 -0.0782831
345.2 0.942478 -0.0669633
345.4 0.942478 -0.0832829
345.6 0.942478 -0.107935
345.8 0.942478 -0.0893469
346 0.942478 -0.0153676
346.2 0.942478 0.0593747
346.4 0.942478 0.073041
346.6 0.942478 0.0329978
346.8 0.942478 0.0100728
347 0.942478 0.050375
347.2 0.942478 0.111648
347.4 0.942478 0.108679
347.6 0.942478 0.0194842
347.8 0.942478 -0.0776173
348 0.942478 -0.0890451
348.2 0.942478 -0.0171388
348.4 0.942478 0.0370205
348.6 0.942478 -0.010604
348.8 0.942478 -0.125877
349 0.942478 -0.190506
349.2 0.942478 -0.134643
349.4 0.942478 -0.0155971
349.6 0.942478 0.0477262
349.8 0.942478 0.00707919
350 0.942478 -0.0673302
350.2 0.942478 -0.0729466
350.4 0.942478 0.00939837
350.6 0.942478 0.100611
350.8 0.942478 0.116412
351 0.942478 0.0557535
351.2 0.942478 -0.0102418
351.4 0.942478 -0.0222101
351.6 0.942478 0.0121066
351.8 0.942478 0.0437427
352 0.942478 0.0438939
352.2 0.942478 0.0268012
352.4 0.942478 0.0205214
352.6 0.942478 0.0329737
352.8 0.942478 0.0516166
353 0.942478 0.0637308
353.2 0.942478 0.0647548
353.4 0.942478 0.0513077
353.6 0.942478 0.0209309
353.8 0.942478 -0.0158876
354 0.942478 -0.0345984
354.2 0.942478 -0.0201523
354.4 0.942478 0.00985296
354.6 0.942478 0.0181874
354.8 0.942478 -0.00988929
355 0.942478 -0.0454533
355.2 0.942478 -0.0470323
355.4 0.942478 -0.0106167
355.6 0.942478 0.0235785
355.8 0.942478 0.0192567
356 0.942478 -0.0110409
356.2 0.942478 -0.0218579
356.4 0.942478 0.00650945
356.6 0.942478 0.0415592
356.8 0.942478 0.0415732
357 0.942478 0.0157899
357.2 0.942478 0.0207456
357.4 0.942478 0.0868893
357.6 0.942478 0.161434
357.8 0.942478 0.146438
358 0.942478 0.00461553
358.2 0.942478 -0.18101
358.4 0.942478 -0.268695
358.6 0.942478 -0.188547
358.8 0.942478 -0.0119134
359 0.942478 0.112006
359.2 0.942478 0.0908138
359.4 0.942478 -0.0345344
359.6 0.942478 -0.139005
359.8 0.942478 -0.131508
360 0.942478 -0.0271408
360.2 0.942478 0.0847102
360.4 0.942478 0.13012
360.6 0.942478 0.106392
360.8 0.942478 0.0605152
361 0.942478 0.0293409
361.2 0.942478 0.0100583
361.4 0.942478 -0.015997
361.6 0.942478 -0.0460235
361.8 0.942478 -0.0550295
362 0.942478 -0.0319328
362.2 0.942478 -0.00394024
362.4 0.942478 -0.0125099
362.6 0.942478 -0.0639708
362.8 0.942478 -0.114022
363 0.942478 -0.110593
363.2 0.942478 -0.0504546
363.4 0.942478 0.0154388
363.6 0.942478 0.0366306
363.8 0.942478 0.0159346
364 0.942478 -0.000165346
364.2 0.942478 0.0194361
364.4 0.942478 0.0536879
364.6 0.942478 0.058396
364.8 0.942478 0.0231927
365 0.942478 -0.0148004
365.2 0.942478 -0.0163254
365.4 0.942478 0.0141074
365.6 0.942478 0.0391461
365.8 0.942478 0.0391626
366 0.942478 0.0347999
366.2 0.942478 0.0524296
366.4 0.942478 0.0803609
366.6 0.942478 0.0767858
366.8 0.942478 0.0216737
367 0.942478 -0.0545928
367.2 0.942478 -0.103439
367.4 0.942478 -0.109014
367.6 0.942478 -0.0922735
367.8 0.942478 -0.0686154
368 0.942478 -0.0244376
368.2 0.942478 0.0492276
368.4 0.942478 0.113804
368.6 0.942478 0.103604
368.8 0.942478 0.00188801
369 0.942478 -0.119662
369.2 0.942478 -0.160613
369.4 0.942478 -0.0941153
369.6 0.942478 0.00575858
369.8 0.942478 0.0460093
370 0.942478 0.0111646
370.2 0.942478 -0.0366345
370.4 0.942478 -0.044596
370.6 0.942478 -0.0294604
370.8 0.942478 -0.0386056
371 0.942478 -0.071726
371.2 0.942478 -0.0728511
371.4 0.942478 -0.00667913
371.6 0.942478 0.0822466
371.8 0.942478 0.110582
372 0.942478 0.0511828
372.2 0.942478 -0.036816
372.4 0.942478 -0.0803742
372.6 0.942478 -0.0749799
372.8 0.942478 -0.0740319
373 0.942478 -0.104828
373.2 0.942478 -0.1257
373.4 0.942478 -0.0826502
373.6 0.942478 0.00972517
373.8 0.942478 0.0728915
374 0.942478 0.0542546
374.2 0.942478 -0.0105832
374.4 0.942478 -0.0425105
374.6 0.942478 -0.0141537
374.8 0.942478 0.0243639
375 0.942478 0.018249
375.2 0.942478 -0.0176955
375.4 0.942478 -0.0196355
375.6 0.942478 0.0381742
375.8 0.942478 0.104128
376 0.942478 0.109566
376.2 0.942478 0.0518702
376.4 0.942478 -0.00459286
376.6 0.942478 -0.00954241
376.8 0.942478 0.013252
377 0.942478 0.000505977
377.2 0.942478 -0.0673909
377.4 0.942478 -0.137796
377.6 0.942478 -0.143714
377.8 0.942478 -0.0754262
378 0.942478 0.0151758
378.2 0.942478 0.0719596
378.4 0.942478 0.0813239
378.6 0.942478 0.0643191
378.8 0.942478 0.0424197
379 0.942478 0.0246899
379.2 0.942478 0.0188845
379.4 0.942478 0.0336032
379.6 0.942478 0.0619184
379.8 0.942478 0.076276
380 0.942478 0.0553117
380.2 0.942478 0.0144767
380.4 0.942478 -0.00367321
380.6 0.942478 0.0232729
380.8 0.942478 0.0674
381 0.942478 0.0770479
381.2 0.942478 0.032403
381.4 0.942478 -0.0333579
381.6 0.942478 -0.0702097
381.8 0.942478 -0.060895
382 0.942478 -0.0297794
382.2 0.942478 -0.00878302
382.4 0.942478 -0.00523927
382.6 0.942478 -0.00451952
382.8 0.942478 0.00570564
383 0.942478 0.0220148
383.2 0.942478 0.0321653
383.4 0.942478 0.0267156
383.6 0.942478 0.00340372
383.8 0.942478 -0.0311498
384 0.942478 -0.0590782
384.2 0.942478 -0.0576549
384.4 0.942478 -0.0190824
384.6 0.942478 0.0352418
384.8 0.942478 0.0694633
385 0.942478 0.0685457
385.2 0.942478 0.0535138
385.4 0.942478 0.0536864
385.6 0.942478 0.0663307
385.8 0.942478 0.0559672
386 0.942478 -0.000293633
386.2 0.942478 -0.0755015
386.4 0.942478 -0.113723
386.6 0.942478 -0.0890935
386.8 0.942478 -0.0334008
387 0.942478 0.0012801
387.2 0.942478 -0.000537873
387.4 0.942478 -0.00925945
387.6 0.942478 0.00422828
387.8 0.942478 0.0306867
388 0.942478 0.0399975
388.2 0.942478 0.0265319
388.4 0.942478 0.0184569
388.6 0.942478 0.0368236
388.8 0.942478 0.0603584
389 0.942478 0.0477437
389.2 0.942478 -0.00608806
389.4 0.942478 -0.0520216
389.6 0.942478 -0.0364458
389.8 0.942478 0.0363036
390 0.942478 0.102919
390.2 0.942478 0.105328
390.4 0.942478 0.0488877
390.6 0.942478 -0.00822782
390.8 0.942478 -0.0177016
391 0.942478 0.0149643
391.2 0.942478 0.0475772
391.4 0.942478 0.0512373
391.6 0.942478 0.0353431
391.8 0.942478 0.0263184
392 0.942478 0.0312834
392.2 0.942478 0.0286129
392.4 0.942478 -0.00643045
392.6 0.942478 -0.069148
392.8 0.942478 -0.119063
393 0.942478 -0.108771
393.2 0.942478 -0.0261863
393.4 0.942478 0.085541
393.6 0.942478 0.15307
393.8 0.942478 0.128559
394 0.942478 0.0303218
394.2 0.942478 -0.0710648
394.4 0.942478 -0.111894
394.6 0.942478 -0.0847348
394.8 0.942478 -0.0320554
395 0.942478 0.00288529
395.2 0.942478 0.0113331
395.4 0.942478 0.00705021
395.6 0.942478 -0.00598587
395.8 0.942478 -0.0374543
396 0.942478 -0.0822594
396.2 0.942478 -0.106098
396.4 0.942478 -0.0766746
396.6 0.942478 -0.00763237
396.8 0.942478 0.0445876
397 0.942478 0.0374346
397.2 0.942478 -0.0115488
397.4 0.942478 -0.0461437
397.6 0.942478 -0.0364867
397.8 0.942478 -0.00853405
398 0.942478 -0.00333143
398.2 0.942478 -0.0205667
398.4 0.942478 -0.0202294
398.6 0.942478 0.0203999
398.8 0.942478 0.0708695
399 0.942478 0.0824706
399.2 0.942478 0.0499919
399.4 0.942478 0.0189872
399.6 0.942478 0.0266689
399.8 0.942478 0.0525523
400 0.942478 0.0448615
400.2 0.942478 -0.00856566
400.4 0.942478 -0.0559614
400.6 0.942478 -0.0388258
400.8 0.942478 0.0370735
401 0.942478 0.10315
401.2 0.942478 0.100249
401.4 0.942478 0.0367693
401.6 0.942478 -0.0302508
401.8 0.942478 -0.0591253
402 0.942478 -0.0550364
402.2 0.942478 -0.04314
402.4 0.942478 -0.0313473
402.6 0.942478 -0.0113596
402.8 0.942478 0.0152734
403 0.942478 0.0326763
403.2 0.942478 0.0355787
403.4 0.942478 0.0421276
403.6 0.942478 0.0675573
403.8 0.942478 0.0920811
404 0.942478 0.074497
404.2 0.942478 0.00538605
404.4 0.942478 -0.0660766
404.6 0.942478 -0.075189
404.8 0.942478 -0.0124923
405 0.942478 0.0607633
405.2 0.942478 0.0754045
405.4 0.942478 0.0261814
405.6 0.942478 -0.0286185
405.8 0.942478 -0.0363971
406 0.942478 -0.00627634
406.2 0.942478 0.0108519
406.4 0.942478 -0.0105385
406.6 0.942478 -0.0381502
406.8 0.942478 -0.0212271
407 0.942478 0.0461176
407.2 0.942478 0.111419
407.4 0.942478 0.115751
407.6 0.942478 0.0543504
407.8 0.942478 -0.0176327
408 0.942478 -0.0382563
408.2 0.942478 0.00442204
408.4 0.942478 0.0663274
408.6 0.942478 0.0937695
408.8 0.942478 0.0732811
409 0.942478 0.0366932
409.2 0.942478 0.020273
409.4 0.942478 0.0236019
409.6 0.942478 0.0131958
409.8 0.942478 -0.0332726
410 0.942478 -0.0932609
410.2 0.942478 -0.118487
410.4 0.942478 -0.0893212
410.6 0.942478 -0.0411555
410.8 0.942478 -0.0268284
411 0.942478 -0.0542653
411.2 0.942478 -0.0737318
411.4 0.942478 -0.0348624
411.6 0.942478 0.0510179
411.8 0.942478 0.118865
412 0.942478 0.121464
412.2 0.942478 0.079034
412.4 0.942478 0.0473935
412.6 0.942478 0.0464832
412.8 0.942478 0.0416672
413 0.942478 0.00124343
413.2 0.942478 -0.048149
413.4 0.942478 -0.0478252
413.6 0.942478 0.0127521
413.8 0.942478 0.0680272
414 0.942478 0.0477899
414.2 0.942478 -0.0339221
414.4 0.942478 -0.0868416
414.6 0.942478 -0.0493262
414.8 0.942478 0.0342637
415 0.942478 0.0614331
415.2 0.942478 -0.00827899
415.4 0.942478 -0.103792
415.6 0.942478 -0.123122
415.8 0.942478 -0.0471284
416 0.942478 0.0460867
416.2 0.942478 0.0746685
416.4 0.942478 0.0366277
416.6 0.942478 -0.00965188
416.8 0.942478 -0.0266149
417 0.942478 -0.0309292
417.2 0.942478 -0.046171
417.4 0.942478 -0.0530309
417.6 0.942478 -0.0123729
417.8 0.942478 0.0699333
418 0.942478 0.12987
418.2 0.942478 0.110597
418.4 0.942478 0.0278001
418.6 0.942478 -0.0475393
418.8 0.942478 -0.0675501
419 0.942478 -0.0514523
419.2 0.942478 -0.0474826
419.4 0.942478 -0.069335
419.6 0.942478 -0.0874842
419.8 0.942478 -0.0762529
420 0.942478 -0.0466256
420.2 0.942478 -0.0239627
420.4 0.942478 -0.0104826
420.6 0.942478 0.0101591
420.8 0.942478 0.0353081
421 0.942478 0.0341301
421.2 0.942478 -0.0109283
421.4 0.942478 -0.0662655
421.6 0.942478 -0.0719803
421.8 0.942478 -0.00827252
422 0.942478 0.0766556
422.2 0.942478 0.114074
422.4 0.942478 0.0828776
422.6 0.942478 0.0212459
422.8 0.942478 -0.0221864
423 0.942478 -0.0322469
423.2 0.942478 -0.020885
423.4 0.942478 0.00211733
423.6 0.942478 0.0328658
423.8 0.942478 0.0546513
424 0.942478 0.0412021
424.2 0.942478 -0.00872706
424.4 0.942478 -0.0546777
424.6 0.942478 -0.0534195
424.8 0.942478 -0.0133309
425 0.942478 0.0103154
425.2 0.942478 -0.0159402
425.4 0.942478 -0.0559569
425.6 0.942478 -0.0457832
425.8 0.942478 0.0212623
426 0.942478 0.077314
426.2 0.942478 0.0614072
426.4 0.942478 5.42907e-05
426.6 0.942478 -0.0214354
426.8 0.942478 0.0316758
427 0.942478 0.0918858
427.2 0.942478 0.0689072
427.4 0.942478 -0.0331183
427.6 0.942478 -0.110231
427.8 0.942478 -0.0792565
428 0.942478 0.0212991
428.2 0.942478 0.076776
428.4 0.942478 0.0342825
428.6 0.942478 -0.0374045
428.8 0.942478 -0.0394126
429 0.942478 0.0301566
429.2 0.942478 0.0737826
429.4 0.942478 0.0194777
429.6 0.942478 -0.0844016
429.8 0.942478 -0.123896
430 0.942478 -0.0564489
430.2 0.942478 0.0387312
430.4 0.942478 0.0568868
430.6 0.942478 -0.00913687
430.8 0.942478 -0.0671321
431 0.942478 -0.0413149
431.2 0.942478 0.0383519
431.4 0.942478 0.0770017
431.6 0.942478 0.0289533
431.8 0.942478 -0.0533316
432 0.942478 -0.0851055
432.2 0.942478 -0.0421662
432.4 0.942478 0.0262449
432.6 0.942478 0.0644679
432.8 0.942478 0.0657763
433 0.942478 0.0561304
433.2 0.942478 0.0440459
433.4 0.942478 0.0101013
433.6 0.942478 -0.0534101
433.8 0.942478 -0.112354
434 0.942478 -0.116903
434.2 0.942478 -0.0561708
434.4 0.942478 0.0240415
434.6 0.942478 0.0630249
434.8 0.942478 0.0407337
435 0.942478 -0.0100945
435.2 0.942478 -0.0417905
435.4 0.942478 -0.0354877
435.6 0.942478 -0.00924662
435.8 0.942478 0.00847787
436 0.942478 0.00780208
436.2 0.942478 0.00266889
436.4 0.942478 0.0133835
436.6 0.942478 0.0456934
436.8 0.942478 0.084072
437 0.942478 0.103107
437.2 0.942478 0.0867862
437.4 0.942478 0.040291
437.6 0.942478 -0.0145016
437.8 0.942478 -0.054082
438 0.942478 -0.0653533
438.2 0.942478 -0.0472179
438.4 0.942478 -0.00734491
438.6 0.942478 0.0385648
438.8 0.942478 0.0680891
439 0.942478 0.0628757
439.2 0.942478 0.0253287
439.4 0.942478 -0.0172224
439.6 0.942478 -0.0325761
439.8 0.942478 -0.0120734
440 0.942478 0.0224901
440.2 0.942478 0.0420647
440.4 0.942478 0.0376806
440.6 0.942478 0.0215564
440.8 0.942478 0.0049318
441 0.942478 -0.0158496
441.2 0.942478 -0.047022
441.4 0.942478 -0.0786013
441.6 0.942478 -0.0888866
441.8 0.942478 -0.0694506
442 0.942478 -0.0371445
442.2 0.942478 -0.0148537
442.4 0.942478 -0.00545653
442.6 0.942478 0.00552819
442.8 0.942478 0.0222765
443 0.942478 0.0265116
443.2 0.942478 0.00211456
443.4 0.942478 -0.0354033
443.6 0.942478 -0.0500145
443.8 0.942478 -0.0302726
444 0.942478 -0.0102661
444.2 0.942478 -0.030867
444.4 0.942478 -0.0826329
444.6 0.942478 -0.104657
444.8 0.942478 -0.0512809
445 0.942478 0.0474949
445.2 0.942478 0.107144
445.4 0.942478 0.0738049
445.6 0.942478 -0.0207682
445.8 0.942478 -0.0945724
446 0.942478 -0.0976727
446.2 0.942478 -0.0492448
446.4 0.942478 0.00135593
446.6 0.942478 0.0313124
446.8 0.942478 0.0517551
447 0.942478 0.0720186
447.2 0.942478 0.0797118
447.4 0.942478 0.0636469
447.6 0.942478 0.0406293
447.8 0.942478 0.0410362
448 0.942478 0.0684718
448.2 0.942478 0.0898375
448.4 0.942478 0.0743193
448.6 0.942478 0.0328778
448.8 0.942478 0.00581905
449 0.942478 0.012868
449.2 0.942478 0.0299857
449.4 0.942478 0.0223357
449.6 0.942478 -0.0106657
449.8 0.942478 -0.0370999
450 0.942478 -0.0364844
450.2 0.942478 -0.0250261
450.4 0.942478 -0.0283911
450.6 0.942478 -0.0414508
450.8 0.942478 -0.0339238
451 0.942478 0.0024002
451.2 0.942478 0.0303731
451.4 0.942478 0.00715593
451.6 0.942478 -0.0583543
451.8 0.942478 -0.106111
452 0.942478 -0.0906431
452.2 0.942478 -0.0344749
452.4 0.942478 -0.00187903
452.6 0.942478 -0.0217586
452.8 0.942478 -0.0530957
453 0.942478 -0.0362661
453.2 0.942478 0.0308266
453.4 0.942478 0.0839394
453.6 0.942478 0.0632331
453.8 0.942478 -0.0184283
454 0.942478 -0.0873525
454.2 0.942478 -0.0854025
454.4 0.942478 -0.025109
454.6 0.942478 0.0321071
454.8 0.942478 0.0419366
455 0.942478 0.0138076
455.2 0.942478 -0.0124806
455.4 0.942478 -0.0131693
455.6 0.942478 0.00171628
455.8 0.942478 0.00892587
456 0.942478 -0.000721621
456.2 0.942478 -0.017281
456.4 0.942478 -0.0267112
456.6 0.942478 -0.0251413
456.8 0.942478 -0.0195208
457 0.942478 -0.018454
457.2 0.942478 -0.0233573
457.4 0.942478 -0.0267453
457.6 0.942478 -0.0192842
457.8 0.942478 -0.00127963
458 0.942478 0.0121168
458.2 0.942478 0.00128637
458.4 0.942478 -0.0371889
458.6 0.942478 -0.0802548
458.8 0.942478 -0.0935088
459 0.942478 -0.0608251
459.2 0.942478 0.000939595
459.4 0.942478 0.057476
459.6 0.942478 0.0859441
459.8 0.942478 0.0874154
460 0.942478 0.0749787
460.2 0.942478 0.0571591
460.4 0.942478 0.0360173
460.6 0.942478 0.014891
460.8 0.942478 -0.00145317
461 0.942478 -0.0153805
461.2 0.942478 -0.0362617
461.4 0.942478 -0.0647956
461.6 0.942478 -0.0820694
461.8 0.942478 -0.0657066
462 0.942478 -0.0210982
462.2 0.942478 0.0126328
462.4 0.942478 -9.315e-05
462.6 0.942478 -0.0470008
462.8 0.942478 -0.0710826
463 0.942478 -0.0269549
463.2 0.942478 0.0675722
463.4 0.942478 0.143301
463.6 0.942478 0.145109
463.8 0.942478 0.0814841
464 0.942478 0.00841427
464.2 0.942478 -0.0279608
464.4 0.942478 -0.0250829
464.6 0.942478 -0.00603695
464.8 0.942478 0.0148231
465 0.942478 0.0373341
465.2 0.942478 0.054955
465.4 0.942478 0.0485781
465.6 0.942478 0.0110438
465.8 0.942478 -0.0313788
466 0.942478 -0.0384427
466.2 0.942478 -0.0013344
466.4 0.942478 0.0415058
466.6 0.942478 0.0442305
466.8 0.942478 0.00619515
467 0.942478 -0.0261987
467.2 0.942478 -0.0139048
467.4 0.942478 0.0276193
467.6 0.942478 0.0462203
467.8 0.942478 0.0160849
468 0.942478 -0.029297
468.2 0.942478 -0.0353602
468.4 0.942478 0.00780939
468.6 0.942478 0.0502583
468.8 0.942478 0.0372658
469 0.942478 -0.0271601
469.2 0.942478 -0.0808637
469.4 0.942478 -0.0684311
469.6 0.942478 0.000405007
469.8 0.942478 0.0603265
470 0.942478 0.0549081
470.2 0.942478 -0.0121613
470.4 0.942478 -0.0862973
470.6 0.942478 -0.114169
470.8 0.942478 -0.084252
471 0.942478 -0.0248563
471.2 0.942478 0.0254976
471.4 0.942478 0.0427691
471.6 0.942478 0.0234148
471.8 0.942478 -0.0195855
472 0.942478 -0.0619639
472.2 0.942478 -0.0777268
472.4 0.942478 -0.055712
472.6 0.942478 -0.0113449
472.8 0.942478 0.0225316
473 0.942478 0.0235779
473.2 0.942478 0.00100811
473.4 0.942478 -0.0136219
473.6 0.942478 0.000653829
473.8 0.942478 0.0310375
474 0.942478 0.0429634
474.2 0.942478 0.0161779
474.4 0.942478 -0.0322825
474.6 0.942478 -0.0626517
474.8 0.942478 -0.0498591
475 0.942478 -0.00611046
475.2 0.942478 0.032965
475.4 0.942478 0.0425182
475.6 0.942478 0.028135
475.8 0.942478 0.0140748
476 0.942478 0.0164079
476.2 0.942478 0.0299442
476.4 0.942478 0.0391371
476.6 0.942478 0.03674
476.8 0.942478 0.0287645
477 0.942478 0.0232434
477.2 0.942478 0.0191239
477.4 0.942478 0.0091475
477.6 0.942478 -0.00806414
477.8 0.942478 -0.0229438
478 0.942478 -0.0242714
478.2 0.942478 -0.0123214
478.4 0.942478 -0.00027366
478.6 0.942478 -0.0013191
478.8 0.942478 -0.0149016
479 0.942478 -0.0262764
479.2 0.942478 -0.0193652
479.4 0.942478 0.00994778
479.6 0.942478 0.0515191
479.8 0.942478 0.0889003
480 0.942478 0.10864
480.2 0.942478 0.104371
480.4 0.942478 0.0769196
480.6 0.942478 0.0338904
480.8 0.942478 -0.0113412
481 0.942478 -0.044284
481.2 0.942478 -0.0568729
481.4 0.942478 -0.0519748
481.6 0.942478 -0.0394316
481.8 0.942478 -0.0265934
482 0.942478 -0.0130248
482.2 0.942478 0.00449075
482.4 0.942478 0.022372
482.6 0.942478 0.0287414
482.8 0.942478 0.015022
483 0.942478 -0.0103646
483.2 0.942478 -0.0237284
483.4 0.942478 -0.00709456
483.6 0.942478 0.0302431
483.8 0.942478 0.0542934
484 0.942478 0.036317
484.2 0.942478 -0.0169563
484.4 0.942478 -0.0652576
484.6 0.942478 -0.0712925
484.8 0.942478 -0.0367308
485 0.942478 0.000143794
485.2 0.942478 0.00427916
485.4 0.942478 -0.0205754
485.6 0.942478 -0.0393219
485.8 0.942478 -0.0276098
486 0.942478 -0.00085879
486.2 0.942478 0.00375326
486.4 0.942478 -0.0273544
486.6 0.942478 -0.0639448
486.8 0.942478 -0.0618629
487 0.942478 -0.0108869
487.2 0.942478 0.0530035
487.4 0.942478 0.0842392
487.6 0.942478 0.0714423
487.8 0.942478 0.0406614
488 0.942478 0.0195237
488.2 0.942478 0.00823952
488.4 0.942478 -0.00927851
488.6 0.942478 -0.0331608
488.8 0.942478 -0.0396074
489 0.942478 -0.0103448
489.2 0.942478 0.0376572
489.4 0.942478 0.0633953
489.6 0.942478 0.0458988
489.8 0.942478 0.0100008
490 0.942478 0.000539964
490.2 0.942478 0.0315217
490.4 0.942478 0.0680102
490.6 0.942478 0.0634008
490.8 0.942478 0.012218
491 0.942478 -0.0392765
491.2 0.942478 -0.0368512
491.4 0.942478 0.0285004
491.6 0.942478 0.110718
491.8 0.942478 0.148918
492 0.942478 0.117958
492.2 0.942478 0.0457143
492.4 0.942478 -0.0117966
492.6 0.942478 -0.0132279
492.8 0.942478 0.0392516
493 0.942478 0.10261
493.2 0.942478 0.124847
493.4 0.942478 0.0857667
493.6 0.942478 0.0158978
493.8 0.942478 -0.0263812
494 0.942478 -0.0060093
494.2 0.942478 0.054426
494.4 0.942478 0.0937083
494.6 0.942478 0.0707077
494.8 0.942478 0.00485031
495 0.942478 -0.0446167
495.2 0.942478 -0.0392762
495.4 0.942478 0.00316859
495.6 0.942478 0.0360847
495.8 0.942478 0.0391373
496 0.942478 0.0363748
496.2 0.942478 0.0581581
496.4 0.942478 0.0965368
496.6 0.942478 0.110977
496.8 0.942478 0.0780536
497 0.942478 0.0232423
497.2 0.942478 -0.00578169
497.4 0.942478 0.00743333
497.6 0.942478 0.0332326
497.8 0.942478 0.0365828
498 0.942478 0.021108
498.2 0.942478 0.0205534
498.4 0.942478 0.0492131
498.6 0.942478 0.076225
498.8 0.942478 0.0596631
499 0.942478 0.000586149
499.2 0.942478 -0.0504383
499.4 0.942478 -0.0454212
499.6 0.942478 0.0104214
499.8 0.942478 0.0674364
500 0.942478 0.0860671
500.2 0.942478 0.0713778
500.4 0.942478 0.0520909
500.6 0.942478 0.0388216
500.8 0.942478 0.0174547
501 0.942478 -0.0184745
501.2 0.942478 -0.0462654
501.4 0.942478 -0.0380686
501.6 0.942478 -0.00108706
501.8 0.942478 0.0220962
502 0.942478 0.000805085
502.2 0.942478 -0.0444093
502.4 0.942478 -0.0613291
502.6 0.942478 -0.0251948
502.8 0.942478 0.0319876
503 0.942478 0.0575739
503.2 0.942478 0.0378843
503.4 0.942478 0.0119786
503.6 0.942478 0.0246738
503.8 0.942478 0.0743444
504 0.942478 0.113932
504.2 0.942478 0.100435
504.4 0.942478 0.0363767
504.6 0.942478 -0.0376325
504.8 0.942478 -0.0828147
505 0.942478 -0.090189
505.2 0.942478 -0.075959
505.4 0.942478 -0.0613515
505.6 0.942478 -0.0593576
505.8 0.942478 -0.0709804
506 0.942478 -0.0836017
506.2 0.942478 -0.074838
506.4 0.942478 -0.0301928
506.6 0.942478 0.035426
506.8 0.942478 0.0792355
507 0.942478 0.0656587
507.2 0.942478 0.0049038
507.4 0.942478 -0.0485908
507.6 0.942478 -0.0438977
507.8 0.942478 0.0182726
508 0.942478 0.0867068
508.2 0.942478 0.108391
508.4 0.942478 0.0739103
508.6 0.942478 0.0163878
508.8 0.942478 -0.0260594
509 0.942478 -0.0400823
509.2 0.942478 -0.0336665
509.4 0.942478 -0.0165565
509.6 0.942478 0.00661446
509.8 0.942478 0.0277678
510 0.942478 0.0328075
510.2 0.942478 0.0154969
510.4 0.942478 -0.00945495
510.6 0.942478 -0.0159135
510.8 0.942478 0.00702266
511 0.942478 0.0403985
511.2 0.942478 0.0512543
511.4 0.942478 0.0240663
511.6 0.942478 -0.0241228
511.8 0.942478 -0.059014
512 0.942478 -0.0588902
512.2 0.942478 -0.0316665
512.4 0.942478 -0.0065766
512.6 0.942478 -0.00922762
512.8 0.942478 -0.0397244
513 0.942478 -0.0703508
513.2 0.942478 -0.0667311
513.4 0.942478 -0.0187323
513.6 0.942478 0.0450775
513.8 0.942478 0.0774876
514 0.942478 0.0543963
514.2 0.942478 -8.34432e-05
514.4 0.942478 -0.0338675
514.6 0.942478 -0.0162751
514.8 0.942478 0.0325712
515 0.942478 0.0627937
515.2 0.942478 0.0438327
515.4 0.942478 -0.0096949
515.6 0.942478 -0.0580579
515.8 0.942478 -0.0743404
516 0.942478 -0.0588023
516.2 0.942478 -0.0243325
516.4 0.942478 0.018427
516.6 0.942478 0.0574141
516.8 0.942478 0.0732918
517 0.942478 0.0536112
517.2 0.942478 0.0155977
517.4 0.942478 0.00132828
517.6 0.942478 0.037129
517.8 0.942478 0.0993664
518 0.942478 0.132181
518.2 0.942478 0.105037
518.4 0.942478 0.0458104
518.6 0.942478 0.00902097
518.8 0.942478 0.0150615
519 0.942478 0.0321791
519.2 0.942478 0.0207166
519.4 0.942478 -0.0169168
519.6 0.942478 -0.0425162
519.8 0.942478 -0.0334958
520 0.942478 -0.0107838
520.2 0.942478 -0.00712631
520.4 0.942478 -0.0193849
520.6 0.942478 -0.0111802
520.8 0.942478 0.034326
521 0.942478 0.0810982
521.2 0.942478 0.0755139
521.4 0.942478 0.0115166
521.6 0.942478 -0.0559246
521.8 0.942478 -0.0699863
522 0.942478 -0.0339865
522.2 0.942478 -0.0017747
522.4 0.942478 -0.00926498
522.6 0.942478 -0.0323761
522.8 0.942478 -0.022275
523 0.942478 0.0282129
523.2 0.942478 0.0707639
523.4 0.942478 0.057545
523.6 0.942478 -0.0022366
523.8 0.942478 -0.0532233
524 0.942478 -0.0559172
524.2 0.942478 -0.024433
524.4 0.942478 0.000768665
524.6 0.942478 0.00467423
524.8 0.942478 0.00914012
525 0.942478 0.0356564
525.2 0.942478 0.0718999
525.4 0.942478 0.0845183
525.6 0.942478 0.0591436
525.8 0.942478 0.0165207
526 0.942478 -0.0124246
526.2 0.942478 -0.0192923
526.4 0.942478 -0.0207553
526.6 0.942478 -0.0337272
526.8 0.942478 -0.0559737
527 0.942478 -0.0712803
527.2 0.942478 -0.0671535
527.4 0.942478 -0.0445777
527.6 0.942478 -0.0156526
527.8 0.942478 0.00359927
528 0.942478 0.00239203
528.2 0.942478 -0.0137014
528.4 0.942478 -0.0201521
528.6 0.942478 0.00769137
528.8 0.942478 0.0643691
529 0.942478 0.107338
529.2 0.942478 0.0932964
529.4 0.942478 0.0266666
529.6 0.942478 -0.0367163
529.8 0.942478 -0.0447413
530 0.942478 -0.00575296
530.2 0.942478 0.020262
530.4 0.942478 -0.00880825
530.6 0.942478 -0.0665686
530.8 0.942478 -0.087998
531 0.942478 -0.0463456
531.2 0.942478 0.0137956
531.4 0.942478 0.0271811
531.6 0.942478 -0.0183989
531.8 0.942478 -0.0723229
532 0.942478 -0.0824708
532.2 0.942478 -0.0508053
532.4 0.942478 -0.0195939
532.6 0.942478 -0.0149594
532.8 0.942478 -0.0232999
533 0.942478 -0.0244986
533.2 0.942478 -0.0272909
533.4 0.942478 -0.0528922
533.6 0.942478 -0.0902547
533.8 0.942478 -0.09271
534 0.942478 -0.0330564
534.2 0.942478 0.0496784
534.4 0.942478 0.0798593
534.6 0.942478 0.0263955
534.8 0.942478 -0.0597364
535 0.942478 -0.0997139
535.2 0.942478 -0.0713061
535.4 0.942478 -0.0243364
535.6 0.942478 -0.0126375
535.8 0.942478 -0.0292607
536 0.942478 -0.0239055
536.2 0.942478 0.0238387
536.4 0.942478 0.0710753
536.6 0.942478 0.0613863
536.8 0.942478 -0.00466336
537 0.942478 -0.0660782
537.2 0.942478 -0.06891
537.4 0.942478 -0.0227308
537.6 0.942478 0.0180677
537.8 0.942478 0.0187275
538 0.942478 -0.00543213
538.2 0.942478 -0.0214088
538.4 0.942478 -0.0235145
538.6 0.942478 -0.0326395
538.8 0.942478 -0.0578066
539 0.942478 -0.0767447
539.2 0.942478 -0.0625826
539.4 0.942478 -0.0203309
539.6 0.942478 0.0153704
539.8 0.942478 0.0182291
540 0.942478 -0.00385212
540.2 0.942478 -0.0237659
540.4 0.942478 -0.0275823
540.6 0.942478 -0.0238787
540.8 0.942478 -0.0251021
541 0.942478 -0.0308363
541.2 0.942478 -0.0322721
541.4 0.942478 -0.0237777
541.6 0.942478 -0.00199872
541.8 0.942478 0.0401967
542 0.942478 0.104434
542.2 0.942478 0.167828
542.4 0.942478 0.186668
542.6 0.942478 0.135196
542.8 0.942478 0.0414972
543 0.942478 -0.0281883
543.2 0.942478 -0.0310299
543.4 0.942478 0.0106816
543.6 0.942478 0.0376913
543.8 0.942478 0.0215238
544 0.942478 -0.00757026
544.2 0.942478 -0.00480175
544.4 0.942478 0.0287262
544.6 0.942478 0.046166
544.8 0.942478 0.0168093
545 0.942478 -0.0282151
545.2 0.942478 -0.0269083
545.4 0.942478 0.0394887
545.6 0.942478 0.11829
545.8 0.942478 0.139199
546 0.942478 0.0886234
546.2 0.942478 0.020288
546.4 0.942478 -0.00640843
546.6 0.942478 0.0140194
546.8 0.942478 0.0406477
547 0.942478 0.0422037
547.2 0.942478 0.0301926
547.4 0.942478 0.0339245
547.6 0.942478 0.0563651
547.8 0.942478 0.0685314
548 0.942478 0.0464748
548.2 0.942478 0.00168355
548.4 0.942478 -0.0327841
548.6 0.942478 -0.0410061
548.8 0.942478 -0.0395221
549 0.942478 -0.0526701
549.2 0.942478 -0.0800724
549.4 0.942478 -0.0950842
549.6 0.942478 -0.0746014
549.8 0.942478 -0.0256657
550 0.942478 0.0189676
550.2 0.942478 0.0300558
550.4 0.942478 0.00677702
550.6 0.942478 -0.0241099
550.8 0.942478 -0.0324574
551 0.942478 -0.0115079
551.2 0.942478 0.0152117
551.4 0.942478 0.0156476
551.6 0.942478 -0.0163875
551.8 0.942478 -0.0478541
552 0.942478 -0.0353897
552.2 0.942478 0.0240666
552.4 0.942478 0.0748881
552.6 0.942478 0.048741
552.8 0.942478 -0.0609459
553 0.942478 -0.174849
553.2 0.942478 -0.192212
553.4 0.942478 -0.0881015
553.6 0.942478 0.0569588
553.8 0.942478 0.131658
554 0.942478 0.0981073
554.2 0.942478 0.0185389
554.4 0.942478 -0.0200143
554.6 0.942478 0.00345629
554.8 0.942478 0.0353842
555 0.942478 0.0212826
555.2 0.942478 -0.0294702
555.4 0.942478 -0.0605608
555.6 0.942478 -0.039806
555.8 0.942478 0.00346959
556 0.942478 0.0153652
556.2 0.942478 -0.0205598
556.4 0.942478 -0.0693775
556.6 0.942478 -0.0882183
556.8 0.942478 -0.0696445
557 0.942478 -0.0374204
557.2 0.942478 -0.0114093
557.4 0.942478 0.00923816
557.6 0.942478 0.0295292
557.8 0.942478 0.0411038
558 0.942478 0.031821
558.2 0.942478 0.00641641
558.4 0.942478 -0.0162608
558.6 0.942478 -0.0289851
558.8 0.942478 -0.0471795
559 0.942478 -0.0842343
559.2 0.942478 -0.122094
559.4 0.942478 -0.12232
559.6 0.942478 -0.072894
559.8 0.942478 -0.0133116
560 0.942478 0.000698712
560.2 0.942478 -0.0417585
560.4 0.942478 -0.0926008
560.6 0.942478 -0.0983039
560.8 0.942478 -0.0599165
561 0.942478 -0.0280515
561.2 0.942478 -0.0389065
561.4 0.942478 -0.0692671
561.6 0.942478 -0.0656808
561.8 0.942478 -0.0120767
562 0.942478 0.0471568
562.2 0.942478 0.0574568
562.4 0.942478 0.0175731
562.6 0.942478 -0.0193676
562.8 0.942478 -0.00747924
563 0.942478 0.0407502
563.2 0.942478 0.0709534
563.4 0.942478 0.047883
563.6 0.942478 -0.00986988
563.8 0.942478 -0.0547885
564 0.942478 -0.0586214
564.2 0.942478 -0.0305093
564.4 0.942478 0.00399787
564.6 0.942478 0.0281665
564.8 0.942478 0.0372926
565 0.942478 0.0304398
565.2 0.942478 0.0116245
565.4 0.942478 -0.00407376
565.6 0.942478 0.000397172
565.8 0.942478 0.0217898
566 0.942478 0.0313263
566.2 0.942478 0.0037446
566.4 0.942478 -0.0477305
566.6 0.942478 -0.0761192
566.8 0.942478 -0.0481589
567 0.942478 0.0175049
567.2 0.942478 0.0685983
567.4 0.942478 0.0762007
567.6 0.942478 0.0639231
567.8 0.942478 0.0740202
568 0.942478 0.111437
568.2 0.942478 0.134652
568.4 0.942478 0.106093
568.6 0.942478 0.0415077
568.8 0.942478 -0.00266537
569 0.942478 0.00933281
569.2 0.942478 0.0534442
569.4 0.942478 0.0738792
569.6 0.942478 0.0445608
569.8 0.942478 -0.00595
570 0.942478 -0.0298411
570.2 0.942478 -0.011173
570.4 0.942478 0.0234333
570.6 0.942478 0.0383813
570.8 0.942478 0.0231317
571 0.942478 -0.00734301
571.2 0.942478 -0.034559
571.4 0.942478 -0.0495711
571.6 0.942478 -0.0481124
571.8 0.942478 -0.0259007
572 0.942478 0.0136236
572.2 0.942478 0.0520245
572.4 0.942478 0.0663005
572.6 0.942478 0.0499351
572.8 0.942478 0.0194552
573 0.942478 -0.00270853
573.2 0.942478 -0.00879911
573.4 0.942478 -0.00588815
573.6 0.942478 0.000324799
573.8 0.942478 0.0129647
574 0.942478 0.0322247
574.2 0.942478 0.0438733
574.4 0.942478 0.0298236
574.6 0.942478 -0.0081352
574.8 0.942478 -0.042978
575 0.942478 -0.0475535
575.2 0.942478 -0.0236264
575.4 0.942478 0.000311397
575.6 0.942478 0.0011556
575.8 0.942478 -0.0144503
576 0.942478 -0.0215286
576.2 0.942478 -0.00798887
576.4 0.942478 0.013312
576.6 0.942478 0.0243104
576.8 0.942478 0.0249099
577 0.942478 0.0283894
577.2 0.942478 0.0361398
577.4 0.942478 0.0276769
577.6 0.942478 -0.0164042
577.8 0.942478 -0.0840474
578 0.942478 -0.132243
578.2 0.942478 -0.123277
578.4 0.942478 -0.0604572
578.6 0.942478 0.0127471
578.8 0.942478 0.0480397
579 0.942478 0.0275303
579.2 0.942478 -0.0288426
579.4 0.942478 -0.082651
579.6 0.942478 -0.102684
579.8 0.942478 -0.081029
580 0.942478 -0.0350618
580.2 0.942478 0.00389595
580.4 0.942478 0.0115914
580.6 0.942478 -0.0107043
580.8 0.942478 -0.0368865
581 0.942478 -0.0390357
581.2 0.942478 -0.0133291
581.4 0.942478 0.0169693
581.6 0.942478 0.0248243
581.8 0.942478 0.00487227
582 0.942478 -0.0239588
582.2 0.942478 -0.0372567
582.4 0.942478 -0.0232283
582.6 0.942478 0.0143209
582.8 0.942478 0.0614357
583 0.942478 0.096917
583.2 0.942478 0.0972909
583.4 0.942478 0.0534573
583.6 0.942478 -0.0105715
583.8 0.942478 -0.0444391
584 0.942478 -0.0123215
584.2 0.942478 0.0661999
584.4 0.942478 0.124313
584.6 0.942478 0.108601
584.8 0.942478 0.0340731
585 0.942478 -0.027939
585.2 0.942478 -0.0222989
585.4 0.942478 0.0321489
585.6 0.942478 0.0628456
585.8 0.942478 0.0212585
586 0.942478 -0.0656468
586.2 0.942478 -0.124339
586.4 0.942478 -0.110306
586.6 0.942478 -0.0481857
586.8 0.942478 0.00203348
587 0.942478 0.00894346
587.2 0.942478 -0.00654709
587.4 0.942478 -0.00675959
587.6 0.942478 0.0155484
587.8 0.942478 0.0320092
588 0.942478 0.015453
588.2 0.942478 -0.0276534
588.4 0.942478 -0.0648752
588.6 0.942478 -0.0724413
588.8 0.942478 -0.0560917
589 0.942478 -0.0382411
589.2 0.942478 -0.0309294
589.4 0.942478 -0.025988
589.6 0.942478 -0.00992482
589.8 0.942478 0.017307
590 0.942478 0.0413257
590.2 0.942478 0.048861
590.4 0.942478 0.0400917
590.6 0.942478 0.0242581
590.8 0.942478 0.00590847
591 0.942478 -0.0199635
591.2 0.942478 -0.0570707
591.4 0.942478 -0.0942335
591.6 0.942478 -0.107554
591.8 0.942478 -0.0803464
592 0.942478 -0.0215563
592.2 0.942478 0.0380238
592.4 0.942478 0.0705789
592.6 0.942478 0.0729278
592.8 0.942478 0.0632746
593 0.942478 0.0580401
593.2 0.942478 0.0552616
593.4 0.942478 0.0424633
593.6 0.942478 0.0177579
593.8 0.942478 -0.00256837
594 0.942478 7.74722e-05
594.2 0.942478 0.0254078
594.4 0.942478 0.052076
594.6 0.942478 0.0561513
594.8 0.942478 0.0297403
595 0.942478 -0.0166787
595.2 0.942478 -0.0636719
595.4 0.942478 -0.0909404
595.6 0.942478 -0.0825133
595.8 0.942478 -0.0364291
596 0.942478 0.0247285
596.2 0.942478 0.0603813
596.4 0.942478 0.0419431
596.6 0.942478 -0.0186456
596.8 0.942478 -0.0760118
597 0.942478 -0.0927399
597.2 0.942478 -0.0720333
597.4 0.942478 -0.0441467
597.6 0.942478 -0.0244154
597.8 0.942478 0.0024686
598 0.942478 0.0499294
598.2 0.942478 0.0929574
598.4 0.942478 0.0842717
598.6 0.942478 0.0142289
598.8 0.942478 -0.0598736
599 0.942478 -0.0635411
599.2 0.942478 0.0125973
599.4 0.942478 0.0948337
599.6 0.942478 0.102064
599.8 0.942478 0.0330984
600 0.942478 -0.0355368
600.2 0.942478 -0.0394085
600.4 0.942478 0.00250896
600.6 0.942478 0.0190155
600.8 0.942478 -0.0201295
601 0.942478 -0.064478
601.2 0.942478 -0.0453067
601.4 0.942478 0.0367973
601.6 0.942478 0.106708
601.8 0.942478 0.0981708
602 0.942478 0.0253295
602.2 0.942478 -0.0392524
602.4 0.942478 -0.0473808
602.6 0.942478 -0.0176155
602.8 0.942478 0.00518251
603 0.942478 0.0111488
603.2 0.942478 0.0280196
603.4 0.942478 0.0686866
603.6 0.942478 0.0998185
603.8 0.942478 0.0770321
604 0.942478 0.00297183
604.2 0.942478 -0.0657744
604.4 0.942478 -0.0736663
604.6 0.942478 -0.0193221
604.8 0.942478 0.0503474
605 0.942478 0.0897574
605.2 0.942478 0.0895798
605.4 0.942478 0.068286
605.6 0.942478 0.0458246
605.8 0.942478 0.032703
606 0.942478 0.0333244
606.2 0.942478 0.0439546
606.4 0.942478 0.0472454
606.6 0.942478 0.0236136
606.8 0.942478 -0.022262
607 0.942478 -0.0541329
607.2 0.942478 -0.037762
607.4 0.942478 0.0166304
607.6 0.942478 0.0576086
607.8 0.942478 0.0464904
608 0.942478 0.000799681
608.2 0.942478 -0.0277933
608.4 0.942478 -0.0175027
608.6 0.942478 -0.00329292
608.8 0.942478 -0.0306521
609 0.942478 -0.0922638
609.2 0.942478 -0.127907
609.4 0.942478 -0.0914825
609.6 0.942478 -0.00554631
609.8 0.942478 0.0616663
610 0.942478 0.0673137
610.2 0.942478 0.029883
610.4 0.942478 -0.00502414
610.6 0.942478 -0.0177198
610.8 0.942478 -0.0219098
611 0.942478 -0.0302551
611.2 0.942478 -0.0345611
611.4 0.942478 -0.0264091
611.6 0.942478 -0.0196007
611.8 0.942478 -0.0322176
612 0.942478 -0.0498799
612.2 0.942478 -0.0298344
612.4 0.942478 0.0441263
612.6 0.942478 0.122749
612.8 0.942478 0.130287
613 0.942478 0.048657
613.2 0.942478 -0.0518543
613.4 0.942478 -0.081392
613.6 0.942478 -0.026091
613.8 0.942478 0.040057
614 0.942478 0.0417636
614.2 0.942478 -0.0135062
614.4 0.942478 -0.0518963
614.6 0.942478 -0.0268036
614.8 0.942478 0.0249304
615 0.942478 0.0309503
615.2 0.942478 -0.0247096
615.4 0.942478 -0.0784185
615.6 0.942478 -0.0610784
615.8 0.942478 0.0187507
616 0.942478 0.0810238
616.2 0.942478 0.0628004
616.4 0.942478 -0.0125147
616.6 0.942478 -0.0625068
616.8 0.942478 -0.036219
617 0.942478 0.0339795
617.2 0.942478 0.0727266
617.4 0.942478 0.0451575
617.6 0.942478 -0.00916195
617.8 0.942478 -0.0253992
618 0.942478 0.012133
618.2 0.942478 0.0518995
618.4 0.942478 0.0322659
618.6 0.942478 -0.0482857
618.8 0.942478 -0.12337
619 0.942478 -0.122692
619.2 0.942478 -0.0428964
619.4 0.942478 0.048166
619.6 0.942478 0.0784875
619.8 0.942478 0.0415047
620 0.942478 -0.00282371
620.2 0.942478 0.00581018
620.4 0.942478 0.0656161
620.6 0.942478 0.118341
620.8 0.942478 0.111968
621 0.942478 0.0497403
621.2 0.942478 -0.0230289
621.4 0.942478 -0.0701775
621.6 0.942478 -0.091222
621.8 0.942478 -0.0996579
622 0.942478 -0.0919917
622.2 0.942478 -0.0533003
622.4 0.942478 0.00967829
622.6 0.942478 0.0583495
622.8 0.942478 0.0573875
623 0.942478 0.0153699
623.2 0.942478 -0.0214329
623.4 0.942478 -0.0188257
623.6 0.942478 0.0107056
623.8 0.942478 0.0293871
624 0.942478 0.0228874
624.2 0.942478 0.0154347
624.4 0.942478 0.0347103
624.6 0.942478 0.073747
624.8 0.942478 0.0982604
625 0.942478 0.0876343
625.2 0.942478 0.0568147
625.4 0.942478 0.0345694
625.6 0.942478 0.0307278
625.8 0.942478 0.0341601
626 0.942478 0.0371224
626.2 0.942478 0.0468831
626.4 0.942478 0.0689097
626.6 0.942478 0.0903108
626.8 0.942478 0.0920586
627 0.942478 0.0736479
627.2 0.942478 0.0518168
627.4 0.942478 0.0315684
627.6 0.942478 -0.00651177
627.8 0.942478 -0.0750239
628 0.942478 -0.141292
628.2 0.942478 -0.142673
628.4 0.942478 -0.0548063
628.6 0.942478 0.0639802
628.8 0.942478 0.116329
629 0.942478 0.061422
629.2 0.942478 -0.0409619
629.4 0.942478 -0.0912032
629.6 0.942478 -0.0508567
629.8 0.942478 0.0251454
630 0.942478 0.0540838
630.2 0.942478 0.0108148
630.4 0.942478 -0.0572956
630.6 0.942478 -0.0885174
630.8 0.942478 -0.0650591
631 0.942478 -0.0159474
631.2 0.942478 0.0197744
631.4 0.942478 0.0221503
631.6 0.942478 -0.00567662
631.8 0.942478 -0.0424564
632 0.942478 -0.054943
632.2 0.942478 -0.017773
632.4 0.942478 0.0560482
632.6 0.942478 0.110108
632.8 0.942478 0.0900809
633 0.942478 0.00323191
633.2 0.942478 -0.0781245
633.4 0.942478 -0.08664
633.6 0.942478 -0.0312259
633.8 0.942478 0.0142023
634 0.942478 -0.00472163
634.2 0.942478 -0.0625234
634.4 0.942478 -0.0886874
634.6 0.942478 -0.0530005
634.8 0.942478 0.00362788
635 0.942478 0.027109
635.2 0.942478 0.0194676
635.4 0.942478 0.0301403
635.6 0.942478 0.0827681
635.8 0.942478 0.13488
636 0.942478 0.124733
636.2 0.942478 0.0474652
636.4 0.942478 -0.0353
636.6 0.942478 -0.0634354
636.8 0.942478 -0.0391757
637 0.942478 -0.0103556
637.2 0.942478 -0.00637644
637.4 0.942478 -0.0113251
637.6 0.942478 -0.00120849
637.8 0.942478 0.0149399
638 0.942478 0.00988433
638.2 0.942478 -0.0138654
638.4 0.942478 -0.015456
638.6 0.942478 0.0334971
638.8 0.942478 0.102797
639 0.942478 0.127024
639.2 0.942478 0.0768453
639.4 0.942478 -0.0067232
639.6 0.942478 -0.0566165
639.8 0.942478 -0.049125
640 0.942478 -0.0175836
640.2 0.942478 -0.0017866
640.4 0.942478 -0.00102083
640.6 0.942478 0.0132453
640.8 0.942478 0.0486957
641 0.942478 0.0740381
641.2 0.942478 0.0546347
641.4 0.942478 -0.0038299
641.6 0.942478 -0.0569949
641.8 0.942478 -0.0654025
642 0.942478 -0.0295699
642.2 0.942478 0.0173188
642.4 0.942478 0.0437281
642.6 0.942478 0.0430764
642.8 0.942478 0.0299008
643 0.942478 0.0219281
643.2 0.942478 0.0258337
643.4 0.942478 0.0332261
643.6 0.942478 0.0273201
643.8 0.942478 -0.00097354
644 0.942478 -0.0378793
644.2 0.942478 -0.0511873
644.4 0.942478 -0.0191086
644.6 0.942478 0.0420989
644.8 0.942478 0.086195
645 0.942478 0.0798405
645.2 0.942478 0.0367887
645.4 0.942478 0.00293767
645.6 0.942478 0.00631759
645.8 0.942478 0.0277982
646 0.942478 0.0250843
646.2 0.942478 -0.0191951
646.4 0.942478 -0.0803157
646.6 0.942478 -0.12031
646.8 0.942478 -0.124486
647 0.942478 -0.105142
647.2 0.942478 -0.0779597
647.4 0.942478 -0.0465018
647.6 0.942478 -0.0106539
647.8 0.942478 0.0212268
648 0.942478 0.0375734
648.2 0.942478 0.0376922
648.4 0.942478 0.031924
648.6 0.942478 0.0275986
648.8 0.942478 0.0228496
649 0.942478 0.0172615
649.2 0.942478 0.0195998
649.4 0.942478 0.0353326
649.6 0.942478 0.050807
649.8 0.942478 0.0443811
650 0.942478 0.0186353
650.2 0.942478 0.00884942
650.4 0.942478 0.0437615
650.6 0.942478 0.100467
650.8 0.942478 0.1175
651 0.942478 0.0643281
651.2 0.942478 -0.0127324
651.4 0.942478 -0.0336363
651.6 0.942478 0.0238038
651.8 0.942478 0.092907
652 0.942478 0.0921486
652.2 0.942478 0.0215793
652.4 0.942478 -0.0353682
652.6 0.942478 -0.0109031
652.8 0.942478 0.0648944
653 0.942478 0.0986554
653.2 0.942478 0.0445491
653.4 0.942478 -0.0420189
653.6 0.942478 -0.0710833
653.8 0.942478 -0.0224485
654 0.942478 0.0373172
654.2 0.942478 0.040016
654.4 0.942478 -0.00443114
654.6 0.942478 -0.0277774
654.8 0.942478 0.00907318
655 0.942478 0.0711191
655.2 0.942478 0.0963335
655.4 0.942478 0.0698647
655.6 0.942478 0.0344759
655.8 0.942478 0.032252
656 0.942478 0.0551065
656.2 0.942478 0.0612754
656.4 0.942478 0.0298241
656.6 0.942478 -0.015649
656.8 0.942478 -0.036778
657 0.942478 -0.0216405
657.2 0.942478 0.00851503
657.4 0.942478 0.0257965
657.6 0.942478 0.02068
657.8 0.942478 0.00434603
658 0.942478 -0.00437841
658.2 0.942478 0.0061825
658.4 0.942478 0.0295915
658.6 0.942478 0.040645
658.8 0.942478 0.0144854
659 0.942478 -0.0429539
659.2 0.942478 -0.0872434
659.4 0.942478 -0.0738661
659.6 0.942478 -0.0117434
659.8 0.942478 0.0333665
660 0.942478 0.00503873
660.2 0.942478 -0.0743339
660.4 0.942478 -0.117387
660.6 0.942478 -0.0659766
660.8 0.942478 0.0384612
661 0.942478 0.0957243
661.2 0.942478 0.0589333
661.4 0.942478 -0.0121945
661.6 0.942478 -0.0225126
661.8 0.942478 0.0455142
662 0.942478 0.111993
662.2 0.942478 0.0970028
662.4 0.942478 0.0175279
662.6 0.942478 -0.0332393
662.8 0.942478 0.00163022
663 0.942478 0.0748707
663.2 0.942478 0.0914825
663.4 0.942478 0.0197219
663.6 0.942478 -0.0750445
663.8 0.942478 -0.108015
664 0.942478 -0.0666273
664.2 0.942478 -0.0121394
664.4 0.942478 -0.00060165
664.6 0.942478 -0.0243174
664.8 0.942478 -0.0371814
665 0.942478 -0.0199802
665.2 0.942478 -0.000852113
665.4 0.942478 -0.0114177
665.6 0.942478 -0.0403369
665.8 0.942478 -0.043424
666 0.942478 0.00415791
666.2 0.942478 0.0766594
666.4 0.942478 0.121869
666.6 0.942478 0.111311
666.8 0.942478 0.0639633
667 0.942478 0.0246011
667.2 0.942478 0.0220876
667.4 0.942478 0.0452242
667.6 0.942478 0.0537928
667.8 0.942478 0.0148674
668 0.942478 -0.0637346
668.2 0.942478 -0.132233
668.4 0.942478 -0.137781
668.6 0.942478 -0.0739973
668.8 0.942478 0.00761021
669 0.942478 0.0426555
669.2 0.942478 0.0152505
669.4 0.942478 -0.0288824
669.6 0.942478 -0.033777
669.8 0.942478 0.00683119
670 0.942478 0.047717
670.2 0.942478 0.047351
670.4 0.942478 0.0122971
670.6 0.942478 -0.0201077
670.8 0.942478 -0.0322695
671 0.942478 -0.0412578
671.2 0.942478 -0.0609557
671.4 0.942478 -0.0684188
671.6 0.942478 -0.0283373
671.8 0.942478 0.0514051
672 0.942478 0.110553
672.2 0.942478 0.0985239
672.4 0.942478 0.0372451
672.6 0.942478 0.00258201
672.8 0.942478 0.0378904
673 0.942478 0.101067
673.2 0.942478 0.111819
673.4 0.942478 0.0461677
673.6 0.942478 -0.0346496
673.8 0.942478 -0.0563256
674 0.942478 -0.0178357
674.2 0.942478 0.0111642
674.4 0.942478 -0.0220969
674.6 0.942478 -0.0875489
674.8 0.942478 -0.107157
675 0.942478 -0.0481101
675.2 0.942478 0.0357815
675.4 0.942478 0.062296
675.6 0.942478 0.0102448
675.8 0.942478 -0.0604079
676 0.942478 -0.0753338
676.2 0.942478 -0.0222281
676.4 0.942478 0.0435016
676.6 0.942478 0.0608375
676.8 0.942478 0.0216937
677 0.942478 -0.0301186
677.2 0.942478 -0.0469344
677.4 0.942478 -0.0181584
677.6 0.942478 0.0302825
677.8 0.942478 0.0657466
678 0.942478 0.0739548
678.2 0.942478 0.0613296
678.4 0.942478 0.0413595
678.6 0.942478 0.0217298
678.8 0.942478 0.0015768
679 0.942478 -0.0224235
679.2 0.942478 -0.0481947
679.4 0.942478 -0.0654389
679.6 0.942478 -0.0609352
679.8 0.942478 -0.0288561
680 0.942478 0.0216877
680.2 0.942478 0.0689194
680.4 0.942478 0.0909188
680.6 0.942478 0.0808711
680.8 0.942478 0.0537079
681 0.942478 0.0366883
681.2 0.942478 0.0476326
681.4 0.942478 0.0774171
681.6 0.942478 0.0950412
681.8 0.942478 0.0760531
682 0.942478 0.0296112
682.2 0.942478 -0.00582282
682.4 0.942478 0.000166411
682.6 0.942478 0.0360741
682.8 0.942478 0.057298
683 0.942478 0.032677
683.2 0.942478 -0.0206974
683.4 0.942478 -0.0550642
683.6 0.942478 -0.0434421
683.8 0.942478 -0.00561685
684 0.942478 0.0211081
684.2 0.942478 0.0291226
684.4 0.942478 0.045816
684.6 0.942478 0.0900954
684.8 0.942478 0.137146
685 0.942478 0.140551
685.2 0.942478 0.0887668
685.4 0.942478 0.0255704
685.6 0.942478 0.00512576
685.8 0.942478 0.0323054
686 0.942478 0.0584106
686.2 0.942478 0.0363832
686.4 0.942478 -0.0293112
686.6 0.942478 -0.091783
686.8 0.942478 -0.110992
687 0.942478 -0.0837471
687.2 0.942478 -0.0316646
687.4 0.942478 0.0217841
687.6 0.942478 0.054068
687.8 0.942478 0.0403055
688 0.942478 -0.0279936
688.2 0.942478 -0.115937
688.4 0.942478 -0.157624
688.6 0.942478 -0.116461
688.8 0.942478 -0.0308285
689 0.942478 0.0190093
689.2 0.942478 -0.00181573
689.4 0.942478 -0.0417999
689.6 0.942478 -0.0248165
689.8 0.942478 0.0523977
690 0.942478 0.105651
690.2 0.942478 0.0571328
690.4 0.942478 -0.0689527
690.6 0.942478 -0.163561
690.8 0.942478 -0.146241
691 0.942478 -0.0448042
691.2 0.942478 0.0455233
691.4 0.942478 0.0681043
691.6 0.942478 0.0505675
691.8 0.942478 0.0482341
692 0.942478 0.0681429
692.2 0.942478 0.0682192
692.4 0.942478 0.0221143
692.6 0.942478 -0.0406297
692.8 0.942478 -0.0684913
693 0.942478 -0.0462841
693.2 0.942478 -0.00371458
693.4 0.942478 0.0282538
693.6 0.942478 0.0491021
693.8 0.942478 0.070683
694 0.942478 0.0849282
694.2 0.942478 0.0691074
694.4 0.942478 0.0208501
694.6 0.942478 -0.0306614
694.8 0.942478 -0.0569961
695 0.942478 -0.0615377
695.2 0.942478 -0.0651932
695.4 0.942478 -0.0683527
695.6 0.942478 -0.0482262
695.8 0.942478 -0.000449942
696 0.942478 0.0358916
696.2 0.942478 0.0172915
696.4 0.942478 -0.0423433
696.6 0.942478 -0.072201
696.8 0.942478 -0.0214081
697 0.942478 0.0761409
697.2 0.942478 0.133211
697.4 0.942478 0.105838
697.6 0.942478 0.0395134
697.8 0.942478 0.00861711
698 0.942478 0.0257725
698.2 0.942478 0.0341476
698.4 0.942478 -0.0105443
698.6 0.942478 -0.0770714
698.8 0.942478 -0.0975006
699 0.942478 -0.0563659
699.2 0.942478 -0.0120983
699.4 0.942478 -0.0197229
699.6 0.942478 -0.0549943
699.8 0.942478 -0.042466
700 0.942478 0.0428618
700.2 0.942478 0.128897
700.4 0.942478 0.120313
700.6 0.942478 0.00896189
700.8 0.942478 -0.111429
701 0.942478 -0.144103
701.2 0.942478 -0.0863928
701.4 0.942478 -0.0162864
701.6 0.942478 0.0046496
701.8 0.942478 -0.00851559
702 0.942478 -0.00466089
702.2 0.942478 0.0254092
702.4 0.942478 0.0356812
702.6 0.942478 -0.010563
702.8 0.942478 -0.0842488
703 0.942478 -0.114545
703.2 0.942478 -0.0657326
703.4 0.942478 0.0231626
703.6 0.942478 0.0789397
703.8 0.942478 0.0664474
704 0.942478 0.015216
704.2 0.942478 -0.0188059
704.4 0.942478 -0.00848638
704.6 0.942478 0.0269078
704.8 0.942478 0.0487687
705 0.942478 0.0366183
705.2 0.942478 0.00330716
705.4 0.942478 -0.0186822
705.6 0.942478 -0.0051395
705.8 0.942478 0.0383032
706 0.942478 0.0770882
706.2 0.942478 0.07395
706.4 0.942478 0.0220336
706.6 0.942478 -0.0451107
706.8 0.942478 -0.080006
707 0.942478 -0.0615145
707.2 0.942478 -0.0104533
707.4 0.942478 0.033892
707.6 0.942478 0.0495092
707.8 0.942478 0.0429809
708 0.942478 0.0309639
708.2 0.942478 0.0196658
708.4 0.942478 0.00565086
708.6 0.942478 -0.0102855
708.8 0.942478 -0.0199696
709 0.942478 -0.0197985
709.2 0.942478 -0.0180384
709.4 0.942478 -0.0234134
709.6 0.942478 -0.0291157
709.8 0.942478 -0.0166233
710 0.942478 0.0205425
710.2 0.942478 0.061074
710.4 0.942478 0.0706458
710.6 0.942478 0.0349077
710.8 0.942478 -0.0239992
711 0.942478 -0.0654037
711.2 0.942478 -0.065509
711.4 0.942478 -0.036957
711.6 0.942478 -0.0162222
711.8 0.942478 -0.0308476
712 0.942478 -0.0732891
712.2 0.942478 -0.1022
712.4 0.942478 -0.0736462
712.6 0.942478 0.0181208
712.8 0.942478 0.12473
713 0.942478 0.174148
713.2 0.942478 0.130516
713.4 0.942478 0.0302054
713.6 0.942478 -0.0459813
713.8 0.942478 -0.0446736
714 0.942478 0.0134164
714.2 0.942478 0.0594081
714.4 0.942478 0.047391
714.6 0.942478 -0.00518692
714.8 0.942478 -0.0474947
715 0.942478 -0.0550334
715.2 0.942478 -0.0491049
715.4 0.942478 -0.0588762
715.6 0.942478 -0.0789798
715.8 0.942478 -0.076358
716 0.942478 -0.0345529
716.2 0.942478 0.0227265
716.4 0.942478 0.0577844
716.6 0.942478 0.0595289
716.8 0.942478 0.047805
717 0.942478 0.0409871
717.2 0.942478 0.0330333
717.4 0.942478 0.00896573
717.6 0.942478 -0.0266275
717.8 0.942478 -0.0501193
718 0.942478 -0.048026
718.2 0.942478 -0.0340559
718.4 0.942478 -0.0299895
718.6 0.942478 -0.0373331
718.8 0.942478 -0.0393615
719 0.942478 -0.0293989
719.2 0.942478 -0.0226557
719.4 0.942478 -0.0316216
719.6 0.942478 -0.0398446
719.8 0.942478 -0.0173863
720 0.942478 0.0347892
720.2 0.942478 0.071167
720.4 0.942478 0.0474152
720.6 0.942478 -0.0231407
720.8 0.942478 -0.0743518
721 0.942478 -0.056288
721.2 0.942478 0.0080319
721.4 0.942478 0.0464051
721.6 0.942478 0.017002
721.8 0.942478 -0.046261
722 0.942478 -0.0720046
722.2 0.942478 -0.027375
722.4 0.942478 0.0521704
722.6 0.942478 0.104001
722.8 0.942478 0.0969476
723 0.942478 0.0468977
723.2 0.942478 -0.0113034
723.4 0.942478 -0.0526993
723.6 0.942478 -0.0660557
723.8 0.942478 -0.0480017
724 0.942478 -0.00718676
724.2 0.942478 0.0309804
724.4 0.942478 0.0393673
724.6 0.942478 0.0157261
724.8 0.942478 -0.0123459
725 0.942478 -0.0162308
725.2 0.942478 0.00252372
725.4 0.942478 0.0170227
725.6 0.942478 0.0100451
725.8 0.942478 -0.00505368
726 0.942478 -0.00320343
726.2 0.942478 0.0196954
726.4 0.942478 0.0426882
726.6 0.942478 0.0469647
726.8 0.942478 0.0360611
727 0.942478 0.0238501
727.2 0.942478 0.0119003
727.4 0.942478 -0.00858837
727.6 0.942478 -0.0338697
727.8 0.942478 -0.0422488
728 0.942478 -0.0218552
728.2 0.942478 0.00420485
728.4 0.942478 -0.00286226
728.6 0.942478 -0.0491236
728.8 0.942478 -0.0921431
729 0.942478 -0.0862433
729.2 0.942478 -0.0393482
729.4 0.942478 -0.00865819
729.6 0.942478 -0.033268
729.8 0.942478 -0.0825945
730 0.942478 -0.086326
730.2 0.942478 -0.015398
730.4 0.942478 0.0802352
730.6 0.942478 0.122058
730.8 0.942478 0.0837794
731 0.942478 0.0120918
731.2 0.942478 -0.0286853
731.4 0.942478 -0.0187388
731.6 0.942478 0.0142269
731.8 0.942478 0.0385376
732 0.942478 0.046997
732.2 0.942478 0.0444254
732.4 0.942478 0.028609
732.6 0.942478 -3.33914e-05
732.8 0.942478 -0.0187139
733 0.942478 0.00446231
733.2 0.942478 0.066837
733.4 0.942478 0.11437
733.6 0.942478 0.0884476
733.8 0.942478 -0.00694867
734 0.942478 -0.0981039
734.2 0.942478 -0.112725
734.4 0.942478 -0.0540987
734.6 0.942478 0.00585876
734.8 0.942478 0.00727332
735 0.942478 -0.0353483
735.2 0.942478 -0.0569984
735.4 0.942478 -0.0197782
735.6 0.942478 0.0465553
735.8 0.942478 0.0820522
736 0.942478 0.0615129
736.2 0.942478 0.0135278
736.4 0.942478 -0.018421
736.6 0.942478 -0.0195819
736.8 0.942478 -0.00618902
737 0.942478 0.00281325
737.2 0.942478 0.00379204
737.4 0.942478 0.00141058
737.6 0.942478 -0.00237595
737.8 0.942478 -0.00553788
738 0.942478 -0.000308265
738.2 0.942478 0.0186225
738.4 0.942478 0.0412603
738.6 0.942478 0.0488317
738.8 0.942478 0.0387958
739 0.942478 0.0351617
739.2 0.942478 0.062211
739.4 0.942478 0.108006
739.6 0.942478 0.126308
739.8 0.942478 0.0841165
740 0.942478 0.00293492
740.2 0.942478 -0.0578315
740.4 0.942478 -0.0610775
740.6 0.942478 -0.027496
740.8 0.942478 -0.00557782
741 0.942478 -0.0137508
741.2 0.942478 -0.0248441
741.4 0.942478 -0.00963193
741.6 0.942478 0.0184808
741.8 0.942478 0.0171092
742 0.942478 -0.0281697
742.2 0.942478 -0.0757337
742.4 0.942478 -0.0686846
742.6 0.942478 0.000223156
742.8 0.942478 0.0768772
743 0.942478 0.10321
743.2 0.942478 0.0785727
743.4 0.942478 0.0545294
743.6 0.942478 0.0711559
743.8 0.942478 0.110478
744 0.942478 0.120258
744.2 0.942478 0.0779485
744.4 0.942478 0.0187402
744.6 0.942478 -0.00427503
744.8 0.942478 0.0196901
745 0.942478 0.0482172
745.2 0.942478 0.0353995
745.4 0.942478 -0.0151126
745.6 0.942478 -0.0530529
745.8 0.942478 -0.0359305
746 0.942478 0.0253267
746.2 0.942478 0.0767721
746.4 0.942478 0.073927
746.6 0.942478 0.0204205
746.8 0.942478 -0.043139
747 0.942478 -0.0814035
747.2 0.942478 -0.0914119
747.4 0.942478 -0.0910673
747.6 0.942478 -0.0896471
747.8 0.942478 -0.0766059
748 0.942478 -0.0393556
748.2 0.942478 0.0138809
748.4 0.942478 0.0549151
748.6 0.942478 0.0608081
748.8 0.942478 0.0360499
749 0.942478 0.00753801
749.2 0.942478 -0.00191978
749.4 0.942478 0.00678104
749.6 0.942478 0.0155949
749.8 0.942478 0.0117173
750 0.942478 -0.000545682
750.2 0.942478 -0.00975565
750.4 0.942478 -0.013724
750.6 0.942478 -0.0203921
750.8 0.942478 -0.0327797
751 0.942478 -0.0395938
751.2 0.942478 -0.0270981
751.4 0.942478 0.000504056
751.6 0.942478 0.0199182
751.8 0.942478 0.0141602
752 0.942478 -0.00287766
752.2 0.942478 0.00435831
752.4 0.942478 0.0526612
752.6 0.942478 0.111017
752.8 0.942478 0.120932
753 0.942478 0.0530315
753.2 0.942478 -0.0562954
753.4 0.942478 -0.130883
753.6 0.942478 -0.122877
753.8 0.942478 -0.0563648
754 0.942478 -0.00214002
754.2 0.942478 -0.00856716
754.4 0.942478 -0.0581908
754.6 0.942478 -0.0920109
754.8 0.942478 -0.0727194
755 0.942478 -0.019694
755.2 0.942478 0.0176632
755.4 0.942478 0.0151935
755.6 0.942478 -0.00327584
755.8 0.942478 0.00242663
756 0.942478 0.0412895
756.2 0.942478 0.0806215
756.4 0.942478 0.0818114
756.6 0.942478 0.0406522
756.8 0.942478 -0.0109373
757 0.942478 -0.0392084
757.2 0.942478 -0.0390313
757.4 0.942478 -0.0306401
757.6 0.942478 -0.0338842
757.8 0.942478 -0.0518224
758 0.942478 -0.0758822
758.2 0.942478 -0.0962937
758.4 0.942478 -0.102086
758.6 0.942478 -0.0789992
758.8 0.942478 -0.0217143
759 0.942478 0.0472041
759.2 0.942478 0.0820494
759.4 0.942478 0.0533779
759.6 0.942478 -0.013781
759.8 0.942478 -0.052925
760 0.942478 -0.0199879
760.2 0.942478 0.0552865
760.4 0.942478 0.0930239
760.6 0.942478 0.0455375
760.8 0.942478 -0.0488404
761 0.942478 -0.102971
761.2 0.942478 -0.0724008
761.4 0.942478 -0.000313876
761.6 0.942478 0.0344322
761.8 0.942478 0.00635356
762 0.942478 -0.0330004
762.2 0.942478 -0.0223175
762.4 0.942478 0.0322247
762.6 0.942478 0.0623838
762.8 0.942478 0.0203207
763 0.942478 -0.0592756
763.2 0.942478 -0.0914531
763.4 0.942478 -0.0324753
763.6 0.942478 0.0725259
763.8 0.942478 0.1373
764 0.942478 0.121147
764.2 0.942478 0.0605309
764.4 0.942478 0.0186081
764.6 0.942478 0.0169147
764.8 0.942478 0.0238296
765 0.942478 0.00285032
765.2 0.942478 -0.0409034
765.4 0.942478 -0.0664048
765.6 0.942478 -0.0421687
765.8 0.942478 0.0203408
766 0.942478 0.0765878
766.2 0.942478 0.0875837
766.4 0.942478 0.0506487
766.6 0.942478 -0.000341184
766.8 0.942478 -0.0221316
767 0.942478 0.00371916
767.2 0.942478 0.0540829
767.4 0.942478 0.0813895
767.6 0.942478 0.0559075
767.8 0.942478 -0.00306694
768 0.942478 -0.041817
768.2 0.942478 -0.0254588
768.4 0.942478 0.0230892
768.6 0.942478 0.0441066
768.8 0.942478 0.00467738
769 0.942478 -0.0638339
769.2 0.942478 -0.0979828
769.4 0.942478 -0.0693606
769.6 0.942478 -0.0108292
769.8 0.942478 0.0254157
770 0.942478 0.0241302
770.2 0.942478 0.0109245
770.4 0.942478 0.00628536
770.6 0.942478 -0.00344423
770.8 0.942478 -0.0371584
771 0.942478 -0.0736865
771.2 0.942478 -0.0608562
771.4 0.942478 0.0193293
771.6 0.942478 0.109597
771.8 0.942478 0.124646
772 0.942478 0.0450191
772.2 0.942478 -0.0500489
772.4 0.942478 -0.0585534
772.6 0.942478 0.0372284
772.8 0.942478 0.150808
773 0.942478 0.180804
773.2 0.942478 0.111316
773.4 0.942478 0.0163921
773.6 0.942478 -0.0266754
773.8 0.942478 -0.0129802
774 0.942478 0.00346422
774.2 0.942478 -0.0170774
774.4 0.942478 -0.0565543
774.6 0.942478 -0.0678328
774.8 0.942478 -0.0315789
775 0.942478 0.025267
775.2 0.942478 0.0610418
775.4 0.942478 0.0572769
775.6 0.942478 0.0248457
775.8 0.942478 -0.0150323
776 0.942478 -0.0461123
776.2 0.942478 -0.0591179
776.4 0.942478 -0.0520059
776.6 0.942478 -0.0340737
776.8 0.942478 -0.0227787
777 0.942478 -0.0276851
777.2 0.942478 -0.0378333
777.4 0.942478 -0.0321725
777.6 0.942478 -0.00539448
777.8 0.942478 0.0216328
778 0.942478 0.0222966
778.2 0.942478 -0.00631814
778.4 0.942478 -0.0394969
778.6 0.942478 -0.050819
778.8 0.942478 -0.0373331
779 0.942478 -0.0167732
779.2 0.942478 -0.00488785
779.4 0.942478 -0.00205538
779.6 0.942478 -0.00153828
779.8 0.942478 -0.00282201
780 0.942478 -0.0108589
780.2 0.942478 -0.0249836
780.4 0.942478 -0.0356253
780.6 0.942478 -0.0342545
780.8 0.942478 -0.022859
781 0.942478 -0.0110091
781.2 0.942478 -0.00638869
781.4 0.942478 -0.0115166
781.6 0.942478 -0.0269221
781.8 0.942478 -0.0508052
782 0.942478 -0.0740597
782.2 0.942478 -0.0827519
782.4 0.942478 -0.0725427
782.6 0.942478 -0.0581745
782.8 0.942478 -0.0592037
783 0.942478 -0.0723571
783.2 0.942478 -0.0656075
783.4 0.942478 -0.0107742
783.6 0.942478 0.0764143
783.8 0.942478 0.138121
784 0.942478 0.125155
784.2 0.942478 0.0471449
784.4 0.942478 -0.0330239
784.6 0.942478 -0.056763
784.8 0.942478 -0.020151
785 0.942478 0.0320605
785.2 0.942478 0.0560526
785.4 0.942478 0.0476483
785.6 0.942478 0.0353706
785.8 0.942478 0.044354
786 0.942478 0.0711989
786.2 0.942478 0.0891198
786.4 0.942478 0.071851
786.6 0.942478 0.0152256
786.8 0.942478 -0.0562295
787 0.942478 -0.101521
787.2 0.942478 -0.091626
787.4 0.942478 -0.0366479
787.6 0.942478 0.0153748
787.8 0.942478 0.0172784
788 0.942478 -0.0320959
788.2 0.942478 -0.0841794
788.4 0.942478 -0.0889636
788.6 0.942478 -0.0466307
788.8 0.942478 -0.00476557
789 0.942478 -0.00337532
789.2 0.942478 -0.030979
789.4 0.942478 -0.0430106
789.6 0.942478 -0.0185696
789.8 0.942478 0.0145504
790 0.942478 0.0158707
790.2 0.942478 -0.0174366
790.4 0.942478 -0.0488353
790.6 0.942478 -0.0487081
790.8 0.942478 -0.0279833
791 0.942478 -0.0185213
791.2 0.942478 -0.0305445
791.4 0.942478 -0.0445412
791.6 0.942478 -0.0445588
791.8 0.942478 -0.0423929
792 0.942478 -0.0570754
792.2 0.942478 -0.0798754
792.4 0.942478 -0.0791344
792.6 0.942478 -0.044708
792.8 0.942478 -0.0115746
793 0.942478 -0.0230524
793.2 0.942478 -0.0739603
793.4 0.942478 -0.108216
793.6 0.942478 -0.0810956
793.8 0.942478 -0.0123421
794 0.942478 0.0369611
794.2 0.942478 0.0373369
794.4 0.942478 0.0233912
794.6 0.942478 0.0451054
794.8 0.942478 0.0993342
795 0.942478 0.128264
795.2 0.942478 0.0884131
795.4 0.942478 0.00599794
795.6 0.942478 -0.048369
795.8 0.942478 -0.0348749
796 0.942478 0.0179121
796.2 0.942478 0.0501941
796.4 0.942478 0.0330649
796.6 0.942478 -0.013309
796.8 0.942478 -0.0525881
797 0.942478 -0.0671911
797.2 0.942478 -0.0607912
797.4 0.942478 -0.0428465
797.6 0.942478 -0.0232965
797.8 0.942478 -0.0148769
798 0.942478 -0.023374
798.2 0.942478 -0.0316592
798.4 0.942478 -0.00848456
798.6 0.942478 0.0527071
798.8 0.942478 0.109341
799 0.942478 0.10234
799.2 0.942478 0.0225635
799.4 0.942478 -0.0654324
799.6 0.942478 -0.0805823
799.8 0.942478 -0.00816256
800 0.942478 0.0833759
800.2 0.942478 0.112356
800.4 0.942478 0.0643894
800.6 0.942478 -0.00179745
800.8 0.942478 -0.0212756
801 0.942478 0.016387
801.2 0.942478 0.0710051
801.4 0.942478 0.0996715
801.6 0.942478 0.0889705
801.8 0.942478 0.0493925
802 0.942478 -0.000736882
802.2 0.942478 -0.0386061
802.4 0.942478 -0.0405452
802.6 0.942478 -0.00244758
802.8 0.942478 0.0435426
803 0.942478 0.0507703
803.2 0.942478 0.00874013
803.4 0.942478 -0.0367661
803.6 0.942478 -0.0302894
803.8 0.942478 0.025582
804 0.942478 0.0644272
804.2 0.942478 0.0290074
804.4 0.942478 -0.0578529
804.6 0.942478 -0.111362
804.8 0.942478 -0.0764682
805 0.942478 0.0116531
805.2 0.942478 0.0677035
805.4 0.942478 0.0485384
805.6 0.942478 -0.00956811
805.8 0.942478 -0.0446369
806 0.942478 -0.0401113
806.2 0.942478 -0.0281824
806.4 0.942478 -0.032346
806.6 0.942478 -0.0322357
806.8 0.942478 0.00280715
807 0.942478 0.0604284
807.2 0.942478 0.088646
807.4 0.942478 0.0569058
807.6 0.942478 -0.00272834
807.8 0.942478 -0.0299024
808 0.942478 -0.00596717
808.2 0.942478 0.025748
808.4 0.942478 0.0142059
808.6 0.942478 -0.0375003
808.8 0.942478 -0.0769259
809 0.942478 -0.0641516
809.2 0.942478 -0.0140397
809.4 0.942478 0.0289219
809.6 0.942478 0.0455382
809.8 0.942478 0.0564796
810 0.942478 0.0828825
810.2 0.942478 0.108893
810.4 0.942478 0.0965582
810.6 0.942478 0.0341035
810.8 0.942478 -0.0445259
811 0.942478 -0.0934826
811.2 0.942478 -0.100231
811.4 0.942478 -0.0874964
811.6 0.942478 -0.0744634
811.8 0.942478 -0.0512388
812 0.942478 -0.00132401
812.2 0.942478 0.0584159
812.4 0.942478 0.0778407
812.6 0.942478 0.0235635
812.8 0.942478 -0.0766944
813 0.942478 -0.151255
813.2 0.942478 -0.150711
813.4 0.942478 -0.0921329
813.6 0.942478 -0.0337386
813.8 0.942478 -0.011522
814 0.942478 -0.0112709
814.2 0.942478 -0.00304538
814.4 0.942478 0.0114288
814.6 0.942478 0.00234919
814.8 0.942478 -0.0380101
815 0.942478 -0.0681004
815.2 0.942478 -0.0388484
815.4 0.942478 0.0392244
815.6 0.942478 0.0909149
815.8 0.942478 0.0544169
816 0.942478 -0.0414421
816.2 0.942478 -0.097028
816.4 0.942478 -0.0482098
816.6 0.942478 0.0588647
816.8 0.942478 0.115506
817 0.942478 0.0710122
817.2 0.942478 -0.0120838
817.4 0.942478 -0.0345399
817.6 0.942478 0.0210405
817.8 0.942478 0.0712791
818 0.942478 0.0356823
818.2 0.942478 -0.0618843
818.4 0.942478 -0.117672
818.6 0.942478 -0.0698111
818.8 0.942478 0.0292477
819 0.942478 0.0752363
819.2 0.942478 0.0322452
819.4 0.942478 -0.0333762
819.6 0.942478 -0.0396909
819.8 0.942478 0.0148723
820 0.942478 0.0600072
820.2 0.942478 0.0448086
820.4 0.942478 -0.00730804
820.6 0.942478 -0.0409393
820.8 0.942478 -0.0404229
821 0.942478 -0.0343054
821.2 0.942478 -0.037455
821.4 0.942478 -0.0226123
821.6 0.942478 0.0328326
821.8 0.942478 0.0930414
822 0.942478 0.0901806
822.2 0.942478 0.0103707
822.4 0.942478 -0.0737436
822.6 0.942478 -0.0787773
822.8 0.942478 -0.00870676
823 0.942478 0.0493367
823.2 0.942478 0.0324048
823.4 0.942478 -0.0198289
823.6 0.942478 -0.0160729
823.8 0.942478 0.0677907
824 0.942478 0.150947
824.2 0.942478 0.139646
824.4 0.942478 0.0362445
824.6 0.942478 -0.0662746
824.8 0.942478 -0.0913962
825 0.942478 -0.053099
825.2 0.942478 -0.0158438
825.4 0.942478 -0.0071586
825.6 0.942478 0.000212603
825.8 0.942478 0.0260073
826 0.942478 0.0399348
826.2 0.942478 0.00443297
826.4 0.942478 -0.0590029
826.6 0.942478 -0.0819956
826.8 0.942478 -0.0355332
827 0.942478 0.0234116
827.2 0.942478 0.0161032
827.4 0.942478 -0.0569509
827.6 0.942478 -0.109132
827.8 0.942478 -0.0711844
828 0.942478 0.0214831
828.2 0.942478 0.0682026
828.4 0.942478 0.0228473
828.6 0.942478 -0.0532668
828.8 0.942478 -0.0685134
829 0.942478 -0.0100439
829.2 0.942478 0.0471313
829.4 0.942478 0.0352121
829.6 0.942478 -0.0286881
829.8 0.942478 -0.0716992
830 0.942478 -0.0535611
830.2 0.942478 -0.00354286
830.4 0.942478 0.0270587
830.6 0.942478 0.0234932
830.8 0.942478 0.00616194
831 0.942478 -0.0109923
831.2 0.942478 -0.0349497
831.4 0.942478 -0.066055
831.6 0.942478 -0.0803382
831.8 0.942478 -0.0565737
832 0.942478 -0.0110111
832.2 0.942478 0.0147483
832.4 0.942478 0.00212099
832.6 0.942478 -0.025223
832.8 0.942478 -0.0385931
833 0.942478 -0.0450607
833.2 0.942478 -0.0718448
833.4 0.942478 -0.114605
833.6 0.942478 -0.126964
833.8 0.942478 -0.0763699
834 0.942478 0.00379027
834.2 0.942478 0.041094
834.4 0.942478 0.00511612
834.6 0.942478 -0.0577534
834.8 0.942478 -0.0813109
835 0.942478 -0.0562566
835.2 0.942478 -0.0304302
835.4 0.942478 -0.0374487
835.6 0.942478 -0.0525347
835.8 0.942478 -0.0337243
836 0.942478 0.0124726
836.2 0.942478 0.0360207
836.4 0.942478 0.0151435
836.6 0.942478 -0.00649214
836.8 0.942478 0.0234934
837 0.942478 0.0867989
837.2 0.942478 0.104206
837.4 0.942478 0.0338037
837.6 0.942478 -0.0658396
837.8 0.942478 -0.0962446
838 0.942478 -0.0350156
838.2 0.942478 0.0364133
838.4 0.942478 0.0310451
838.6 0.942478 -0.0402567
838.8 0.942478 -0.0871907
839 0.942478 -0.0529117
839.2 0.942478 0.0213795
839.4 0.942478 0.0562734
839.6 0.942478 0.0343031
839.8 0.942478 0.011691
840 0.942478 0.0351308
840.2 0.942478 0.0793598
840.4 0.942478 0.0860051
840.6 0.942478 0.04495
840.8 0.942478 0.00586186
841 0.942478 0.00783887
841.2 0.942478 0.0276125
841.4 0.942478 0.0189746
841.6 0.942478 -0.0133013
841.8 0.942478 -0.0128004
842 0.942478 0.0483954
842.2 0.942478 0.11701
842.4 0.942478 0.113517
842.6 0.942478 0.032793
842.8 0.942478 -0.0395285
843 0.942478 -0.0232459
843.2 0.942478 0.0618302
843.4 0.942478 0.118912
843.6 0.942478 0.0858144
843.8 0.942478 -0.000453977
844 0.942478 -0.0575377
844.2 0.942478 -0.0548947
844.4 0.942478 -0.0350489
844.6 0.942478 -0.0455617
844.8 0.942478 -0.0787789
845 0.942478 -0.0925679
845.2 0.942478 -0.0720293
845.4 0.942478 -0.0445131
845.6 0.942478 -0.0341577
845.8 0.942478 -0.0273425
846 0.942478 0.000507461
846.2 0.942478 0.038344
846.4 0.942478 0.0451724
846.6 0.942478 0.00558791
846.8 0.942478 -0.0418212
847 0.942478 -0.0474501
847.2 0.942478 -0.0119311
847.4 0.942478 0.0167571
847.6 0.942478 0.00888744
847.8 0.942478 -0.0058012
848 0.942478 0.0212544
848.2 0.942478 0.0861032
848.4 0.942478 0.125736
848.6 0.942478 0.0901744
848.8 0.942478 0.00415182
849 0.942478 -0.0596813
849.2 0.942478 -0.0633815
849.4 0.942478 -0.0401609
849.6 0.942478 -0.0431994
849.8 0.942478 -0.0755552
850 0.942478 -0.089322
850.2 0.942478 -0.0509315
850.4 0.942478 0.0125209
850.6 0.942478 0.0425295
850.8 0.942478 0.0146982
851 0.942478 -0.0386395
851.2 0.942478 -0.0686509
851.4 0.942478 -0.0589576
851.6 0.942478 -0.0300442
851.8 0.942478 -0.00798893
852 0.942478 -0.00255565
852.2 0.942478 -0.0116793
852.4 0.942478 -0.0302346
852.6 0.942478 -0.0461309
852.8 0.942478 -0.0390317
853 0.942478 0.00144105
853.2 0.942478 0.0555449
853.4 0.942478 0.0842456
853.6 0.942478 0.0678387
853.8 0.942478 0.0276456
854 0.942478 0.00158103
854.2 0.942478 0.00242397
854.4 0.942478 0.0111485
854.6 0.942478 0.0105804
854.8 0.942478 0.0092072
855 0.942478 0.0194959
855.2 0.942478 0.0232006
855.4 0.942478 -0.0173375
855.6 0.942478 -0.103025
855.8 0.942478 -0.169694
856 0.942478 -0.140027
856.2 0.942478 -0.0103861
856.4 0.942478 0.129221
856.6 0.942478 0.175742
856.8 0.942478 0.111254
857 0.942478 0.0115626
857.2 0.942478 -0.0398495
857.4 0.942478 -0.0320502
857.6 0.942478 -0.0154837
857.8 0.942478 -0.0270172
858 0.942478 -0.0485417
858.2 0.942478 -0.04279
858.4 0.942478 -0.00986683
858.6 0.942478 0.0117156
858.8 0.942478 -0.00305716
859 0.942478 -0.0326014
859.2 0.942478 -0.0374974
859.4 0.942478 -0.0113758
859.6 0.942478 0.0130853
859.8 0.942478 0.00866746
860 0.942478 -0.0117547
860.2 0.942478 -0.0150923
860.4 0.942478 0.00572253
860.6 0.942478 0.0211155
860.8 0.942478 0.00366461
861 0.942478 -0.0346687
861.2 0.942478 -0.0551455
861.4 0.942478 -0.0390904
861.6 0.942478 -0.0106632
861.8 0.942478 -0.00821772
862 0.942478 -0.0394369
862.2 0.942478 -0.0717716
862.4 0.942478 -0.0662462
862.6 0.942478 -0.0155495
862.8 0.942478 0.0504536
863 0.942478 0.089645
863.2 0.942478 0.0761382
863.4 0.942478 0.0129736
863.6 0.942478 -0.0714721
863.8 0.942478 -0.138461
864 0.942478 -0.160501
864.2 0.942478 -0.139006
864.4 0.942478 -0.101179
864.6 0.942478 -0.0745297
864.8 0.942478 -0.0627923
865 0.942478 -0.0497624
865.2 0.942478 -0.0258061
865.4 0.942478 -0.00288944
865.6 0.942478 0.00269436
865.8 0.942478 -0.00273575
866 0.942478 0.00731848
866.2 0.942478 0.0454557
866.4 0.942478 0.0873044
866.6 0.942478 0.0937468
866.8 0.942478 0.0558909
867 0.942478 0.00725556
867.2 0.942478 -0.0146326
867.4 0.942478 -0.0108113
867.6 0.942478 -0.0132421
867.8 0.942478 -0.0357976
868 0.942478 -0.0481049
868.2 0.942478 -0.0107998
868.4 0.942478 0.0675848
868.6 0.942478 0.124461
868.8 0.942478 0.102531
869 0.942478 0.00994299
869.2 0.942478 -0.0860302
869.4 0.942478 -0.12326
869.6 0.942478 -0.0949394
869.8 0.942478 -0.0377256
870 0.942478 0.0147277
870.2 0.942478 0.0543831
870.4 0.942478 0.0822394
870.6 0.942478 0.0905033
870.8 0.942478 0.0738086
871 0.942478 0.0489776
871.2 0.942478 0.0451659
871.4 0.942478 0.0686558
871.6 0.942478 0.0893169
871.8 0.942478 0.0740178
872 0.942478 0.0295658
872.2 0.942478 -0.00102039
872.4 0.942478 0.0106933
872.6 0.942478 0.0427248
872.8 0.942478 0.0489312
873 0.942478 0.0164866
873.2 0.942478 -0.017716
873.4 0.942478 -0.0139364
873.6 0.942478 0.0193635
873.8 0.942478 0.0363794
874 0.942478 0.0138692
874.2 0.942478 -0.0169227
874.4 0.942478 -0.00969735
874.6 0.942478 0.0349287
874.8 0.942478 0.0659059
875 0.942478 0.0453036
875.2 0.942478 0.000869618
875.4 0.942478 -0.00189654
875.6 0.942478 0.060864
875.8 0.942478 0.136197
876 0.942478 0.148986
876.2 0.942478 0.0855153
876.4 0.942478 0.00900129
876.6 0.942478 -0.0100982
876.8 0.942478 0.0318126
877 0.942478 0.0748449
877.2 0.942478 0.0659271
877.4 0.942478 0.0126851
877.6 0.942478 -0.0345757
877.8 0.942478 -0.0416194
878 0.942478 -0.0192009
878.2 0.942478 0.00150526
878.4 0.942478 0.00633311
878.6 0.942478 0.0028253
878.8 0.942478 -0.00272165
879 0.942478 -0.0169374
879.2 0.942478 -0.0440033
879.4 0.942478 -0.0692535
879.6 0.942478 -0.0697661
879.8 0.942478 -0.0414925
880 0.942478 -0.00767151
880.2 0.942478 0.00430288
880.4 0.942478 -0.00911658
880.6 0.942478 -0.0269928
880.8 0.942478 -0.0289972
881 0.942478 -0.0155727
881.2 0.942478 -0.0027528
881.4 0.942478 -0.00241569
881.6 0.942478 -0.0114991
881.8 0.942478 -0.0174324
882 0.942478 -0.00890732
882.2 0.942478 0.0172043
882.4 0.942478 0.0520968
882.6 0.942478 0.0750399
882.8 0.942478 0.0648784
883 0.942478 0.0222697
883.2 0.942478 -0.0188675
883.4 0.942478 -0.0139269
883.6 0.942478 0.0471583
883.8 0.942478 0.119074
884 0.942478 0.137133
884.2 0.942478 0.0825506
884.4 0.942478 0.00787085
884.6 0.942478 -0.0115155
884.8 0.942478 0.0460507
885 0.942478 0.124892
885.2 0.942478 0.147837
885.4 0.942478 0.0924773
885.6 0.942478 0.00807938
885.8 0.942478 -0.0393887
886 0.942478 -0.0295602
886.2 0.942478 0.0064212
886.4 0.942478 0.0316645
886.6 0.942478 0.0414818
886.8 0.942478 0.0543582
887 0.942478 0.0776628
887.2 0.942478 0.094988
887.4 0.942478 0.0872709
887.6 0.942478 0.0562581
887.8 0.942478 0.0209115
888 0.942478 -0.0040003
888.2 0.942478 -0.017607
888.4 0.942478 -0.0225462
888.6 0.942478 -0.0158187
888.8 0.942478 0.00240104
889 0.942478 0.0160951
889.2 0.942478 0.00239863
889.4 0.942478 -0.0400381
889.6 0.942478 -0.0772648
889.8 0.942478 -0.0654511
890 0.942478 0.00460711
890.2 0.942478 0.0906133
890.4 0.942478 0.131432
890.6 0.942478 0.0994559
890.8 0.942478 0.0223389
891 0.942478 -0.044177
891.2 0.942478 -0.0633835
891.4 0.942478 -0.0412733
891.6 0.942478 -0.0116498
891.8 0.942478 -0.00351318
892 0.942478 -0.0210048
892.2 0.942478 -0.0474499
892.4 0.942478 -0.0634184
892.6 0.942478 -0.0614371
892.8 0.942478 -0.0474548
893 0.942478 -0.0310219
893.2 0.942478 -0.0143765
893.4 0.942478 0.00870349
893.6 0.942478 0.0422596
893.8 0.942478 0.0766444
894 0.942478 0.0907755
894.2 0.942478 0.0703131
894.4 0.942478 0.0246548
894.6 0.942478 -0.0171268
894.8 0.942478 -0.0310367
895 0.942478 -0.0196136
895.2 0.942478 -0.00772202
895.4 0.942478 -0.0166359
895.6 0.942478 -0.0438726
895.8 0.942478 -0.0689739
896 0.942478 -0.0758913
896.2 0.942478 -0.0658719
896.4 0.942478 -0.0487601
896.6 0.942478 -0.0279325
896.8 0.942478 -0.000115924
897 0.942478 0.0302987
897.2 0.942478 0.0444841
897.4 0.942478 0.0244345
897.6 0.942478 -0.0238984
897.8 0.942478 -0.0684985
898 0.942478 -0.0782281
898.2 0.942478 -0.0530054
898.4 0.942478 -0.0231999
898.6 0.942478 -0.0163892
898.8 0.942478 -0.0273656
899 0.942478 -0.0266752
899.2 0.942478 -0.000312899
899.4 0.942478 0.0255548
899.6 0.942478 0.00900835
899.8 0.942478 -0.0555768
900 0.942478 -0.117559
900.2 0.942478 -0.11409
900.4 0.942478 -0.0384898
900.6 0.942478 0.0431817
900.8 0.942478 0.0554023
901 0.942478 -0.00495494
901.2 0.942478 -0.0588062
901.4 0.942478 -0.0269256
901.6 0.942478 0.079982
901.8 0.942478 0.164649
902 0.942478 0.143284
902.2 0.942478 0.0371837
902.4 0.942478 -0.0469016
902.6 0.942478 -0.0294196
902.8 0.942478 0.059175
903 0.942478 0.116197
903.2 0.942478 0.0810998
903.4 0.942478 -0.00252787
903.6 0.942478 -0.0435151
903.8 0.942478 -0.00782232
904 0.942478 0.0500731
904.2 0.942478 0.0591978
904.4 0.942478 0.0166783
904.6 0.942478 -0.0148515
904.8 0.942478 0.0122896
905 0.942478 0.0731208
905.2 0.942478 0.101535
905.4 0.942478 0.0678092
905.6 0.942478 0.00842643
905.8 0.942478 -0.0204941
906 0.942478 -0.00287707
906.2 0.942478 0.0327365
906.4 0.942478 0.0560611
906.6 0.942478 0.063089
906.8 0.942478 0.0602105
907 0.942478 0.0408855
907.2 0.942478 -0.00342119
907.4 0.942478 -0.0544922
907.6 0.942478 -0.0715543
907.8 0.942478 -0.0359627
908 0.942478 0.0192539
908.2 0.942478 0.0414183
908.4 0.942478 0.0201657
908.6 0.942478 0.00157532
908.8 0.942478 0.0308569
909 0.942478 0.0913579
909.2 0.942478 0.117823
909.4 0.942478 0.0723405
909.6 0.942478 -0.00846276
909.8 0.942478 -0.0537086
910 0.942478 -0.0374871
910.2 0.942478 -0.00225844
910.4 0.942478 -0.00151047
910.6 0.942478 -0.0360901
910.8 0.942478 -0.0613556
911 0.942478 -0.0492743
911.2 0.942478 -0.0227394
911.4 0.942478 -0.0207263
911.6 0.942478 -0.044979
911.8 0.942478 -0.0597395
912 0.942478 -0.0417771
912.2 0.942478 -0.0109827
912.4 0.942478 -0.000408496
912.6 0.942478 -0.00914261
912.8 0.942478 -0.00563031
913 0.942478 0.0211194
913.2 0.942478 0.0347663
913.4 0.942478 -0.00597131
913.6 0.942478 -0.0848657
913.8 0.942478 -0.130701
914 0.942478 -0.0931126
914.2 0.942478 -0.005159
914.4 0.942478 0.0469481
914.6 0.942478 0.0173378
914.8 0.942478 -0.0501697
915 0.942478 -0.0739816
915.2 0.942478 -0.026932
915.4 0.942478 0.0376394
915.6 0.942478 0.0520599
915.8 0.942478 0.0120825
916 0.942478 -0.0223444
916.2 0.942478 0.00149225
916.4 0.942478 0.0699958
916.6 0.942478 0.119397
916.8 0.942478 0.102321
917 0.942478 0.031147
917.2 0.942478 -0.0391429
917.4 0.942478 -0.0609346
917.6 0.942478 -0.0270664
917.8 0.942478 0.0321282
918 0.942478 0.0727408
918.2 0.942478 0.0632163
918.4 0.942478 0.00339536
918.6 0.942478 -0.0709492
918.8 0.942478 -0.107776
919 0.942478 -0.0767761
919.2 0.942478 0.00306182
919.4 0.942478 0.075548
919.6 0.942478 0.0924637
919.8 0.942478 0.0509132
920 0.942478 -0.0107677
920.2 0.942478 -0.0496865
920.4 0.942478 -0.0497432
920.6 0.942478 -0.0233529
920.8 0.942478 0.00655045
921 0.942478 0.0215504
921.2 0.942478 0.0134269
921.4 0.942478 -0.0121376
921.6 0.942478 -0.03376
921.8 0.942478 -0.0253319
922 0.942478 0.0204908
922.2 0.942478 0.0786106
922.4 0.942478 0.108872
922.6 0.942478 0.0926169
922.8 0.942478 0.0502837
923 0.942478 0.0195944
923.2 0.942478 0.0181503
923.4 0.942478 0.0319086
923.6 0.942478 0.0387866
923.8 0.942478 0.034964
924 0.942478 0.0325103
924.2 0.942478 0.03715
924.4 0.942478 0.0397678
924.6 0.942478 0.0326447
924.8 0.942478 0.02416
925 0.942478 0.0272156
925.2 0.942478 0.0359265
925.4 0.942478 0.0268858
925.6 0.942478 -0.0094025
925.8 0.942478 -0.0465539
926 0.942478 -0.0449154
926.2 0.942478 0.00127037
926.4 0.942478 0.0500746
926.6 0.942478 0.0547304
926.8 0.942478 0.016777
927 0.942478 -0.0145404
927.2 0.942478 0.00076539
927.4 0.942478 0.0459701
927.6 0.942478 0.0664124
927.8 0.942478 0.0328642
928 0.942478 -0.0249221
928.2 0.942478 -0.0520979
928.4 0.942478 -0.0279135
928.6 0.942478 0.0181403
928.8 0.942478 0.045482
929 0.942478 0.043937
929.2 0.942478 0.0308689
929.4 0.942478 0.0187315
929.6 0.942478 0.00270375
929.8 0.942478 -0.0176444
930 0.942478 -0.0213626
930.2 0.942478 0.0121625
930.4 0.942478 0.0664246
930.6 0.942478 0.0900768
930.8 0.942478 0.0484247
931 0.942478 -0.0322317
931.2 0.942478 -0.0842343
931.4 0.942478 -0.0662115
931.6 0.942478 -0.00324696
931.8 0.942478 0.0457663
932 0.942478 0.0531892
932.2 0.942478 0.0442232
932.4 0.942478 0.0546798
932.6 0.942478 0.0827835
932.8 0.942478 0.0953417
933 0.942478 0.0756529
933.2 0.942478 0.0475892
933.4 0.942478 0.0435357
933.6 0.942478 0.0592408
933.8 0.942478 0.0567393
934 0.942478 0.0136055
934.2 0.942478 -0.0446957
934.4 0.942478 -0.0725284
934.6 0.942478 -0.0577818
934.8 0.942478 -0.0332686
935 0.942478 -0.031746
935.2 0.942478 -0.0432336
935.4 0.942478 -0.0307751
935.6 0.942478 0.0154625
935.8 0.942478 0.0574915
936 0.942478 0.0524704
936.2 0.942478 0.00756756
936.4 0.942478 -0.023747
936.6 0.942478 -0.00250137
936.8 0.942478 0.0513536
937 0.942478 0.084927
937.2 0.942478 0.0760487
937.4 0.942478 0.055612
937.6 0.942478 0.0621686
937.8 0.942478 0.0872572
938 0.942478 0.0811853
938.2 0.942478 0.0140027
938.4 0.942478 -0.0814998
938.6 0.942478 -0.136405
938.8 0.942478 -0.111968
939 0.942478 -0.0330637
939.2 0.942478 0.0409595
939.4 0.942478 0.069413
939.6 0.942478 0.053085
939.8 0.942478 0.017206
940 0.942478 -0.0140816
940.2 0.942478 -0.0277451
940.4 0.942478 -0.0217764
940.6 0.942478 -0.00633553
940.8 0.942478 0.00010512
941 0.942478 -0.0118533
941.2 0.942478 -0.0263466
941.4 0.942478 -0.0135709
941.6 0.942478 0.0346638
941.8 0.942478 0.086318
942 0.942478 0.0975841
942.2 0.942478 0.0621368
942.4 0.942478 0.0215447
942.6 0.942478 0.0189381
942.8 0.942478 0.0488172
943 0.942478 0.0650603
943.2 0.942478 0.038647
943.4 0.942478 -0.00737231
943.6 0.942478 -0.0310478
943.8 0.942478 -0.0301038
944 0.942478 -0.0471269
944.2 0.942478 -0.10988
944.4 0.942478 -0.182339
944.6 0.942478 -0.195174
944.8 0.942478 -0.125489
945 0.942478 -0.0287661
945.2 0.942478 0.0200947
945.4 0.942478 0.00844733
945.6 0.942478 -0.00790605
945.8 0.942478 0.0197857
946 0.942478 0.0701883
946.2 0.942478 0.078815
946.4 0.942478 0.0205648
946.6 0.942478 -0.054631
946.8 0.942478 -0.0762784
947 0.942478 -0.0306228
947.2 0.942478 0.0298058
947.4 0.942478 0.0497706
947.6 0.942478 0.027809
947.8 0.942478 0.00397363
948 0.942478 0.00621258
948.2 0.942478 0.0254279
948.4 0.942478 0.0403365
948.6 0.942478 0.0467457
948.8 0.942478 0.050628
949 0.942478 0.0445474
949.2 0.942478 0.0123432
949.4 0.942478 -0.038804
949.6 0.942478 -0.0689089
949.8 0.942478 -0.0453235
950 0.942478 0.01082
950.2 0.942478 0.0356968
950.4 0.942478 -0.00972786
950.6 0.942478 -0.090881
950.8 0.942478 -0.130247
951 0.942478 -0.0872309
951.2 0.942478 0.000112824
951.4 0.942478 0.0556702
951.6 0.942478 0.0397763
951.8 0.942478 -0.0216962
952 0.942478 -0.0739131
952.2 0.942478 -0.0851333
952.4 0.942478 -0.0616243
952.6 0.942478 -0.0265487
952.8 0.942478 0.0012235
953 0.942478 0.0106483
953.2 0.942478 -0.0016971
953.4 0.942478 -0.0251083
953.6 0.942478 -0.0351562
953.8 0.942478 -0.0140142
954 0.942478 0.0269402
954.2 0.942478 0.0536167
954.4 0.942478 0.0447865
954.6 0.942478 0.0168054
954.8 0.942478 0.00570933
955 0.942478 0.0264883
955.2 0.942478 0.0582306
955.4 0.942478 0.0715957
955.6 0.942478 0.0616517
955.8 0.942478 0.045061
956 0.942478 0.0305183
956.2 0.942478 0.00719579
956.4 0.942478 -0.0308849
956.6 0.942478 -0.0601789
956.8 0.942478 -0.0439965
957 0.942478 0.022424
957.2 0.942478 0.0934265
957.4 0.942478 0.110227
957.6 0.942478 0.0566709
957.8 0.942478 -0.0274281
958 0.942478 -0.0872423
958.2 0.942478 -0.100605
958.4 0.942478 -0.0837947
958.6 0.942478 -0.0604488
958.8 0.942478 -0.0364864
959 0.942478 -0.00555272
959.2 0.942478 0.0322376
959.4 0.942478 0.0652251
959.6 0.942478 0.080517
959.8 0.942478 0.0725361
960 0.942478 0.043062
960.2 0.942478 0.00149743
960.4 0.942478 -0.032968
960.6 0.942478 -0.0396276
960.8 0.942478 -0.0171983
961 0.942478 0.00687912
961.2 0.942478 0.0017215
961.4 0.942478 -0.0264927
961.6 0.942478 -0.0303203
961.8 0.942478 0.0277558
962 0.942478 0.120124
962.2 0.942478 0.165821
962.4 0.942478 0.11047
962.6 0.942478 -0.00962062
962.8 0.942478 -0.0964678
963 0.942478 -0.0870764
963.2 0.942478 -0.0136094
963.4 0.942478 0.0389735
963.6 0.942478 0.0269652
963.8 0.942478 -0.0128841
964 0.942478 -0.0166673
964.2 0.942478 0.030431
964.4 0.942478 0.0831402
964.6 0.942478 0.0935587
964.8 0.942478 0.0615435
965 0.942478 0.0224797
965.2 0.942478 -0.00054148
965.4 0.942478 -0.01599
965.6 0.942478 -0.0377234
965.8 0.942478 -0.0576108
966 0.942478 -0.0557357
966.2 0.942478 -0.0306544
966.4 0.942478 -0.00504483
966.6 0.942478 0.00101007
966.8 0.942478 -0.00853898
967 0.942478 -0.0178697
967.2 0.942478 -0.0247783
967.4 0.942478 -0.0412214
967.6 0.942478 -0.0680731
967.8 0.942478 -0.0826544
968 0.942478 -0.061753
968.2 0.942478 -0.0129271
968.4 0.942478 0.0285488
968.6 0.942478 0.0366399
968.8 0.942478 0.0207055
969 0.942478 0.00996297
969.2 0.942478 0.018604
969.4 0.942478 0.0354831
969.6 0.942478 0.0457735
969.8 0.942478 0.0496204
970 0.942478 0.0526305
970.2 0.942478 0.048121
970.4 0.942478 0.024219
970.6 0.942478 -0.0104385
970.8 0.942478 -0.0237152
971 0.942478 0.00462658
971.2 0.942478 0.0501309
971.4 0.942478 0.0631674
971.6 0.942478 0.027655
971.8 0.942478 -0.0114765
972 0.942478 0.00602158
972.2 0.942478 0.0829226
972.4 0.942478 0.151514
972.6 0.942478 0.142528
972.8 0.942478 0.0609555
973 0.942478 -0.0182413
973.2 0.942478 -0.0308236
973.4 0.942478 0.0109348
973.6 0.942478 0.039976
973.8 0.942478 0.0147411
974 0.942478 -0.0354718
974.2 0.942478 -0.0485499
974.4 0.942478 -0.00336855
974.6 0.942478 0.0550308
974.8 0.942478 0.0639853
975 0.942478 0.00897167
975.2 0.942478 -0.0626311
975.4 0.942478 -0.0895682
975.6 0.942478 -0.0537607
975.8 0.942478 0.008088
976 0.942478 0.0426002
976.2 0.942478 0.0269581
976.4 0.942478 -0.0170625
976.6 0.942478 -0.0493673
976.8 0.942478 -0.0496724
977 0.942478 -0.0315562
977.2 0.942478 -0.0213762
977.4 0.942478 -0.0253213
977.6 0.942478 -0.0211233
977.8 0.942478 0.0139849
978 0.942478 0.0688053
978.2 0.942478 0.0997486
978.4 0.942478 0.0742462
978.6 0.942478 0.0110774
978.8 0.942478 -0.0317542
979 0.942478 -0.0151889
979.2 0.942478 0.0378255
979.4 0.942478 0.0644963
979.6 0.942478 0.0276923
979.8 0.942478 -0.0468349
980 0.942478 -0.100617
980.2 0.942478 -0.102514
980.4 0.942478 -0.0704346
980.6 0.942478 -0.0377322
980.8 0.942478 -0.0138267
981 0.942478 0.0118576
981.2 0.942478 0.0368142
981.4 0.942478 0.0370286
981.6 0.942478 0.000880285
981.8 0.942478 -0.0407799
982 0.942478 -0.0370879
982.2 0.942478 0.0257108
982.4 0.942478 0.101891
982.6 0.942478 0.131821
982.8 0.942478 0.105367
983 0.942478 0.0672929
983.2 0.942478 0.0579074
983.4 0.942478 0.0622616
983.6 0.942478 0.0323665
983.8 0.942478 -0.0438399
984 0.942478 -0.113554
984.2 0.942478 -0.111405
984.4 0.942478 -0.0351416
984.6 0.942478 0.0448871
984.8 0.942478 0.0571094
985 0.942478 0.00169633
985.2 0.942478 -0.0549902
985.4 0.942478 -0.0556224
985.6 0.942478 -0.0111552
985.8 0.942478 0.0185672
986 0.942478 -0.00482026
986.2 0.942478 -0.0566314
986.4 0.942478 -0.078413
986.6 0.942478 -0.0411516
986.8 0.942478 0.0256657
987 0.942478 0.0645141
987.2 0.942478 0.0439847
987.4 0.942478 -0.0165961
987.6 0.942478 -0.069635
987.8 0.942478 -0.0821668
988 0.942478 -0.0598958
988.2 0.942478 -0.0358565
988.4 0.942478 -0.0373935
988.6 0.942478 -0.0610307
988.8 0.942478 -0.0765123
989 0.942478 -0.056408
989.2 0.942478 -0.00476762
989.4 0.942478 0.0434101
989.6 0.942478 0.0539315
989.8 0.942478 0.02645
990 0.942478 -0.00549575
990.2 0.942478 -0.00914367
990.4 0.942478 0.0139931
990.6 0.942478 0.0323031
990.8 0.942478 0.021737
991 0.942478 -0.00533871
991.2 0.942478 -0.0134662
991.4 0.942478 0.0142214
991.6 0.942478 0.0529431
991.8 0.942478 0.0591094
992 0.942478 0.0153854
992.2 0.942478 -0.0497418
992.4 0.942478 -0.0879037
992.6 0.942478 -0.0740115
992.8 0.942478 -0.0237596
993 0.942478 0.0261206
993.2 0.942478 0.0487275
993.4 0.942478 0.0392081
993.6 0.942478 0.00650819
993.8 0.942478 -0.0360509
994 0.942478 -0.0707877
994.2 0.942478 -0.077061
994.4 0.942478 -0.0451552
994.6 0.942478 0.00794444
994.8 0.942478 0.0445269
995 0.942478 0.0376383
995.2 0.942478 -0.000532996
995.4 0.942478 -0.027274
995.6 0.942478 -0.0120392
995.8 0.942478 0.0298123
996 0.942478 0.0509127
996.2 0.942478 0.0228314
996.4 0.942478 -0.02935
996.6 0.942478 -0.0487911
996.8 0.942478 -0.00603759
997 0.942478 0.0654538
997.2 0.942478 0.0967222
997.4 0.942478 0.0492281
997.6 0.942478 -0.0454268
997.8 0.942478 -0.111636
998 0.942478 -0.0969189
998.2 0.942478 -0.0182439
998.4 0.942478 0.0534012
998.6 0.942478 0.0538149
998.8 0.942478 -0.0215466
999 0.942478 -0.114603
999.2 0.942478 -0.150776
999.4 0.942478 -0.0967199
999.6 0.942478 0.013838
999.8 0.942478 0.10509
1000 0.942478 0.115944
0.2 1.25664 -0.146869
0.4 1.25664 -0.058174
0.6 1.25664 -0.00383785
0.8 1.25664 -0.0318878
1 1.25664 -0.0782395
1.2 1.25664 -0.0566815
1.4 1.25664 0.0250758
1.6 1.25664 0.0749248
1.8 1.25664 0.0373883
2 1.25664 -0.0333006
2.2 1.25664 -0.0434191
2.4 1.25664 0.0191205
2.6 1.25664 0.0706289
2.8 1.25664 0.0416919
3 1.25664 -0.0327803
3.2 1.25664 -0.0598973
3.4 1.25664 -0.00957062
3.6 1.25664 0.0477921
3.8 1.25664 0.0345581
4 1.25664 -0.0319075
4.2 1.25664 -0.0602017
4.4 1.25664 -0.00147598
4.6 1.25664 0.0874886
4.8 1.25664 0.113451
5 1.25664 0.0591591
5.2 1.25664 -0.000365359
5.4 1.25664 0.00762327
5.6 1.25664 0.0693532
5.8 1.25664 0.11009
6 1.25664 0.0878778
6.2 1.25664 0.0364318
6.4 1.25664 0.0133424
6.6 1.25664 0.0296592
6.8 1.25664 0.048824
7 1.25664 0.04458
7.2 1.25664 0.0347454
7.4 1.25664 0.0494887
7.6 1.25664 0.0830676
7.8 1.25664 0.0959238
8 1.25664 0.063422
8.2 1.25664 0.00725784
8.4 1.25664 -0.0285415
8.6 1.25664 -0.0243722
8.8 1.25664 0.000720041
9 1.25664 0.0162747
9.2 1.25664 0.0102574
9.4 1.25664 -0.00907263
9.6 1.25664 -0.0288381
9.8 1.25664 -0.0398691
10 1.25664 -0.035385
10.2 1.25664 -0.0145275
10.4 1.25664 0.00953193
10.6 1.25664 0.0149332
10.8 1.25664 -0.00602218
11 1.25664 -0.0319699
11.2 1.25664 -0.0298732
11.4 1.25664 0.00927712
11.6 1.25664 0.0573806
11.8 1.25664 0.0763437
12 1.25664 0.0558554
12.2 1.25664 0.0205351
12.4 1.25664 0.00254095
12.6 1.25664 0.0135306
12.8 1.25664 0.0429914
13 1.25664 0.0742589
13.2 1.25664 0.094503
13.4 1.25664 0.094247
13.6 1.25664 0.0700521
13.8 1.25664 0.0328416
14 1.25664 0.00523379
14.2 1.25664 0.000225814
14.4 1.25664 0.00313996
14.6 1.25664 -0.0158287
14.8 1.25664 -0.0662663
15 1.25664 -0.120242
15.2 1.25664 -0.137457
15.4 1.25664 -0.106808
15.6 1.25664 -0.0571326
15.8 1.25664 -0.0263212
16 1.25664 -0.0262345
16.2 1.25664 -0.0407924
16.4 1.25664 -0.0503877
16.6 1.25664 -0.0477859
16.8 1.25664 -0.0321589
17 1.25664 -0.00221697
17.2 1.25664 0.0346495
17.4 1.25664 0.0540573
17.6 1.25664 0.0321375
17.8 1.25664 -0.0226884
18 1.25664 -0.0660461
18.2 1.25664 -0.0582956
18.4 1.25664 -0.00833389
18.6 1.25664 0.033279
18.8 1.25664 0.0287949
19 1.25664 -0.00644904
19.2 1.25664 -0.0245431
19.4 1.25664 -0.000134451
19.6 1.25664 0.045426
19.8 1.25664 0.0744265
20 1.25664 0.0741608
20.2 1.25664 0.0596494
20.4 1.25664 0.04476
20.6 1.25664 0.0279832
20.8 1.25664 0.00962348
21 1.25664 0.00576752
21.2 1.25664 0.028193
21.4 1.25664 0.0549795
21.6 1.25664 0.04203
21.8 1.25664 -0.0242538
22 1.25664 -0.0962955
22.2 1.25664 -0.105498
22.4 1.25664 -0.0366204
22.6 1.25664 0.0504886
22.8 1.25664 0.0827633
23 1.25664 0.0510608
23.2 1.25664 0.0140409
23.4 1.25664 0.0266598
23.6 1.25664 0.0788103
23.8 1.25664 0.11258
24 1.25664 0.0902042
24.2 1.25664 0.0299202
24.4 1.25664 -0.0244782
24.6 1.25664 -0.0524309
24.8 1.25664 -0.0641575
25 1.25664 -0.0707659
25.2 1.25664 -0.0675128
25.4 1.25664 -0.0516521
25.6 1.25664 -0.0399824
25.8 1.25664 -0.0510928
26 1.25664 -0.0731571
26.2 1.25664 -0.0676685
26.4 1.25664 -0.0149301
26.6 1.25664 0.0542121
26.8 1.25664 0.0869328
27 1.25664 0.0687322
27.2 1.25664 0.0418088
27.4 1.25664 0.0556821
27.6 1.25664 0.10814
27.8 1.25664 0.147944
28 1.25664 0.134861
28.2 1.25664 0.0829422
28.4 1.25664 0.0369054
28.6 1.25664 0.0167046
28.8 1.25664 0.00230686
29 1.25664 -0.0260086
29.2 1.25664 -0.0507435
29.4 1.25664 -0.0370691
29.6 1.25664 0.0147627
29.8 1.25664 0.0562172
30 1.25664 0.0413524
30.2 1.25664 -0.0168202
30.4 1.25664 -0.0559915
30.6 1.25664 -0.0340354
30.8 1.25664 0.0221349
31 1.25664 0.0472089
31.2 1.25664 0.0131087
31.4 1.25664 -0.0384926
31.6 1.25664 -0.0445142
31.8 1.25664 0.00697614
32 1.25664 0.063755
32.2 1.25664 0.0691727
32.4 1.25664 0.0237708
32.6 1.25664 -0.0217088
32.8 1.25664 -0.0302257
33 1.25664 -0.0210937
33.2 1.25664 -0.0400794
33.4 1.25664 -0.0934711
33.6 1.25664 -0.128083
33.8 1.25664 -0.087347
34 1.25664 0.0171606
34.2 1.25664 0.103533
34.4 1.25664 0.0972326
34.6 1.25664 0.0080005
34.8 1.25664 -0.0784471
35 1.25664 -0.0867498
35.2 1.25664 -0.0237648
35.4 1.25664 0.0391145
35.6 1.25664 0.0474526
35.8 1.25664 0.0150122
36 1.25664 -0.0076326
36.2 1.25664 0.000154004
36.4 1.25664 0.0115955
36.6 1.25664 0.000850657
36.8 1.25664 -0.0126819
37 1.25664 0.0117511
37.2 1.25664 0.0721062
37.4 1.25664 0.107189
37.6 1.25664 0.061616
37.8 1.25664 -0.0406847
38 1.25664 -0.109301
38.2 1.25664 -0.0822053
38.4 1.25664 0.00492645
38.6 1.25664 0.0589205
38.8 1.25664 0.0340279
39 1.25664 -0.0219134
39.2 1.25664 -0.0331228
39.4 1.25664 0.00915425
39.6 1.25664 0.0389776
39.8 1.25664 0.00223925
40 1.25664 -0.0727958
40.2 1.25664 -0.109534
40.4 1.25664 -0.077912
40.6 1.25664 -0.0298584
40.8 1.25664 -0.0307474
41 1.25664 -0.0740113
41.2 1.25664 -0.08769
41.4 1.25664 -0.0261102
41.6 1.25664 0.0674882
41.8 1.25664 0.106384
42 1.25664 0.0599261
42.2 1.25664 -0.0120839
42.4 1.25664 -0.0289927
42.6 1.25664 0.022366
42.8 1.25664 0.082426
43 1.25664 0.0942791
43.2 1.25664 0.064757
43.4 1.25664 0.0436047
43.6 1.25664 0.0563335
43.8 1.25664 0.0753659
44 1.25664 0.0581092
44.2 1.25664 -0.000718624
44.4 1.25664 -0.0633092
44.6 1.25664 -0.0881294
44.8 1.25664 -0.0652936
45 1.25664 -0.0161852
45.2 1.25664 0.0290772
45.4 1.25664 0.0494455
45.6 1.25664 0.040016
45.8 1.25664 0.0148522
46 1.25664 0.000939476
46.2 1.25664 0.0153472
46.4 1.25664 0.0415262
46.6 1.25664 0.0379329
46.8 1.25664 -0.0167696
47 1.25664 -0.0886786
47.2 1.25664 -0.113342
47.4 1.25664 -0.0642325
47.6 1.25664 0.0114512
47.8 1.25664 0.0388749
48 1.25664 -0.00178353
48.2 1.25664 -0.0510121
48.4 1.25664 -0.036148
48.6 1.25664 0.0459561
48.8 1.25664 0.12533
49 1.25664 0.137604
49.2 1.25664 0.0922577
49.4 1.25664 0.0531086
49.6 1.25664 0.060022
49.8 1.25664 0.087304
50 1.25664 0.0832448
50.2 1.25664 0.0352325
50.4 1.25664 -0.0200302
50.6 1.25664 -0.0467513
50.8 1.25664 -0.0514387
51 1.25664 -0.0643114
51.2 1.25664 -0.0909438
51.4 1.25664 -0.101166
51.6 1.25664 -0.0698141
51.8 1.25664 -0.0143353
52 1.25664 0.0213729
52.2 1.25664 0.0169621
52.4 1.25664 -0.00412687
52.6 1.25664 -0.00867779
52.8 1.25664 0.00330711
53 1.25664 0.00214085
53.2 1.25664 -0.0271377
53.4 1.25664 -0.0581503
53.6 1.25664 -0.0504899
53.8 1.25664 0.00144054
54 1.25664 0.0581341
54.2 1.25664 0.0764681
54.4 1.25664 0.0541052
54.6 1.25664 0.0263288
54.8 1.25664 0.0227959
55 1.25664 0.0369165
55.2 1.25664 0.0407675
55.4 1.25664 0.0223544
55.6 1.25664 -0.0012854
55.8 1.25664 -0.00795102
56 1.25664 0.00147754
56.2 1.25664 0.00538085
56.4 1.25664 -0.0101592
56.6 1.25664 -0.032434
56.8 1.25664 -0.0353646
57 1.25664 -0.00924687
57.2 1.25664 0.0266056
57.4 1.25664 0.0414661
57.6 1.25664 0.0217725
57.8 1.25664 -0.0172923
58 1.25664 -0.0452288
58.2 1.25664 -0.0394807
58.4 1.25664 0.000381808
58.6 1.25664 0.0536539
58.8 1.25664 0.0896162
59 1.25664 0.0829229
59.2 1.25664 0.0292903
59.4 1.25664 -0.0460754
59.6 1.25664 -0.0980019
59.8 1.25664 -0.0902428
60 1.25664 -0.0255226
60.2 1.25664 0.0509663
60.4 1.25664 0.0845799
60.6 1.25664 0.0564236
60.8 1.25664 -0.000314063
61 1.25664 -0.0308204
61.2 1.25664 -0.00914721
61.4 1.25664 0.0393591
61.6 1.25664 0.0649986
61.8 1.25664 0.0419841
62 1.25664 -0.0104782
62.2 1.25664 -0.052526
62.4 1.25664 -0.0638284
62.6 1.25664 -0.0566281
62.8 1.25664 -0.0523598
63 1.25664 -0.0532499
63.2 1.25664 -0.0421514
63.4 1.25664 -0.00798386
63.6 1.25664 0.03539
63.8 1.25664 0.0589666
64 1.25664 0.045
64.2 1.25664 0.00144506
64.4 1.25664 -0.0469169
64.6 1.25664 -0.0765724
64.8 1.25664 -0.0755793
65 1.25664 -0.0453621
65.2 1.25664 -0.00171364
65.4 1.25664 0.0274024
65.6 1.25664 0.0172248
65.8 1.25664 -0.0296077
66 1.25664 -0.0752565
66.2 1.25664 -0.0740323
66.4 1.25664 -0.0164915
66.6 1.25664 0.0545774
66.8 1.25664 0.0790435
67 1.25664 0.034331
67.2 1.25664 -0.0451655
67.4 1.25664 -0.103537
67.6 1.25664 -0.114343
67.8 1.25664 -0.0937665
68 1.25664 -0.0687363
68.2 1.25664 -0.0439512
68.4 1.25664 -0.00722195
68.6 1.25664 0.0393396
68.8 1.25664 0.0683138
69 1.25664 0.05537
69.2 1.25664 0.013385
69.4 1.25664 -0.0130845
69.6 1.25664 0.00799848
69.8 1.25664 0.0623122
70 1.25664 0.104909
70.2 1.25664 0.107473
70.4 1.25664 0.0831366
70.6 1.25664 0.0633736
70.8 1.25664 0.0587178
71 1.25664 0.0514195
71.2 1.25664 0.0252079
71.4 1.25664 -0.00970235
71.6 1.25664 -0.0299802
71.8 1.25664 -0.0321853
72 1.25664 -0.0383564
72.2 1.25664 -0.0621879
72.4 1.25664 -0.0796613
72.6 1.25664 -0.050557
72.8 1.25664 0.0249203
73 1.25664 0.0839084
73.2 1.25664 0.0546705
73.4 1.25664 -0.0605471
73.6 1.25664 -0.167863
73.8 1.25664 -0.164291
74 1.25664 -0.0441016
74.2 1.25664 0.0853928
74.4 1.25664 0.105237
74.6 1.25664 0.00384025
74.8 1.25664 -0.111224
75 1.25664 -0.123407
75.2 1.25664 -0.024483
75.4 1.25664 0.0835715
75.6 1.25664 0.100029
75.8 1.25664 0.0280282
76 1.25664 -0.0391196
76.2 1.25664 -0.0251063
76.4 1.25664 0.0504231
76.6 1.25664 0.103355
76.8 1.25664 0.0827149
77 1.25664 0.0215188
77.2 1.25664 -0.0100647
77.4 1.25664 0.0132094
77.6 1.25664 0.0501421
77.8 1.25664 0.0500099
78 1.25664 0.0144489
78.2 1.25664 -0.00812215
78.4 1.25664 0.0164668
78.6 1.25664 0.0669831
78.8 1.25664 0.0917862
79 1.25664 0.066504
79.2 1.25664 0.017177
79.4 1.25664 -0.012408
79.6 1.25664 -0.0062806
79.8 1.25664 0.0153114
80 1.25664 0.0252962
80.2 1.25664 0.0168685
80.4 1.25664 0.000933634
80.6 1.25664 -0.0127472
80.8 1.25664 -0.0229004
81 1.25664 -0.028342
81.2 1.25664 -0.0231016
81.4 1.25664 -0.00572976
81.6 1.25664 0.0112965
81.8 1.25664 0.00965091
82 1.25664 -0.0153336
82.2 1.25664 -0.0474816
82.4 1.25664 -0.0650903
82.6 1.25664 -0.0611399
82.8 1.25664 -0.0453153
83 1.25664 -0.0283461
83.2 1.25664 -0.0104725
83.4 1.25664 0.012463
83.6 1.25664 0.0369911
83.8 1.25664 0.0532129
84 1.25664 0.0583324
84.2 1.25664 0.0622496
84.4 1.25664 0.0738588
84.6 1.25664 0.0837781
84.8 1.25664 0.0683337
85 1.25664 0.0159551
85.2 1.25664 -0.0522304
85.4 1.25664 -0.0941304
85.6 1.25664 -0.0834544
85.8 1.25664 -0.0353731
86 1.25664 0.00635503
86.2 1.25664 0.0100226
86.4 1.25664 -0.0145292
86.6 1.25664 -0.0262616
86.8 1.25664 0.00602766
87 1.25664 0.0706031
87.2 1.25664 0.120003
87.4 1.25664 0.11437
87.6 1.25664 0.0619919
87.8 1.25664 0.0170823
88 1.25664 0.0320124
88.2 1.25664 0.105661
88.4 1.25664 0.178635
88.6 1.25664 0.184961
88.8 1.25664 0.113849
89 1.25664 0.0205541
89.2 1.25664 -0.0268372
89.4 1.25664 -0.0124211
89.6 1.25664 0.0169734
89.8 1.25664 0.00612098
90 1.25664 -0.0476731
90.2 1.25664 -0.0921151
90.4 1.25664 -0.0773183
90.6 1.25664 -0.00990657
90.8 1.25664 0.0538235
91 1.25664 0.0654847
91.2 1.25664 0.0294886
91.4 1.25664 -0.00953987
91.6 1.25664 -0.0164413
91.8 1.25664 0.00407314
92 1.25664 0.0234582
92.2 1.25664 0.0247932
92.4 1.25664 0.0153968
92.6 1.25664 0.00927581
92.8 1.25664 0.00866699
93 1.25664 0.0083
93.2 1.25664 0.0110982
93.4 1.25664 0.0282596
93.6 1.25664 0.0599277
93.8 1.25664 0.0828561
94 1.25664 0.0672849
94.2 1.25664 0.00977627
94.4 1.25664 -0.0545911
94.6 1.25664 -0.0782918
94.8 1.25664 -0.0423866
95 1.25664 0.0276496
95.2 1.25664 0.0856535
95.4 1.25664 0.10312
95.6 1.25664 0.0860969
95.8 1.25664 0.0599092
96 1.25664 0.0427506
96.2 1.25664 0.0349116
96.4 1.25664 0.0288044
96.6 1.25664 0.0226496
96.8 1.25664 0.0207809
97 1.25664 0.0223872
97.2 1.25664 0.0153613
97.4 1.25664 -0.0136477
97.6 1.25664 -0.0613564
97.8 1.25664 -0.10229
98 1.25664 -0.10566
98.2 1.25664 -0.0619348
98.4 1.25664 0.00597632
98.6 1.25664 0.0591451
98.8 1.25664 0.0725329
99 1.25664 0.0510857
99.2 1.25664 0.019143
99.4 1.25664 -0.00314005
99.6 1.25664 -0.0123266
99.8 1.25664 -0.0150594
100 1.25664 -0.0159211
100.2 1.25664 -0.0155074
100.4 1.25664 -0.0166889
100.6 1.25664 -0.0247839
100.8 1.25664 -0.0376661
101 1.25664 -0.0403125
101.2 1.25664 -0.0173864
101.4 1.25664 0.0257352
101.6 1.25664 0.0592064
101.8 1.25664 0.0525183
102 1.25664 0.00370557
102.2 1.25664 -0.0577709
102.4 1.25664 -0.0982629
102.6 1.25664 -0.107324
102.8 1.25664 -0.0967613
103 1.25664 -0.0778932
103.2 1.25664 -0.0485555
103.4 1.25664 -0.00532514
103.6 1.25664 0.0390577
103.8 1.25664 0.0608674
104 1.25664 0.0502432
104.2 1.25664 0.0241363
104.4 1.25664 0.00832202
104.6 1.25664 0.00886796
104.8 1.25664 0.00824726
105 1.25664 -0.00932688
105.2 1.25664 -0.0362194
105.4 1.25664 -0.0512662
105.6 1.25664 -0.0474534
105.8 1.25664 -0.03987
106 1.25664 -0.04293
106.2 1.25664 -0.0482004
106.4 1.25664 -0.0349104
106.6 1.25664 -0.00109335
106.8 1.25664 0.0274258
107 1.25664 0.0264854
107.2 1.25664 0.0057297
107.4 1.25664 -0.00051176
107.6 1.25664 0.0237607
107.8 1.25664 0.0532948
108 1.25664 0.0513527
108.2 1.25664 0.0177744
108.4 1.25664 -0.00643766
108.6 1.25664 0.0119415
108.8 1.25664 0.0548004
109 1.25664 0.0710687
109.2 1.25664 0.0381945
109.4 1.25664 -0.0080139
109.6 1.25664 -0.0139544
109.8 1.25664 0.0280299
110 1.25664 0.0699138
110.2 1.25664 0.0645185
110.4 1.25664 0.0202417
110.6 1.25664 -0.0108897
110.8 1.25664 0.00486101
111 1.25664 0.0464809
111.2 1.25664 0.0678747
111.4 1.25664 0.0530794
111.6 1.25664 0.0300877
111.8 1.25664 0.0324426
112 1.25664 0.0606108
112.2 1.25664 0.0873355
112.4 1.25664 0.0911497
112.6 1.25664 0.072318
112.8 1.25664 0.0394549
113 1.25664 -0.0021579
113.2 1.25664 -0.0401835
113.4 1.25664 -0.0468636
113.6 1.25664 -0.00308082
113.8 1.25664 0.0648112
114 1.25664 0.0913673
114.2 1.25664 0.0362136
114.4 1.25664 -0.0588087
114.6 1.25664 -0.0960079
114.8 1.25664 -0.0200712
115 1.25664 0.11482
115.2 1.25664 0.189946
115.4 1.25664 0.138624
115.6 1.25664 0.0113633
115.8 1.25664 -0.0785044
116 1.25664 -0.0660156
116.2 1.25664 0.0157501
116.4 1.25664 0.0880944
116.6 1.25664 0.108925
116.8 1.25664 0.0953702
117 1.25664 0.0810894
117.2 1.25664 0.0750384
117.4 1.25664 0.067021
117.6 1.25664 0.0548206
117.8 1.25664 0.0466813
118 1.25664 0.0404336
118.2 1.25664 0.0199255
118.4 1.25664 -0.0180556
118.6 1.25664 -0.0455478
118.8 1.25664 -0.0295229
119 1.25664 0.0235364
119.2 1.25664 0.0650311
119.4 1.25664 0.0564841
119.6 1.25664 0.0162362
119.8 1.25664 -0.000138496
120 1.25664 0.0339736
120.2 1.25664 0.0837596
120.4 1.25664 0.0950882
120.6 1.25664 0.0594685
120.8 1.25664 0.0219236
121 1.25664 0.0242233
121.2 1.25664 0.0562997
121.4 1.25664 0.0748431
121.6 1.25664 0.060245
121.8 1.25664 0.0361479
122 1.25664 0.0289705
122.2 1.25664 0.0256003
122.4 1.25664 -0.0109558
122.6 1.25664 -0.0868711
122.8 1.25664 -0.156851
123 1.25664 -0.168488
123.2 1.25664 -0.119187
123.4 1.25664 -0.056681
123.6 1.25664 -0.0249331
123.8 1.25664 -0.0230147
124 1.25664 -0.0228624
124.2 1.25664 -0.0148731
124.4 1.25664 -0.0190152
124.6 1.25664 -0.0500234
124.8 1.25664 -0.087361
125 1.25664 -0.092881
125.2 1.25664 -0.0553866
125.4 1.25664 -0.00650769
125.6 1.25664 0.0108708
125.8 1.25664 -0.0165031
126 1.25664 -0.0657622
126.2 1.25664 -0.104091
126.4 1.25664 -0.112593
126.6 1.25664 -0.0887777
126.8 1.25664 -0.0406778
127 1.25664 0.0130418
127.2 1.25664 0.0458631
127.4 1.25664 0.041719
127.6 1.25664 0.0151371
127.8 1.25664 0.00412995
128 1.25664 0.0338515
128.2 1.25664 0.0882944
128.4 1.25664 0.123988
128.6 1.25664 0.112071
128.8 1.25664 0.0624008
129 1.25664 0.00720739
129.2 1.25664 -0.0299247
129.4 1.25664 -0.0440228
129.6 1.25664 -0.0377004
129.8 1.25664 -0.0159958
130 1.25664 0.00534901
130.2 1.25664 0.00178843
130.4 1.25664 -0.0347332
130.6 1.25664 -0.075681
130.8 1.25664 -0.0774602
131 1.25664 -0.0306278
131.2 1.25664 0.0229405
131.4 1.25664 0.0347055
131.6 1.25664 0.00736816
131.8 1.25664 -0.00764629
132 1.25664 0.0244254
132.2 1.25664 0.0739025
132.4 1.25664 0.0805609
132.6 1.25664 0.0305444
132.8 1.25664 -0.021506
133 1.25664 -0.016875
133.2 1.25664 0.0360089
133.4 1.25664 0.0748308
133.6 1.25664 0.0646606
133.8 1.25664 0.0413335
134 1.25664 0.0589896
134.2 1.25664 0.110435
134.4 1.25664 0.12838
134.6 1.25664 0.0719611
134.8 1.25664 -0.0117624
135 1.25664 -0.0357698
135.2 1.25664 0.0236131
135.4 1.25664 0.0959281
135.6 1.25664 0.0983243
135.8 1.25664 0.0300852
136 1.25664 -0.0339351
136.2 1.25664 -0.0369562
136.4 1.25664 -0.0015348
136.6 1.25664 0.0122082
136.8 1.25664 -0.0118641
137 1.25664 -0.032286
137.2 1.25664 -0.0152734
137.4 1.25664 0.0147509
137.6 1.25664 0.00803681
137.8 1.25664 -0.0410508
138 1.25664 -0.0834738
138.2 1.25664 -0.0777801
138.4 1.25664 -0.0405061
138.6 1.25664 -0.0178873
138.8 1.25664 -0.0202783
139 1.25664 -0.011067
139.2 1.25664 0.0341393
139.4 1.25664 0.0811201
139.6 1.25664 0.072445
139.8 1.25664 0.00355203
140 1.25664 -0.0605672
140.2 1.25664 -0.054929
140.4 1.25664 0.0133659
140.6 1.25664 0.0776974
140.8 1.25664 0.0892721
141 1.25664 0.0623045
141.2 1.25664 0.0392797
141.4 1.25664 0.0332852
141.6 1.25664 0.0248189
141.8 1.25664 0.00700633
142 1.25664 0.00545678
142.2 1.25664 0.0397089
142.4 1.25664 0.0821339
142.6 1.25664 0.0801171
142.8 1.25664 0.02116
143 1.25664 -0.044006
143.2 1.25664 -0.0560619
143.4 1.25664 -0.0142296
143.6 1.25664 0.0277505
143.8 1.25664 0.0298081
144 1.25664 0.00985382
144.2 1.25664 0.0103528
144.4 1.25664 0.0360091
144.6 1.25664 0.0462871
144.8 1.25664 0.0105734
145 1.25664 -0.049202
145.2 1.25664 -0.084178
145.4 1.25664 -0.0762548
145.6 1.25664 -0.0523146
145.8 1.25664 -0.0418214
146 1.25664 -0.0400265
146.2 1.25664 -0.0254583
146.4 1.25664 -0.000996872
146.6 1.25664 0.00453936
146.8 1.25664 -0.0212636
147 1.25664 -0.0491669
147.2 1.25664 -0.0398219
147.4 1.25664 0.00777432
147.6 1.25664 0.0566509
147.8 1.25664 0.0805035
148 1.25664 0.0926729
148.2 1.25664 0.1146
148.4 1.25664 0.130077
148.6 1.25664 0.0965521
148.8 1.25664 0.0072709
149 1.25664 -0.0795731
149.2 1.25664 -0.09499
149.4 1.25664 -0.0383414
149.6 1.25664 0.0181444
149.8 1.25664 0.011418
150 1.25664 -0.0409195
150.2 1.25664 -0.06647
150.4 1.25664 -0.0277949
150.6 1.25664 0.0348598
150.8 1.25664 0.0563958
151 1.25664 0.0238035
151.2 1.25664 -0.0183311
151.4 1.25664 -0.0312632
151.6 1.25664 -0.0249102
151.8 1.25664 -0.026683
152 1.25664 -0.0284214
152.2 1.25664 0.00680064
152.4 1.25664 0.0827609
152.6 1.25664 0.141782
152.8 1.25664 0.121963
153 1.25664 0.0371992
153.2 1.25664 -0.0242731
153.4 1.25664 0.00672935
153.6 1.25664 0.0999093
153.8 1.25664 0.154192
154 1.25664 0.10577
154.2 1.25664 -0.00594442
154.4 1.25664 -0.0839123
154.6 1.25664 -0.0724637
154.8 1.25664 -0.00024831
155 1.25664 0.0661218
155.2 1.25664 0.0898465
155.4 1.25664 0.0782471
155.6 1.25664 0.0478018
155.8 1.25664 0.000369674
156 1.25664 -0.0598725
156.2 1.25664 -0.103859
156.4 1.25664 -0.093286
156.6 1.25664 -0.0232278
156.8 1.25664 0.0616895
157 1.25664 0.103723
157.2 1.25664 0.0847065
157.4 1.25664 0.0387109
157.6 1.25664 0.0131508
157.8 1.25664 0.0219802
158 1.25664 0.0385624
158.2 1.25664 0.0300623
158.4 1.25664 -0.00638026
158.6 1.25664 -0.0415773
158.8 1.25664 -0.04444
159 1.25664 -0.0122828
159.2 1.25664 0.0274958
159.4 1.25664 0.0442767
159.6 1.25664 0.0333343
159.8 1.25664 0.0193255
160 1.25664 0.0304438
160.2 1.25664 0.0683789
160.4 1.25664 0.10475
160.6 1.25664 0.108678
160.8 1.25664 0.0771588
161 1.25664 0.0358687
161.2 1.25664 0.0101635
161.4 1.25664 -0.000531266
161.6 1.25664 -0.0161183
161.8 1.25664 -0.0462814
162 1.25664 -0.0741847
162.2 1.25664 -0.0731154
162.4 1.25664 -0.0364249
162.6 1.25664 0.0135796
162.8 1.25664 0.0463145
163 1.25664 0.0489843
163.2 1.25664 0.0321746
163.4 1.25664 0.0152707
163.6 1.25664 0.0104591
163.8 1.25664 0.0172334
164 1.25664 0.0247044
164.2 1.25664 0.0176591
164.4 1.25664 -0.0121779
164.6 1.25664 -0.0537441
164.8 1.25664 -0.0783108
165 1.25664 -0.0630289
165.2 1.25664 -0.0165845
165.4 1.25664 0.0248008
165.6 1.25664 0.0335758
165.8 1.25664 0.019956
166 1.25664 0.0164185
166.2 1.25664 0.0329325
166.4 1.25664 0.0391424
166.6 1.25664 0.000929362
166.8 1.25664 -0.0706204
167 1.25664 -0.121757
167.2 1.25664 -0.113306
167.4 1.25664 -0.0648515
167.6 1.25664 -0.0296071
167.8 1.25664 -0.0293957
168 1.25664 -0.0316627
168.2 1.25664 0.000958137
168.4 1.25664 0.0521883
168.6 1.25664 0.0637621
168.8 1.25664 0.00834335
169 1.25664 -0.0671649
169.2 1.25664 -0.0877085
169.4 1.25664 -0.0353585
169.6 1.25664 0.0282986
169.8 1.25664 0.0313078
170 1.25664 -0.0288331
170.2 1.25664 -0.0868487
170.4 1.25664 -0.0856967
170.6 1.25664 -0.0343683
170.8 1.25664 0.0148937
171 1.25664 0.031279
171.2 1.25664 0.0295339
171.4 1.25664 0.0329373
171.6 1.25664 0.034451
171.8 1.25664 0.0105868
172 1.25664 -0.0342536
172.2 1.25664 -0.0587375
172.4 1.25664 -0.0298269
172.6 1.25664 0.0327528
172.8 1.25664 0.07155
173 1.25664 0.0526676
173.2 1.25664 0.00255509
173.4 1.25664 -0.0222715
173.6 1.25664 0.00236487
173.8 1.25664 0.0434058
174 1.25664 0.0481127
174.2 1.25664 0.000840887
174.4 1.25664 -0.0603563
174.6 1.25664 -0.0810518
174.8 1.25664 -0.042227
175 1.25664 0.0224106
175.2 1.25664 0.0574128
175.4 1.25664 0.035618
175.6 1.25664 -0.0177161
175.8 1.25664 -0.0493991
176 1.25664 -0.0304767
176.2 1.25664 0.0143961
176.4 1.25664 0.0334479
176.6 1.25664 0.00670214
176.8 1.25664 -0.0269348
177 1.25664 -0.0112832
177.2 1.25664 0.0572146
177.4 1.25664 0.112892
177.6 1.25664 0.0863764
177.8 1.25664 -0.0152915
178 1.25664 -0.107768
178.2 1.25664 -0.116136
178.4 1.25664 -0.0542943
178.6 1.25664 -0.00556499
178.8 1.25664 -0.0260409
179 1.25664 -0.0827654
179.2 1.25664 -0.0974723
179.4 1.25664 -0.0414964
179.6 1.25664 0.0307313
179.8 1.25664 0.0457686
180 1.25664 -0.00620209
180.2 1.25664 -0.0651248
180.4 1.25664 -0.0705743
180.6 1.25664 -0.0219664
180.8 1.25664 0.0322746
181 1.25664 0.0497352
181.2 1.25664 0.0261806
181.4 1.25664 -0.0169587
181.6 1.25664 -0.0561105
181.8 1.25664 -0.0719628
182 1.25664 -0.0517697
182.2 1.25664 -0.00486712
182.4 1.25664 0.0288858
182.6 1.25664 0.00909236
182.8 1.25664 -0.0550024
183 1.25664 -0.0978509
183.2 1.25664 -0.0611527
183.4 1.25664 0.0351386
183.6 1.25664 0.102797
183.8 1.25664 0.077147
184 1.25664 -0.0105907
184.2 1.25664 -0.0670616
184.4 1.25664 -0.0396167
184.6 1.25664 0.0313824
184.8 1.25664 0.0680216
185 1.25664 0.0448526
185.2 1.25664 0.00442108
185.4 1.25664 -0.0100044
185.6 1.25664 -0.00907334
185.8 1.25664 -0.029427
186 1.25664 -0.0689035
186.2 1.25664 -0.0799001
186.4 1.25664 -0.0337681
186.6 1.25664 0.0321451
186.8 1.25664 0.0547846
187 1.25664 0.0263085
187.2 1.25664 0.00881967
187.4 1.25664 0.0570531
187.6 1.25664 0.143114
187.8 1.25664 0.180447
188 1.25664 0.122909
188.2 1.25664 0.0208352
188.4 1.25664 -0.0324139
188.6 1.25664 0.000477117
188.8 1.25664 0.0689988
189 1.25664 0.0977879
189.2 1.25664 0.064169
189.4 1.25664 0.00770467
189.6 1.25664 -0.021863
189.8 1.25664 -0.0099776
190 1.25664 0.0234033
190.2 1.25664 0.0487521
190.4 1.25664 0.0433405
190.6 1.25664 -0.000361182
190.8 1.25664 -0.0624927
191 1.25664 -0.095535
191.2 1.25664 -0.0596824
191.4 1.25664 0.0276003
191.6 1.25664 0.0901131
191.8 1.25664 0.063006
192 1.25664 -0.0322235
192.2 1.25664 -0.100002
192.4 1.25664 -0.0704746
192.6 1.25664 0.0217328
192.8 1.25664 0.0748396
193 1.25664 0.0352938
193.2 1.25664 -0.0426975
193.4 1.25664 -0.0637461
193.6 1.25664 -0.00406094
193.8 1.25664 0.0640841
194 1.25664 0.062505
194.2 1.25664 2.68378e-06
194.4 1.25664 -0.0429057
194.6 1.25664 -0.0138567
194.8 1.25664 0.0506093
195 1.25664 0.0734577
195.2 1.25664 0.0301558
195.4 1.25664 -0.026526
195.6 1.25664 -0.0329954
195.8 1.25664 0.0135838
196 1.25664 0.0615695
196.2 1.25664 0.0711743
196.4 1.25664 0.0552077
196.6 1.25664 0.0505649
196.8 1.25664 0.0651004
197 1.25664 0.0679729
197.2 1.25664 0.0307479
197.4 1.25664 -0.0351707
197.6 1.25664 -0.0889322
197.8 1.25664 -0.102798
198 1.25664 -0.0878157
198.2 1.25664 -0.0785566
198.4 1.25664 -0.0979386
198.6 1.25664 -0.137527
198.8 1.25664 -0.167414
199 1.25664 -0.16304
199.2 1.25664 -0.126007
199.4 1.25664 -0.0823839
199.6 1.25664 -0.0582276
199.8 1.25664 -0.0522673
200 1.25664 -0.034174
200.2 1.25664 0.0231752
200.4 1.25664 0.107255
200.6 1.25664 0.168577
200.8 1.25664 0.168067
201 1.25664 0.12052
201.2 1.25664 0.0815888
201.4 1.25664 0.087636
201.6 1.25664 0.116263
201.8 1.25664 0.115547
202 1.25664 0.0688547
202.2 1.25664 0.0169075
202.4 1.25664 0.00936643
202.6 1.25664 0.0450565
202.8 1.25664 0.0747856
203 1.25664 0.0627107
203.2 1.25664 0.028444
203.4 1.25664 0.0169535
203.6 1.25664 0.0359392
203.8 1.25664 0.0428214
204 1.25664 0.00053284
204.2 1.25664 -0.0678177
204.4 1.25664 -0.0967236
204.6 1.25664 -0.0508531
204.8 1.25664 0.0332326
205 1.25664 0.0848821
205.2 1.25664 0.0707894
205.4 1.25664 0.0190436
205.6 1.25664 -0.02311
205.8 1.25664 -0.0394815
206 1.25664 -0.0460024
206.2 1.25664 -0.053968
206.4 1.25664 -0.0506883
206.6 1.25664 -0.0209269
206.8 1.25664 0.0250715
207 1.25664 0.05767
207.2 1.25664 0.0605992
207.4 1.25664 0.0478811
207.6 1.25664 0.0447397
207.8 1.25664 0.0584714
208 1.25664 0.0743013
208.2 1.25664 0.0761958
208.4 1.25664 0.0634514
208.6 1.25664 0.0459364
208.8 1.25664 0.0310942
209 1.25664 0.0213259
209.2 1.25664 0.0191953
209.4 1.25664 0.0258096
209.6 1.25664 0.0327527
209.8 1.25664 0.0240076
210 1.25664 -0.0071995
210.2 1.25664 -0.046575
210.4 1.25664 -0.0712702
210.6 1.25664 -0.0748384
210.8 1.25664 -0.0722882
211 1.25664 -0.0757496
211.2 1.25664 -0.0717862
211.4 1.25664 -0.0346614
211.6 1.25664 0.0345901
211.8 1.25664 0.0917111
212 1.25664 0.0839207
212.2 1.25664 0.00431045
212.4 1.25664 -0.093742
212.6 1.25664 -0.141883
212.8 1.25664 -0.116923
213 1.25664 -0.0553124
213.2 1.25664 -0.0113277
213.4 1.25664 -0.00640824
213.6 1.25664 -0.0201567
213.8 1.25664 -0.0240324
214 1.25664 -0.0149356
214.2 1.25664 -0.0128223
214.4 1.25664 -0.0303112
214.6 1.25664 -0.0522845
214.8 1.25664 -0.0500415
215 1.25664 -0.0154988
215.2 1.25664 0.0222346
215.4 1.25664 0.0195254
215.6 1.25664 -0.0379482
215.8 1.25664 -0.113184
216 1.25664 -0.144304
216.2 1.25664 -0.0996734
216.4 1.25664 -0.00971248
216.6 1.25664 0.0587509
216.8 1.25664 0.0638466
217 1.25664 0.0256023
217.2 1.25664 0.000924931
217.4 1.25664 0.0233237
217.6 1.25664 0.0710135
217.8 1.25664 0.0951774
218 1.25664 0.0742607
218.2 1.25664 0.0341462
218.4 1.25664 0.0162612
218.6 1.25664 0.0341304
218.8 1.25664 0.0660759
219 1.25664 0.084446
219.2 1.25664 0.0813868
219.4 1.25664 0.0647085
219.6 1.25664 0.0401165
219.8 1.25664 0.00928261
220 1.25664 -0.0169448
220.2 1.25664 -0.0176563
220.4 1.25664 0.0159286
220.6 1.25664 0.0620023
220.8 1.25664 0.0833272
221 1.25664 0.0648828
221.2 1.25664 0.030071
221.4 1.25664 0.0137588
221.6 1.25664 0.0227241
221.8 1.25664 0.0305125
222 1.25664 0.011975
222.2 1.25664 -0.0251701
222.4 1.25664 -0.0487718
222.6 1.25664 -0.0377186
222.8 1.25664 -0.00129932
223 1.25664 0.0358867
223.2 1.25664 0.0585872
223.4 1.25664 0.0650306
223.6 1.25664 0.0544716
223.8 1.25664 0.0245412
224 1.25664 -0.0149789
224.2 1.25664 -0.0361891
224.4 1.25664 -0.0139562
224.6 1.25664 0.0446229
224.8 1.25664 0.0986306
225 1.25664 0.107218
225.2 1.25664 0.0648354
225.4 1.25664 0.00202126
225.6 1.25664 -0.0448651
225.8 1.25664 -0.0606988
226 1.25664 -0.0530411
226.2 1.25664 -0.0376569
226.4 1.25664 -0.0278129
226.6 1.25664 -0.0303329
226.8 1.25664 -0.0409795
227 1.25664 -0.0431195
227.2 1.25664 -0.0216178
227.4 1.25664 0.0148622
227.6 1.25664 0.0326014
227.8 1.25664 0.00681434
228 1.25664 -0.0416819
228.2 1.25664 -0.0573095
228.4 1.25664 -0.00951981
228.6 1.25664 0.0625441
228.8 1.25664 0.0809835
229 1.25664 0.0130172
229.2 1.25664 -0.0844904
229.4 1.25664 -0.11713
229.6 1.25664 -0.0507627
229.8 1.25664 0.052307
230 1.25664 0.099781
230.2 1.25664 0.0639299
230.4 1.25664 0.00055587
230.6 1.25664 -0.0216793
230.8 1.25664 0.00531252
231 1.25664 0.0341642
231.2 1.25664 0.0284935
231.4 1.25664 0.00438645
231.6 1.25664 0.000511502
231.8 1.25664 0.0222456
232 1.25664 0.0337173
232.2 1.25664 0.00664543
232.4 1.25664 -0.0378245
232.6 1.25664 -0.0484961
232.8 1.25664 -0.00286448
233 1.25664 0.0640667
233.2 1.25664 0.0941819
233.4 1.25664 0.0647777
233.6 1.25664 0.00852229
233.8 1.25664 -0.0217774
234 1.25664 -0.0028766
234.2 1.25664 0.0429766
234.4 1.25664 0.0736666
234.6 1.25664 0.064364
234.8 1.25664 0.0246463
235 1.25664 -0.0121919
235.2 1.25664 -0.0149104
235.4 1.25664 0.0230533
235.6 1.25664 0.0784234
235.8 1.25664 0.115048
236 1.25664 0.112208
236.2 1.25664 0.0809828
236.4 1.25664 0.0524129
236.6 1.25664 0.047367
236.8 1.25664 0.0582639
237 1.25664 0.0616723
237.2 1.25664 0.0469318
237.4 1.25664 0.0271708
237.6 1.25664 0.0191369
237.8 1.25664 0.0158644
238 1.25664 -0.0125188
238.2 1.25664 -0.0849819
238.4 1.25664 -0.177529
238.6 1.25664 -0.23134
238.8 1.25664 -0.200455
239 1.25664 -0.0960008
239.2 1.25664 0.0173039
239.4 1.25664 0.0727869
239.6 1.25664 0.0555075
239.8 1.25664 0.00831327
240 1.25664 -0.0145811
240.2 1.25664 -0.000209474
240.4 1.25664 0.0168651
240.6 1.25664 -0.000241038
240.8 1.25664 -0.0436798
241 1.25664 -0.0655193
241.2 1.25664 -0.0320334
241.4 1.25664 0.0320233
241.6 1.25664 0.0627172
241.8 1.25664 0.0243156
242 1.25664 -0.0481948
242.2 1.25664 -0.0820145
242.4 1.25664 -0.0426132
242.6 1.25664 0.0297586
242.8 1.25664 0.0637341
243 1.25664 0.0320056
243.2 1.25664 -0.025062
243.4 1.25664 -0.049566
243.6 1.25664 -0.0286082
243.8 1.25664 0.000957333
244 1.25664 0.00313759
244.2 1.25664 -0.0173785
244.4 1.25664 -0.0314912
244.6 1.25664 -0.0296606
244.8 1.25664 -0.0333164
245 1.25664 -0.0607428
245.2 1.25664 -0.0960828
245.4 1.25664 -0.105205
245.6 1.25664 -0.0789407
245.8 1.25664 -0.0467303
246 1.25664 -0.0414529
246.2 1.25664 -0.0597546
246.4 1.25664 -0.0682501
246.6 1.25664 -0.0469424
246.8 1.25664 -0.0138189
247 1.25664 0.00019216
247.2 1.25664 -0.00774769
247.4 1.25664 -0.00899681
247.6 1.25664 0.0178531
247.8 1.25664 0.0558607
248 1.25664 0.0662335
248.2 1.25664 0.0328297
248.4 1.25664 -0.018257
248.6 1.25664 -0.0449417
248.8 1.25664 -0.0284595
249 1.25664 0.0162688
249.2 1.25664 0.0616551
249.4 1.25664 0.0888133
249.6 1.25664 0.0895549
249.8 1.25664 0.0606303
250 1.25664 0.00727192
250.2 1.25664 -0.050061
250.4 1.25664 -0.0840995
250.6 1.25664 -0.0828377
250.8 1.25664 -0.0602341
251 1.25664 -0.0400313
251.2 1.25664 -0.0304795
251.4 1.25664 -0.0200852
251.6 1.25664 0.00219916
251.8 1.25664 0.029983
252 1.25664 0.0475358
252.2 1.25664 0.0506056
252.4 1.25664 0.0513627
252.6 1.25664 0.0614885
252.8 1.25664 0.0768906
253 1.25664 0.083772
253.2 1.25664 0.0757185
253.4 1.25664 0.0580208
253.6 1.25664 0.0363145
253.8 1.25664 0.0100618
254 1.25664 -0.0176792
254.2 1.25664 -0.0311253
254.4 1.25664 -0.0142423
254.6 1.25664 0.0251505
254.8 1.25664 0.0530867
255 1.25664 0.040573
255.2 1.25664 -0.00453533
255.4 1.25664 -0.0446835
255.6 1.25664 -0.0534655
255.8 1.25664 -0.0419631
256 1.25664 -0.0387206
256.2 1.25664 -0.0495656
256.4 1.25664 -0.0496396
256.6 1.25664 -0.0188591
256.8 1.25664 0.0250127
257 1.25664 0.0406032
257.2 1.25664 0.00977053
257.4 1.25664 -0.0399195
257.6 1.25664 -0.064945
257.8 1.25664 -0.0509231
258 1.25664 -0.0191562
258.2 1.25664 0.0084243
258.4 1.25664 0.0361701
258.6 1.25664 0.0776915
258.8 1.25664 0.120796
259 1.25664 0.127993
259.2 1.25664 0.0806442
259.4 1.25664 0.0136469
259.6 1.25664 -0.00982444
259.8 1.25664 0.0360434
260 1.25664 0.105991
260.2 1.25664 0.124352
260.4 1.25664 0.060798
260.6 1.25664 -0.0385144
260.8 1.25664 -0.096367
261 1.25664 -0.0779932
261.2 1.25664 -0.0178055
261.4 1.25664 0.0220487
261.6 1.25664 0.0131403
261.8 1.25664 -0.019889
262 1.25664 -0.0341817
262.2 1.25664 -0.0151915
262.4 1.25664 0.0125119
262.6 1.25664 0.0154723
262.8 1.25664 -0.0133348
263 1.25664 -0.0499081
263.2 1.25664 -0.0659708
263.4 1.25664 -0.056142
263.6 1.25664 -0.0374661
263.8 1.25664 -0.025248
264 1.25664 -0.0149572
264.2 1.25664 0.00788535
264.4 1.25664 0.0416943
264.6 1.25664 0.0601666
264.8 1.25664 0.0368785
265 1.25664 -0.0210265
265.2 1.25664 -0.0707929
265.4 1.25664 -0.0730828
265.6 1.25664 -0.0334348
265.8 1.25664 0.000893564
266 1.25664 -0.0105334
266.2 1.25664 -0.0585489
266.4 1.25664 -0.0947785
266.6 1.25664 -0.0843168
266.8 1.25664 -0.0418398
267 1.25664 -0.0117182
267.2 1.25664 -0.0172321
267.4 1.25664 -0.0382636
267.6 1.25664 -0.0411117
267.8 1.25664 -0.0213753
268 1.25664 -0.00718029
268.2 1.25664 -0.0203105
268.4 1.25664 -0.0449207
268.6 1.25664 -0.0439492
268.8 1.25664 -0.0041647
269 1.25664 0.0449361
269.2 1.25664 0.0622543
269.4 1.25664 0.0403855
269.6 1.25664 0.012249
269.8 1.25664 0.0120833
270 1.25664 0.0365925
270.2 1.25664 0.0505177
270.4 1.25664 0.0287496
270.6 1.25664 -0.0136111
270.8 1.25664 -0.035863
271 1.25664 -0.0130901
271.2 1.25664 0.0405646
271.4 1.25664 0.0879336
271.6 1.25664 0.10301
271.8 1.25664 0.0877695
272 1.25664 0.0606797
272.2 1.25664 0.0358358
272.4 1.25664 0.0152863
272.6 1.25664 -0.00332449
272.8 1.25664 -0.018332
273 1.25664 -0.0253072
273.2 1.25664 -0.0234591
273.4 1.25664 -0.0172987
273.6 1.25664 -0.0118403
273.8 1.25664 -0.00838202
274 1.25664 -0.00558086
274.2 1.25664 -0.00222809
274.4 1.25664 0.00354641
274.6 1.25664 0.0164569
274.8 1.25664 0.0405434
275 1.25664 0.0700363
275.2 1.25664 0.0860786
275.4 1.25664 0.069596
275.6 1.25664 0.0224589
275.8 1.25664 -0.0260851
276 1.25664 -0.0412992
276.2 1.25664 -0.0163646
276.4 1.25664 0.017431
276.6 1.25664 0.0195134
276.8 1.25664 -0.018222
277 1.25664 -0.0608408
277.2 1.25664 -0.0650919
277.4 1.25664 -0.0242442
277.6 1.25664 0.0255609
277.8 1.25664 0.0444737
278 1.25664 0.0297957
278.2 1.25664 0.0126413
278.4 1.25664 0.0161199
278.6 1.25664 0.0259591
278.8 1.25664 0.00960961
279 1.25664 -0.0387584
279.2 1.25664 -0.0824696
279.4 1.25664 -0.0775396
279.6 1.25664 -0.0200709
279.8 1.25664 0.0482575
280 1.25664 0.0826369
280.2 1.25664 0.0769552
280.4 1.25664 0.0600921
280.6 1.25664 0.0560808
280.8 1.25664 0.0574603
281 1.25664 0.0403309
281.2 1.25664 -0.00202736
281.4 1.25664 -0.049337
281.6 1.25664 -0.077745
281.8 1.25664 -0.0851422
282 1.25664 -0.0885344
282.2 1.25664 -0.100137
282.4 1.25664 -0.113005
282.6 1.25664 -0.110972
282.8 1.25664 -0.0870711
283 1.25664 -0.0487284
283.2 1.25664 -0.00909706
283.4 1.25664 0.020511
283.6 1.25664 0.0309299
283.8 1.25664 0.0170671
284 1.25664 -0.0138914
284.2 1.25664 -0.0404046
284.4 1.25664 -0.0428028
284.6 1.25664 -0.0256436
284.8 1.25664 -0.0175617
285 1.25664 -0.040523
285.2 1.25664 -0.0794542
285.4 1.25664 -0.0909474
285.6 1.25664 -0.0487428
285.8 1.25664 0.0221571
286 1.25664 0.0644659
286.2 1.25664 0.0452266
286.4 1.25664 -0.00928969
286.6 1.25664 -0.0391582
286.8 1.25664 -0.0104965
287 1.25664 0.0527564
287.2 1.25664 0.09554
287.4 1.25664 0.0854673
287.6 1.25664 0.0384028
287.8 1.25664 -0.00378193
288 1.25664 -0.0131499
288.2 1.25664 0.00709878
288.4 1.25664 0.0359871
288.6 1.25664 0.0553262
288.8 1.25664 0.0564675
289 1.25664 0.0366125
289.2 1.25664 -0.0011181
289.4 1.25664 -0.0425014
289.6 1.25664 -0.0648657
289.8 1.25664 -0.0533351
290 1.25664 -0.016744
290.2 1.25664 0.0161854
290.4 1.25664 0.0203585
290.6 1.25664 -0.00505109
290.8 1.25664 -0.0396807
291 1.25664 -0.064313
291.2 1.25664 -0.0775754
291.4 1.25664 -0.0900652
291.6 1.25664 -0.105376
291.8 1.25664 -0.11202
292 1.25664 -0.096175
292.2 1.25664 -0.0596438
292.4 1.25664 -0.0209117
292.6 1.25664 0.00271928
292.8 1.25664 0.0112157
293 1.25664 0.017947
293.2 1.25664 0.0319167
293.4 1.25664 0.0487703
293.6 1.25664 0.0608513
293.8 1.25664 0.0707882
294 1.25664 0.0877206
294.2 1.25664 0.108961
294.4 1.25664 0.113148
294.6 1.25664 0.0804973
294.8 1.25664 0.0204276
295 1.25664 -0.0291477
295.2 1.25664 -0.0372892
295.4 1.25664 -0.0133671
295.6 1.25664 0.00249909
295.8 1.25664 -0.0149267
296 1.25664 -0.0456947
296.2 1.25664 -0.0470361
296.4 1.25664 -0.00465928
296.6 1.25664 0.0472958
296.8 1.25664 0.062905
297 1.25664 0.0360415
297.2 1.25664 0.00606589
297.4 1.25664 0.0109557
297.6 1.25664 0.0437756
297.8 1.25664 0.0637256
298 1.25664 0.0465931
298.2 1.25664 0.0125387
298.4 1.25664 -0.00120123
298.6 1.25664 0.0129615
298.8 1.25664 0.0248859
299 1.25664 0.00564919
299.2 1.25664 -0.035958
299.4 1.25664 -0.0636423
299.6 1.25664 -0.0559639
299.8 1.25664 -0.0287439
300 1.25664 -0.0138029
300.2 1.25664 -0.0239885
300.4 1.25664 -0.0455167
300.6 1.25664 -0.0589901
300.8 1.25664 -0.0564725
301 1.25664 -0.0368417
301.2 1.25664 0.00242886
301.4 1.25664 0.0560808
301.6 1.25664 0.0975428
301.8 1.25664 0.0915286
302 1.25664 0.031656
302.2 1.25664 -0.0404065
302.4 1.25664 -0.0674496
302.6 1.25664 -0.0337918
302.8 1.25664 0.0170704
303 1.25664 0.0286202
303.2 1.25664 -0.00836019
303.4 1.25664 -0.049295
303.6 1.25664 -0.0488957
303.8 1.25664 -0.010219
304 1.25664 0.0254539
304.2 1.25664 0.0298105
304.4 1.25664 0.015026
304.6 1.25664 0.00825126
304.8 1.25664 0.0125123
305 1.25664 0.00649978
305.2 1.25664 -0.0199679
305.4 1.25664 -0.0465704
305.6 1.25664 -0.047952
305.8 1.25664 -0.029798
306 1.25664 -0.0240004
306.2 1.25664 -0.044711
306.4 1.25664 -0.0621122
306.6 1.25664 -0.033257
306.8 1.25664 0.0424347
307 1.25664 0.110968
307.2 1.25664 0.114855
307.4 1.25664 0.0530332
307.6 1.25664 -0.0168162
307.8 1.25664 -0.0347512
308 1.25664 0.00760183
308.2 1.25664 0.0680453
308.4 1.25664 0.098234
308.6 1.25664 0.0808338
308.8 1.25664 0.0307391
309 1.25664 -0.0241975
309.2 1.25664 -0.0574229
309.4 1.25664 -0.0510299
309.6 1.25664 -0.00645572
309.8 1.25664 0.0480714
310 1.25664 0.0732033
310.2 1.25664 0.0543018
310.4 1.25664 0.0206427
310.6 1.25664 0.0179565
310.8 1.25664 0.0572956
311 1.25664 0.0989189
311.2 1.25664 0.0959506
311.4 1.25664 0.0508646
311.6 1.25664 0.0158286
311.8 1.25664 0.0312183
312 1.25664 0.0734394
312.2 1.25664 0.0784776
312.4 1.25664 0.0191036
312.6 1.25664 -0.0551132
312.8 1.25664 -0.0675947
313 1.25664 -0.00189265
313.2 1.25664 0.0750507
313.4 1.25664 0.0842504
313.6 1.25664 0.0214925
313.8 1.25664 -0.0396541
314 1.25664 -0.0320744
314.2 1.25664 0.0305078
314.4 1.25664 0.0731929
314.6 1.25664 0.0478944
314.8 1.25664 -0.0142205
315 1.25664 -0.0443222
315.2 1.25664 -0.0182148
315.4 1.25664 0.0189911
315.6 1.25664 0.0119232
315.8 1.25664 -0.0368465
316 1.25664 -0.0714141
316.2 1.25664 -0.0513597
316.4 1.25664 0.000344471
316.6 1.25664 0.0267529
316.8 1.25664 0.00423646
317 1.25664 -0.0349164
317.2 1.25664 -0.048048
317.4 1.25664 -0.0344415
317.6 1.25664 -0.0287183
317.8 1.25664 -0.0484481
318 1.25664 -0.0680525
318.2 1.25664 -0.0548135
318.4 1.25664 -0.0188513
318.6 1.25664 -0.00712334
318.8 1.25664 -0.0433056
319 1.25664 -0.0894603
319.2 1.25664 -0.0841668
319.4 1.25664 -0.0167659
319.6 1.25664 0.053105
319.8 1.25664 0.0591046
320 1.25664 0.00223441
320.2 1.25664 -0.0528982
320.4 1.25664 -0.0548786
320.6 1.25664 -0.0225463
320.8 1.25664 -0.0146267
321 1.25664 -0.0519233
321.2 1.25664 -0.0892736
321.4 1.25664 -0.0713455
321.6 1.25664 -0.0024048
321.8 1.25664 0.0556834
322 1.25664 0.0535108
322.2 1.25664 0.00647774
322.4 1.25664 -0.0300835
322.6 1.25664 -0.0265269
322.8 1.25664 -0.00398907
323 1.25664 0.00357933
323.2 1.25664 -0.0069315
323.4 1.25664 -0.01442
323.6 1.25664 -0.0123747
323.8 1.25664 -0.0185859
324 1.25664 -0.0404653
324.2 1.25664 -0.049584
324.4 1.25664 -0.0120021
324.6 1.25664 0.0580071
324.8 1.25664 0.0965174
325 1.25664 0.0575224
325.2 1.25664 -0.0267029
325.4 1.25664 -0.0717542
325.6 1.25664 -0.0326211
325.8 1.25664 0.0445167
326 1.25664 0.0734371
326.2 1.25664 0.0239091
326.4 1.25664 -0.0485375
326.6 1.25664 -0.0701036
326.8 1.25664 -0.0288215
327 1.25664 0.0254032
327.2 1.25664 0.0497942
327.4 1.25664 0.0533249
327.6 1.25664 0.0644407
327.8 1.25664 0.075316
328 1.25664 0.046009
328.2 1.25664 -0.0328696
328.4 1.25664 -0.106239
328.6 1.25664 -0.106518
328.8 1.25664 -0.035624
329 1.25664 0.0275756
329.2 1.25664 0.0141581
329.4 1.25664 -0.0522088
329.6 1.25664 -0.0786348
329.8 1.25664 -0.0103912
330 1.25664 0.101526
330.2 1.25664 0.15279
330.4 1.25664 0.0990393
330.6 1.25664 0.00101989
330.8 1.25664 -0.0462625
331 1.25664 -0.0158882
331.2 1.25664 0.0317488
331.4 1.25664 0.0260437
331.6 1.25664 -0.0345
331.8 1.25664 -0.0874553
332 1.25664 -0.0803606
332.2 1.25664 -0.0248584
332.4 1.25664 0.0233926
332.6 1.25664 0.0264341
332.8 1.25664 -0.00303877
333 1.25664 -0.0240049
333.2 1.25664 -0.0102526
333.4 1.25664 0.0306317
333.6 1.25664 0.070778
333.8 1.25664 0.0851615
334 1.25664 0.0654239
334.2 1.25664 0.0229051
334.4 1.25664 -0.0162302
334.6 1.25664 -0.025762
334.8 1.25664 0.000401348
335 1.25664 0.0403617
335.2 1.25664 0.062221
335.4 1.25664 0.054359
335.6 1.25664 0.0357404
335.8 1.25664 0.0329213
336 1.25664 0.0491681
336.2 1.25664 0.0622999
336.4 1.25664 0.0538735
336.6 1.25664 0.0330946
336.8 1.25664 0.024299
337 1.25664 0.0327565
337.2 1.25664 0.0333297
337.4 1.25664 0.000461249
337.6 1.25664 -0.0545246
337.8 1.25664 -0.0867472
338 1.25664 -0.0644111
338.2 1.25664 -0.00779581
338.4 1.25664 0.0268341
338.6 1.25664 0.00587196
338.8 1.25664 -0.0433699
339 1.25664 -0.0591271
339.2 1.25664 -0.0114326
339.4 1.25664 0.0617463
339.6 1.25664 0.0893756
339.8 1.25664 0.0395102
340 1.25664 -0.0453837
340.2 1.25664 -0.0880926
340.4 1.25664 -0.0527363
340.6 1.25664 0.0199323
340.8 1.25664 0.0543301
341 1.25664 0.0165399
341.2 1.25664 -0.0534048
341.4 1.25664 -0.0864772
341.6 1.25664 -0.0585258
341.8 1.25664 -0.0130256
342 1.25664 -0.00774895
342.2 1.25664 -0.0448172
342.4 1.25664 -0.0646204
342.6 1.25664 -0.0145424
342.8 1.25664 0.0832266
343 1.25664 0.14476
343.2 1.25664 0.109911
343.4 1.25664 0.00815398
343.6 1.25664 -0.0701801
343.8 1.25664 -0.0672267
344 1.25664 -0.0131029
344.2 1.25664 0.0158004
344.4 1.25664 -0.0160133
344.6 1.25664 -0.0712492
344.8 1.25664 -0.0941035
345 1.25664 -0.0784827
345.2 1.25664 -0.0658813
345.4 1.25664 -0.0809951
345.6 1.25664 -0.092757
345.8 1.25664 -0.0547209
346 1.25664 0.0264183
346.2 1.25664 0.0866768
346.4 1.25664 0.078191
346.6 1.25664 0.030424
346.8 1.25664 0.0172626
347 1.25664 0.0639764
347.2 1.25664 0.109357
347.4 1.25664 0.0770052
347.6 1.25664 -0.0258663
347.8 1.25664 -0.105604
348 1.25664 -0.0875338
348.2 1.25664 -0.00712507
348.4 1.25664 0.0259445
348.6 1.25664 -0.0448871
348.8 1.25664 -0.152743
349 1.25664 -0.179573
349.2 1.25664 -0.0897124
349.4 1.25664 0.029244
349.6 1.25664 0.0651199
349.8 1.25664 0.00424903
350 1.25664 -0.0603573
350.2 1.25664 -0.0393082
350.4 1.25664 0.054605
350.6 1.25664 0.127966
350.8 1.25664 0.113705
351 1.25664 0.0381518
351.2 1.25664 -0.0191803
351.4 1.25664 -0.0142527
351.6 1.25664 0.0266678
351.8 1.25664 0.0519335
352 1.25664 0.0437574
352.2 1.25664 0.0253874
352.4 1.25664 0.0231383
352.6 1.25664 0.0379224
352.8 1.25664 0.0538042
353 1.25664 0.0595402
353.2 1.25664 0.0527909
353.4 1.25664 0.031944
353.6 1.25664 -0.00194756
353.8 1.25664 -0.0343493
354 1.25664 -0.0420448
354.2 1.25664 -0.0187328
354.4 1.25664 0.00980247
354.6 1.25664 0.00894675
354.8 1.25664 -0.0238744
355 1.25664 -0.0517333
355.2 1.25664 -0.0396204
355.4 1.25664 0.00235264
355.6 1.25664 0.029082
355.8 1.25664 0.0148154
356 1.25664 -0.014889
356.2 1.25664 -0.0154906
356.4 1.25664 0.0190406
356.6 1.25664 0.0477992
356.8 1.25664 0.0377597
357 1.25664 0.0129143
357.2 1.25664 0.0290296
357.4 1.25664 0.0962133
357.6 1.25664 0.144415
357.8 1.25664 0.086785
358 1.25664 -0.0779668
358.2 1.25664 -0.239413
358.4 1.25664 -0.267304
358.6 1.25664 -0.135917
358.8 1.25664 0.0455274
359 1.25664 0.130406
359.2 1.25664 0.065492
359.4 1.25664 -0.0694242
359.6 1.25664 -0.144433
359.8 1.25664 -0.097415
360 1.25664 0.0234489
360.2 1.25664 0.119929
360.4 1.25664 0.135432
360.6 1.25664 0.0896008
360.8 1.25664 0.0369403
361 1.25664 0.00665743
361.2 1.25664 -0.0124251
361.4 1.25664 -0.0379094
361.6 1.25664 -0.061383
361.8 1.25664 -0.0590729
362 1.25664 -0.0296969
362.2 1.25664 -0.00744335
362.4 1.25664 -0.0272146
362.6 1.25664 -0.0799197
362.8 1.25664 -0.113787
363 1.25664 -0.0871961
363.2 1.25664 -0.0156579
363.4 1.25664 0.0424533
363.6 1.25664 0.0479752
363.8 1.25664 0.0202985
364 1.25664 0.00913771
364.2 1.25664 0.0334897
364.4 1.25664 0.0611886
364.6 1.25664 0.0521934
364.8 1.25664 0.0103528
365 1.25664 -0.0206238
365.2 1.25664 -0.0103478
365.4 1.25664 0.0237354
365.6 1.25664 0.0427619
365.8 1.25664 0.0367769
366 1.25664 0.0325478
366.2 1.25664 0.0500602
366.4 1.25664 0.0678701
366.6 1.25664 0.0461864
366.8 1.25664 -0.0207085
367 1.25664 -0.0914871
367.2 1.25664 -0.121935
367.4 1.25664 -0.10919
367.6 1.25664 -0.0804309
367.8 1.25664 -0.0475614
368 1.25664 0.0038735
368.2 1.25664 0.0732549
368.4 1.25664 0.113622
368.6 1.25664 0.0697929
368.8 1.25664 -0.0481562
369 1.25664 -0.151629
369.2 1.25664 -0.154059
369.4 1.25664 -0.0617642
369.6 1.25664 0.0323338
369.8 1.25664 0.0484798
370 1.25664 -0.00146811
370.2 1.25664 -0.0450252
370.4 1.25664 -0.0430094
370.6 1.25664 -0.0270187
370.8 1.25664 -0.039946
371 1.25664 -0.066197
371.2 1.25664 -0.0487314
371.4 1.25664 0.0281661
371.6 1.25664 0.102538
371.8 1.25664 0.0992122
372 1.25664 0.017856
372.2 1.25664 -0.0667237
372.4 1.25664 -0.0927077
372.6 1.25664 -0.0764395
372.8 1.25664 -0.0749682
373 1.25664 -0.100441
373.2 1.25664 -0.101853
373.4 1.25664 -0.0386092
373.6 1.25664 0.0531077
373.8 1.25664 0.0929539
374 1.25664 0.0510491
374.2 1.25664 -0.0155699
374.4 1.25664 -0.0320104
374.6 1.25664 0.00671826
374.8 1.25664 0.0389361
375 1.25664 0.0223632
375.2 1.25664 -0.0102885
375.4 1.25664 0.00277439
375.6 1.25664 0.0666697
375.8 1.25664 0.116896
376 1.25664 0.0968854
376.2 1.25664 0.0270608
376.4 1.25664 -0.0216915
376.6 1.25664 -0.0154534
376.8 1.25664 0.00478483
377 1.25664 -0.0201663
377.2 1.25664 -0.0895435
377.4 1.25664 -0.139195
377.6 1.25664 -0.113779
377.8 1.25664 -0.0260442
378 1.25664 0.0614383
378.2 1.25664 0.100731
378.4 1.25664 0.0929315
378.6 1.25664 0.0664656
378.8 1.25664 0.0419625
379 1.25664 0.0262281
379.2 1.25664 0.0254502
379.4 1.25664 0.0439935
379.6 1.25664 0.0688279
379.8 1.25664 0.0719751
380 1.25664 0.0411174
380.2 1.25664 0.0018052
380.4 1.25664 -0.00489799
380.6 1.25664 0.0297968
380.8 1.25664 0.066692
381 1.25664 0.058542
381.2 1.25664 0.00181594
381.4 1.25664 -0.0591515
381.6 1.25664 -0.0790967
381.8 1.25664 -0.0548035
382 1.25664 -0.0191289
382.2 1.25664 -0.000868955
382.4 1.25664 0.000366848
382.6 1.25664 0.00212538
382.8 1.25664 0.0135816
383 1.25664 0.0275618
383.2 1.25664 0.0316068
383.4 1.25664 0.0191076
383.6 1.25664 -0.00826701
383.8 1.25664 -0.0400848
384 1.25664 -0.0570404
384.2 1.25664 -0.0406554
384.4 1.25664 0.00747917
384.6 1.25664 0.0588059
384.8 1.25664 0.0802578
385 1.25664 0.0674812
385.2 1.25664 0.0484641
385.4 1.25664 0.0478805
385.6 1.25664 0.0534204
385.8 1.25664 0.0292764
386 1.25664 -0.0349481
386.2 1.25664 -0.100354
386.4 1.25664 -0.114773
386.6 1.25664 -0.0696976
386.8 1.25664 -0.00991326
387 1.25664 0.016711
387.2 1.25664 0.00883723
387.4 1.25664 0.00264541
387.6 1.25664 0.0203215
387.8 1.25664 0.0438813
388 1.25664 0.0452591
388.2 1.25664 0.0282947
388.4 1.25664 0.0238466
388.6 1.25664 0.044019
388.8 1.25664 0.059166
389 1.25664 0.0337209
389.2 1.25664 -0.0217387
389.4 1.25664 -0.0514641
389.6 1.25664 -0.0148748
389.8 1.25664 0.0629783
390 1.25664 0.112473
390.2 1.25664 0.0906961
390.4 1.25664 0.0238113
390.6 1.25664 -0.0243164
390.8 1.25664 -0.0181944
391 1.25664 0.0207998
391.2 1.25664 0.0472362
391.4 1.25664 0.041457
391.6 1.25664 0.0217674
391.8 1.25664 0.013641
392 1.25664 0.0167599
392.2 1.25664 0.00632391
392.4 1.25664 -0.035637
392.6 1.25664 -0.0931634
392.8 1.25664 -0.121525
393 1.25664 -0.0830418
393.2 1.25664 0.0153709
393.4 1.25664 0.116544
393.6 1.25664 0.150923
393.8 1.25664 0.0917326
394 1.25664 -0.0199909
394.2 1.25664 -0.107383
394.4 1.25664 -0.12089
394.6 1.25664 -0.0736794
394.8 1.25664 -0.0176103
395 1.25664 0.0098957
395.2 1.25664 0.0100591
395.4 1.25664 -0.000137084
395.6 1.25664 -0.0184454
395.8 1.25664 -0.0523393
396 1.25664 -0.0898046
396.2 1.25664 -0.0953099
396.4 1.25664 -0.048112
396.6 1.25664 0.0228588
396.8 1.25664 0.059192
397 1.25664 0.0337607
397.2 1.25664 -0.0190061
397.4 1.25664 -0.0425989
397.6 1.25664 -0.0219223
397.8 1.25664 0.00618891
398 1.25664 0.00617844
398.2 1.25664 -0.00918757
398.4 1.25664 0.00120811
398.6 1.25664 0.0471871
398.8 1.25664 0.0882541
399 1.25664 0.0826987
399.2 1.25664 0.0415581
399.4 1.25664 0.0155462
399.6 1.25664 0.0296142
399.8 1.25664 0.0501673
400 1.25664 0.0298324
400.2 1.25664 -0.0258549
400.4 1.25664 -0.0567886
400.6 1.25664 -0.0182942
400.8 1.25664 0.0616906
401 1.25664 0.108622
401.2 1.25664 0.0799812
401.4 1.25664 0.00514756
401.6 1.25664 -0.0539967
401.8 1.25664 -0.0673216
402 1.25664 -0.0518459
402.2 1.25664 -0.034023
402.4 1.25664 -0.0175648
402.6 1.25664 0.00596705
402.8 1.25664 0.0315253
403 1.25664 0.0438096
403.2 1.25664 0.0432443
403.4 1.25664 0.0500329
403.6 1.25664 0.0725708
403.8 1.25664 0.083981
404 1.25664 0.0486427
404.2 1.25664 -0.0261937
404.4 1.25664 -0.081741
404.6 1.25664 -0.0646888
404.8 1.25664 0.0110786
405 1.25664 0.0731545
405.2 1.25664 0.0653351
405.4 1.25664 0.0050972
405.6 1.25664 -0.0411416
405.8 1.25664 -0.0338681
406 1.25664 0.000920668
406.2 1.25664 0.0115062
406.4 1.25664 -0.0132551
406.6 1.25664 -0.030752
406.8 1.25664 0.00196349
407 1.25664 0.0725892
407.2 1.25664 0.120578
407.4 1.25664 0.0991893
407.6 1.25664 0.0248388
407.8 1.25664 -0.0376745
408 1.25664 -0.0370729
408.2 1.25664 0.0185562
408.4 1.25664 0.0745721
408.6 1.25664 0.0843957
408.8 1.25664 0.0501626
409 1.25664 0.011667
409.2 1.25664 -0.000897641
409.4 1.25664 0.00118856
409.6 1.25664 -0.0170351
409.8 1.25664 -0.06721
410 1.25664 -0.116439
410.2 1.25664 -0.120166
410.4 1.25664 -0.0746535
410.6 1.25664 -0.0261776
410.8 1.25664 -0.0204728
411 1.25664 -0.0480242
411.2 1.25664 -0.0522889
411.4 1.25664 0.00359354
411.6 1.25664 0.0888712
411.8 1.25664 0.135538
412 1.25664 0.11351
412.2 1.25664 0.0605006
412.4 1.25664 0.0312279
412.6 1.25664 0.0310866
412.8 1.25664 0.0191553
413 1.25664 -0.0251711
413.2 1.25664 -0.0631147
413.4 1.25664 -0.0431115
413.6 1.25664 0.0236324
413.8 1.25664 0.0619512
414 1.25664 0.0193895
414.2 1.25664 -0.0634246
414.4 1.25664 -0.093034
414.6 1.25664 -0.0339449
414.8 1.25664 0.0439711
415 1.25664 0.0443473
415.2 1.25664 -0.0414214
415.4 1.25664 -0.121347
415.6 1.25664 -0.10748
415.8 1.25664 -0.0131575
416 1.25664 0.068702
416.2 1.25664 0.0721437
416.4 1.25664 0.0197285
416.6 1.25664 -0.0239593
416.8 1.25664 -0.0334644
417 1.25664 -0.0343919
417.2 1.25664 -0.0448685
417.4 1.25664 -0.0387705
417.6 1.25664 0.0148775
417.8 1.25664 0.0928456
418 1.25664 0.12685
418.2 1.25664 0.0780878
418.4 1.25664 -0.0151326
418.6 1.25664 -0.0784454
418.8 1.25664 -0.0809978
419 1.25664 -0.0579681
419.2 1.25664 -0.0558417
419.4 1.25664 -0.0758384
419.6 1.25664 -0.0835545
419.8 1.25664 -0.061073
420 1.25664 -0.0275137
420.2 1.25664 -0.0064584
420.4 1.25664 0.00598669
420.6 1.25664 0.0253988
420.8 1.25664 0.0428336
421 1.25664 0.0283871
421.2 1.25664 -0.0228145
421.4 1.25664 -0.0663307
421.6 1.25664 -0.049113
421.8 1.25664 0.0277355
422 1.25664 0.10242
422.2 1.25664 0.114285
422.4 1.25664 0.062764
422.6 1.25664 -0.00182327
422.8 1.25664 -0.0354047
423 1.25664 -0.033929
423.2 1.25664 -0.0149915
423.4 1.25664 0.0111568
423.6 1.25664 0.0388708
423.8 1.25664 0.0496382
424 1.25664 0.0228698
424.2 1.25664 -0.0304566
424.4 1.25664 -0.0646379
424.6 1.25664 -0.0473796
424.8 1.25664 -0.0034346
425 1.25664 0.010427
425.2 1.25664 -0.022621
425.4 1.25664 -0.0526332
425.6 1.25664 -0.0243127
425.8 1.25664 0.0466849
426 1.25664 0.0850113
426.2 1.25664 0.0487813
426.4 1.25664 -0.012498
426.6 1.25664 -0.0165303
426.8 1.25664 0.0445257
427 1.25664 0.0865489
427.2 1.25664 0.0366083
427.4 1.25664 -0.0685909
427.6 1.25664 -0.117482
427.8 1.25664 -0.0557316
428 1.25664 0.046047
428.2 1.25664 0.075735
428.4 1.25664 0.0134436
428.6 1.25664 -0.0498077
428.8 1.25664 -0.0304552
429 1.25664 0.041395
429.2 1.25664 0.06137
429.4 1.25664 -0.0142924
429.6 1.25664 -0.10867
429.8 1.25664 -0.114872
430 1.25664 -0.0254805
430.2 1.25664 0.0587627
430.4 1.25664 0.0498801
430.6 1.25664 -0.0258254
430.8 1.25664 -0.0662562
431 1.25664 -0.0194066
431.2 1.25664 0.0576419
431.4 1.25664 0.0719833
431.6 1.25664 0.00528149
431.8 1.25664 -0.0698277
432 1.25664 -0.0770247
432.2 1.25664 -0.0166095
432.4 1.25664 0.0491906
432.6 1.25664 0.0727654
432.8 1.25664 0.0612827
433 1.25664 0.0438398
433.2 1.25664 0.0236767
433.4 1.25664 -0.0183291
433.6 1.25664 -0.080106
433.8 1.25664 -0.12075
434 1.25664 -0.098936
434.2 1.25664 -0.0225599
434.4 1.25664 0.0514914
434.6 1.25664 0.0699805
434.8 1.25664 0.0310888
435 1.25664 -0.0207256
435.2 1.25664 -0.0412998
435.4 1.25664 -0.0239413
435.6 1.25664 0.00514867
435.8 1.25664 0.0193025
436 1.25664 0.0158836
436.2 1.25664 0.0132022
436.4 1.25664 0.028951
436.6 1.25664 0.0620415
436.8 1.25664 0.092165
437 1.25664 0.0956038
437.2 1.25664 0.0637243
437.4 1.25664 0.0096273
437.6 1.25664 -0.0415311
437.8 1.25664 -0.0688258
438 1.25664 -0.064907
438.2 1.25664 -0.0344118
438.4 1.25664 0.0105535
438.6 1.25664 0.0518091
438.8 1.25664 0.068373
439 1.25664 0.0487209
439.2 1.25664 0.00446201
439.4 1.25664 -0.0327415
439.6 1.25664 -0.0358663
439.8 1.25664 -0.00689451
440 1.25664 0.0259621
440.2 1.25664 0.0366107
440.4 1.25664 0.0236694
440.6 1.25664 0.00316002
440.8 1.25664 -0.0155314
441 1.25664 -0.0377916
441.2 1.25664 -0.0670667
441.4 1.25664 -0.0897751
441.6 1.25664 -0.0864898
441.8 1.25664 -0.0565734
442 1.25664 -0.0220761
442.2 1.25664 -0.00309041
442.4 1.25664 0.00354992
442.6 1.25664 0.0131137
442.8 1.25664 0.0251128
443 1.25664 0.0199607
443.2 1.25664 -0.0113942
443.4 1.25664 -0.0456503
443.6 1.25664 -0.0496829
443.8 1.25664 -0.0243652
444 1.25664 -0.0103246
444.2 1.25664 -0.0386964
444.4 1.25664 -0.0839058
444.6 1.25664 -0.0834304
444.8 1.25664 -0.0108177
445 1.25664 0.0827266
445.2 1.25664 0.113499
445.4 1.25664 0.0518445
445.6 1.25664 -0.0468164
445.8 1.25664 -0.0999618
446 1.25664 -0.0775083
446.2 1.25664 -0.0166
446.4 1.25664 0.0324462
446.6 1.25664 0.0564502
446.8 1.25664 0.0717303
447 1.25664 0.0849128
447.2 1.25664 0.0824024
447.4 1.25664 0.0590203
447.6 1.25664 0.037324
447.8 1.25664 0.0434495
448 1.25664 0.0700672
448.2 1.25664 0.0801828
448.4 1.25664 0.052159
448.6 1.25664 0.00850992
448.8 1.25664 -0.0108032
449 1.25664 0.00233986
449.2 1.25664 0.0158863
449.4 1.25664 0.00036586
449.6 1.25664 -0.0338073
449.8 1.25664 -0.0525763
450 1.25664 -0.0440974
450.2 1.25664 -0.0314258
450.4 1.25664 -0.0360713
450.6 1.25664 -0.0449306
450.8 1.25664 -0.0294351
451 1.25664 0.00724443
451.2 1.25664 0.0224213
451.4 1.25664 -0.0156754
451.6 1.25664 -0.0807913
451.8 1.25664 -0.109953
452 1.25664 -0.0744426
452.2 1.25664 -0.0147661
452.4 1.25664 0.00637088
452.6 1.25664 -0.0212923
452.8 1.25664 -0.044305
453 1.25664 -0.0127887
453.2 1.25664 0.0545425
453.4 1.25664 0.0869026
453.6 1.25664 0.0416119
453.8 1.25664 -0.0453032
454 1.25664 -0.0955689
454.2 1.25664 -0.0691116
454.4 1.25664 0.000319422
454.6 1.25664 0.0473515
454.8 1.25664 0.0413494
455 1.25664 0.0063568
455.2 1.25664 -0.0159824
455.4 1.25664 -0.0107225
455.6 1.25664 0.00447877
455.8 1.25664 0.00706895
456 1.25664 -0.00633208
456.2 1.25664 -0.0221199
456.4 1.25664 -0.0276684
456.6 1.25664 -0.0228231
456.8 1.25664 -0.0165119
457 1.25664 -0.0161756
457.2 1.25664 -0.0205868
457.4 1.25664 -0.0210666
457.6 1.25664 -0.0104042
457.8 1.25664 0.0068891
458 1.25664 0.0137042
458.2 1.25664 -0.00552771
458.4 1.25664 -0.0458349
458.6 1.25664 -0.0787154
458.8 1.25664 -0.0735428
459 1.25664 -0.0253276
459.2 1.25664 0.0396364
459.4 1.25664 0.0866886
459.6 1.25664 0.100253
459.8 1.25664 0.0887073
460 1.25664 0.067485
460.2 1.25664 0.0441426
460.4 1.25664 0.0201802
460.6 1.25664 -0.000979477
460.8 1.25664 -0.0159158
461 1.25664 -0.0290179
461.2 1.25664 -0.048651
461.4 1.25664 -0.0710724
461.6 1.25664 -0.0755268
461.8 1.25664 -0.0460513
462 1.25664 0.00146575
462.2 1.25664 0.0254011
462.4 1.25664 0.00165036
462.6 1.25664 -0.0421065
462.8 1.25664 -0.0468828
463 1.25664 0.0162365
463.2 1.25664 0.109563
463.4 1.25664 0.160788
463.6 1.25664 0.131974
463.8 1.25664 0.05241
464 1.25664 -0.0160047
464.2 1.25664 -0.0375549
464.4 1.25664 -0.0226214
464.6 1.25664 0.00159066
464.8 1.25664 0.0231951
465 1.25664 0.0428543
465.2 1.25664 0.0523219
465.4 1.25664 0.0350593
465.6 1.25664 -0.00709435
465.8 1.25664 -0.0413833
466 1.25664 -0.0334118
466.2 1.25664 0.0111331
466.4 1.25664 0.0462601
466.6 1.25664 0.034948
466.8 1.25664 -0.00759583
467 1.25664 -0.0304311
467.2 1.25664 -0.00680112
467.4 1.25664 0.0333107
467.6 1.25664 0.0386713
467.8 1.25664 -0.000827828
468 1.25664 -0.0399914
468.2 1.25664 -0.0311949
468.4 1.25664 0.0172441
468.6 1.25664 0.0472154
468.8 1.25664 0.0164388
469 1.25664 -0.0509984
469.2 1.25664 -0.0874185
469.4 1.25664 -0.0532362
469.6 1.25664 0.0206404
469.8 1.25664 0.0636799
470 1.25664 0.0348027
470.2 1.25664 -0.0417456
470.4 1.25664 -0.104042
470.6 1.25664 -0.10873
470.8 1.25664 -0.0606313
471 1.25664 0.00232927
471.2 1.25664 0.0428913
471.4 1.25664 0.0448665
471.6 1.25664 0.013377
471.8 1.25664 -0.0324033
472 1.25664 -0.0665187
472.2 1.25664 -0.0674109
472.4 1.25664 -0.0331476
472.6 1.25664 0.0129047
472.8 1.25664 0.0380894
473 1.25664 0.0288039
473.2 1.25664 0.00357893
473.4 1.25664 -0.0053204
473.6 1.25664 0.0144554
473.8 1.25664 0.0413124
474 1.25664 0.0415182
474.2 1.25664 0.00529225
474.4 1.25664 -0.0404196
474.6 1.25664 -0.0565533
474.8 1.25664 -0.0289769
475 1.25664 0.0192121
475.2 1.25664 0.0511715
475.4 1.25664 0.0502714
475.6 1.25664 0.0308486
475.8 1.25664 0.0185805
476 1.25664 0.0241686
476.2 1.25664 0.03717
476.4 1.25664 0.0420384
476.6 1.25664 0.0352845
476.8 1.25664 0.0253636
477 1.25664 0.0191679
477.2 1.25664 0.0135771
477.4 1.25664 0.00187713
477.6 1.25664 -0.014464
477.8 1.25664 -0.02452
478 1.25664 -0.0196646
478.2 1.25664 -0.00456045
478.4 1.25664 0.00604708
478.6 1.25664 0.00216277
478.8 1.25664 -0.0106744
479 1.25664 -0.0158128
479.2 1.25664 -0.00029403
479.4 1.25664 0.0343513
479.6 1.25664 0.0739719
479.8 1.25664 0.101926
480 1.25664 0.107663
480.2 1.25664 0.0889631
480.4 1.25664 0.0507148
480.6 1.25664 0.0036282
480.8 1.25664 -0.0378907
481 1.25664 -0.061326
481.2 1.25664 -0.0628927
481.4 1.25664 -0.0494608
481.6 1.25664 -0.0321276
481.8 1.25664 -0.0168688
482 1.25664 -0.00187647
482.2 1.25664 0.0152578
482.4 1.25664 0.0290967
482.6 1.25664 0.0283732
482.8 1.25664 0.0091589
483 1.25664 -0.0148877
483.2 1.25664 -0.0201919
483.4 1.25664 0.00384191
483.6 1.25664 0.039096
483.8 1.25664 0.0503912
484 1.25664 0.0184311
484.2 1.25664 -0.0376373
484.4 1.25664 -0.0740879
484.6 1.25664 -0.0631981
484.8 1.25664 -0.020389
485 1.25664 0.0115181
485.2 1.25664 0.00609395
485.4 1.25664 -0.02101
485.6 1.25664 -0.0325721
485.8 1.25664 -0.0136169
486 1.25664 0.0111713
486.2 1.25664 0.00711274
486.4 1.25664 -0.0271508
486.6 1.25664 -0.0534033
486.8 1.25664 -0.0338613
487 1.25664 0.0265656
487.2 1.25664 0.0833631
487.4 1.25664 0.097217
487.6 1.25664 0.0702135
487.8 1.25664 0.0352408
488 1.25664 0.0157792
488.2 1.25664 0.00552474
488.4 1.25664 -0.0111129
488.6 1.25664 -0.0286884
488.8 1.25664 -0.0228921
489 1.25664 0.0158104
489.2 1.25664 0.0611217
489.4 1.25664 0.0738582
489.6 1.25664 0.0458109
489.8 1.25664 0.0120439
490 1.25664 0.0133402
490.2 1.25664 0.0494516
490.4 1.25664 0.0771522
490.6 1.25664 0.0577449
490.8 1.25664 0.00236504
491 1.25664 -0.0349918
491.2 1.25664 -0.0102572
491.4 1.25664 0.0663229
491.6 1.25664 0.1379
491.8 1.25664 0.150616
492 1.25664 0.0977191
492.2 1.25664 0.0218041
492.4 1.25664 -0.0207958
492.6 1.25664 -0.00195393
492.8 1.25664 0.0596545
493 1.25664 0.113312
493.2 1.25664 0.114049
493.4 1.25664 0.0585235
493.6 1.25664 -0.00945673
493.8 1.25664 -0.0336767
494 1.25664 0.00418543
494.2 1.25664 0.065054
494.4 1.25664 0.0873626
494.6 1.25664 0.0465496
494.8 1.25664 -0.0206598
495 1.25664 -0.0539959
495.2 1.25664 -0.0301772
495.4 1.25664 0.0185409
495.6 1.25664 0.0460387
495.8 1.25664 0.0438833
496 1.25664 0.0431706
496.2 1.25664 0.0678125
496.4 1.25664 0.099213
496.6 1.25664 0.0972035
496.8 1.25664 0.0513957
497 1.25664 -0.00156231
497.2 1.25664 -0.0177131
497.4 1.25664 0.00534011
497.6 1.25664 0.0300759
497.8 1.25664 0.0278199
498 1.25664 0.0127365
498.2 1.25664 0.0184459
498.4 1.25664 0.0481871
498.6 1.25664 0.0642098
498.8 1.25664 0.0330859
499 1.25664 -0.0280407
499.2 1.25664 -0.063363
499.4 1.25664 -0.03758
499.6 1.25664 0.026494
499.8 1.25664 0.0745225
500 1.25664 0.0775953
500.2 1.25664 0.0528069
500.4 1.25664 0.0301944
500.6 1.25664 0.014455
500.8 1.25664 -0.0099075
501 1.25664 -0.0433837
501.2 1.25664 -0.0598952
501.4 1.25664 -0.0390527
501.6 1.25664 0.000190671
501.8 1.25664 0.0137996
502 1.25664 -0.0162638
502.2 1.25664 -0.0563622
502.4 1.25664 -0.0564551
502.6 1.25664 -0.00772677
502.8 1.25664 0.0458688
503 1.25664 0.0571544
503.2 1.25664 0.0286306
503.4 1.25664 0.00739504
503.6 1.25664 0.0291262
503.8 1.25664 0.076574
504 1.25664 0.0981347
504.2 1.25664 0.0622313
504.4 1.25664 -0.0129272
504.6 1.25664 -0.0810277
504.8 1.25664 -0.110158
505 1.25664 -0.102196
505.2 1.25664 -0.0794527
505.4 1.25664 -0.0627189
505.6 1.25664 -0.0608572
505.8 1.25664 -0.0698601
506 1.25664 -0.0737554
506.2 1.25664 -0.0520015
506.4 1.25664 0.00147453
506.6 1.25664 0.0623119
506.8 1.25664 0.0873312
507 1.25664 0.0535879
507.2 1.25664 -0.0123875
507.4 1.25664 -0.0516887
507.6 1.25664 -0.0264006
507.8 1.25664 0.0436877
508 1.25664 0.0997642
508.2 1.25664 0.0986605
508.4 1.25664 0.0476332
508.6 1.25664 -0.0116229
508.8 1.25664 -0.0448521
509 1.25664 -0.0474554
509.2 1.25664 -0.0326119
509.4 1.25664 -0.0109094
509.6 1.25664 0.0125889
509.8 1.25664 0.0289396
510 1.25664 0.026094
510.2 1.25664 0.00385172
510.4 1.25664 -0.018193
510.6 1.25664 -0.0163529
510.8 1.25664 0.0114278
511 1.25664 0.0394328
511.2 1.25664 0.0373452
511.4 1.25664 -0.000131632
511.6 1.25664 -0.0474236
511.8 1.25664 -0.0709297
512 1.25664 -0.0578645
512.2 1.25664 -0.025427
512.4 1.25664 -0.00487355
512.6 1.25664 -0.0151542
512.8 1.25664 -0.0465564
513 1.25664 -0.0667854
513.2 1.25664 -0.0471199
513.4 1.25664 0.0100123
513.6 1.25664 0.0670569
513.8 1.25664 0.080518
514 1.25664 0.0410309
514.2 1.25664 -0.0143634
514.4 1.25664 -0.0348402
514.6 1.25664 -0.00424155
514.8 1.25664 0.0436707
515 1.25664 0.0593552
515.2 1.25664 0.0253979
515.4 1.25664 -0.0309508
515.6 1.25664 -0.0686178
515.8 1.25664 -0.0688285
516 1.25664 -0.040165
516.2 1.25664 0.00109864
516.4 1.25664 0.0435281
516.6 1.25664 0.0744705
516.8 1.25664 0.077113
517 1.25664 0.0474244
517.2 1.25664 0.0114141
517.4 1.25664 0.00978136
517.6 1.25664 0.0552324
517.8 1.25664 0.110813
518 1.25664 0.12256
518.2 1.25664 0.0765031
518.4 1.25664 0.0145409
518.6 1.25664 -0.0119943
518.8 1.25664 0.00198746
519 1.25664 0.0158426
519.2 1.25664 -0.00302298
519.4 1.25664 -0.039692
519.6 1.25664 -0.0544288
519.8 1.25664 -0.0353731
520 1.25664 -0.0116984
520.2 1.25664 -0.0111763
520.4 1.25664 -0.0203698
520.6 1.25664 -0.00327089
520.8 1.25664 0.0440286
521 1.25664 0.0764264
521.2 1.25664 0.04935
521.4 1.25664 -0.0236066
521.6 1.25664 -0.0790953
521.8 1.25664 -0.0729836
522 1.25664 -0.0276715
522.2 1.25664 -0.000831739
522.4 1.25664 -0.0145573
522.6 1.25664 -0.0324095
522.8 1.25664 -0.0109372
523 1.25664 0.0407002
523.2 1.25664 0.0679614
523.4 1.25664 0.0358621
523.6 1.25664 -0.028572
523.8 1.25664 -0.0668953
524 1.25664 -0.0531709
524.2 1.25664 -0.0151136
524.4 1.25664 0.00721727
524.6 1.25664 0.0087705
524.8 1.25664 0.0159902
525 1.25664 0.0438664
525.2 1.25664 0.0721191
525.4 1.25664 0.0693912
525.6 1.25664 0.0318654
525.8 1.25664 -0.0123322
526 1.25664 -0.0352682
526.2 1.25664 -0.0368674
526.4 1.25664 -0.0376286
526.6 1.25664 -0.050911
526.8 1.25664 -0.0692374
527 1.25664 -0.0756234
527.2 1.25664 -0.0615741
527.4 1.25664 -0.0329706
527.6 1.25664 -0.0043746
527.8 1.25664 0.00948699
528 1.25664 0.00281211
528.2 1.25664 -0.0127528
528.4 1.25664 -0.0112941
528.6 1.25664 0.0243881
528.8 1.25664 0.0772097
529 1.25664 0.101073
529.2 1.25664 0.0643135
529.4 1.25664 -0.0108018
529.6 1.25664 -0.0627606
529.8 1.25664 -0.0532482
530 1.25664 -0.0096927
530.2 1.25664 0.00484116
530.4 1.25664 -0.0352697
530.6 1.25664 -0.0870447
530.8 1.25664 -0.088928
531 1.25664 -0.0343592
531.2 1.25664 0.0184898
531.4 1.25664 0.0131212
531.6 1.25664 -0.041974
531.8 1.25664 -0.0869848
532 1.25664 -0.0806942
532.2 1.25664 -0.0412759
532.4 1.25664 -0.0142349
532.6 1.25664 -0.0161249
532.8 1.25664 -0.0261444
533 1.25664 -0.0274729
533.2 1.25664 -0.0336566
533.4 1.25664 -0.061004
533.6 1.25664 -0.088762
533.8 1.25664 -0.0718849
534 1.25664 -0.000426282
534.2 1.25664 0.0711563
534.4 1.25664 0.0735241
534.6 1.25664 0.000163737
534.8 1.25664 -0.0805651
535 1.25664 -0.0979692
535.2 1.25664 -0.0529934
535.4 1.25664 -0.00711745
535.6 1.25664 -0.00360191
535.8 1.25664 -0.0195141
536 1.25664 -0.00497611
536.2 1.25664 0.0444359
536.4 1.25664 0.0761396
536.6 1.25664 0.0449046
536.8 1.25664 -0.0281832
537 1.25664 -0.0757811
537.2 1.25664 -0.0587879
537.4 1.25664 -0.00558873
537.6 1.25664 0.0265388
537.8 1.25664 0.0155672
538 1.25664 -0.0120192
538.2 1.25664 -0.0250487
538.4 1.25664 -0.0258815
538.6 1.25664 -0.0365208
538.8 1.25664 -0.0589532
539 1.25664 -0.0670126
539.2 1.25664 -0.0406002
539.4 1.25664 0.00466859
539.6 1.25664 0.0321092
539.8 1.25664 0.0241399
540 1.25664 -0.00197035
540.2 1.25664 -0.0184553
540.4 1.25664 -0.0174648
540.6 1.25664 -0.0116836
540.8 1.25664 -0.01191
541 1.25664 -0.0144519
541.2 1.25664 -0.010051
541.4 1.25664 0.00540018
541.6 1.25664 0.0340814
541.8 1.25664 0.0806522
542 1.25664 0.140461
542.2 1.25664 0.18479
542.4 1.25664 0.173985
542.6 1.25664 0.0984683
542.8 1.25664 0.00219001
543 1.25664 -0.0492555
543.2 1.25664 -0.0311574
543.4 1.25664 0.0165666
543.6 1.25664 0.0352119
543.8 1.25664 0.0119909
544 1.25664 -0.0120792
544.2 1.25664 0.000872536
544.4 1.25664 0.0352577
544.6 1.25664 0.0422144
544.8 1.25664 0.0056593
545 1.25664 -0.0299332
545.2 1.25664 -0.00881172
545.4 1.25664 0.0666105
545.6 1.25664 0.130957
545.8 1.25664 0.124597
546 1.25664 0.0568896
546.2 1.25664 -0.00725883
546.4 1.25664 -0.0186606
546.6 1.25664 0.0106149
546.8 1.25664 0.0341238
547 1.25664 0.0295366
547.2 1.25664 0.0173311
547.4 1.25664 0.0242019
547.6 1.25664 0.0438771
547.8 1.25664 0.0449339
548 1.25664 0.0118845
548.2 1.25664 -0.0343447
548.4 1.25664 -0.0611673
548.6 1.25664 -0.0615432
548.8 1.25664 -0.0580262
549 1.25664 -0.0712551
549.2 1.25664 -0.0928205
549.4 1.25664 -0.0942888
549.6 1.25664 -0.0602983
549.8 1.25664 -0.00778807
550 1.25664 0.0281269
550.2 1.25664 0.0257
550.4 1.25664 -0.00522737
550.6 1.25664 -0.0331464
550.8 1.25664 -0.0327623
551 1.25664 -0.00718897
551.2 1.25664 0.0144632
551.4 1.25664 0.00497216
551.6 1.25664 -0.030326
551.8 1.25664 -0.0522609
552 1.25664 -0.0258839
552.2 1.25664 0.0344111
552.4 1.25664 0.0648073
552.6 1.25664 0.0111759
552.8 1.25664 -0.105586
553 1.25664 -0.191834
553.2 1.25664 -0.163388
553.4 1.25664 -0.0307323
553.6 1.25664 0.103925
553.8 1.25664 0.141643
554 1.25664 0.0775971
554.2 1.25664 -0.00521992
554.4 1.25664 -0.0289617
554.6 1.25664 0.00317364
554.8 1.25664 0.0268391
555 1.25664 -0.000178814
555.2 1.25664 -0.0508797
555.4 1.25664 -0.0679568
555.6 1.25664 -0.0352176
555.8 1.25664 0.00482736
556 1.25664 0.00301892
556.2 1.25664 -0.040933
556.4 1.25664 -0.08305
556.6 1.25664 -0.0867256
556.8 1.25664 -0.0566444
557 1.25664 -0.0215142
557.2 1.25664 0.00240648
557.4 1.25664 0.0196174
557.6 1.25664 0.0340346
557.8 1.25664 0.0359994
558 1.25664 0.0170176
558.2 1.25664 -0.0128027
558.4 1.25664 -0.0346926
558.6 1.25664 -0.046784
558.8 1.25664 -0.0665156
559 1.25664 -0.101103
559.2 1.25664 -0.12584
559.4 1.25664 -0.106836
559.6 1.25664 -0.0469278
559.8 1.25664 0.00485628
560 1.25664 0.00110384
560.2 1.25664 -0.0500887
560.4 1.25664 -0.0914569
560.6 1.25664 -0.0801189
560.8 1.25664 -0.0347141
561 1.25664 -0.00969803
561.2 1.25664 -0.0276372
561.4 1.25664 -0.0519319
561.6 1.25664 -0.0333515
561.8 1.25664 0.0268079
562 1.25664 0.0745988
562.2 1.25664 0.0657792
562.4 1.25664 0.0177635
562.6 1.25664 -0.0106554
562.8 1.25664 0.0130971
563 1.25664 0.0599602
563.2 1.25664 0.0742791
563.4 1.25664 0.0353439
563.6 1.25664 -0.0241348
563.8 1.25664 -0.0565142
564 1.25664 -0.0447995
564.2 1.25664 -0.00829219
564.4 1.25664 0.0256764
564.6 1.25664 0.0440143
564.8 1.25664 0.0456638
565 1.25664 0.0325769
565.2 1.25664 0.0120529
565.4 1.25664 0.000407243
565.6 1.25664 0.0101846
565.8 1.25664 0.0305544
566 1.25664 0.0311919
566.2 1.25664 -0.00396165
566.4 1.25664 -0.0499484
566.6 1.25664 -0.0594317
566.8 1.25664 -0.0130442
567 1.25664 0.055936
567.2 1.25664 0.095372
567.4 1.25664 0.0903175
567.6 1.25664 0.0754117
567.8 1.25664 0.0882803
568 1.25664 0.120417
568.2 1.25664 0.126177
568.4 1.25664 0.0802791
568.6 1.25664 0.0139002
568.8 1.25664 -0.0161244
569 1.25664 0.00999898
569.2 1.25664 0.0532314
569.4 1.25664 0.0598
569.6 1.25664 0.0193684
569.8 1.25664 -0.0278473
570 1.25664 -0.0381626
570.2 1.25664 -0.00936355
570.4 1.25664 0.0236446
570.6 1.25664 0.0291654
570.8 1.25664 0.00616814
571 1.25664 -0.0249195
571.2 1.25664 -0.0464512
571.4 1.25664 -0.0523935
571.6 1.25664 -0.0407719
571.8 1.25664 -0.0104706
572 1.25664 0.0303756
572.2 1.25664 0.0609617
572.4 1.25664 0.0622705
572.6 1.25664 0.0359542
572.8 1.25664 0.00369227
573 1.25664 -0.0140033
573.2 1.25664 -0.014791
573.4 1.25664 -0.00850091
573.6 1.25664 -4.4992e-05
573.8 1.25664 0.013694
574 1.25664 0.0300372
574.2 1.25664 0.0332677
574.4 1.25664 0.00999328
574.6 1.25664 -0.0298145
574.8 1.25664 -0.0562112
575 1.25664 -0.0487517
575.2 1.25664 -0.019153
575.4 1.25664 0.00136208
575.6 1.25664 -0.00349842
575.8 1.25664 -0.0192338
576 1.25664 -0.0208912
576.2 1.25664 -0.003181
576.4 1.25664 0.0163695
576.6 1.25664 0.022169
576.8 1.25664 0.0189325
577 1.25664 0.019701
577.2 1.25664 0.0211165
577.4 1.25664 0.00173853
577.6 1.25664 -0.0500105
577.8 1.25664 -0.111672
578 1.25664 -0.138874
578.2 1.25664 -0.105583
578.4 1.25664 -0.0309751
578.6 1.25664 0.0345967
578.8 1.25664 0.0499376
579 1.25664 0.0116863
579.2 1.25664 -0.049141
579.4 1.25664 -0.092749
579.6 1.25664 -0.095247
579.8 1.25664 -0.0592856
580 1.25664 -0.00986692
580.2 1.25664 0.0214954
580.4 1.25664 0.0179773
580.6 1.25664 -0.00952799
580.8 1.25664 -0.0310105
581 1.25664 -0.0238034
581.2 1.25664 0.00649402
581.4 1.25664 0.0321083
581.6 1.25664 0.0305148
581.8 1.25664 0.00510414
582 1.25664 -0.0203225
582.2 1.25664 -0.0237129
582.4 1.25664 0.000313398
582.6 1.25664 0.0420816
582.8 1.25664 0.0842657
583 1.25664 0.105607
583.2 1.25664 0.08786
583.4 1.25664 0.0325923
583.6 1.25664 -0.0265489
583.8 1.25664 -0.0408949
584 1.25664 0.00957841
584.2 1.25664 0.0873464
584.4 1.25664 0.123246
584.6 1.25664 0.0817256
584.8 1.25664 -0.000371334
585 1.25664 -0.0478442
585.2 1.25664 -0.0239398
585.4 1.25664 0.0311462
585.6 1.25664 0.0433015
585.8 1.25664 -0.0160839
586 1.25664 -0.0997393
586.2 1.25664 -0.134448
586.4 1.25664 -0.0953142
586.6 1.25664 -0.0251223
586.8 1.25664 0.0163739
587 1.25664 0.0123809
587.2 1.25664 -0.00504339
587.4 1.25664 -0.00134185
587.6 1.25664 0.0201025
587.8 1.25664 0.0270289
588 1.25664 -0.000126198
588.2 1.25664 -0.044697
588.4 1.25664 -0.0725722
588.6 1.25664 -0.0677205
588.8 1.25664 -0.0441014
589 1.25664 -0.0250768
589.2 1.25664 -0.0177044
589.4 1.25664 -0.0102409
589.6 1.25664 0.00874578
589.8 1.25664 0.0346518
590 1.25664 0.0516232
590.2 1.25664 0.0497254
590.4 1.25664 0.033479
590.6 1.25664 0.0133072
590.8 1.25664 -0.00780212
591 1.25664 -0.0350846
591.2 1.25664 -0.0689653
591.4 1.25664 -0.0946332
591.6 1.25664 -0.0897838
591.8 1.25664 -0.0458865
592 1.25664 0.0189504
592.2 1.25664 0.0714908
592.4 1.25664 0.0901805
592.6 1.25664 0.0807669
592.8 1.25664 0.0651669
593 1.25664 0.0567599
593.2 1.25664 0.0495508
593.4 1.25664 0.031919
593.6 1.25664 0.00667901
593.8 1.25664 -0.00784662
594 1.25664 0.00239966
594.2 1.25664 0.0296334
594.4 1.25664 0.0492349
594.6 1.25664 0.0412208
594.8 1.25664 0.00524643
595 1.25664 -0.0424965
595.2 1.25664 -0.0810847
595.4 1.25664 -0.0926231
595.6 1.25664 -0.0672053
595.8 1.25664 -0.0117191
596 1.25664 0.0442543
596.2 1.25664 0.0620156
596.4 1.25664 0.0252684
596.6 1.25664 -0.0401877
596.8 1.25664 -0.0858776
597 1.25664 -0.0845247
597.2 1.25664 -0.0516944
597.4 1.25664 -0.0200246
597.6 1.25664 0.00160348
597.8 1.25664 0.0313769
598 1.25664 0.0756241
598.2 1.25664 0.102248
598.4 1.25664 0.0712538
598.6 1.25664 -0.00752668
598.8 1.25664 -0.0658127
599 1.25664 -0.0424524
599.2 1.25664 0.0448708
599.4 1.25664 0.110144
599.6 1.25664 0.0889122
599.8 1.25664 0.00769572
600 1.25664 -0.0484814
600.2 1.25664 -0.0336476
600.4 1.25664 0.0114338
600.6 1.25664 0.0165966
600.8 1.25664 -0.0274491
601 1.25664 -0.0571273
601.2 1.25664 -0.016487
601.4 1.25664 0.0693097
601.6 1.25664 0.117927
601.8 1.25664 0.0822418
602 1.25664 0.000598362
602.2 1.25664 -0.0507105
602.4 1.25664 -0.0405616
602.6 1.25664 -0.00321524
602.8 1.25664 0.018011
603 1.25664 0.0239185
603.2 1.25664 0.0439767
603.4 1.25664 0.0810313
603.6 1.25664 0.0955736
603.8 1.25664 0.0532999
604 1.25664 -0.0250721
604.2 1.25664 -0.0766868
604.4 1.25664 -0.0591239
604.6 1.25664 0.00958188
604.8 1.25664 0.0748156
605 1.25664 0.0987064
605.2 1.25664 0.0841494
605.4 1.25664 0.0556602
605.6 1.25664 0.0323728
605.8 1.25664 0.0217235
606 1.25664 0.0246471
606.2 1.25664 0.0334478
606.4 1.25664 0.0294868
606.6 1.25664 -0.00121541
606.8 1.25664 -0.0445754
607 1.25664 -0.0619825
607.2 1.25664 -0.0299846
607.4 1.25664 0.0264424
607.6 1.25664 0.0535358
607.8 1.25664 0.0265524
608 1.25664 -0.0220232
608.2 1.25664 -0.0416331
608.4 1.25664 -0.0253179
608.6 1.25664 -0.0169214
608.8 1.25664 -0.0523452
609 1.25664 -0.107316
609.2 1.25664 -0.119168
609.4 1.25664 -0.0594691
609.6 1.25664 0.0296743
609.8 1.25664 0.0792136
610 1.25664 0.0634709
610.2 1.25664 0.0166228
610.4 1.25664 -0.0156366
610.6 1.25664 -0.0233382
610.8 1.25664 -0.0253318
611 1.25664 -0.0313327
611.2 1.25664 -0.0309472
611.4 1.25664 -0.0196185
611.6 1.25664 -0.0140973
611.8 1.25664 -0.0267817
612 1.25664 -0.0351123
612.2 1.25664 -5.80289e-05
612.4 1.25664 0.0773553
612.6 1.25664 0.135683
612.8 1.25664 0.110289
613 1.25664 0.0106519
613.2 1.25664 -0.0773108
613.4 1.25664 -0.0780699
613.6 1.25664 -0.00724548
613.8 1.25664 0.0485519
614 1.25664 0.0306933
614.2 1.25664 -0.0286603
614.4 1.25664 -0.0521728
614.6 1.25664 -0.0134668
614.8 1.25664 0.0329276
615 1.25664 0.0218534
615.2 1.25664 -0.039234
615.4 1.25664 -0.0760656
615.6 1.25664 -0.0358011
615.8 1.25664 0.047792
616 1.25664 0.089459
616.2 1.25664 0.0474718
616.4 1.25664 -0.030473
616.6 1.25664 -0.0608786
616.8 1.25664 -0.0150015
617 1.25664 0.0541762
617.2 1.25664 0.07393
617.4 1.25664 0.0305309
617.6 1.25664 -0.0210998
617.8 1.25664 -0.0229542
618 1.25664 0.0204432
618.2 1.25664 0.0474565
618.4 1.25664 0.00878811
618.6 1.25664 -0.0745385
618.8 1.25664 -0.127368
619 1.25664 -0.0949067
619.2 1.25664 0.000686553
619.4 1.25664 0.0807906
619.6 1.25664 0.0873229
619.8 1.25664 0.0373953
620 1.25664 0.000372696
620.2 1.25664 0.0233641
620.4 1.25664 0.0840764
620.6 1.25664 0.118151
620.8 1.25664 0.0869884
621 1.25664 0.0117908
621.2 1.25664 -0.05668
621.4 1.25664 -0.0902953
621.6 1.25664 -0.0974286
621.8 1.25664 -0.0925311
622 1.25664 -0.0702083
622.2 1.25664 -0.0199043
622.4 1.25664 0.0425826
622.6 1.25664 0.0766722
622.8 1.25664 0.0581715
623 1.25664 0.0102672
623.2 1.25664 -0.0179659
623.4 1.25664 -0.0037368
623.6 1.25664 0.0285476
623.8 1.25664 0.0418461
624 1.25664 0.032147
624.2 1.25664 0.0291179
624.4 1.25664 0.0538435
624.6 1.25664 0.089483
624.8 1.25664 0.101378
625 1.25664 0.078601
625.2 1.25664 0.044397
625.4 1.25664 0.0260909
625.6 1.25664 0.0266133
625.8 1.25664 0.0317747
626 1.25664 0.0360534
626.2 1.25664 0.0475996
626.4 1.25664 0.0680349
626.6 1.25664 0.0813398
626.8 1.25664 0.0718555
627 1.25664 0.045453
627.2 1.25664 0.019839
627.4 1.25664 -0.00462349
627.6 1.25664 -0.0475742
627.8 1.25664 -0.111787
628 1.25664 -0.155235
628.2 1.25664 -0.122925
628.4 1.25664 -0.0149004
628.6 1.25664 0.0919514
628.8 1.25664 0.109311
629 1.25664 0.0273575
629.2 1.25664 -0.0712735
629.4 1.25664 -0.0948233
629.6 1.25664 -0.0337729
629.8 1.25664 0.0376375
630 1.25664 0.0449515
630.2 1.25664 -0.0131284
630.4 1.25664 -0.0753969
630.6 1.25664 -0.0873329
630.8 1.25664 -0.0481721
631 1.25664 0.00304044
631.2 1.25664 0.0296386
631.4 1.25664 0.0205252
631.6 1.25664 -0.0125708
631.8 1.25664 -0.043488
632 1.25664 -0.0409928
632.2 1.25664 0.00912486
632.4 1.25664 0.079528
632.6 1.25664 0.110452
632.8 1.25664 0.0631479
633 1.25664 -0.0322045
633.2 1.25664 -0.0961642
633.4 1.25664 -0.0790602
633.6 1.25664 -0.0143051
633.8 1.25664 0.0193008
634 1.25664 -0.0135013
634.2 1.25664 -0.0672341
634.4 1.25664 -0.0735852
634.6 1.25664 -0.0224229
634.8 1.25664 0.0325984
635 1.25664 0.0460268
635.2 1.25664 0.0359955
635.4 1.25664 0.0527713
635.6 1.25664 0.104062
635.8 1.25664 0.136498
636 1.25664 0.0992031
636.2 1.25664 0.00961524
636.4 1.25664 -0.0618162
636.6 1.25664 -0.0685186
636.8 1.25664 -0.0317571
637 1.25664 -0.00346758
637.2 1.25664 -0.0025693
637.4 1.25664 -0.00533564
637.6 1.25664 0.00788443
637.8 1.25664 0.021276
638 1.25664 0.0113174
638.2 1.25664 -0.00904857
638.4 1.25664 0.00191609
638.6 1.25664 0.0583284
638.8 1.25664 0.115916
639 1.25664 0.113808
639.2 1.25664 0.0436612
639.4 1.25664 -0.0378138
639.6 1.25664 -0.0690064
639.8 1.25664 -0.0446884
640 1.25664 -0.00881452
640.2 1.25664 0.00455064
640.4 1.25664 0.00622894
640.6 1.25664 0.024343
640.8 1.25664 0.0569748
641 1.25664 0.068555
641.2 1.25664 0.0336795
641.4 1.25664 -0.0279555
641.6 1.25664 -0.0681629
641.8 1.25664 -0.0576653
642 1.25664 -0.0107507
642.2 1.25664 0.0342237
642.4 1.25664 0.0511201
642.6 1.25664 0.0420147
642.8 1.25664 0.0258998
643 1.25664 0.0190087
643.2 1.25664 0.0234281
643.4 1.25664 0.0273528
643.6 1.25664 0.0152478
643.8 1.25664 -0.0157722
644 1.25664 -0.0457505
644.2 1.25664 -0.0438357
644.4 1.25664 0.00097223
644.6 1.25664 0.0607516
644.8 1.25664 0.088755
645 1.25664 0.0643257
645.2 1.25664 0.0149663
645.4 1.25664 -0.0125826
645.6 1.25664 -0.00244449
645.8 1.25664 0.015279
646 1.25664 0.000765045
646.2 1.25664 -0.0506683
646.4 1.25664 -0.10537
646.6 1.25664 -0.128484
646.8 1.25664 -0.115076
647 1.25664 -0.0835833
647.2 1.25664 -0.0493113
647.4 1.25664 -0.0141273
647.6 1.25664 0.0212092
647.8 1.25664 0.0474132
648 1.25664 0.0555224
648.2 1.25664 0.0492563
648.4 1.25664 0.0405434
648.6 1.25664 0.0349724
648.8 1.25664 0.0296217
649 1.25664 0.0253483
649.2 1.25664 0.0307471
649.4 1.25664 0.0470923
649.6 1.25664 0.0573958
649.8 1.25664 0.0443242
650 1.25664 0.0195702
650.2 1.25664 0.0200035
650.4 1.25664 0.0623892
650.6 1.25664 0.110155
650.8 1.25664 0.104868
651 1.25664 0.0367514
651.2 1.25664 -0.031451
651.4 1.25664 -0.0284258
651.6 1.25664 0.0414447
651.8 1.25664 0.0970537
652 1.25664 0.0722845
652.2 1.25664 -0.00485206
652.4 1.25664 -0.0436017
652.6 1.25664 0.00129217
652.8 1.25664 0.0740908
653 1.25664 0.0835064
653.2 1.25664 0.0113694
653.4 1.25664 -0.0662864
653.6 1.25664 -0.0695333
653.8 1.25664 -0.0057243
654 1.25664 0.0461638
654.2 1.25664 0.0332909
654.4 1.25664 -0.0123081
654.6 1.25664 -0.0206067
654.8 1.25664 0.0284992
655 1.25664 0.0845864
655.2 1.25664 0.0916942
655.4 1.25664 0.0533047
655.6 1.25664 0.0202772
655.8 1.25664 0.0249261
656 1.25664 0.0459335
656.2 1.25664 0.0414412
656.4 1.25664 0.0024945
656.6 1.25664 -0.0383411
656.8 1.25664 -0.0465397
657 1.25664 -0.0213637
657.2 1.25664 0.00933912
657.4 1.25664 0.0204404
657.6 1.25664 0.00969411
657.8 1.25664 -0.00691102
658 1.25664 -0.0112491
658.2 1.25664 0.00310933
658.4 1.25664 0.0236577
658.6 1.25664 0.0241019
658.8 1.25664 -0.0126492
659 1.25664 -0.0686672
659.2 1.25664 -0.0959818
659.4 1.25664 -0.0627101
659.6 1.25664 0.00331735
659.8 1.25664 0.0321368
660 1.25664 -0.0139099
660.2 1.25664 -0.0888388
660.4 1.25664 -0.104238
660.6 1.25664 -0.0277679
660.8 1.25664 0.0736699
661 1.25664 0.103825
661.2 1.25664 0.0455492
661.4 1.25664 -0.0198781
661.6 1.25664 -0.0086886
661.8 1.25664 0.0665347
662 1.25664 0.11346
662.2 1.25664 0.0723951
662.4 1.25664 -0.0113629
662.6 1.25664 -0.0424555
662.8 1.25664 0.00958884
663 1.25664 0.0741981
663.2 1.25664 0.06385
663.4 1.25664 -0.0239907
663.6 1.25664 -0.106651
663.8 1.25664 -0.111993
664 1.25664 -0.0534045
664.2 1.25664 -0.0023015
664.4 1.25664 -0.00179911
664.6 1.25664 -0.0276089
664.8 1.25664 -0.0329658
665 1.25664 -0.0107892
665.2 1.25664 0.00430898
665.4 1.25664 -0.0112655
665.6 1.25664 -0.0347182
665.8 1.25664 -0.0227596
666 1.25664 0.0354163
666.2 1.25664 0.101653
666.4 1.25664 0.126006
666.6 1.25664 0.0945806
666.8 1.25664 0.0393006
667 1.25664 0.00526944
667.2 1.25664 0.0102735
667.4 1.25664 0.0314626
667.6 1.25664 0.0271736
667.8 1.25664 -0.02457
668 1.25664 -0.101221
668.2 1.25664 -0.148084
668.4 1.25664 -0.124064
668.6 1.25664 -0.0430347
668.8 1.25664 0.0327225
669 1.25664 0.048123
669.2 1.25664 0.00775568
669.4 1.25664 -0.0316157
669.6 1.25664 -0.0228806
669.8 1.25664 0.0226895
670 1.25664 0.0534802
670.2 1.25664 0.0384284
670.4 1.25664 -0.00244103
670.6 1.25664 -0.0304597
670.8 1.25664 -0.0367116
671 1.25664 -0.0424558
671.2 1.25664 -0.0554644
671.4 1.25664 -0.0478762
671.6 1.25664 0.0068992
671.8 1.25664 0.084956
672 1.25664 0.122788
672.2 1.25664 0.0874373
672.4 1.25664 0.021795
672.6 1.25664 0.00166637
672.8 1.25664 0.0482309
673 1.25664 0.100624
673.2 1.25664 0.0858601
673.4 1.25664 0.00544818
673.6 1.25664 -0.0653602
673.8 1.25664 -0.0657411
674 1.25664 -0.0189393
674.2 1.25664 -0.00049521
674.4 1.25664 -0.0442613
674.6 1.25664 -0.10022
674.8 1.25664 -0.0944221
675 1.25664 -0.0185908
675.2 1.25664 0.0563798
675.4 1.25664 0.0581801
675.6 1.25664 -0.00830572
675.8 1.25664 -0.0689341
676 1.25664 -0.0609217
676.2 1.25664 0.00462334
676.4 1.25664 0.0614895
676.6 1.25664 0.0594195
676.8 1.25664 0.0094283
677 1.25664 -0.036048
677.2 1.25664 -0.0369185
677.4 1.25664 0.00340121
677.6 1.25664 0.0512512
677.8 1.25664 0.0765333
678 1.25664 0.0725816
678.2 1.25664 0.0514701
678.4 1.25664 0.0276283
678.6 1.25664 0.0068712
678.8 1.25664 -0.0130517
679 1.25664 -0.034695
679.2 1.25664 -0.0539796
679.4 1.25664 -0.0599132
679.6 1.25664 -0.041927
679.8 1.25664 0.000251787
680 1.25664 0.0521644
680.2 1.25664 0.0907923
680.4 1.25664 0.0987568
680.6 1.25664 0.077254
680.8 1.25664 0.047265
681 1.25664 0.0352651
681.2 1.25664 0.0514087
681.4 1.25664 0.078253
681.6 1.25664 0.0839441
681.8 1.25664 0.0527722
682 1.25664 0.00465685
682.2 1.25664 -0.0203695
682.4 1.25664 -0.00246982
682.6 1.25664 0.0342261
682.8 1.25664 0.0440588
683 1.25664 0.00838269
683.2 1.25664 -0.0426049
683.4 1.25664 -0.0615403
683.6 1.25664 -0.0344421
683.8 1.25664 0.00819127
684 1.25664 0.0316688
684.2 1.25664 0.0384052
684.4 1.25664 0.0582626
684.6 1.25664 0.100751
684.8 1.25664 0.132452
685 1.25664 0.11291
685.2 1.25664 0.0474137
685.4 1.25664 -0.0109506
685.6 1.25664 -0.0174582
685.8 1.25664 0.014691
686 1.25664 0.0301002
686.2 1.25664 -0.0067337
686.4 1.25664 -0.0748192
686.6 1.25664 -0.12274
686.8 1.25664 -0.120146
687 1.25664 -0.0764463
687.2 1.25664 -0.0194039
687.4 1.25664 0.0270935
687.6 1.25664 0.0425973
687.8 1.25664 0.00897703
688 1.25664 -0.0688621
688.2 1.25664 -0.144486
688.4 1.25664 -0.156473
688.6 1.25664 -0.0898955
688.8 1.25664 -0.00244906
689 1.25664 0.0296767
689.2 1.25664 -0.00449304
689.4 1.25664 -0.0373863
689.6 1.25664 -0.00473567
689.8 1.25664 0.0702507
690 1.25664 0.0953869
690.2 1.25664 0.0168344
690.4 1.25664 -0.10954
690.6 1.25664 -0.170489
690.8 1.25664 -0.114058
691 1.25664 0.00102316
691.2 1.25664 0.0767146
691.4 1.25664 0.0786339
691.6 1.25664 0.0527744
691.8 1.25664 0.0505514
692 1.25664 0.0645121
692.2 1.25664 0.0502184
692.4 1.25664 -0.00514099
692.6 1.25664 -0.0605243
692.8 1.25664 -0.0696568
693 1.25664 -0.0326472
693.2 1.25664 0.0128027
693.4 1.25664 0.04033
693.6 1.25664 0.0558763
693.8 1.25664 0.0702928
694 1.25664 0.0719078
694.2 1.25664 0.0416927
694.4 1.25664 -0.0129686
694.6 1.25664 -0.058691
694.8 1.25664 -0.0736558
695 1.25664 -0.0696624
695.2 1.25664 -0.0673652
695.4 1.25664 -0.0617189
695.6 1.25664 -0.031623
695.8 1.25664 0.016886
696 1.25664 0.0400929
696.2 1.25664 0.00697031
696.4 1.25664 -0.0498398
696.6 1.25664 -0.0578428
696.8 1.25664 0.0123478
697 1.25664 0.104401
697.2 1.25664 0.133626
697.4 1.25664 0.081209
697.6 1.25664 0.0115507
697.8 1.25664 -0.00864583
698 1.25664 0.0117326
698.2 1.25664 0.00932983
698.4 1.25664 -0.0438535
698.6 1.25664 -0.10019
698.8 1.25664 -0.0981752
699 1.25664 -0.0442737
699.2 1.25664 -0.00598438
699.4 1.25664 -0.0226047
699.6 1.25664 -0.0506117
699.8 1.25664 -0.0193165
700 1.25664 0.0701823
700.2 1.25664 0.130367
700.4 1.25664 0.0834718
700.6 1.25664 -0.044247
700.8 1.25664 -0.144667
701 1.25664 -0.141272
701.2 1.25664 -0.0627527
701.4 1.25664 0.00322337
701.6 1.25664 0.0116159
701.8 1.25664 -0.00475108
702 1.25664 0.00305568
702.2 1.25664 0.0295483
702.4 1.25664 0.0250098
702.6 1.25664 -0.032047
702.8 1.25664 -0.0961597
703 1.25664 -0.100018
703.2 1.25664 -0.0298572
703.4 1.25664 0.0573221
703.6 1.25664 0.0920617
703.8 1.25664 0.0591805
704 1.25664 0.00387966
704.2 1.25664 -0.0197839
704.4 1.25664 0.00125464
704.6 1.25664 0.0366395
704.8 1.25664 0.0487829
705 1.25664 0.0271443
705.2 1.25664 -0.00647367
705.4 1.25664 -0.0192339
705.6 1.25664 0.00454854
705.8 1.25664 0.048573
706 1.25664 0.0745833
706.2 1.25664 0.0530713
706.4 1.25664 -0.00874934
706.6 1.25664 -0.0686924
706.8 1.25664 -0.0840019
707 1.25664 -0.0476515
707.2 1.25664 0.00842997
707.4 1.25664 0.0453439
707.6 1.25664 0.0497935
707.8 1.25664 0.0356233
708 1.25664 0.0201461
708.2 1.25664 0.00698161
708.4 1.25664 -0.007817
708.6 1.25664 -0.0219238
708.8 1.25664 -0.0274963
709 1.25664 -0.0239569
709.2 1.25664 -0.0211852
709.4 1.25664 -0.0251919
709.6 1.25664 -0.0256759
709.8 1.25664 -0.00604944
710 1.25664 0.0325307
710.2 1.25664 0.0631616
710.4 1.25664 0.0554943
710.6 1.25664 0.00695306
710.8 1.25664 -0.050971
711 1.25664 -0.0791805
711.2 1.25664 -0.0649029
711.4 1.25664 -0.0313881
711.6 1.25664 -0.0161194
711.8 1.25664 -0.0371947
712 1.25664 -0.0751533
712.2 1.25664 -0.0851714
712.4 1.25664 -0.0336607
712.6 1.25664 0.0667965
712.8 1.25664 0.156242
713 1.25664 0.169929
713.2 1.25664 0.0952333
713.4 1.25664 -0.010835
713.6 1.25664 -0.0677761
713.8 1.25664 -0.0431586
714 1.25664 0.0206488
714.2 1.25664 0.0524307
714.4 1.25664 0.022956
714.6 1.25664 -0.0337926
714.8 1.25664 -0.0668187
715 1.25664 -0.0640368
715.2 1.25664 -0.0548318
715.4 1.25664 -0.0634072
715.6 1.25664 -0.0754052
715.8 1.25664 -0.0584952
716 1.25664 -0.00722455
716.2 1.25664 0.0462941
716.4 1.25664 0.0681139
716.6 1.25664 0.0577035
716.8 1.25664 0.0399601
717 1.25664 0.0294687
717.2 1.25664 0.0159837
717.4 1.25664 -0.0126654
717.6 1.25664 -0.045978
717.8 1.25664 -0.0604667
718 1.25664 -0.0499346
718.2 1.25664 -0.0337284
718.4 1.25664 -0.0310722
718.6 1.25664 -0.0373763
718.8 1.25664 -0.0352467
719 1.25664 -0.0230458
719.2 1.25664 -0.0179438
719.4 1.25664 -0.0268363
719.6 1.25664 -0.0280763
719.8 1.25664 0.00287467
720 1.25664 0.0524513
720.2 1.25664 0.0712528
720.4 1.25664 0.0285023
720.6 1.25664 -0.0437143
720.8 1.25664 -0.0765643
721 1.25664 -0.0384716
721.2 1.25664 0.0272976
721.4 1.25664 0.048718
721.6 1.25664 0.00435724
721.8 1.25664 -0.05388
722 1.25664 -0.0583484
722.2 1.25664 0.00310272
722.4 1.25664 0.0790908
722.6 1.25664 0.110021
722.8 1.25664 0.0805396
723 1.25664 0.0194526
723.2 1.25664 -0.0361758
723.4 1.25664 -0.0660128
723.6 1.25664 -0.0645588
723.8 1.25664 -0.0343562
724 1.25664 0.00987812
724.2 1.25664 0.0407154
724.4 1.25664 0.0371171
724.6 1.25664 0.00717079
724.8 1.25664 -0.0170584
725 1.25664 -0.0130482
725.2 1.25664 0.00829098
725.4 1.25664 0.0184196
725.6 1.25664 0.0073297
725.8 1.25664 -0.00542685
726 1.25664 0.00239109
726.2 1.25664 0.0269138
726.4 1.25664 0.0441544
726.6 1.25664 0.0401464
726.8 1.25664 0.0240261
727 1.25664 0.00958836
727.2 1.25664 -0.00445397
727.4 1.25664 -0.025814
727.6 1.25664 -0.0465343
727.8 1.25664 -0.045715
728 1.25664 -0.0200892
728.2 1.25664 0.00031475
728.4 1.25664 -0.0177026
728.6 1.25664 -0.065873
728.8 1.25664 -0.095447
729 1.25664 -0.0719604
729.2 1.25664 -0.0203936
729.4 1.25664 -0.00014083
729.6 1.25664 -0.0334426
729.8 1.25664 -0.073203
730 1.25664 -0.0537965
730.2 1.25664 0.0310225
730.4 1.25664 0.114991
730.6 1.25664 0.127862
730.8 1.25664 0.067296
731 1.25664 -0.00496648
731.2 1.25664 -0.0309986
731.4 1.25664 -0.00788863
731.6 1.25664 0.0274618
731.8 1.25664 0.0465429
732 1.25664 0.0483517
732.2 1.25664 0.0396856
732.4 1.25664 0.0193633
732.6 1.25664 -0.0076871
732.8 1.25664 -0.0158943
733 1.25664 0.0188934
733.2 1.25664 0.0789585
733.4 1.25664 0.104605
733.6 1.25664 0.0520694
733.8 1.25664 -0.0507526
734 1.25664 -0.121772
734.2 1.25664 -0.106136
734.4 1.25664 -0.0328643
734.6 1.25664 0.0187379
734.8 1.25664 0.00570402
735 1.25664 -0.0369464
735.2 1.25664 -0.0430799
735.4 1.25664 0.00736811
735.6 1.25664 0.0691706
735.8 1.25664 0.085848
736 1.25664 0.0489881
736.2 1.25664 -0.00125596
736.4 1.25664 -0.0246494
736.6 1.25664 -0.0171374
736.8 1.25664 -0.000855436
737 1.25664 0.00713774
737.2 1.25664 0.00702467
737.4 1.25664 0.00467407
737.6 1.25664 0.00201462
737.8 1.25664 0.00182403
738 1.25664 0.0114483
738.2 1.25664 0.0325893
738.4 1.25664 0.0518853
738.6 1.25664 0.0530602
738.8 1.25664 0.0407043
739 1.25664 0.0414267
739.2 1.25664 0.0716568
739.4 1.25664 0.10844
739.6 1.25664 0.105512
739.8 1.25664 0.0444891
740 1.25664 -0.0374429
740.2 1.25664 -0.0808992
740.4 1.25664 -0.0647064
740.6 1.25664 -0.0241963
740.8 1.25664 -0.00649848
741 1.25664 -0.0174383
741.2 1.25664 -0.0233802
741.4 1.25664 -0.00265476
741.6 1.25664 0.0211846
741.8 1.25664 0.00875159
742 1.25664 -0.0391977
742.2 1.25664 -0.071678
742.4 1.25664 -0.0415767
742.6 1.25664 0.0380427
742.8 1.25664 0.103954
743 1.25664 0.109873
743.2 1.25664 0.0741767
743.4 1.25664 0.0535575
743.6 1.25664 0.0751235
743.8 1.25664 0.10673
744 1.25664 0.0982723
744.2 1.25664 0.0433221
744.4 1.25664 -0.011733
744.6 1.25664 -0.0205688
744.8 1.25664 0.0107362
745 1.25664 0.032065
745.2 1.25664 0.00752854
745.4 1.25664 -0.0431291
745.6 1.25664 -0.0658652
745.8 1.25664 -0.0314801
746 1.25664 0.0322655
746.2 1.25664 0.0679563
746.4 1.25664 0.0437949
746.6 1.25664 -0.0205795
746.8 1.25664 -0.0793083
747 1.25664 -0.104177
747.2 1.25664 -0.101754
747.4 1.25664 -0.0925395
747.6 1.25664 -0.0822892
747.8 1.25664 -0.0587462
748 1.25664 -0.014002
748.2 1.25664 0.0370493
748.4 1.25664 0.0656332
748.6 1.25664 0.0565145
748.8 1.25664 0.0235853
749 1.25664 -0.00357558
749.2 1.25664 -0.00770197
749.4 1.25664 0.00312168
749.6 1.25664 0.00912416
749.8 1.25664 0.00147504
750 1.25664 -0.0116114
750.2 1.25664 -0.0191823
750.4 1.25664 -0.0219191
750.6 1.25664 -0.0280798
750.8 1.25664 -0.0376529
751 1.25664 -0.0377728
751.2 1.25664 -0.0185564
751.4 1.25664 0.00968933
751.6 1.25664 0.0230012
751.8 1.25664 0.0117048
752 1.25664 -0.00256987
752.2 1.25664 0.0134542
752.4 1.25664 0.0637261
752.6 1.25664 0.106446
752.8 1.25664 0.0881126
753 1.25664 -0.000707796
753.2 1.25664 -0.105954
753.4 1.25664 -0.153468
753.6 1.25664 -0.116544
753.8 1.25664 -0.0403607
754 1.25664 0.00238202
754.2 1.25664 -0.0192019
754.4 1.25664 -0.0693235
754.6 1.25664 -0.0876906
754.8 1.25664 -0.0520849
755 1.25664 0.00369969
755.2 1.25664 0.0311312
755.4 1.25664 0.019301
755.6 1.25664 0.00183623
755.8 1.25664 0.0145996
756 1.25664 0.0538807
756.2 1.25664 0.0806765
756.4 1.25664 0.0636089
756.6 1.25664 0.011584
756.8 1.25664 -0.0376315
757 1.25664 -0.0560643
757.2 1.25664 -0.0484232
757.4 1.25664 -0.0390968
757.6 1.25664 -0.0446116
757.8 1.25664 -0.0627447
758 1.25664 -0.0823264
758.2 1.25664 -0.0933415
758.4 1.25664 -0.0856045
758.6 1.25664 -0.0485511
758.8 1.25664 0.0149378
759 1.25664 0.0746695
759.2 1.25664 0.0876369
759.4 1.25664 0.0399157
759.6 1.25664 -0.0273817
759.8 1.25664 -0.0483058
760 1.25664 0.00146928
760.2 1.25664 0.0719433
760.4 1.25664 0.084594
760.6 1.25664 0.0153595
760.8 1.25664 -0.0754404
761 1.25664 -0.103758
761.2 1.25664 -0.0501527
761.4 1.25664 0.0222664
761.6 1.25664 0.0405104
761.8 1.25664 0.00192456
762 1.25664 -0.0296682
762.2 1.25664 -0.00515171
762.4 1.25664 0.0485441
762.6 1.25664 0.0603693
762.8 1.25664 0.00283529
763 1.25664 -0.068635
763.2 1.25664 -0.0726262
763.4 1.25664 0.00886646
763.6 1.25664 0.109351
763.8 1.25664 0.146935
764 1.25664 0.10455
764.2 1.25664 0.0363987
764.4 1.25664 0.0019852
764.6 1.25664 0.00675296
764.8 1.25664 0.0107058
765 1.25664 -0.015319
765.2 1.25664 -0.0540564
765.4 1.25664 -0.0628571
765.6 1.25664 -0.0218394
765.8 1.25664 0.0440182
766 1.25664 0.0872819
766.2 1.25664 0.07891
766.4 1.25664 0.0304711
766.6 1.25664 -0.0167863
766.8 1.25664 -0.0245683
767 1.25664 0.0121124
767.2 1.25664 0.059043
767.4 1.25664 0.0700269
767.6 1.25664 0.0291781
767.8 1.25664 -0.0301704
768 1.25664 -0.0543371
768.2 1.25664 -0.023795
768.4 1.25664 0.0231642
768.6 1.25664 0.0282664
768.8 1.25664 -0.0236811
769 1.25664 -0.08593
769.2 1.25664 -0.0986463
769.4 1.25664 -0.0518836
769.6 1.25664 0.00812805
769.8 1.25664 0.0334795
770 1.25664 0.022526
770.2 1.25664 0.00679474
770.4 1.25664 0.0012498
770.6 1.25664 -0.0120099
770.8 1.25664 -0.0450353
771 1.25664 -0.0675256
771.2 1.25664 -0.0328706
771.4 1.25664 0.0561842
771.6 1.25664 0.128312
771.8 1.25664 0.110749
772 1.25664 0.0146588
772.2 1.25664 -0.0636378
772.4 1.25664 -0.0387353
772.6 1.25664 0.0723304
772.8 1.25664 0.165738
773 1.25664 0.157169
773.2 1.25664 0.0629925
773.4 1.25664 -0.0281522
773.6 1.25664 -0.0528141
773.8 1.25664 -0.0285297
774 1.25664 -0.015488
774.2 1.25664 -0.0406796
774.4 1.25664 -0.0730126
774.6 1.25664 -0.0678019
774.8 1.25664 -0.0197587
775 1.25664 0.0342949
775.2 1.25664 0.0557644
775.4 1.25664 0.0368133
775.6 1.25664 -0.00363
775.8 1.25664 -0.0427838
776 1.25664 -0.0667974
776.2 1.25664 -0.0701327
776.4 1.25664 -0.0552434
776.6 1.25664 -0.0350008
776.8 1.25664 -0.0261261
777 1.25664 -0.0328136
777.2 1.25664 -0.0395994
777.4 1.25664 -0.0277129
777.6 1.25664 0.000678628
777.8 1.25664 0.0205835
778 1.25664 0.0102964
778.2 1.25664 -0.0236066
778.4 1.25664 -0.052161
778.6 1.25664 -0.0538716
778.8 1.25664 -0.0339315
779 1.25664 -0.0132785
779.2 1.25664 -0.00467818
779.4 1.25664 -0.00474665
779.6 1.25664 -0.0063271
779.8 1.25664 -0.0101347
780 1.25664 -0.0204019
780.2 1.25664 -0.0340336
780.4 1.25664 -0.0408551
780.6 1.25664 -0.0350687
780.8 1.25664 -0.022043
781 1.25664 -0.0122015
781.2 1.25664 -0.0116439
781.4 1.25664 -0.0209651
781.6 1.25664 -0.0390314
781.8 1.25664 -0.0619121
782 1.25664 -0.0790029
782.2 1.25664 -0.078402
782.4 1.25664 -0.0611825
782.6 1.25664 -0.0453188
782.8 1.25664 -0.0462933
783 1.25664 -0.0529164
783.2 1.25664 -0.0319964
783.4 1.25664 0.0336386
783.6 1.25664 0.113925
783.8 1.25664 0.149241
784 1.25664 0.10649
784.2 1.25664 0.0161706
784.4 1.25664 -0.0523184
784.6 1.25664 -0.0536216
784.8 1.25664 -0.00321674
785 1.25664 0.0462534
785.2 1.25664 0.0588453
785.4 1.25664 0.0428829
785.6 1.25664 0.0310978
785.8 1.25664 0.0423999
786 1.25664 0.0648041
786.2 1.25664 0.0693004
786.4 1.25664 0.0359534
786.6 1.25664 -0.0289132
786.8 1.25664 -0.0934555
787 1.25664 -0.118758
787.2 1.25664 -0.0879622
787.4 1.25664 -0.0256122
787.6 1.25664 0.0158567
787.8 1.25664 0.000443829
788 1.25664 -0.0554285
788.2 1.25664 -0.0961904
788.4 1.25664 -0.0826666
788.6 1.25664 -0.0322058
788.8 1.25664 0.00249068
789 1.25664 -0.00709338
789.2 1.25664 -0.0357927
789.4 1.25664 -0.039303
789.6 1.25664 -0.00952236
789.8 1.25664 0.0170295
790 1.25664 0.00610297
790.2 1.25664 -0.0319522
790.4 1.25664 -0.056643
790.6 1.25664 -0.0474984
790.8 1.25664 -0.0253607
791 1.25664 -0.0210134
791.2 1.25664 -0.036101
791.4 1.25664 -0.0475443
791.6 1.25664 -0.0446081
791.8 1.25664 -0.0436204
792 1.25664 -0.0593203
792.2 1.25664 -0.0758045
792.4 1.25664 -0.0636274
792.6 1.25664 -0.0244146
792.8 1.25664 0.000348513
793 1.25664 -0.0229293
793.2 1.25664 -0.0723405
793.4 1.25664 -0.0882987
793.6 1.25664 -0.0417509
793.8 1.25664 0.0300004
794 1.25664 0.0665219
794.2 1.25664 0.0553001
794.4 1.25664 0.0424043
794.6 1.25664 0.0693902
794.8 1.25664 0.11607
795 1.25664 0.121882
795.2 1.25664 0.060763
795.4 1.25664 -0.0223916
795.6 1.25664 -0.05811
795.8 1.25664 -0.0261115
796 1.25664 0.0281852
796.2 1.25664 0.0467913
796.4 1.25664 0.0159281
796.6 1.25664 -0.0327601
796.8 1.25664 -0.0636835
797 1.25664 -0.0666973
797.2 1.25664 -0.0510689
797.4 1.25664 -0.0282562
797.6 1.25664 -0.0086568
797.8 1.25664 -0.00311196
798 1.25664 -0.0117276
798.2 1.25664 -0.0126946
798.4 1.25664 0.0205886
798.6 1.25664 0.0813363
798.8 1.25664 0.119076
799 1.25664 0.085465
799.2 1.25664 -0.00549722
799.4 1.25664 -0.0769109
799.6 1.25664 -0.0614489
799.8 1.25664 0.0276258
800 1.25664 0.107456
800.2 1.25664 0.109456
800.4 1.25664 0.0449853
800.6 1.25664 -0.0150232
800.8 1.25664 -0.0163314
801 1.25664 0.0321974
801.2 1.25664 0.0814993
801.4 1.25664 0.0943817
801.6 1.25664 0.0681948
801.8 1.25664 0.0205947
802 1.25664 -0.0272777
802.2 1.25664 -0.0532108
802.4 1.25664 -0.0397211
802.6 1.25664 0.00602533
802.8 1.25664 0.0446581
803 1.25664 0.0362823
803.2 1.25664 -0.0128058
803.4 1.25664 -0.0480723
803.6 1.25664 -0.0254675
803.8 1.25664 0.0319383
804 1.25664 0.0524675
804.2 1.25664 -0.00227288
804.4 1.25664 -0.0861289
804.6 1.25664 -0.113444
804.8 1.25664 -0.0532553
805 1.25664 0.0359237
805.2 1.25664 0.0708128
805.4 1.25664 0.0312313
805.6 1.25664 -0.0290515
805.8 1.25664 -0.0525372
806 1.25664 -0.0384152
806.2 1.25664 -0.0247818
806.4 1.25664 -0.027068
806.6 1.25664 -0.018619
806.8 1.25664 0.0235746
807 1.25664 0.0744824
807.2 1.25664 0.0827991
807.4 1.25664 0.0346184
807.6 1.25664 -0.0237138
807.8 1.25664 -0.0368582
808 1.25664 -0.00453348
808.2 1.25664 0.0202118
808.4 1.25664 -0.00346527
808.6 1.25664 -0.0551881
808.8 1.25664 -0.0788279
809 1.25664 -0.0480268
809.2 1.25664 0.00794772
809.4 1.25664 0.0446552
809.6 1.25664 0.0536443
809.8 1.25664 0.061154
810 1.25664 0.0820698
810.2 1.25664 0.0929765
810.4 1.25664 0.0601354
810.6 1.25664 -0.0141842
810.8 1.25664 -0.0871115
811 1.25664 -0.118396
811.2 1.25664 -0.108347
811.4 1.25664 -0.08568
811.6 1.25664 -0.0655629
811.8 1.25664 -0.0346785
812 1.25664 0.0173914
812.2 1.25664 0.0644231
812.4 1.25664 0.0583597
812.6 1.25664 -0.0167373
812.8 1.25664 -0.115061
813 1.25664 -0.164659
813.2 1.25664 -0.134942
813.4 1.25664 -0.0625976
813.6 1.25664 -0.00838981
813.8 1.25664 0.0044725
814 1.25664 0.000950609
814.2 1.25664 0.0084715
814.4 1.25664 0.0173718
814.6 1.25664 -0.0004711
814.8 1.25664 -0.0407368
815 1.25664 -0.0559356
815.2 1.25664 -0.00974372
815.4 1.25664 0.0665939
815.6 1.25664 0.0940858
815.8 1.25664 0.0330942
816 1.25664 -0.0609779
816.2 1.25664 -0.0880203
816.4 1.25664 -0.0129619
816.6 1.25664 0.0900662
816.8 1.25664 0.116654
817 1.25664 0.0479002
817.2 1.25664 -0.0306983
817.4 1.25664 -0.0316021
817.6 1.25664 0.0315719
817.8 1.25664 0.0634391
818 1.25664 0.00560753
818.2 1.25664 -0.0884283
818.4 1.25664 -0.114127
818.6 1.25664 -0.0397404
818.8 1.25664 0.0560309
819 1.25664 0.0762164
819.2 1.25664 0.0154911
819.4 1.25664 -0.042383
819.6 1.25664 -0.0294644
819.8 1.25664 0.0303554
820 1.25664 0.0607754
820.2 1.25664 0.0286086
820.4 1.25664 -0.0254777
820.6 1.25664 -0.0486166
820.8 1.25664 -0.0389671
821 1.25664 -0.0295489
821.2 1.25664 -0.0274672
821.4 1.25664 -0.0027241
821.6 1.25664 0.0551986
821.8 1.25664 0.0986615
822 1.25664 0.069093
822.2 1.25664 -0.0217731
822.4 1.25664 -0.0884874
822.6 1.25664 -0.0653065
822.8 1.25664 0.014629
823 1.25664 0.0578338
823.2 1.25664 0.0249058
823.4 1.25664 -0.021369
823.6 1.25664 0.00272845
823.8 1.25664 0.0913841
824 1.25664 0.14869
824.2 1.25664 0.10074
824.4 1.25664 -0.0171569
824.6 1.25664 -0.102482
824.8 1.25664 -0.099893
825 1.25664 -0.0477568
825.2 1.25664 -0.0124902
825.4 1.25664 -0.00736499
825.6 1.25664 0.00108518
825.8 1.25664 0.0237808
826 1.25664 0.0246329
826.2 1.25664 -0.0223516
826.4 1.25664 -0.0795698
826.6 1.25664 -0.0818771
826.8 1.25664 -0.0231365
827 1.25664 0.024794
827.2 1.25664 -0.00282523
827.4 1.25664 -0.0778398
827.6 1.25664 -0.106901
827.8 1.25664 -0.0451887
828 1.25664 0.0447999
828.2 1.25664 0.065547
828.4 1.25664 0.000676077
828.6 1.25664 -0.0678319
828.8 1.25664 -0.0604833
829 1.25664 0.00699781
829.2 1.25664 0.0493145
829.4 1.25664 0.017134
829.6 1.25664 -0.0493018
829.8 1.25664 -0.0760864
830 1.25664 -0.0419722
830.2 1.25664 0.00878614
830.4 1.25664 0.0283944
830.6 1.25664 0.0145014
830.8 1.25664 -0.00734217
831 1.25664 -0.0264439
831.2 1.25664 -0.0507974
831.4 1.25664 -0.0761657
831.6 1.25664 -0.0776645
831.8 1.25664 -0.0430707
832 1.25664 0.00114992
832.2 1.25664 0.0150308
832.4 1.25664 -0.00791395
832.6 1.25664 -0.0364705
832.8 1.25664 -0.0470842
833 1.25664 -0.0544534
833.2 1.25664 -0.0822656
833.4 1.25664 -0.115302
833.6 1.25664 -0.106732
833.8 1.25664 -0.0404506
834 1.25664 0.0338748
834.2 1.25664 0.0485294
834.4 1.25664 -0.00440029
834.6 1.25664 -0.0633873
834.8 1.25664 -0.0706927
835 1.25664 -0.0363224
835.2 1.25664 -0.0137702
835.4 1.25664 -0.024313
835.6 1.25664 -0.0327797
835.8 1.25664 -0.00438116
836 1.25664 0.0401553
836.2 1.25664 0.051155
836.4 1.25664 0.0230182
836.6 1.25664 0.00868741
836.8 1.25664 0.047386
837 1.25664 0.100723
837.2 1.25664 0.0910404
837.4 1.25664 0.00264979
837.6 1.25664 -0.0851631
837.8 1.25664 -0.0854452
838 1.25664 -0.00785852
838.2 1.25664 0.05118
838.4 1.25664 0.0240585
838.6 1.25664 -0.0490778
838.8 1.25664 -0.0742192
839 1.25664 -0.0190982
839.2 1.25664 0.0537906
839.4 1.25664 0.0718188
839.6 1.25664 0.0403101
839.8 1.25664 0.0237477
840 1.25664 0.0539976
840.2 1.25664 0.0903577
840.4 1.25664 0.0799324
840.6 1.25664 0.0308997
840.8 1.25664 -0.00104098
841 1.25664 0.00998941
841.2 1.25664 0.0282162
841.4 1.25664 0.0137654
841.6 1.25664 -0.0133637
841.8 1.25664 0.00280232
842 1.25664 0.0702115
842.2 1.25664 0.121302
842.4 1.25664 0.0899418
842.6 1.25664 -0.000267476
842.8 1.25664 -0.0537413
843 1.25664 -0.0126608
843.2 1.25664 0.0735526
843.4 1.25664 0.105232
843.6 1.25664 0.0460659
843.8 1.25664 -0.0431765
844 1.25664 -0.0836478
844.2 1.25664 -0.0665286
844.4 1.25664 -0.0460792
844.6 1.25664 -0.0605867
844.8 1.25664 -0.0886799
845 1.25664 -0.0889534
845.2 1.25664 -0.0584367
845.4 1.25664 -0.0299845
845.6 1.25664 -0.0208574
845.8 1.25664 -0.0109566
846 1.25664 0.0190966
846.2 1.25664 0.0490269
846.4 1.25664 0.0404358
846.6 1.25664 -0.00734679
846.8 1.25664 -0.0467181
847 1.25664 -0.0371968
847.2 1.25664 0.00411391
847.4 1.25664 0.0261841
847.6 1.25664 0.0127027
847.8 1.25664 0.00391122
848 1.25664 0.0398389
848.2 1.25664 0.0985001
848.4 1.25664 0.113437
848.6 1.25664 0.0532244
848.8 1.25664 -0.0368513
849 1.25664 -0.0846433
849.2 1.25664 -0.0716389
849.4 1.25664 -0.0453583
849.6 1.25664 -0.0525865
849.8 1.25664 -0.0805968
850 1.25664 -0.0785623
850.2 1.25664 -0.0275175
850.4 1.25664 0.031306
850.6 1.25664 0.0431082
850.8 1.25664 0.000876071
851 1.25664 -0.0510433
851.2 1.25664 -0.0680616
851.4 1.25664 -0.0466264
851.6 1.25664 -0.0147336
851.8 1.25664 0.00344655
852 1.25664 0.00345837
852.2 1.25664 -0.00903554
852.4 1.25664 -0.0264523
852.6 1.25664 -0.0349646
852.8 1.25664 -0.0168502
853 1.25664 0.0296757
853.2 1.25664 0.077108
853.4 1.25664 0.0889043
853.6 1.25664 0.0575541
853.8 1.25664 0.014116
854 1.25664 -0.00596464
854.2 1.25664 7.52088e-05
854.4 1.25664 0.00836205
854.6 1.25664 0.00581793
854.8 1.25664 0.00456425
855 1.25664 0.0125681
855.2 1.25664 0.00619246
855.4 1.25664 -0.0451994
855.6 1.25664 -0.124776
855.8 1.25664 -0.160272
856 1.25664 -0.0918409
856.2 1.25664 0.0526669
856.4 1.25664 0.168501
856.6 1.25664 0.171067
856.8 1.25664 0.0764243
857 1.25664 -0.0229448
857.2 1.25664 -0.0565299
857.4 1.25664 -0.0365206
857.6 1.25664 -0.0206918
857.8 1.25664 -0.0347005
858 1.25664 -0.0500555
858.2 1.25664 -0.0343302
858.4 1.25664 0.000263569
858.6 1.25664 0.0133011
858.8 1.25664 -0.00895507
859 1.25664 -0.0352369
859.2 1.25664 -0.0304595
859.4 1.25664 -0.000470417
859.6 1.25664 0.0179056
859.8 1.25664 0.00601394
860 1.25664 -0.0140816
860.2 1.25664 -0.0117402
860.4 1.25664 0.00975674
860.6 1.25664 0.0169856
860.8 1.25664 -0.0089739
861 1.25664 -0.0457103
861.2 1.25664 -0.0554272
861.4 1.25664 -0.031074
861.6 1.25664 -0.00525499
861.8 1.25664 -0.0115476
862 1.25664 -0.0451128
862.2 1.25664 -0.0672354
862.4 1.25664 -0.0459481
862.6 1.25664 0.0125644
862.8 1.25664 0.0703067
863 1.25664 0.0881261
863.2 1.25664 0.0511476
863.4 1.25664 -0.0255564
863.6 1.25664 -0.106766
863.8 1.25664 -0.155558
864 1.25664 -0.154107
864.2 1.25664 -0.115194
864.4 1.25664 -0.0709309
864.6 1.25664 -0.0445586
864.8 1.25664 -0.0324917
865 1.25664 -0.0166388
865.2 1.25664 0.00822535
865.4 1.25664 0.0270834
865.6 1.25664 0.0276845
865.8 1.25664 0.0227519
866 1.25664 0.0378619
866.2 1.25664 0.0761717
866.4 1.25664 0.106206
866.6 1.25664 0.09421
866.8 1.25664 0.0448252
867 1.25664 -0.00147661
867.2 1.25664 -0.0141927
867.4 1.25664 -0.00570235
867.6 1.25664 -0.00896364
867.8 1.25664 -0.0279799
868 1.25664 -0.0267433
868.2 1.25664 0.0240907
868.4 1.25664 0.0988295
868.6 1.25664 0.130813
868.8 1.25664 0.0797015
869 1.25664 -0.0232041
869.2 1.25664 -0.10315
869.4 1.25664 -0.111421
869.6 1.25664 -0.0604207
869.8 1.25664 0.00495085
870 1.25664 0.0550234
870.2 1.25664 0.0875647
870.4 1.25664 0.105081
870.6 1.25664 0.101172
870.8 1.25664 0.0761067
871 1.25664 0.0517241
871.2 1.25664 0.0534831
871.4 1.25664 0.0772014
871.6 1.25664 0.0878959
871.8 1.25664 0.0606369
872 1.25664 0.0147772
872.2 1.25664 -0.00531525
872.4 1.25664 0.0163116
872.6 1.25664 0.046152
872.8 1.25664 0.0417699
873 1.25664 0.00474866
873.2 1.25664 -0.0210918
873.4 1.25664 -0.00543756
873.6 1.25664 0.0295294
873.8 1.25664 0.0377779
874 1.25664 0.00978276
874.2 1.25664 -0.0135298
874.4 1.25664 0.00639375
874.6 1.25664 0.0529598
874.8 1.25664 0.071837
875 1.25664 0.0402831
875.2 1.25664 0.00153388
875.4 1.25664 0.0163596
875.6 1.25664 0.0868979
875.8 1.25664 0.146233
876 1.25664 0.130389
876.2 1.25664 0.050838
876.4 1.25664 -0.0171729
876.6 1.25664 -0.0165548
876.8 1.25664 0.0334372
877 1.25664 0.065331
877.2 1.25664 0.0396976
877.4 1.25664 -0.0181683
877.6 1.25664 -0.0549419
877.8 1.25664 -0.0480141
878 1.25664 -0.019468
878.2 1.25664 -0.000925761
878.4 1.25664 -0.000157124
878.6 1.25664 -0.00610551
878.8 1.25664 -0.0138668
879 1.25664 -0.0303498
879.2 1.25664 -0.0556685
879.4 1.25664 -0.0719057
879.6 1.25664 -0.0599986
879.8 1.25664 -0.0246422
880 1.25664 0.00639337
880.2 1.25664 0.0104662
880.4 1.25664 -0.00718496
880.6 1.25664 -0.0220307
880.8 1.25664 -0.0179813
881 1.25664 -0.00165502
881.2 1.25664 0.00949365
881.4 1.25664 0.00728601
881.6 1.25664 -0.00107818
881.8 1.25664 -0.00222471
882 1.25664 0.0124759
882.2 1.25664 0.0417206
882.4 1.25664 0.0727138
882.6 1.25664 0.0844104
882.8 1.25664 0.061845
883 1.25664 0.0160551
883.2 1.25664 -0.0136336
883.4 1.25664 0.00955835
883.6 1.25664 0.0784265
883.8 1.25664 0.136979
884 1.25664 0.129361
884.2 1.25664 0.0591112
884.4 1.25664 -0.00715067
884.6 1.25664 -0.0035911
884.8 1.25664 0.0668251
885 1.25664 0.1334
885.2 1.25664 0.128622
885.4 1.25664 0.0540865
885.6 1.25664 -0.0265179
885.8 1.25664 -0.0543552
886 1.25664 -0.0271159
886.2 1.25664 0.014001
886.4 1.25664 0.0363675
886.6 1.25664 0.0438467
886.8 1.25664 0.056252
887 1.25664 0.0755689
887.2 1.25664 0.0826071
887.4 1.25664 0.0630058
887.6 1.25664 0.0255922
887.8 1.25664 -0.00860361
888 1.25664 -0.0281556
888.2 1.25664 -0.0356052
888.4 1.25664 -0.0343229
888.6 1.25664 -0.0222688
888.8 1.25664 -0.00313051
889 1.25664 0.00486725
889.2 1.25664 -0.0162238
889.4 1.25664 -0.0574
889.6 1.25664 -0.0794004
889.8 1.25664 -0.046541
890 1.25664 0.0333714
890.2 1.25664 0.107288
890.4 1.25664 0.120384
890.6 1.25664 0.0637381
890.8 1.25664 -0.0197289
891 1.25664 -0.0741156
891.2 1.25664 -0.0754439
891.4 1.25664 -0.0430927
891.6 1.25664 -0.0147794
891.8 1.25664 -0.0136009
892 1.25664 -0.0351161
892.2 1.25664 -0.0584539
892.4 1.25664 -0.0661485
892.6 1.25664 -0.055609
892.8 1.25664 -0.0360874
893 1.25664 -0.0168858
893.2 1.25664 0.00174087
893.4 1.25664 0.0261368
893.6 1.25664 0.0572017
893.8 1.25664 0.0819203
894 1.25664 0.0805604
894.2 1.25664 0.0460503
894.4 1.25664 -0.00425177
894.6 1.25664 -0.0399225
894.8 1.25664 -0.0439337
895 1.25664 -0.0277421
895.2 1.25664 -0.01874
895.4 1.25664 -0.032615
895.6 1.25664 -0.0595747
895.8 1.25664 -0.0774095
896 1.25664 -0.0744434
896.2 1.25664 -0.0568155
896.4 1.25664 -0.0353799
896.6 1.25664 -0.0123091
896.8 1.25664 0.0147798
897 1.25664 0.0384301
897.2 1.25664 0.0397605
897.4 1.25664 0.00739835
897.6 1.25664 -0.043489
897.8 1.25664 -0.0780854
898 1.25664 -0.0728565
898.2 1.25664 -0.0390894
898.4 1.25664 -0.0111647
898.6 1.25664 -0.00985788
898.8 1.25664 -0.0209476
899 1.25664 -0.0150209
899.2 1.25664 0.0123323
899.4 1.25664 0.0279801
899.6 1.25664 -0.00301258
899.8 1.25664 -0.0696126
900 1.25664 -0.112712
900.2 1.25664 -0.0816399
900.4 1.25664 0.00666132
900.6 1.25664 0.0751482
900.8 1.25664 0.0634213
901 1.25664 -0.00452563
901.2 1.25664 -0.039707
901.4 1.25664 0.0170263
901.6 1.25664 0.124802
901.8 1.25664 0.179091
902 1.25664 0.121722
902.2 1.25664 0.00675965
902.4 1.25664 -0.0537754
902.6 1.25664 -0.00803388
902.8 1.25664 0.083007
903 1.25664 0.115711
903.2 1.25664 0.0572583
903.4 1.25664 -0.0244577
903.6 1.25664 -0.0434884
903.8 1.25664 0.00816731
904 1.25664 0.0603809
904.2 1.25664 0.053474
904.4 1.25664 0.00668081
904.6 1.25664 -0.0119447
904.8 1.25664 0.0283769
905 1.25664 0.084793
905.2 1.25664 0.0937205
905.4 1.25664 0.0446484
905.6 1.25664 -0.0123445
905.8 1.25664 -0.0266439
906 1.25664 0.00236478
906.2 1.25664 0.0381871
906.4 1.25664 0.0545904
906.6 1.25664 0.0537656
906.8 1.25664 0.042928
907 1.25664 0.0155332
907.2 1.25664 -0.0311738
907.4 1.25664 -0.0720513
907.6 1.25664 -0.0697428
907.8 1.25664 -0.0202348
908 1.25664 0.0324872
908.2 1.25664 0.0420235
908.4 1.25664 0.0149533
908.6 1.25664 0.00415721
908.8 1.25664 0.0420435
909 1.25664 0.0946854
909.2 1.25664 0.0973797
909.4 1.25664 0.0322329
909.6 1.25664 -0.0467988
909.8 1.25664 -0.0737405
910 1.25664 -0.0432773
910.2 1.25664 -0.00999313
910.4 1.25664 -0.0187762
910.6 1.25664 -0.0544526
910.8 1.25664 -0.0694524
911 1.25664 -0.0478276
911.2 1.25664 -0.0223136
911.4 1.25664 -0.0267538
911.6 1.25664 -0.0507695
911.8 1.25664 -0.0562774
912 1.25664 -0.0302427
912.2 1.25664 -0.000948277
912.4 1.25664 0.00309248
912.6 1.25664 -0.00726077
912.8 1.25664 -0.00049925
913 1.25664 0.0234696
913.2 1.25664 0.0231011
913.4 1.25664 -0.0306808
913.6 1.25664 -0.103525
913.8 1.25664 -0.123232
914 1.25664 -0.0610929
914.2 1.25664 0.0274057
914.4 1.25664 0.0580369
914.6 1.25664 0.00977139
914.8 1.25664 -0.0533788
915 1.25664 -0.0561138
915.2 1.25664 0.00454172
915.4 1.25664 0.0613502
915.6 1.25664 0.0577925
915.8 1.25664 0.0112566
916 1.25664 -0.0115795
916.2 1.25664 0.0267704
916.4 1.25664 0.0932385
916.6 1.25664 0.121455
916.8 1.25664 0.0803069
917 1.25664 0.000749653
917.2 1.25664 -0.0576911
917.4 1.25664 -0.058397
917.6 1.25664 -0.0100122
917.8 1.25664 0.0477646
918 1.25664 0.0726308
918.2 1.25664 0.0438568
918.4 1.25664 -0.0247096
918.6 1.25664 -0.0888931
918.8 1.25664 -0.10107
919 1.25664 -0.0469809
919.2 1.25664 0.0382136
919.4 1.25664 0.0951882
919.6 1.25664 0.0881546
919.8 1.25664 0.0313289
920 1.25664 -0.0288372
920.2 1.25664 -0.0544786
920.4 1.25664 -0.0405805
920.6 1.25664 -0.00744284
920.8 1.25664 0.0207402
921 1.25664 0.0290141
921.2 1.25664 0.0148238
921.4 1.25664 -0.010358
921.6 1.25664 -0.022832
921.8 1.25664 -0.0013494
922 1.25664 0.051011
922.2 1.25664 0.101739
922.4 1.25664 0.114228
922.6 1.25664 0.0822209
922.8 1.25664 0.0359943
923 1.25664 0.0117786
923.2 1.25664 0.0175881
923.4 1.25664 0.0326347
923.6 1.25664 0.0366418
923.8 1.25664 0.0311273
924 1.25664 0.0292987
924.2 1.25664 0.0335768
924.4 1.25664 0.0333592
924.6 1.25664 0.0240375
924.8 1.25664 0.0166334
925 1.25664 0.0210514
925.2 1.25664 0.0262982
925.4 1.25664 0.010388
925.6 1.25664 -0.0270545
925.8 1.25664 -0.0533091
926 1.25664 -0.035242
926.2 1.25664 0.0180818
926.4 1.25664 0.0578213
926.6 1.25664 0.0472012
926.8 1.25664 0.00427117
927 1.25664 -0.017458
927.2 1.25664 0.00893123
927.4 1.25664 0.0516095
927.6 1.25664 0.0567168
927.8 1.25664 0.0111451
928 1.25664 -0.0421267
928.2 1.25664 -0.0523323
928.4 1.25664 -0.0145765
928.6 1.25664 0.0315096
928.8 1.25664 0.0494999
929 1.25664 0.0394652
929.2 1.25664 0.0229889
929.4 1.25664 0.00986176
929.6 1.25664 -0.00588435
929.8 1.25664 -0.0211006
930 1.25664 -0.0140789
930.2 1.25664 0.0271067
930.4 1.25664 0.0746823
930.6 1.25664 0.078157
930.8 1.25664 0.0194063
931 1.25664 -0.0581634
931.2 1.25664 -0.0877144
931.4 1.25664 -0.0466446
931.6 1.25664 0.0226273
931.8 1.25664 0.0621712
932 1.25664 0.0591832
932.2 1.25664 0.0486894
932.4 1.25664 0.0612915
932.6 1.25664 0.0847084
932.8 1.25664 0.0852367
933 1.25664 0.0563761
933.2 1.25664 0.0288318
933.4 1.25664 0.0288751
933.6 1.25664 0.0412631
933.8 1.25664 0.0274738
934 1.25664 -0.0228382
934.2 1.25664 -0.0740001
934.4 1.25664 -0.0849801
934.6 1.25664 -0.0577357
934.8 1.25664 -0.0316445
935 1.25664 -0.0316838
935.2 1.25664 -0.0376526
935.4 1.25664 -0.01488
935.6 1.25664 0.033719
935.8 1.25664 0.0640064
936 1.25664 0.0436402
936.2 1.25664 -0.00395725
936.4 1.25664 -0.0226062
936.6 1.25664 0.0120581
936.8 1.25664 0.0650448
937 1.25664 0.0849952
937.2 1.25664 0.0644003
937.4 1.25664 0.0428581
937.6 1.25664 0.0511175
937.8 1.25664 0.0675928
938 1.25664 0.0429585
938.2 1.25664 -0.0360761
938.4 1.25664 -0.12118
938.6 1.25664 -0.146619
938.8 1.25664 -0.0935055
939 1.25664 -0.00479459
939.2 1.25664 0.0585244
939.4 1.25664 0.0680435
939.6 1.25664 0.0377029
939.8 1.25664 -0.00205442
940 1.25664 -0.0289951
940.2 1.25664 -0.0347912
940.4 1.25664 -0.0225313
940.6 1.25664 -0.00599264
940.8 1.25664 -0.00256022
941 1.25664 -0.0152898
941.2 1.25664 -0.0230049
941.4 1.25664 0.000391172
941.6 1.25664 0.0516288
941.8 1.25664 0.0916709
942 1.25664 0.0839693
942.2 1.25664 0.037667
942.4 1.25664 0.00106477
942.6 1.25664 0.00739601
942.8 1.25664 0.0363752
943 1.25664 0.0399707
943.2 1.25664 0.00194531
943.4 1.25664 -0.043816
943.6 1.25664 -0.0602014
943.8 1.25664 -0.0579697
944 1.25664 -0.0815394
944.2 1.25664 -0.143929
944.4 1.25664 -0.195617
944.6 1.25664 -0.174706
944.8 1.25664 -0.0821978
945 1.25664 0.0114169
945.2 1.25664 0.0415469
945.4 1.25664 0.0182889
945.6 1.25664 0.00581665
945.8 1.25664 0.0387289
946 1.25664 0.0789585
946.2 1.25664 0.0655597
946.4 1.25664 -0.00547427
946.6 1.25664 -0.070398
946.8 1.25664 -0.0686592
947 1.25664 -0.00894777
947.2 1.25664 0.045807
947.4 1.25664 0.0508035
947.6 1.25664 0.0209749
947.8 1.25664 0.000513929
948 1.25664 0.00864868
948.2 1.25664 0.0282084
948.4 1.25664 0.0386648
948.6 1.25664 0.0398932
948.8 1.25664 0.0376697
949 1.25664 0.0228674
949.2 1.25664 -0.0161146
949.4 1.25664 -0.063132
949.6 1.25664 -0.0772522
949.8 1.25664 -0.0391153
950 1.25664 0.0145948
950.2 1.25664 0.0210375
950.4 1.25664 -0.0390541
950.6 1.25664 -0.112482
950.8 1.25664 -0.125032
951 1.25664 -0.0591342
951.2 1.25664 0.0276785
951.4 1.25664 0.0621182
951.6 1.25664 0.0247362
951.8 1.25664 -0.0417272
952 1.25664 -0.082318
952.2 1.25664 -0.0771177
952.4 1.25664 -0.0430558
952.6 1.25664 -0.00630214
952.8 1.25664 0.0164976
953 1.25664 0.0182843
953.2 1.25664 0.000832159
953.4 1.25664 -0.0203613
953.6 1.25664 -0.0213177
953.8 1.25664 0.00802162
954 1.25664 0.0476042
954.2 1.25664 0.0634853
954.4 1.25664 0.0444249
954.6 1.25664 0.0160249
954.8 1.25664 0.0124749
955 1.25664 0.0382534
955.2 1.25664 0.0655169
955.4 1.25664 0.0685565
955.6 1.25664 0.0504812
955.8 1.25664 0.0303826
956 1.25664 0.013419
956.2 1.25664 -0.0120808
956.4 1.25664 -0.0462303
956.6 1.25664 -0.0610545
956.8 1.25664 -0.026977
957 1.25664 0.0450861
957.2 1.25664 0.100831
957.4 1.25664 0.0906514
957.6 1.25664 0.0181341
957.8 1.25664 -0.064603
958 1.25664 -0.107213
958.2 1.25664 -0.101178
958.4 1.25664 -0.0716971
958.6 1.25664 -0.0418121
958.8 1.25664 -0.0136247
959 1.25664 0.0194063
959.2 1.25664 0.0542992
959.4 1.25664 0.0782558
959.6 1.25664 0.0808749
959.8 1.25664 0.0607314
960 1.25664 0.0236526
960.2 1.25664 -0.0175952
960.4 1.25664 -0.0432231
960.6 1.25664 -0.037703
960.8 1.25664 -0.00876456
961 1.25664 0.0120478
961.2 1.25664 0.00123875
961.4 1.25664 -0.0226729
961.6 1.25664 -0.0107946
961.8 1.25664 0.0584815
962 1.25664 0.138886
962.2 1.25664 0.150679
962.4 1.25664 0.0645777
962.6 1.25664 -0.0571176
962.8 1.25664 -0.116286
963 1.25664 -0.0761812
963.2 1.25664 0.00563185
963.4 1.25664 0.0446619
963.6 1.25664 0.0191869
963.8 1.25664 -0.0173424
964 1.25664 -0.00716243
964.2 1.25664 0.045605
964.4 1.25664 0.0869358
964.6 1.25664 0.0786163
964.8 1.25664 0.0351932
965 1.25664 -0.00422818
965.2 1.25664 -0.0236418
965.4 1.25664 -0.0369873
965.6 1.25664 -0.0554958
965.8 1.25664 -0.0670156
966 1.25664 -0.0546428
966.2 1.25664 -0.0245943
966.4 1.25664 -0.00229244
966.6 1.25664 -0.00246604
966.8 1.25664 -0.0149962
967 1.25664 -0.0241724
967.2 1.25664 -0.0314019
967.4 1.25664 -0.0479682
967.6 1.25664 -0.0692641
967.8 1.25664 -0.0707726
968 1.25664 -0.0366626
968.2 1.25664 0.0153118
968.4 1.25664 0.0483008
968.6 1.25664 0.0453487
968.8 1.25664 0.0253386
969 1.25664 0.0176805
969.2 1.25664 0.0294819
969.4 1.25664 0.0449142
969.6 1.25664 0.0510042
969.8 1.25664 0.0509823
970 1.25664 0.0496852
970.2 1.25664 0.0390651
970.4 1.25664 0.011189
970.6 1.25664 -0.0186907
970.8 1.25664 -0.0191948
971 1.25664 0.0185357
971.2 1.25664 0.0595404
971.4 1.25664 0.0586387
971.6 1.25664 0.0167239
971.8 1.25664 -0.0112243
972 1.25664 0.0239105
972.2 1.25664 0.102525
972.4 1.25664 0.148412
972.6 1.25664 0.109226
972.8 1.25664 0.0155487
973 1.25664 -0.0503011
973.2 1.25664 -0.0418503
973.4 1.25664 0.0063848
973.6 1.25664 0.0247512
973.8 1.25664 -0.0106893
974 1.25664 -0.0548772
974.2 1.25664 -0.050341
974.4 1.25664 0.00463078
974.6 1.25664 0.0529815
974.8 1.25664 0.0408719
975 1.25664 -0.0256986
975.2 1.25664 -0.0878758
975.4 1.25664 -0.0925186
975.6 1.25664 -0.0404036
975.8 1.25664 0.0198804
976 1.25664 0.0393409
976.2 1.25664 0.00982365
976.4 1.25664 -0.0358275
976.6 1.25664 -0.0586609
976.8 1.25664 -0.0483058
977 1.25664 -0.0261159
977.2 1.25664 -0.0167532
977.4 1.25664 -0.018846
977.6 1.25664 -0.00728744
977.8 1.25664 0.0333272
978 1.25664 0.0813802
978.2 1.25664 0.092958
978.4 1.25664 0.0490653
978.6 1.25664 -0.0162748
978.8 1.25664 -0.0446509
979 1.25664 -0.0134636
979.2 1.25664 0.0374937
979.4 1.25664 0.0460992
979.6 1.25664 -0.00711761
979.8 1.25664 -0.0802424
980 1.25664 -0.115887
980.2 1.25664 -0.0976406
980.4 1.25664 -0.0550514
980.6 1.25664 -0.0206113
980.8 1.25664 0.00267056
981 1.25664 0.0262368
981.2 1.25664 0.0435676
981.4 1.25664 0.0322442
981.6 1.25664 -0.00861958
981.8 1.25664 -0.0397295
982 1.25664 -0.017069
982.2 1.25664 0.0547551
982.4 1.25664 0.119154
982.6 1.25664 0.12545
982.8 1.25664 0.0822415
983 1.25664 0.0417887
983.2 1.25664 0.0339073
983.4 1.25664 0.0310167
983.6 1.25664 -0.0111259
983.8 1.25664 -0.0872042
984 1.25664 -0.135247
984.2 1.25664 -0.103501
984.4 1.25664 -0.0143872
984.6 1.25664 0.0519995
984.8 1.25664 0.0399192
985 1.25664 -0.0259569
985.2 1.25664 -0.0716737
985.4 1.25664 -0.0552478
985.6 1.25664 -0.00711146
985.8 1.25664 0.0107657
986 1.25664 -0.0239487
986.2 1.25664 -0.0713291
986.4 1.25664 -0.0752895
986.6 1.25664 -0.0239666
986.8 1.25664 0.0390246
987 1.25664 0.0585619
987.2 1.25664 0.0189642
987.4 1.25664 -0.0462417
987.6 1.25664 -0.0883556
987.8 1.25664 -0.0852502
988 1.25664 -0.0546211
988.2 1.25664 -0.0324852
988.4 1.25664 -0.0388871
988.6 1.25664 -0.0606017
988.8 1.25664 -0.0649515
989 1.25664 -0.0323578
989.2 1.25664 0.022001
989.4 1.25664 0.0595816
989.6 1.25664 0.0543581
989.8 1.25664 0.0184247
990 1.25664 -0.00999021
990.2 1.25664 -0.00544616
990.4 1.25664 0.0195829
990.6 1.25664 0.0309883
990.8 1.25664 0.0131067
991 1.25664 -0.0125336
991.2 1.25664 -0.0118614
991.4 1.25664 0.02066
991.6 1.25664 0.0513708
991.8 1.25664 0.0408694
992 1.25664 -0.0139102
992.2 1.25664 -0.0738096
992.4 1.25664 -0.0934772
992.6 1.25664 -0.0612468
992.8 1.25664 -0.00451099
993 1.25664 0.0384053
993.2 1.25664 0.0473643
993.4 1.25664 0.0254845
993.6 1.25664 -0.0133597
993.8 1.25664 -0.0535591
994 1.25664 -0.0772941
994.2 1.25664 -0.067951
994.4 1.25664 -0.0245881
994.6 1.25664 0.0276024
994.8 1.25664 0.0513907
995 1.25664 0.0306799
995.2 1.25664 -0.0102415
995.4 1.25664 -0.027467
995.6 1.25664 -0.00213018
995.8 1.25664 0.0377452
996 1.25664 0.0451652
996.2 1.25664 0.00586401
996.4 1.25664 -0.0417977
996.6 1.25664 -0.0437789
996.8 1.25664 0.0114952
997 1.25664 0.0749839
997.2 1.25664 0.0810651
997.4 1.25664 0.0120206
997.6 1.25664 -0.0810878
997.8 1.25664 -0.12278
998 1.25664 -0.0806442
998.2 1.25664 0.00593238
998.4 1.25664 0.060502
998.6 1.25664 0.0346582
998.8 1.25664 -0.0525377
999 1.25664 -0.13072
999.2 1.25664 -0.134052
999.4 1.25664 -0.0522633
999.6 1.25664 0.0609704
999.8 1.25664 0.128106
1000 1.25664 0.105853
0.2 1.5708 -0.122277
0.4 1.5708 -0.0261715
0.6 1.5708 0.0108871
0.8 1.5708 -0.029496
1 1.5708 -0.0642132
1.2 1.5708 -0.0227174
1.4 1.5708 0.0587563
1.6 1.5708 0.0851423
1.8 1.5708 0.0280907
2 1.5708 -0.036009
2.2 1.5708 -0.0248141
2.4 1.5708 0.0439859
2.6 1.5708 0.0773356
2.8 1.5708 0.0287429
3 1.5708 -0.0417815
3.2 1.5708 -0.0465791
3.4 1.5708 0.0161182
3.6 1.5708 0.0615712
3.8 1.5708 0.0303058
4 1.5708 -0.033531
4.2 1.5708 -0.0382599
4.4 1.5708 0.0375468
4.6 1.5708 0.116027
4.8 1.5708 0.115167
5 1.5708 0.047075
5.2 1.5708 -0.00119097
5.4 1.5708 0.0251475
5.6 1.5708 0.0881027
5.8 1.5708 0.111208
6 1.5708 0.0723952
6.2 1.5708 0.0209872
6.4 1.5708 0.00904743
6.6 1.5708 0.0318342
6.8 1.5708 0.0476713
7 1.5708 0.039339
7.2 1.5708 0.0322304
7.4 1.5708 0.0510319
7.6 1.5708 0.0792805
7.8 1.5708 0.0770862
8 1.5708 0.0321166
8.2 1.5708 -0.022833
8.4 1.5708 -0.0460249
8.6 1.5708 -0.0299235
8.8 1.5708 -0.00215605
9 1.5708 0.00857491
9.2 1.5708 -0.00261689
9.4 1.5708 -0.0227626
9.6 1.5708 -0.0386196
9.8 1.5708 -0.0425927
10 1.5708 -0.0305587
10.2 1.5708 -0.0058765
10.4 1.5708 0.015134
10.6 1.5708 0.01333
10.8 1.5708 -0.0106939
11 1.5708 -0.0298085
11.2 1.5708 -0.0153688
11.4 1.5708 0.0300653
11.6 1.5708 0.0714129
11.8 1.5708 0.0757338
12 1.5708 0.0447268
12.2 1.5708 0.0100367
12.4 1.5708 0.000501629
12.6 1.5708 0.0193344
12.8 1.5708 0.0503118
13 1.5708 0.076042
13.2 1.5708 0.0855903
13.4 1.5708 0.0727183
13.6 1.5708 0.0389591
13.8 1.5708 -0.000269009
14 1.5708 -0.0232475
14.2 1.5708 -0.0241688
14.4 1.5708 -0.0240237
14.6 1.5708 -0.0497257
14.8 1.5708 -0.100215
15 1.5708 -0.140668
15.2 1.5708 -0.136438
15.4 1.5708 -0.0899122
15.6 1.5708 -0.0380301
15.8 1.5708 -0.0145546
16 1.5708 -0.0211936
16.2 1.5708 -0.0360967
16.4 1.5708 -0.0410475
16.6 1.5708 -0.0324119
16.8 1.5708 -0.0116213
17 1.5708 0.0198995
17.2 1.5708 0.0506989
17.4 1.5708 0.0561035
17.6 1.5708 0.0206685
17.8 1.5708 -0.0351503
18 1.5708 -0.0641854
18.2 1.5708 -0.0387713
18.4 1.5708 0.0164106
18.6 1.5708 0.0479314
18.8 1.5708 0.0311005
19 1.5708 -0.00461252
19.2 1.5708 -0.0115751
19.4 1.5708 0.0225345
19.6 1.5708 0.0660738
19.8 1.5708 0.0838581
20 1.5708 0.0726949
20.2 1.5708 0.0524687
20.4 1.5708 0.0350894
20.6 1.5708 0.0174757
20.8 1.5708 0.00209145
21 1.5708 0.00474162
21.2 1.5708 0.0295995
21.4 1.5708 0.0472842
21.6 1.5708 0.018949
21.8 1.5708 -0.0517961
22 1.5708 -0.106213
22.2 1.5708 -0.0860565
22.4 1.5708 -0.000243655
22.6 1.5708 0.0782947
22.8 1.5708 0.0884465
23 1.5708 0.0443203
23.2 1.5708 0.0133735
23.4 1.5708 0.0368322
23.6 1.5708 0.086041
23.8 1.5708 0.101039
24 1.5708 0.059089
24.2 1.5708 -0.00743674
24.4 1.5708 -0.0549066
24.6 1.5708 -0.0721935
24.8 1.5708 -0.0752531
25 1.5708 -0.0739351
25.2 1.5708 -0.0627007
25.4 1.5708 -0.0425423
25.6 1.5708 -0.0321759
25.8 1.5708 -0.0439558
26 1.5708 -0.0575274
26.2 1.5708 -0.0360589
26.4 1.5708 0.0266622
26.6 1.5708 0.0889843
26.8 1.5708 0.103836
27 1.5708 0.0738906
27.2 1.5708 0.0503186
27.4 1.5708 0.0727895
27.6 1.5708 0.122174
27.8 1.5708 0.143317
28 1.5708 0.109263
28.2 1.5708 0.0486071
28.4 1.5708 0.00627086
28.6 1.5708 -0.00852454
28.8 1.5708 -0.0214536
29 1.5708 -0.0462029
29.2 1.5708 -0.058821
29.4 1.5708 -0.030578
29.6 1.5708 0.0239886
29.8 1.5708 0.0517491
30 1.5708 0.0203652
30.2 1.5708 -0.0389596
30.4 1.5708 -0.0620612
30.6 1.5708 -0.024263
30.8 1.5708 0.0304006
31 1.5708 0.0395367
31.2 1.5708 -0.00540217
31.4 1.5708 -0.0493297
31.6 1.5708 -0.0374473
31.8 1.5708 0.021711
32 1.5708 0.0664955
32.2 1.5708 0.0519018
32.4 1.5708 -0.00288594
32.6 1.5708 -0.0424194
32.8 1.5708 -0.0421121
33 1.5708 -0.0334296
33.2 1.5708 -0.0575902
33.4 1.5708 -0.104839
33.6 1.5708 -0.115891
33.8 1.5708 -0.0499851
34 1.5708 0.0572823
34.2 1.5708 0.117835
34.4 1.5708 0.0781918
34.6 1.5708 -0.0230102
34.8 1.5708 -0.0917979
35 1.5708 -0.0723962
35.2 1.5708 0.0023173
35.4 1.5708 0.0545835
35.6 1.5708 0.0460658
35.8 1.5708 0.00805951
36 1.5708 -0.00865751
36.2 1.5708 0.00393746
36.4 1.5708 0.0128077
36.6 1.5708 -3.58364e-05
36.8 1.5708 -0.00675387
37 1.5708 0.0267036
37.2 1.5708 0.0817375
37.4 1.5708 0.0929963
37.6 1.5708 0.0240863
37.8 1.5708 -0.0767981
38 1.5708 -0.117756
38.2 1.5708 -0.0624138
38.4 1.5708 0.027683
38.6 1.5708 0.0612437
38.8 1.5708 0.018278
39 1.5708 -0.0347208
39.2 1.5708 -0.0312451
39.4 1.5708 0.0141648
39.6 1.5708 0.0287226
39.8 1.5708 -0.0232109
40 1.5708 -0.0929664
40.2 1.5708 -0.107406
40.4 1.5708 -0.0594158
40.6 1.5708 -0.0145467
40.8 1.5708 -0.0257836
41 1.5708 -0.064812
41.2 1.5708 -0.0575533
41.4 1.5708 0.019607
41.6 1.5708 0.103433
41.8 1.5708 0.114251
42 1.5708 0.0485829
42.2 1.5708 -0.0169773
42.4 1.5708 -0.0131573
42.6 1.5708 0.0484429
42.8 1.5708 0.0981892
43 1.5708 0.0921344
43.2 1.5708 0.0546529
43.4 1.5708 0.0370175
43.6 1.5708 0.0515116
43.8 1.5708 0.0611782
44 1.5708 0.0297918
44.2 1.5708 -0.0335261
44.4 1.5708 -0.0844932
44.6 1.5708 -0.0887813
44.8 1.5708 -0.0492836
45 1.5708 0.00480322
45.2 1.5708 0.0437736
45.4 1.5708 0.0524181
45.6 1.5708 0.0334668
45.8 1.5708 0.00667098
46 1.5708 -0.00185452
46.2 1.5708 0.0163955
46.4 1.5708 0.036132
46.6 1.5708 0.018212
46.8 1.5708 -0.0438943
47 1.5708 -0.103571
47.2 1.5708 -0.10199
47.4 1.5708 -0.0341727
47.6 1.5708 0.0372126
47.8 1.5708 0.0457893
48 1.5708 -0.00415413
48.2 1.5708 -0.0402708
48.4 1.5708 -0.00336842
48.6 1.5708 0.0847575
48.8 1.5708 0.145595
49 1.5708 0.131354
49.2 1.5708 0.0734618
49.4 1.5708 0.0389478
49.6 1.5708 0.051586
49.8 1.5708 0.0717289
50 1.5708 0.0521048
50.2 1.5708 -0.0044974
50.4 1.5708 -0.0544879
50.6 1.5708 -0.070246
50.8 1.5708 -0.0687013
51 1.5708 -0.0790501
51.2 1.5708 -0.0977607
51.4 1.5708 -0.0922787
51.6 1.5708 -0.0474738
51.8 1.5708 0.00816507
52 1.5708 0.0324103
52.2 1.5708 0.0174985
52.4 1.5708 -0.00461061
52.6 1.5708 -0.00524768
52.8 1.5708 0.00601117
53 1.5708 -0.00109504
53.2 1.5708 -0.0316223
53.4 1.5708 -0.0520084
53.6 1.5708 -0.0283619
53.8 1.5708 0.0303098
54 1.5708 0.0777788
54.2 1.5708 0.0794362
54.4 1.5708 0.046987
54.6 1.5708 0.020363
54.8 1.5708 0.021469
55 1.5708 0.0345168
55.2 1.5708 0.0317344
55.4 1.5708 0.0089087
55.6 1.5708 -0.0121062
55.8 1.5708 -0.0130412
56 1.5708 -0.00188452
56.2 1.5708 -0.00130534
56.4 1.5708 -0.0188739
56.6 1.5708 -0.0360885
56.8 1.5708 -0.02917
57 1.5708 0.0028893
57.2 1.5708 0.034635
57.4 1.5708 0.0382095
57.6 1.5708 0.00948945
57.8 1.5708 -0.0286123
58 1.5708 -0.0456759
58.2 1.5708 -0.0264453
58.4 1.5708 0.0203203
58.6 1.5708 0.0683387
58.8 1.5708 0.0879447
59 1.5708 0.0615794
59.2 1.5708 -0.00363099
59.4 1.5708 -0.0738074
59.6 1.5708 -0.104725
59.8 1.5708 -0.0724045
60 1.5708 0.00412836
60.2 1.5708 0.0717978
60.4 1.5708 0.0837057
60.6 1.5708 0.0385532
60.8 1.5708 -0.0180346
61 1.5708 -0.0347816
61.2 1.5708 -0.00136601
61.4 1.5708 0.0442486
61.6 1.5708 0.0543575
61.8 1.5708 0.0167606
62 1.5708 -0.0379064
62.2 1.5708 -0.070492
62.4 1.5708 -0.0702475
62.6 1.5708 -0.0565594
62.8 1.5708 -0.0493158
63 1.5708 -0.0453118
63.2 1.5708 -0.0268634
63.4 1.5708 0.0108809
63.6 1.5708 0.0480076
63.8 1.5708 0.0569544
64 1.5708 0.0284549
64.2 1.5708 -0.0210603
64.4 1.5708 -0.0642469
64.6 1.5708 -0.0811219
64.8 1.5708 -0.0661606
65 1.5708 -0.0274595
65.2 1.5708 0.0143868
65.4 1.5708 0.031868
65.6 1.5708 0.00832865
65.8 1.5708 -0.0417244
66 1.5708 -0.0750464
66.2 1.5708 -0.0544173
66.4 1.5708 0.012434
66.6 1.5708 0.0722708
66.8 1.5708 0.0721159
67 1.5708 0.008465
67.2 1.5708 -0.0705689
67.4 1.5708 -0.111958
67.6 1.5708 -0.10309
67.8 1.5708 -0.0701308
68 1.5708 -0.0391111
68.2 1.5708 -0.00975759
68.4 1.5708 0.0293774
68.6 1.5708 0.0703817
68.8 1.5708 0.0849781
69 1.5708 0.0582706
69.2 1.5708 0.014814
69.4 1.5708 -2.4796e-05
69.6 1.5708 0.0333894
69.8 1.5708 0.0873971
70 1.5708 0.116203
70.2 1.5708 0.102707
70.4 1.5708 0.0702699
70.6 1.5708 0.0495695
70.8 1.5708 0.0433073
71 1.5708 0.0304154
71.2 1.5708 -0.000150336
71.4 1.5708 -0.0323939
71.6 1.5708 -0.0452434
71.8 1.5708 -0.0426263
72 1.5708 -0.0481681
72.2 1.5708 -0.0678916
72.4 1.5708 -0.0716667
72.6 1.5708 -0.027152
72.8 1.5708 0.0476923
73 1.5708 0.0827438
73.2 1.5708 0.0236836
73.4 1.5708 -0.0973149
73.6 1.5708 -0.174286
73.8 1.5708 -0.126713
74 1.5708 0.0124441
74.2 1.5708 0.118942
74.4 1.5708 0.0970932
74.6 1.5708 -0.0233887
74.8 1.5708 -0.116905
75 1.5708 -0.0897194
75.2 1.5708 0.0272961
75.4 1.5708 0.117079
75.6 1.5708 0.101279
75.8 1.5708 0.0166825
76 1.5708 -0.0343167
76.2 1.5708 0.00223003
76.4 1.5708 0.0799714
76.6 1.5708 0.112765
76.8 1.5708 0.0716816
77 1.5708 0.00923131
77.2 1.5708 -0.00820497
77.4 1.5708 0.0250638
77.6 1.5708 0.0567408
77.8 1.5708 0.0451137
78 1.5708 0.00790027
78.2 1.5708 -0.00360938
78.4 1.5708 0.031219
78.6 1.5708 0.0775956
78.8 1.5708 0.0859454
79 1.5708 0.046738
79.2 1.5708 -0.00285665
79.4 1.5708 -0.0222348
79.6 1.5708 -0.00718252
79.8 1.5708 0.0148687
80 1.5708 0.0195591
80.2 1.5708 0.00674145
80.4 1.5708 -0.00967994
80.6 1.5708 -0.0212254
80.8 1.5708 -0.0280014
81 1.5708 -0.0287583
81.2 1.5708 -0.0186649
81.4 1.5708 0.000113139
81.6 1.5708 0.0126384
81.8 1.5708 0.00352205
82 1.5708 -0.0250688
82.2 1.5708 -0.0527596
82.4 1.5708 -0.0603451
82.6 1.5708 -0.0468744
82.8 1.5708 -0.0254441
83 1.5708 -0.00567401
83.2 1.5708 0.0140646
83.4 1.5708 0.0371194
83.6 1.5708 0.0581568
83.8 1.5708 0.0681685
84 1.5708 0.0678293
84.2 1.5708 0.0684048
84.4 1.5708 0.0753391
84.6 1.5708 0.0751353
84.8 1.5708 0.0463395
85 1.5708 -0.0131899
85.2 1.5708 -0.0738724
85.4 1.5708 -0.0955727
85.6 1.5708 -0.0645548
85.8 1.5708 -0.00860715
86 1.5708 0.0271897
86.2 1.5708 0.0220155
86.4 1.5708 -0.00193381
86.6 1.5708 -0.00202358
86.8 1.5708 0.0418259
87 1.5708 0.104549
87.2 1.5708 0.136581
87.4 1.5708 0.110727
87.6 1.5708 0.0520001
87.8 1.5708 0.0194222
88 1.5708 0.0520742
88.2 1.5708 0.128352
88.4 1.5708 0.180339
88.6 1.5708 0.154763
88.8 1.5708 0.0640118
89 1.5708 -0.0243525
89.2 1.5708 -0.0518754
89.4 1.5708 -0.0235908
89.6 1.5708 0.00299915
89.8 1.5708 -0.0176721
90 1.5708 -0.0701247
90.2 1.5708 -0.0960354
90.4 1.5708 -0.0587402
90.6 1.5708 0.0164045
90.8 1.5708 0.068114
91 1.5708 0.0609495
91.2 1.5708 0.0160658
91.4 1.5708 -0.0175072
91.6 1.5708 -0.0140247
91.8 1.5708 0.0108442
92 1.5708 0.0269068
92.2 1.5708 0.023485
92.4 1.5708 0.012962
92.6 1.5708 0.00854332
92.8 1.5708 0.00959143
93 1.5708 0.0108718
93.2 1.5708 0.0169213
93.4 1.5708 0.036956
93.6 1.5708 0.0651793
93.8 1.5708 0.0754409
94 1.5708 0.0444884
94.2 1.5708 -0.0184907
94.4 1.5708 -0.0711091
94.6 1.5708 -0.0719405
94.8 1.5708 -0.0174
95 1.5708 0.055173
95.2 1.5708 0.100327
95.4 1.5708 0.100283
95.6 1.5708 0.0715261
95.8 1.5708 0.041957
96 1.5708 0.0256605
96.2 1.5708 0.0185253
96.4 1.5708 0.0122451
96.6 1.5708 0.00630304
96.8 1.5708 0.00457887
97 1.5708 0.00381766
97.2 1.5708 -0.00869568
97.4 1.5708 -0.0419496
97.6 1.5708 -0.0856278
97.8 1.5708 -0.111266
98 1.5708 -0.0937988
98.2 1.5708 -0.0352686
98.4 1.5708 0.0327648
98.6 1.5708 0.072556
98.8 1.5708 0.0686975
99 1.5708 0.0360288
99.2 1.5708 0.00196132
99.4 1.5708 -0.0170149
99.6 1.5708 -0.0223577
99.8 1.5708 -0.0225953
100 1.5708 -0.0218629
100.2 1.5708 -0.0206397
100.4 1.5708 -0.0220849
100.6 1.5708 -0.0300233
100.8 1.5708 -0.0391885
101 1.5708 -0.0339547
101.2 1.5708 -0.00427422
101.4 1.5708 0.0365599
101.6 1.5708 0.0563732
101.8 1.5708 0.0322078
102 1.5708 -0.0259725
102.2 1.5708 -0.0827643
102.4 1.5708 -0.108898
102.6 1.5708 -0.102784
102.8 1.5708 -0.0809661
103 1.5708 -0.0538316
103.2 1.5708 -0.0183469
103.4 1.5708 0.0257416
103.6 1.5708 0.0622434
103.8 1.5708 0.070103
104 1.5708 0.0478378
104.2 1.5708 0.0183792
104.4 1.5708 0.00496666
104.6 1.5708 0.00638189
104.8 1.5708 0.00227895
105 1.5708 -0.018359
105.2 1.5708 -0.0422932
105.4 1.5708 -0.0495329
105.6 1.5708 -0.0394139
105.8 1.5708 -0.0300099
106 1.5708 -0.0316225
106.2 1.5708 -0.0310807
106.4 1.5708 -0.0102072
106.6 1.5708 0.0251
106.8 1.5708 0.0463061
107 1.5708 0.0367163
107.2 1.5708 0.0153582
107.4 1.5708 0.0158907
107.6 1.5708 0.0436763
107.8 1.5708 0.0662059
108 1.5708 0.0530133
108.2 1.5708 0.0169042
108.4 1.5708 0.00213692
108.6 1.5708 0.0301468
108.8 1.5708 0.0696487
109 1.5708 0.0716407
109.2 1.5708 0.0295095
109.4 1.5708 -0.00990682
109.6 1.5708 -0.00058257
109.8 1.5708 0.047422
110 1.5708 0.0790659
110.2 1.5708 0.0590333
110.4 1.5708 0.0122686
110.6 1.5708 -0.00717705
110.8 1.5708 0.020541
111 1.5708 0.0616429
111.2 1.5708 0.0726079
111.4 1.5708 0.0504728
111.6 1.5708 0.0303957
111.8 1.5708 0.0399204
112 1.5708 0.0690931
112.2 1.5708 0.087783
112.4 1.5708 0.080137
112.6 1.5708 0.0525415
112.8 1.5708 0.0158482
113 1.5708 -0.0231695
113.2 1.5708 -0.0497492
113.4 1.5708 -0.0386406
113.6 1.5708 0.0171724
113.8 1.5708 0.0782522
114 1.5708 0.0818209
114.2 1.5708 0.00968384
114.4 1.5708 -0.0745733
114.6 1.5708 -0.0773933
114.8 1.5708 0.0256412
115 1.5708 0.152018
115.2 1.5708 0.187289
115.4 1.5708 0.0991229
115.6 1.5708 -0.0310904
115.8 1.5708 -0.0916109
116 1.5708 -0.0463575
116.2 1.5708 0.0460296
116.4 1.5708 0.106231
116.6 1.5708 0.109352
116.8 1.5708 0.0857825
117 1.5708 0.068499
117.2 1.5708 0.0601219
117.4 1.5708 0.0490041
117.6 1.5708 0.0353841
117.8 1.5708 0.0269539
118 1.5708 0.0183134
118.2 1.5708 -0.0052595
118.4 1.5708 -0.0395459
118.6 1.5708 -0.0530187
118.8 1.5708 -0.0213657
119 1.5708 0.0349183
119.2 1.5708 0.064429
119.4 1.5708 0.0423073
119.6 1.5708 0.00211183
119.8 1.5708 -0.00185835
120 1.5708 0.0404619
120.2 1.5708 0.0823261
120.4 1.5708 0.0766504
120.6 1.5708 0.0321621
120.8 1.5708 0.000475351
121 1.5708 0.0123871
121.2 1.5708 0.0439143
121.4 1.5708 0.051608
121.6 1.5708 0.027375
121.8 1.5708 0.00147853
122 1.5708 -0.00603307
122.2 1.5708 -0.016631
122.4 1.5708 -0.0630203
122.6 1.5708 -0.136887
122.8 1.5708 -0.185957
123 1.5708 -0.168941
123.2 1.5708 -0.101979
123.4 1.5708 -0.0400277
123.6 1.5708 -0.0177728
123.8 1.5708 -0.0220244
124 1.5708 -0.0232152
124.2 1.5708 -0.0184223
124.4 1.5708 -0.0294179
124.6 1.5708 -0.0631617
124.8 1.5708 -0.0918879
125 1.5708 -0.0819485
125.2 1.5708 -0.0354439
125.4 1.5708 0.00787931
125.6 1.5708 0.0106246
125.8 1.5708 -0.0274521
126 1.5708 -0.07514
126.2 1.5708 -0.100974
126.4 1.5708 -0.0928432
126.6 1.5708 -0.0550317
126.8 1.5708 -0.000806855
127 1.5708 0.0482925
127.2 1.5708 0.0683663
127.4 1.5708 0.0524849
127.6 1.5708 0.0243958
127.8 1.5708 0.0218088
128 1.5708 0.0586655
128.2 1.5708 0.10741
128.4 1.5708 0.124509
128.6 1.5708 0.0924987
128.8 1.5708 0.032819
129 1.5708 -0.0199102
129.2 1.5708 -0.047398
129.4 1.5708 -0.0504976
129.6 1.5708 -0.0353728
129.8 1.5708 -0.0103535
130 1.5708 0.00652586
130.2 1.5708 -0.00552479
130.4 1.5708 -0.044258
130.6 1.5708 -0.0739853
130.8 1.5708 -0.0573965
131 1.5708 -0.000735073
131.2 1.5708 0.0461074
131.4 1.5708 0.0444554
131.6 1.5708 0.0136449
131.8 1.5708 0.00798557
132 1.5708 0.047263
132.2 1.5708 0.0879647
132.4 1.5708 0.0760823
132.6 1.5708 0.0179627
132.8 1.5708 -0.0222949
133 1.5708 0.000432346
133.2 1.5708 0.0575334
133.4 1.5708 0.084613
133.6 1.5708 0.0639243
133.8 1.5708 0.0438289
134 1.5708 0.0689244
134.2 1.5708 0.113276
134.4 1.5708 0.108665
134.6 1.5708 0.0361015
134.8 1.5708 -0.0384785
135 1.5708 -0.0370829
135.2 1.5708 0.0354989
135.4 1.5708 0.0938156
135.6 1.5708 0.0707437
135.8 1.5708 -0.00727876
136 1.5708 -0.0583018
136.2 1.5708 -0.0438282
136.4 1.5708 -0.00512913
136.6 1.5708 0.000454583
136.8 1.5708 -0.0266973
137 1.5708 -0.0391177
137.2 1.5708 -0.0149609
137.4 1.5708 0.00958307
137.6 1.5708 -0.00913928
137.8 1.5708 -0.0599508
138 1.5708 -0.0883713
138.2 1.5708 -0.0658914
138.4 1.5708 -0.0232235
138.6 1.5708 -0.00439242
138.8 1.5708 -0.00684053
139 1.5708 0.00926004
139.2 1.5708 0.0557868
139.4 1.5708 0.0880701
139.6 1.5708 0.0580933
139.8 1.5708 -0.0170885
140 1.5708 -0.0641096
140.2 1.5708 -0.0341669
140.4 1.5708 0.0424834
140.6 1.5708 0.0940746
140.8 1.5708 0.087217
141 1.5708 0.0516664
141.2 1.5708 0.0296236
141.4 1.5708 0.0247661
141.6 1.5708 0.0152092
141.8 1.5708 0.000454381
142 1.5708 0.00756969
142.2 1.5708 0.0456489
142.4 1.5708 0.077124
142.6 1.5708 0.0558388
142.8 1.5708 -0.0117935
143 1.5708 -0.0652169
143.2 1.5708 -0.0567162
143.4 1.5708 -0.00530207
143.6 1.5708 0.0299465
143.8 1.5708 0.0219172
144 1.5708 0.00117783
144.2 1.5708 0.00654675
144.4 1.5708 0.0297303
144.6 1.5708 0.0272128
144.8 1.5708 -0.0191538
145 1.5708 -0.0749283
145.2 1.5708 -0.0941087
145.4 1.5708 -0.0724077
145.6 1.5708 -0.0443583
145.8 1.5708 -0.0341246
146 1.5708 -0.029593
146.2 1.5708 -0.0113579
146.4 1.5708 0.0105752
146.6 1.5708 0.00826203
146.8 1.5708 -0.0200987
147 1.5708 -0.0384125
147.2 1.5708 -0.0145791
147.4 1.5708 0.038866
147.6 1.5708 0.0811824
147.8 1.5708 0.0946793
148 1.5708 0.0996908
148.2 1.5708 0.112837
148.4 1.5708 0.110429
148.6 1.5708 0.0560051
148.8 1.5708 -0.0389084
149 1.5708 -0.106875
149.2 1.5708 -0.0934676
149.4 1.5708 -0.023252
149.6 1.5708 0.0234749
149.8 1.5708 0.00150174
150 1.5708 -0.0495812
150.2 1.5708 -0.0572764
150.4 1.5708 -0.00474582
150.6 1.5708 0.052266
150.8 1.5708 0.0560684
151 1.5708 0.0129694
151.2 1.5708 -0.0247025
151.4 1.5708 -0.0277363
151.6 1.5708 -0.016226
151.8 1.5708 -0.0145802
152 1.5708 -0.00670653
152.2 1.5708 0.0399192
152.4 1.5708 0.113026
152.6 1.5708 0.148445
152.8 1.5708 0.101384
153 1.5708 0.0113049
153.2 1.5708 -0.029017
153.4 1.5708 0.0250063
153.6 1.5708 0.114899
153.8 1.5708 0.139012
154 1.5708 0.0617106
154.2 1.5708 -0.0505259
154.4 1.5708 -0.101676
154.6 1.5708 -0.0609694
154.8 1.5708 0.0209956
155 1.5708 0.0767366
155.2 1.5708 0.0829362
155.4 1.5708 0.0574252
155.6 1.5708 0.0182936
155.8 1.5708 -0.0321103
156 1.5708 -0.0847647
156.2 1.5708 -0.107995
156.4 1.5708 -0.0721949
156.6 1.5708 0.010955
156.8 1.5708 0.0873571
157 1.5708 0.107007
157.2 1.5708 0.0696624
157.4 1.5708 0.0205537
157.6 1.5708 0.00249676
157.8 1.5708 0.0164461
158 1.5708 0.0288409
158.2 1.5708 0.012257
158.4 1.5708 -0.025457
158.6 1.5708 -0.0507968
158.8 1.5708 -0.0391666
159 1.5708 0.00123285
159.2 1.5708 0.0380354
159.4 1.5708 0.0458749
159.6 1.5708 0.0299352
159.8 1.5708 0.0194408
160 1.5708 0.0371132
160.2 1.5708 0.0746056
160.4 1.5708 0.0993282
160.6 1.5708 0.0866748
160.8 1.5708 0.0442598
161 1.5708 0.00229334
161.2 1.5708 -0.0187877
161.4 1.5708 -0.0268335
161.6 1.5708 -0.0424154
161.8 1.5708 -0.0690289
162 1.5708 -0.0853151
162.2 1.5708 -0.0686238
162.4 1.5708 -0.0220227
162.6 1.5708 0.0261435
162.8 1.5708 0.0482612
163 1.5708 0.0398605
163.2 1.5708 0.0176587
163.4 1.5708 0.00125104
163.6 1.5708 -0.00106208
163.8 1.5708 0.00590284
164 1.5708 0.00917259
164.2 1.5708 -0.00467302
164.4 1.5708 -0.0381676
164.6 1.5708 -0.0742458
164.8 1.5708 -0.0843181
165 1.5708 -0.0542696
165.2 1.5708 -0.00342852
165.4 1.5708 0.0300676
165.6 1.5708 0.0277927
165.8 1.5708 0.00978639
166 1.5708 0.00744323
166.2 1.5708 0.0207064
166.4 1.5708 0.014608
166.6 1.5708 -0.0352994
166.8 1.5708 -0.10342
167 1.5708 -0.134397
167.2 1.5708 -0.104218
167.4 1.5708 -0.0481279
167.6 1.5708 -0.018295
167.8 1.5708 -0.0221527
168 1.5708 -0.019343
168.2 1.5708 0.017905
168.4 1.5708 0.0593946
168.6 1.5708 0.0494431
168.8 1.5708 -0.0192694
169 1.5708 -0.0849035
169.2 1.5708 -0.081681
169.4 1.5708 -0.0164482
169.6 1.5708 0.0365396
169.8 1.5708 0.0188918
170 1.5708 -0.0479686
170.2 1.5708 -0.0911246
170.4 1.5708 -0.0686901
170.6 1.5708 -0.00860239
170.8 1.5708 0.0340899
171 1.5708 0.0401721
171.2 1.5708 0.0330837
171.4 1.5708 0.0330125
171.6 1.5708 0.0273617
171.8 1.5708 -0.00331999
172 1.5708 -0.0444039
172.2 1.5708 -0.053111
172.4 1.5708 -0.00962121
172.6 1.5708 0.0514204
172.8 1.5708 0.0731414
173 1.5708 0.0381209
173.2 1.5708 -0.0125242
173.4 1.5708 -0.0251003
173.6 1.5708 0.00814022
173.8 1.5708 0.0425868
174 1.5708 0.031296
174.2 1.5708 -0.0245536
174.4 1.5708 -0.0764694
174.6 1.5708 -0.0764378
174.8 1.5708 -0.0226851
175 1.5708 0.0389127
175.2 1.5708 0.0566829
175.4 1.5708 0.0195293
175.6 1.5708 -0.0337443
175.8 1.5708 -0.051533
176 1.5708 -0.0198363
176.2 1.5708 0.0237799
176.4 1.5708 0.0306718
176.6 1.5708 -0.00307258
176.8 1.5708 -0.0282442
177 1.5708 0.00179773
177.2 1.5708 0.0696985
177.4 1.5708 0.101697
177.6 1.5708 0.0458498
177.8 1.5708 -0.0636938
178 1.5708 -0.134815
178.2 1.5708 -0.113482
178.4 1.5708 -0.0407991
178.6 1.5708 -0.00420822
178.8 1.5708 -0.0380596
179 1.5708 -0.0885027
179.2 1.5708 -0.0817839
179.4 1.5708 -0.013056
179.6 1.5708 0.0486147
179.8 1.5708 0.0411233
180 1.5708 -0.0216138
180.2 1.5708 -0.0697631
180.4 1.5708 -0.0557587
180.6 1.5708 0.00155635
180.8 1.5708 0.0474189
181 1.5708 0.0485496
181.2 1.5708 0.0130571
181.4 1.5708 -0.0318692
181.6 1.5708 -0.0632021
181.8 1.5708 -0.0654787
182 1.5708 -0.0334481
182.2 1.5708 0.0140964
182.4 1.5708 0.0348158
182.6 1.5708 0.00018517
182.8 1.5708 -0.0624557
183 1.5708 -0.0834359
183.2 1.5708 -0.023402
183.4 1.5708 0.0729555
183.6 1.5708 0.114513
183.8 1.5708 0.0611665
184 1.5708 -0.029405
184.2 1.5708 -0.0641073
184.4 1.5708 -0.0157219
184.6 1.5708 0.0541618
184.8 1.5708 0.072607
185 1.5708 0.0352867
185.2 1.5708 -0.00465512
185.4 1.5708 -0.0130104
185.6 1.5708 -0.0119172
185.8 1.5708 -0.0342712
186 1.5708 -0.0653933
186.2 1.5708 -0.0571499
186.4 1.5708 0.0027803
186.6 1.5708 0.0636496
186.8 1.5708 0.0706163
187 1.5708 0.0368612
187.2 1.5708 0.0312708
187.4 1.5708 0.0904614
187.6 1.5708 0.164654
187.8 1.5708 0.169705
188 1.5708 0.0862778
188.2 1.5708 -0.0131039
188.4 1.5708 -0.0416448
188.6 1.5708 0.0108879
188.8 1.5708 0.0757905
189 1.5708 0.0849978
189.2 1.5708 0.0367421
189.4 1.5708 -0.0176634
189.6 1.5708 -0.0341646
189.8 1.5708 -0.0113057
190 1.5708 0.0229434
190.2 1.5708 0.0393727
190.4 1.5708 0.0212886
190.6 1.5708 -0.0292784
190.8 1.5708 -0.0834305
191 1.5708 -0.0940897
191.2 1.5708 -0.0368122
191.4 1.5708 0.0509175
191.6 1.5708 0.0894212
191.8 1.5708 0.035445
192 1.5708 -0.0620986
192.2 1.5708 -0.104131
192.4 1.5708 -0.0471268
192.6 1.5708 0.0460582
192.8 1.5708 0.0750073
193 1.5708 0.015251
193.2 1.5708 -0.0560801
193.4 1.5708 -0.0529719
193.6 1.5708 0.0190456
193.8 1.5708 0.0737765
194 1.5708 0.0501572
194.2 1.5708 -0.0167838
194.4 1.5708 -0.0428501
194.6 1.5708 0.00234437
194.8 1.5708 0.0622301
195 1.5708 0.0653431
195.2 1.5708 0.0102296
195.4 1.5708 -0.0376802
195.6 1.5708 -0.0260085
195.8 1.5708 0.0281235
196 1.5708 0.0673183
196.2 1.5708 0.0635628
196.4 1.5708 0.0418098
196.6 1.5708 0.0371403
196.8 1.5708 0.0468247
197 1.5708 0.036449
197.2 1.5708 -0.0132016
197.4 1.5708 -0.0791593
197.6 1.5708 -0.119767
197.8 1.5708 -0.117906
198 1.5708 -0.0954512
198.2 1.5708 -0.0878425
198.4 1.5708 -0.109441
198.6 1.5708 -0.142728
198.8 1.5708 -0.15635
199 1.5708 -0.13288
199.2 1.5708 -0.0833785
199.4 1.5708 -0.0374278
199.6 1.5708 -0.0153915
199.8 1.5708 -0.00678335
200 1.5708 0.0209003
200.2 1.5708 0.0853715
200.4 1.5708 0.161561
200.6 1.5708 0.198712
200.8 1.5708 0.171936
201 1.5708 0.1126
201.2 1.5708 0.07803
201.4 1.5708 0.089927
201.6 1.5708 0.112128
201.8 1.5708 0.096117
202 1.5708 0.0414764
202.2 1.5708 -0.00213769
202.4 1.5708 0.00522463
202.6 1.5708 0.0455109
202.8 1.5708 0.0656236
203 1.5708 0.0425124
203.2 1.5708 0.00822289
203.4 1.5708 0.00399663
203.6 1.5708 0.0234924
203.8 1.5708 0.0197701
204 1.5708 -0.0308866
204.2 1.5708 -0.0896542
204.4 1.5708 -0.0933701
204.6 1.5708 -0.027179
204.8 1.5708 0.0549395
205 1.5708 0.0858762
205.2 1.5708 0.0514823
205.4 1.5708 -0.00593297
205.6 1.5708 -0.0413316
205.8 1.5708 -0.0489998
206 1.5708 -0.0494007
206.2 1.5708 -0.050171
206.4 1.5708 -0.0364105
206.6 1.5708 0.0016462
206.8 1.5708 0.0465682
207 1.5708 0.0693993
207.2 1.5708 0.0624416
207.4 1.5708 0.0465745
207.6 1.5708 0.0451774
207.8 1.5708 0.0586568
208 1.5708 0.0688663
208.2 1.5708 0.0627673
208.4 1.5708 0.0443134
208.6 1.5708 0.0248638
208.8 1.5708 0.010611
209 1.5708 0.00271309
209.2 1.5708 0.00263361
209.4 1.5708 0.00907025
209.6 1.5708 0.0113455
209.8 1.5708 -0.0047582
210 1.5708 -0.0398574
210.2 1.5708 -0.0749855
210.4 1.5708 -0.0896177
210.6 1.5708 -0.0840506
210.8 1.5708 -0.0761078
211 1.5708 -0.0736313
211.2 1.5708 -0.0591546
211.4 1.5708 -0.0122063
211.6 1.5708 0.0539724
211.8 1.5708 0.0897396
212 1.5708 0.0536407
212.2 1.5708 -0.0403977
212.4 1.5708 -0.127455
212.6 1.5708 -0.148005
212.8 1.5708 -0.0996478
213 1.5708 -0.032558
213.2 1.5708 0.00254655
213.4 1.5708 -0.00229136
213.6 1.5708 -0.0182237
213.8 1.5708 -0.0196637
214 1.5708 -0.0108606
214.2 1.5708 -0.0130968
214.4 1.5708 -0.0326911
214.6 1.5708 -0.0489781
214.8 1.5708 -0.0367257
215 1.5708 0.00146511
215.2 1.5708 0.0295984
215.4 1.5708 0.0101223
215.6 1.5708 -0.0553032
215.8 1.5708 -0.117981
216 1.5708 -0.121044
216.2 1.5708 -0.0522293
216.4 1.5708 0.0408848
216.6 1.5708 0.0921632
216.8 1.5708 0.0772664
217 1.5708 0.0333308
217.2 1.5708 0.0177523
217.4 1.5708 0.0492647
217.6 1.5708 0.0928628
217.8 1.5708 0.10188
218 1.5708 0.0686629
218.2 1.5708 0.029063
218.4 1.5708 0.0207621
218.6 1.5708 0.0455991
218.8 1.5708 0.0750198
219 1.5708 0.084258
219.2 1.5708 0.0720447
219.4 1.5708 0.0493988
219.6 1.5708 0.0222218
219.8 1.5708 -0.0064495
220 1.5708 -0.0238381
220.2 1.5708 -0.0119771
220.4 1.5708 0.0289571
220.6 1.5708 0.0700346
220.8 1.5708 0.0773846
221 1.5708 0.0477157
221.2 1.5708 0.0124437
221.4 1.5708 0.00247074
221.6 1.5708 0.0142062
221.8 1.5708 0.0171925
222 1.5708 -0.00674782
222.2 1.5708 -0.0406548
222.4 1.5708 -0.0518796
222.6 1.5708 -0.0279537
222.8 1.5708 0.0134379
223 1.5708 0.0467377
223.2 1.5708 0.0609853
223.4 1.5708 0.0579743
223.6 1.5708 0.038788
223.8 1.5708 0.00450086
224 1.5708 -0.0302817
224.2 1.5708 -0.0376882
224.4 1.5708 -0.00162346
224.6 1.5708 0.0585382
224.8 1.5708 0.0978836
225 1.5708 0.0845815
225.2 1.5708 0.0273685
225.4 1.5708 -0.0356992
225.6 1.5708 -0.0717704
225.8 1.5708 -0.0745182
226 1.5708 -0.0579481
226.2 1.5708 -0.0393822
226.4 1.5708 -0.0302703
226.6 1.5708 -0.0337455
226.8 1.5708 -0.0415995
227 1.5708 -0.0366154
227.2 1.5708 -0.00924933
227.4 1.5708 0.0241644
227.6 1.5708 0.0298345
227.8 1.5708 -0.00565498
228 1.5708 -0.0490341
228.2 1.5708 -0.0469221
228.4 1.5708 0.0126797
228.6 1.5708 0.0743449
228.8 1.5708 0.0664251
229 1.5708 -0.0179038
229.2 1.5708 -0.102471
229.4 1.5708 -0.102189
229.6 1.5708 -0.0128661
229.8 1.5708 0.0832166
230 1.5708 0.103569
230.2 1.5708 0.0476925
230.4 1.5708 -0.0133614
230.6 1.5708 -0.0209002
230.8 1.5708 0.0134696
231 1.5708 0.0362964
231.2 1.5708 0.0224377
231.4 1.5708 -0.000746949
231.6 1.5708 0.00212045
231.8 1.5708 0.0245539
232 1.5708 0.0275546
232.2 1.5708 -0.00601358
232.4 1.5708 -0.0431624
232.6 1.5708 -0.0359229
232.8 1.5708 0.0215639
233 1.5708 0.0818499
233.2 1.5708 0.0920569
233.4 1.5708 0.0470834
233.6 1.5708 -0.00796222
233.8 1.5708 -0.024005
234 1.5708 0.00761157
234.2 1.5708 0.053411
234.4 1.5708 0.0723422
234.6 1.5708 0.0502441
234.8 1.5708 0.00737397
235 1.5708 -0.0203124
235.2 1.5708 -0.00838711
235.4 1.5708 0.0385398
235.6 1.5708 0.0898242
235.8 1.5708 0.111418
236 1.5708 0.0925757
236.2 1.5708 0.0538522
236.4 1.5708 0.0272572
236.6 1.5708 0.0262706
236.8 1.5708 0.0358559
237 1.5708 0.0326627
237.2 1.5708 0.0122269
237.4 1.5708 -0.00854786
237.6 1.5708 -0.016749
237.8 1.5708 -0.025707
238 1.5708 -0.0641044
238.2 1.5708 -0.139327
238.4 1.5708 -0.215138
238.6 1.5708 -0.233568
238.8 1.5708 -0.165961
239 1.5708 -0.0448901
239.2 1.5708 0.0570031
239.4 1.5708 0.0853215
239.6 1.5708 0.0465778
239.8 1.5708 -0.00439226
240 1.5708 -0.0195767
240.2 1.5708 -0.00117283
240.4 1.5708 0.00942158
240.6 1.5708 -0.0160595
240.8 1.5708 -0.0564605
241 1.5708 -0.0627716
241.2 1.5708 -0.0160721
241.4 1.5708 0.0434017
241.6 1.5708 0.0536979
241.8 1.5708 -0.00132158
242 1.5708 -0.0693432
242.2 1.5708 -0.0814534
242.4 1.5708 -0.0249153
242.6 1.5708 0.0430674
242.8 1.5708 0.0564601
243 1.5708 0.00873628
243.2 1.5708 -0.0462188
243.4 1.5708 -0.0571091
243.6 1.5708 -0.0276584
243.8 1.5708 -0.00201137
244 1.5708 -0.00838459
244.2 1.5708 -0.0316396
244.4 1.5708 -0.0426143
244.6 1.5708 -0.0396368
244.8 1.5708 -0.0470433
245 1.5708 -0.076008
245.2 1.5708 -0.103227
245.4 1.5708 -0.0979815
245.6 1.5708 -0.0626118
245.8 1.5708 -0.0323952
246 1.5708 -0.033265
246.2 1.5708 -0.0509766
246.4 1.5708 -0.0508547
246.6 1.5708 -0.0222631
246.8 1.5708 0.00921958
247 1.5708 0.0164638
247.2 1.5708 0.00631138
247.4 1.5708 0.00973706
247.6 1.5708 0.0394822
247.8 1.5708 0.0697744
248 1.5708 0.0646452
248.2 1.5708 0.0206075
248.4 1.5708 -0.0269854
248.6 1.5708 -0.0393709
248.8 1.5708 -0.00945813
249 1.5708 0.0388483
249.2 1.5708 0.0771013
249.4 1.5708 0.0905568
249.6 1.5708 0.0756943
249.8 1.5708 0.0340684
250 1.5708 -0.0235428
250.2 1.5708 -0.0734813
250.4 1.5708 -0.0919272
250.6 1.5708 -0.0756651
250.8 1.5708 -0.045295
251 1.5708 -0.0234782
251.2 1.5708 -0.012737
251.4 1.5708 0.00101267
251.6 1.5708 0.0255538
251.8 1.5708 0.0506457
252 1.5708 0.0618494
252.2 1.5708 0.0598379
252.4 1.5708 0.0589445
252.6 1.5708 0.0677271
252.8 1.5708 0.0781543
253 1.5708 0.0767755
253.2 1.5708 0.0609282
253.4 1.5708 0.0383402
253.6 1.5708 0.0143413
253.8 1.5708 -0.011443
254 1.5708 -0.0337752
254.2 1.5708 -0.0367682
254.4 1.5708 -0.0105356
254.6 1.5708 0.0284471
254.8 1.5708 0.0446903
255 1.5708 0.0186353
255.2 1.5708 -0.0300384
255.4 1.5708 -0.0617962
255.6 1.5708 -0.0594565
255.8 1.5708 -0.0430835
256 1.5708 -0.0397523
256.2 1.5708 -0.0471229
256.4 1.5708 -0.0381035
256.6 1.5708 -0.00104631
256.8 1.5708 0.0372338
257 1.5708 0.0382079
257.2 1.5708 -0.00276188
257.4 1.5708 -0.0482226
257.6 1.5708 -0.0586097
257.8 1.5708 -0.0315934
258 1.5708 0.00507752
258.2 1.5708 0.0329813
258.4 1.5708 0.0608263
258.6 1.5708 0.0987294
258.8 1.5708 0.127944
259 1.5708 0.113846
259.2 1.5708 0.0524501
259.4 1.5708 -0.00915087
259.6 1.5708 -0.0135896
259.8 1.5708 0.0438705
260 1.5708 0.102395
260.2 1.5708 0.0932922
260.4 1.5708 0.0100554
260.6 1.5708 -0.0836802
260.8 1.5708 -0.116141
261 1.5708 -0.0744126
261.2 1.5708 -0.00958882
261.4 1.5708 0.018869
261.6 1.5708 -0.00147836
261.8 1.5708 -0.0342839
262 1.5708 -0.0396535
262.2 1.5708 -0.0149103
262.4 1.5708 0.00829344
262.6 1.5708 0.00109617
262.8 1.5708 -0.0330326
263 1.5708 -0.0647013
263.2 1.5708 -0.0698949
263.4 1.5708 -0.0514957
263.6 1.5708 -0.0300702
263.8 1.5708 -0.0176096
264 1.5708 -0.00568599
264.2 1.5708 0.0180996
264.4 1.5708 0.0458753
264.6 1.5708 0.0497363
264.8 1.5708 0.0117121
265 1.5708 -0.0488266
265.2 1.5708 -0.0859285
265.4 1.5708 -0.0712794
265.6 1.5708 -0.0257419
265.8 1.5708 -0.00053151
266 1.5708 -0.0242639
266.2 1.5708 -0.0726447
266.4 1.5708 -0.0950141
266.6 1.5708 -0.0690372
266.8 1.5708 -0.0226862
267 1.5708 -0.000259495
267.2 1.5708 -0.0133019
267.4 1.5708 -0.0328192
267.6 1.5708 -0.0287764
267.8 1.5708 -0.00676789
268 1.5708 0.00235153
268.2 1.5708 -0.0148959
268.4 1.5708 -0.0340537
268.6 1.5708 -0.0209445
268.8 1.5708 0.0253161
269 1.5708 0.0673647
269.2 1.5708 0.0700398
269.4 1.5708 0.0392334
269.6 1.5708 0.0137692
269.8 1.5708 0.020455
270 1.5708 0.0446317
270.2 1.5708 0.0492655
270.4 1.5708 0.0192325
270.6 1.5708 -0.0198547
270.8 1.5708 -0.027972
271 1.5708 0.00830647
271.2 1.5708 0.0637096
271.4 1.5708 0.100011
271.6 1.5708 0.0993078
271.8 1.5708 0.0722858
272 1.5708 0.0401884
272.2 1.5708 0.0147913
272.4 1.5708 -0.00448319
272.6 1.5708 -0.0203716
272.8 1.5708 -0.0307898
273 1.5708 -0.0322094
273.2 1.5708 -0.025778
273.4 1.5708 -0.0170675
273.6 1.5708 -0.0104897
273.8 1.5708 -0.00619098
274 1.5708 -0.00229061
274.2 1.5708 0.00254373
274.4 1.5708 0.0103958
274.6 1.5708 0.0254417
274.8 1.5708 0.0491126
275 1.5708 0.0720632
275.2 1.5708 0.0750513
275.4 1.5708 0.044918
275.6 1.5708 -0.00725422
275.8 1.5708 -0.0479639
276 1.5708 -0.0487961
276.2 1.5708 -0.0154783
276.4 1.5708 0.0137492
276.6 1.5708 0.00452022
276.8 1.5708 -0.0374943
277 1.5708 -0.0701476
277.2 1.5708 -0.0574958
277.4 1.5708 -0.00742272
277.6 1.5708 0.0370212
277.8 1.5708 0.0432271
278 1.5708 0.0208323
278.2 1.5708 0.00450947
278.4 1.5708 0.00958741
278.6 1.5708 0.014122
278.8 1.5708 -0.0107117
279 1.5708 -0.0586957
279.2 1.5708 -0.0872146
279.4 1.5708 -0.0612707
279.6 1.5708 0.0068732
279.8 1.5708 0.068165
280 1.5708 0.0856225
280.2 1.5708 0.0664752
280.4 1.5708 0.044546
280.6 1.5708 0.0378895
280.8 1.5708 0.0322248
281 1.5708 0.00533951
281.2 1.5708 -0.0415521
281.4 1.5708 -0.0838666
281.6 1.5708 -0.101913
281.8 1.5708 -0.100793
282 1.5708 -0.099612
282.2 1.5708 -0.106548
282.4 1.5708 -0.110671
282.6 1.5708 -0.0970486
282.8 1.5708 -0.063745
283 1.5708 -0.0221567
283.2 1.5708 0.0139022
283.4 1.5708 0.0346226
283.6 1.5708 0.0335965
283.8 1.5708 0.0102816
284 1.5708 -0.0231013
284.2 1.5708 -0.0440205
284.4 1.5708 -0.0386967
284.6 1.5708 -0.0198431
284.8 1.5708 -0.0173347
285 1.5708 -0.0443388
285.2 1.5708 -0.0757519
285.4 1.5708 -0.0694459
285.6 1.5708 -0.0132402
285.8 1.5708 0.054345
286 1.5708 0.0779253
286.2 1.5708 0.0414648
286.4 1.5708 -0.0132734
286.6 1.5708 -0.0278203
286.8 1.5708 0.0150373
287 1.5708 0.0763241
287.2 1.5708 0.101722
287.4 1.5708 0.0731151
287.6 1.5708 0.0196457
287.8 1.5708 -0.0156184
288 1.5708 -0.0137862
288.2 1.5708 0.0125133
288.4 1.5708 0.0392221
288.6 1.5708 0.0504904
288.8 1.5708 0.0414801
289 1.5708 0.0131577
289.2 1.5708 -0.0272394
289.4 1.5708 -0.0625916
289.6 1.5708 -0.0721272
289.8 1.5708 -0.0485199
290 1.5708 -0.00878154
290.2 1.5708 0.0165983
290.4 1.5708 0.00897418
290.6 1.5708 -0.0236547
290.8 1.5708 -0.0573333
291 1.5708 -0.0761618
291.2 1.5708 -0.0836344
291.4 1.5708 -0.0910048
291.6 1.5708 -0.0986895
291.8 1.5708 -0.0937125
292 1.5708 -0.0660099
292.2 1.5708 -0.0233872
292.4 1.5708 0.0136137
292.6 1.5708 0.0316559
292.8 1.5708 0.036227
293 1.5708 0.0421168
293.2 1.5708 0.0553891
293.4 1.5708 0.0692008
293.6 1.5708 0.0770475
293.8 1.5708 0.0836252
294 1.5708 0.0964361
294.2 1.5708 0.108308
294.4 1.5708 0.0973176
294.6 1.5708 0.0512042
294.8 1.5708 -0.0106049
295 1.5708 -0.0485919
295.2 1.5708 -0.04203
295.4 1.5708 -0.0125354
295.6 1.5708 -0.00137345
295.8 1.5708 -0.0226866
296 1.5708 -0.046381
296.2 1.5708 -0.0331902
296.4 1.5708 0.017122
296.6 1.5708 0.0618279
296.8 1.5708 0.0621867
297 1.5708 0.0271589
297.2 1.5708 0.00205686
297.4 1.5708 0.0154813
297.6 1.5708 0.0475975
297.8 1.5708 0.0565215
298 1.5708 0.0293292
298.2 1.5708 -0.00439477
298.4 1.5708 -0.0110542
298.6 1.5708 0.00557928
298.8 1.5708 0.0108997
299 1.5708 -0.0159965
299.2 1.5708 -0.0557713
299.4 1.5708 -0.0718391
299.6 1.5708 -0.0528545
299.8 1.5708 -0.023362
300 1.5708 -0.0135604
300.2 1.5708 -0.0278546
300.4 1.5708 -0.0469587
300.6 1.5708 -0.0527517
300.8 1.5708 -0.0411251
301 1.5708 -0.0134829
301.2 1.5708 0.0296916
301.4 1.5708 0.0778464
301.6 1.5708 0.10182
301.8 1.5708 0.0737538
302 1.5708 0.00250369
302.2 1.5708 -0.060992
302.4 1.5708 -0.0674771
302.6 1.5708 -0.0203232
302.8 1.5708 0.025926
303 1.5708 0.023028
303.2 1.5708 -0.0203897
303.4 1.5708 -0.0522042
303.6 1.5708 -0.037149
303.8 1.5708 0.00687103
304 1.5708 0.0355089
304.2 1.5708 0.030219
304.4 1.5708 0.0121122
304.6 1.5708 0.00646318
304.8 1.5708 0.00911121
305 1.5708 -0.00194219
305.2 1.5708 -0.0296556
305.4 1.5708 -0.049237
305.6 1.5708 -0.0410732
305.8 1.5708 -0.0198928
306 1.5708 -0.0172347
306.2 1.5708 -0.036645
306.4 1.5708 -0.0413618
306.6 1.5708 0.00317877
306.8 1.5708 0.0804753
307 1.5708 0.129833
307.2 1.5708 0.107009
307.4 1.5708 0.0322877
307.6 1.5708 -0.027996
307.8 1.5708 -0.0254516
308 1.5708 0.0289663
308.2 1.5708 0.0836426
308.4 1.5708 0.0962142
308.6 1.5708 0.062261
308.8 1.5708 0.00602891
309 1.5708 -0.0423973
309.2 1.5708 -0.0598769
309.4 1.5708 -0.0361954
309.6 1.5708 0.0173741
309.8 1.5708 0.0667925
310 1.5708 0.0775425
310.2 1.5708 0.0483026
310.4 1.5708 0.0175959
310.6 1.5708 0.0257213
310.8 1.5708 0.0685599
311 1.5708 0.0986487
311.2 1.5708 0.0787985
311.4 1.5708 0.0281667
311.6 1.5708 0.00264559
311.8 1.5708 0.0278856
312 1.5708 0.0643249
312.2 1.5708 0.0512041
312.4 1.5708 -0.0177957
312.6 1.5708 -0.0783886
312.8 1.5708 -0.0643608
313 1.5708 0.0146582
313.2 1.5708 0.0784187
313.4 1.5708 0.0626923
313.6 1.5708 -0.0100551
313.8 1.5708 -0.0571989
314 1.5708 -0.0295265
314.2 1.5708 0.035583
314.4 1.5708 0.0606574
314.6 1.5708 0.0177441
314.8 1.5708 -0.0434213
315 1.5708 -0.0579772
315.2 1.5708 -0.0217554
315.4 1.5708 0.00886861
315.6 1.5708 -0.0110824
315.8 1.5708 -0.0607301
316 1.5708 -0.0806878
316.2 1.5708 -0.0459279
316.4 1.5708 0.00501943
316.6 1.5708 0.0175447
316.8 1.5708 -0.0158123
317 1.5708 -0.0526085
317.2 1.5708 -0.0566409
317.4 1.5708 -0.0395982
317.6 1.5708 -0.0376975
317.8 1.5708 -0.0584548
318 1.5708 -0.0699829
318.2 1.5708 -0.0473013
318.4 1.5708 -0.0127499
318.6 1.5708 -0.0124285
318.8 1.5708 -0.0543555
319 1.5708 -0.0887793
319.2 1.5708 -0.0629204
319.4 1.5708 0.0122107
319.6 1.5708 0.0668461
319.8 1.5708 0.0486593
320 1.5708 -0.0184256
320.2 1.5708 -0.0634752
320.4 1.5708 -0.0509104
320.6 1.5708 -0.0169951
320.8 1.5708 -0.0183371
321 1.5708 -0.0580643
321.2 1.5708 -0.0812785
321.4 1.5708 -0.0443693
321.6 1.5708 0.0284348
321.8 1.5708 0.0705512
322 1.5708 0.048362
322.2 1.5708 -0.00486871
322.4 1.5708 -0.0329169
322.6 1.5708 -0.0198306
322.8 1.5708 0.00311019
323 1.5708 0.00549476
323.2 1.5708 -0.00709702
323.4 1.5708 -0.0125134
323.6 1.5708 -0.0098744
323.8 1.5708 -0.0177417
324 1.5708 -0.0361239
324.2 1.5708 -0.0327816
324.4 1.5708 0.0159902
324.6 1.5708 0.0802357
324.8 1.5708 0.0952357
325 1.5708 0.0350534
325.2 1.5708 -0.0468891
325.4 1.5708 -0.0685297
325.6 1.5708 -0.00999867
325.8 1.5708 0.0618565
326 1.5708 0.0675552
326.2 1.5708 0.00281521
326.4 1.5708 -0.0610473
326.6 1.5708 -0.060589
326.8 1.5708 -0.00582751
327 1.5708 0.0448258
327.2 1.5708 0.0587045
327.4 1.5708 0.0557368
327.6 1.5708 0.061556
327.8 1.5708 0.0598785
328 1.5708 0.014694
328.2 1.5708 -0.066409
328.4 1.5708 -0.119258
328.6 1.5708 -0.0908953
328.8 1.5708 -0.00893221
329 1.5708 0.040173
329.2 1.5708 0.0083919
329.4 1.5708 -0.0545501
329.6 1.5708 -0.0556919
329.8 1.5708 0.0318925
330 1.5708 0.132449
330.2 1.5708 0.148351
330.4 1.5708 0.0666464
330.6 1.5708 -0.0297357
330.8 1.5708 -0.0551219
331 1.5708 -0.0102208
331.2 1.5708 0.0302085
331.4 1.5708 0.00822746
331.6 1.5708 -0.0551986
331.8 1.5708 -0.0912931
332 1.5708 -0.0627973
332.2 1.5708 0.000105071
332.4 1.5708 0.0390981
332.6 1.5708 0.0294844
332.8 1.5708 -0.00254711
333 1.5708 -0.0149128
333.2 1.5708 0.00895865
333.4 1.5708 0.0516903
333.6 1.5708 0.0830323
333.8 1.5708 0.0829347
334 1.5708 0.0511697
334.2 1.5708 0.0058958
334.4 1.5708 -0.025122
334.6 1.5708 -0.0212661
334.8 1.5708 0.0137142
335 1.5708 0.0516134
335.2 1.5708 0.0636412
335.4 1.5708 0.0476801
335.6 1.5708 0.0287014
335.8 1.5708 0.0297232
336 1.5708 0.0458651
336.2 1.5708 0.0523583
336.4 1.5708 0.0367227
336.6 1.5708 0.0146725
336.8 1.5708 0.00876442
337 1.5708 0.0162626
337.2 1.5708 0.00895607
337.4 1.5708 -0.030668
337.6 1.5708 -0.0800857
337.8 1.5708 -0.0940786
338 1.5708 -0.054571
338.2 1.5708 0.00358632
338.4 1.5708 0.0247593
338.6 1.5708 -0.00831066
338.8 1.5708 -0.0532205
339 1.5708 -0.0512034
339.2 1.5708 0.00856771
339.4 1.5708 0.0725864
339.6 1.5708 0.0750803
339.8 1.5708 0.00636718
340 1.5708 -0.0736011
340.2 1.5708 -0.0926573
340.4 1.5708 -0.0378845
340.6 1.5708 0.0318508
340.8 1.5708 0.0455424
341 1.5708 -0.00874603
341.2 1.5708 -0.074467
341.4 1.5708 -0.0880912
341.6 1.5708 -0.0457409
341.8 1.5708 -0.00302765
342 1.5708 -0.00842543
342.2 1.5708 -0.0448691
342.4 1.5708 -0.0475115
342.6 1.5708 0.0188186
342.8 1.5708 0.109661
343 1.5708 0.139754
343.2 1.5708 0.0729517
343.4 1.5708 -0.0354135
343.6 1.5708 -0.0937298
343.8 1.5708 -0.0677024
344 1.5708 -0.00989651
344.2 1.5708 0.00485497
344.4 1.5708 -0.0384828
344.6 1.5708 -0.0884409
344.8 1.5708 -0.0960208
345 1.5708 -0.071
345.2 1.5708 -0.0583504
345.4 1.5708 -0.0707785
345.6 1.5708 -0.0684998
345.8 1.5708 -0.0147386
346 1.5708 0.0656183
346.2 1.5708 0.105495
346.4 1.5708 0.075687
346.6 1.5708 0.0248721
346.8 1.5708 0.0227627
347 1.5708 0.071315
347.2 1.5708 0.0963618
347.4 1.5708 0.0377937
347.6 1.5708 -0.0686847
347.8 1.5708 -0.123253
348 1.5708 -0.077454
348.2 1.5708 0.00358684
348.4 1.5708 0.0123292
348.6 1.5708 -0.0747757
348.8 1.5708 -0.164659
349 1.5708 -0.151061
349.2 1.5708 -0.0360001
349.4 1.5708 0.0712224
349.6 1.5708 0.0761388
349.8 1.5708 0.00100289
350 1.5708 -0.047476
350.2 1.5708 -0.00182223
350.4 1.5708 0.0944667
350.6 1.5708 0.142795
350.8 1.5708 0.0998685
351 1.5708 0.0168152
351.2 1.5708 -0.0262413
351.4 1.5708 -0.0049002
351.6 1.5708 0.0386184
351.8 1.5708 0.0550408
352 1.5708 0.0393374
352.2 1.5708 0.0214885
352.4 1.5708 0.0234901
352.6 1.5708 0.039159
352.8 1.5708 0.0507253
353 1.5708 0.0495216
353.2 1.5708 0.0356595
353.4 1.5708 0.00945325
353.6 1.5708 -0.0246352
353.8 1.5708 -0.0494486
354 1.5708 -0.0453756
354.2 1.5708 -0.0154795
354.4 1.5708 0.00879241
354.6 1.5708 -0.00116946
354.8 1.5708 -0.0355225
355 1.5708 -0.0529491
355.2 1.5708 -0.0283305
355.4 1.5708 0.0150915
355.6 1.5708 0.0317386
355.8 1.5708 0.00892402
356 1.5708 -0.0172796
356.2 1.5708 -0.00760689
356.4 1.5708 0.0297077
356.6 1.5708 0.0493603
356.8 1.5708 0.0302499
357 1.5708 0.00877426
357.2 1.5708 0.0344711
357.4 1.5708 0.0961193
357.6 1.5708 0.113259
357.8 1.5708 0.0186372
358 1.5708 -0.152917
358.2 1.5708 -0.274383
358.4 1.5708 -0.239748
358.6 1.5708 -0.0699815
358.8 1.5708 0.0985115
359 1.5708 0.136041
359.2 1.5708 0.0337593
359.4 1.5708 -0.0975183
359.6 1.5708 -0.135723
359.8 1.5708 -0.0537858
360 1.5708 0.0717429
360.2 1.5708 0.143408
360.4 1.5708 0.127487
360.6 1.5708 0.0640386
360.8 1.5708 0.00974917
361 1.5708 -0.0166776
361.2 1.5708 -0.0336926
361.4 1.5708 -0.0561111
361.6 1.5708 -0.0707333
361.8 1.5708 -0.0573338
362 1.5708 -0.0245542
362.2 1.5708 -0.0102179
362.4 1.5708 -0.0392555
362.6 1.5708 -0.0880454
362.8 1.5708 -0.102414
363 1.5708 -0.0552644
363.2 1.5708 0.0206716
363.4 1.5708 0.065312
363.6 1.5708 0.0546237
363.8 1.5708 0.0226752
364 1.5708 0.0175466
364.2 1.5708 0.0442649
364.4 1.5708 0.0627
364.6 1.5708 0.0408816
364.8 1.5708 -0.00350062
365 1.5708 -0.0244282
365.2 1.5708 -0.00335744
365.4 1.5708 0.0310404
365.6 1.5708 0.0421918
365.8 1.5708 0.0307904
366 1.5708 0.0271096
366.2 1.5708 0.0427905
366.4 1.5708 0.048736
366.6 1.5708 0.0110658
366.8 1.5708 -0.0610638
367 1.5708 -0.119425
367.2 1.5708 -0.128495
367.4 1.5708 -0.0986788
367.6 1.5708 -0.0607146
367.8 1.5708 -0.0218518
368 1.5708 0.0318054
368.2 1.5708 0.0901117
368.4 1.5708 0.102317
368.6 1.5708 0.0291494
368.8 1.5708 -0.0934864
369 1.5708 -0.168754
369.2 1.5708 -0.132423
369.4 1.5708 -0.0233669
369.6 1.5708 0.0557436
369.8 1.5708 0.0462046
370 1.5708 -0.0139572
370.2 1.5708 -0.0490087
370.4 1.5708 -0.0372128
370.6 1.5708 -0.0219321
370.8 1.5708 -0.0373763
371 1.5708 -0.0541883
371.2 1.5708 -0.0198415
371.4 1.5708 0.0602544
371.6 1.5708 0.112792
371.8 1.5708 0.0781311
372 1.5708 -0.0172189
372.2 1.5708 -0.0901
372.4 1.5708 -0.0959662
372.6 1.5708 -0.0704173
372.8 1.5708 -0.0685662
373 1.5708 -0.0862226
373.2 1.5708 -0.0680365
373.4 1.5708 0.00921096
373.6 1.5708 0.0912914
373.8 1.5708 0.103917
374 1.5708 0.0428465
374.2 1.5708 -0.0190326
374.4 1.5708 -0.0183769
374.6 1.5708 0.0269325
374.8 1.5708 0.0496971
375 1.5708 0.0242886
375.2 1.5708 -0.0018745
375.4 1.5708 0.0249124
375.6 1.5708 0.0886387
375.8 1.5708 0.118223
376 1.5708 0.0747208
376.2 1.5708 -0.000397559
376.4 1.5708 -0.0366669
376.6 1.5708 -0.0198517
376.8 1.5708 -0.00415103
377 1.5708 -0.0388645
377.2 1.5708 -0.102931
377.4 1.5708 -0.126968
377.6 1.5708 -0.0727055
377.8 1.5708 0.0258871
378 1.5708 0.101687
378.2 1.5708 0.119641
378.4 1.5708 0.0954425
378.6 1.5708 0.0621063
378.8 1.5708 0.0373977
379 1.5708 0.0251991
379.2 1.5708 0.0295253
379.4 1.5708 0.0500772
379.6 1.5708 0.0690003
379.8 1.5708 0.0606288
380 1.5708 0.0228985
380.2 1.5708 -0.011043
380.4 1.5708 -0.00564358
380.6 1.5708 0.033404
380.8 1.5708 0.0594557
381 1.5708 0.0343053
381.2 1.5708 -0.0289488
381.4 1.5708 -0.0791551
381.6 1.5708 -0.0802411
381.8 1.5708 -0.0433476
382 1.5708 -0.00660613
382.2 1.5708 0.00713019
382.4 1.5708 0.00593714
382.6 1.5708 0.00856223
382.8 1.5708 0.0201281
383 1.5708 0.0304109
383.2 1.5708 0.0279542
383.4 1.5708 0.00962926
383.6 1.5708 -0.0191286
383.8 1.5708 -0.045096
384 1.5708 -0.049419
384.2 1.5708 -0.0196765
384.4 1.5708 0.0333088
384.6 1.5708 0.0766137
384.8 1.5708 0.0831963
385 1.5708 0.0598114
385.2 1.5708 0.0386704
385.4 1.5708 0.0373878
385.6 1.5708 0.0352812
385.8 1.5708 -0.000280222
386 1.5708 -0.0661814
386.2 1.5708 -0.115384
386.4 1.5708 -0.104587
386.6 1.5708 -0.0434791
386.8 1.5708 0.0145445
387 1.5708 0.030506
387.2 1.5708 0.0173473
387.4 1.5708 0.0142912
387.6 1.5708 0.0344255
387.8 1.5708 0.0527804
388 1.5708 0.0460908
388.2 1.5708 0.0272877
388.4 1.5708 0.0269022
388.6 1.5708 0.046905
388.8 1.5708 0.0521818
389 1.5708 0.0163974
389.2 1.5708 -0.0352612
389.4 1.5708 -0.045869
389.6 1.5708 0.00815243
389.8 1.5708 0.0834884
390 1.5708 0.111017
390.2 1.5708 0.0671862
390.4 1.5708 -0.00359622
390.6 1.5708 -0.0380246
390.8 1.5708 -0.0169062
391 1.5708 0.0245994
391.2 1.5708 0.0422714
391.4 1.5708 0.0276186
391.6 1.5708 0.00606106
391.8 1.5708 -0.000371789
392 1.5708 0.000595889
392.2 1.5708 -0.0165842
392.4 1.5708 -0.0613551
392.6 1.5708 -0.108059
392.8 1.5708 -0.112092
393 1.5708 -0.0491836
393.2 1.5708 0.0554235
393.4 1.5708 0.13614
393.6 1.5708 0.134001
393.8 1.5708 0.0459261
394 1.5708 -0.0683465
394.2 1.5708 -0.13319
394.4 1.5708 -0.118053
394.6 1.5708 -0.0554118
394.8 1.5708 -0.00144138
395 1.5708 0.0159374
395.2 1.5708 0.00780063
395.4 1.5708 -0.00731106
395.6 1.5708 -0.0290994
395.8 1.5708 -0.0621011
396 1.5708 -0.0885592
396.2 1.5708 -0.0751921
396.4 1.5708 -0.0148402
396.6 1.5708 0.0511123
396.8 1.5708 0.0680022
397 1.5708 0.026782
397.2 1.5708 -0.0246028
397.4 1.5708 -0.0348843
397.6 1.5708 -0.00521173
397.8 1.5708 0.0203061
398 1.5708 0.0150837
398.2 1.5708 0.00309077
398.4 1.5708 0.0225272
398.6 1.5708 0.069355
398.8 1.5708 0.0969999
399 1.5708 0.0748317
399.2 1.5708 0.0290567
399.4 1.5708 0.010583
399.6 1.5708 0.0296604
399.8 1.5708 0.0428716
400 1.5708 0.0118831
400.2 1.5708 -0.0406134
400.4 1.5708 -0.0520571
400.6 1.5708 0.0040281
400.8 1.5708 0.0802689
401 1.5708 0.103462
401.2 1.5708 0.0518847
401.4 1.5708 -0.0269781
401.6 1.5708 -0.0724571
401.8 1.5708 -0.0689279
402 1.5708 -0.0435805
402.2 1.5708 -0.0215761
402.4 1.5708 -0.00206316
402.6 1.5708 0.0227096
402.8 1.5708 0.0446915
403 1.5708 0.0506541
403.2 1.5708 0.046677
403.4 1.5708 0.0530405
403.6 1.5708 0.0704806
403.8 1.5708 0.0676601
404 1.5708 0.0180267
404.2 1.5708 -0.0552092
404.4 1.5708 -0.0894041
404.6 1.5708 -0.0478566
404.8 1.5708 0.033565
405 1.5708 0.0783846
405.2 1.5708 0.0488703
405.4 1.5708 -0.0164857
405.6 1.5708 -0.0496376
405.8 1.5708 -0.028024
406 1.5708 0.00802745
406.2 1.5708 0.0110344
406.4 1.5708 -0.014674
406.6 1.5708 -0.0203435
406.8 1.5708 0.0249616
407 1.5708 0.0919547
407.2 1.5708 0.117933
407.4 1.5708 0.0729183
407.6 1.5708 -0.00710404
407.8 1.5708 -0.0540287
408 1.5708 -0.0322606
408.2 1.5708 0.0308741
408.4 1.5708 0.0755167
408.6 1.5708 0.066761
408.8 1.5708 0.0221339
409 1.5708 -0.0145011
409.2 1.5708 -0.0219803
409.4 1.5708 -0.0213412
409.6 1.5708 -0.0455989
409.8 1.5708 -0.0945681
410 1.5708 -0.128219
410.2 1.5708 -0.110082
410.4 1.5708 -0.0526781
410.6 1.5708 -0.00863742
410.8 1.5708 -0.0121127
411 1.5708 -0.0370821
411.2 1.5708 -0.0257274
411.4 1.5708 0.041698
411.6 1.5708 0.118025
411.8 1.5708 0.138943
412 1.5708 0.0944446
412.2 1.5708 0.0360444
412.4 1.5708 0.0120054
412.6 1.5708 0.0126468
412.8 1.5708 -0.00523158
413 1.5708 -0.0491214
413.2 1.5708 -0.0719023
413.4 1.5708 -0.0341775
413.6 1.5708 0.0321995
413.8 1.5708 0.0498111
414 1.5708 -0.010909
414.2 1.5708 -0.0867186
414.4 1.5708 -0.0901195
414.6 1.5708 -0.0152411
414.8 1.5708 0.0493741
415 1.5708 0.0229203
415.2 1.5708 -0.0705091
415.4 1.5708 -0.127024
415.6 1.5708 -0.0813166
415.8 1.5708 0.0221012
416 1.5708 0.084592
416.2 1.5708 0.0625571
416.4 1.5708 0.000898359
416.6 1.5708 -0.0359213
416.8 1.5708 -0.0370382
417 1.5708 -0.034488
417.2 1.5708 -0.0391739
417.4 1.5708 -0.0207148
417.6 1.5708 0.0406711
417.8 1.5708 0.106669
418 1.5708 0.111413
418.2 1.5708 0.037935
418.4 1.5708 -0.0565843
418.6 1.5708 -0.101673
418.8 1.5708 -0.0865168
419 1.5708 -0.0588102
419.2 1.5708 -0.0587347
419.4 1.5708 -0.0749179
419.6 1.5708 -0.0714457
419.8 1.5708 -0.0399151
420 1.5708 -0.0057088
420.2 1.5708 0.011678
420.4 1.5708 0.0218699
420.6 1.5708 0.0381522
420.8 1.5708 0.0461662
421 1.5708 0.0198654
421.2 1.5708 -0.0324677
421.4 1.5708 -0.059903
421.6 1.5708 -0.0214378
421.8 1.5708 0.0610284
422 1.5708 0.118159
422.2 1.5708 0.103309
422.4 1.5708 0.0365064
422.6 1.5708 -0.024714
422.8 1.5708 -0.0451573
423 1.5708 -0.03229
423.2 1.5708 -0.00763056
423.4 1.5708 0.0191039
423.6 1.5708 0.041071
423.8 1.5708 0.039766
424 1.5708 0.00229876
424.2 1.5708 -0.0492049
424.4 1.5708 -0.0682709
424.6 1.5708 -0.0367019
424.8 1.5708 0.0067982
425 1.5708 0.00951787
425.2 1.5708 -0.0270874
425.4 1.5708 -0.0441578
425.6 1.5708 -0.000462442
425.8 1.5708 0.0675376
426 1.5708 0.0843869
426.2 1.5708 0.0313802
426.4 1.5708 -0.0238269
426.6 1.5708 -0.0100071
426.8 1.5708 0.0530173
427 1.5708 0.07274
427.2 1.5708 0.000725966
427.4 1.5708 -0.0973496
427.6 1.5708 -0.113232
427.8 1.5708 -0.0267512
428 1.5708 0.0662876
428.2 1.5708 0.0672806
428.4 1.5708 -0.00871127
428.6 1.5708 -0.0573355
428.8 1.5708 -0.0185167
429 1.5708 0.0485815
429.2 1.5708 0.0429501
429.4 1.5708 -0.0466635
429.6 1.5708 -0.122301
429.8 1.5708 -0.094603
430 1.5708 0.00798213
430.2 1.5708 0.0730421
430.4 1.5708 0.0379912
430.6 1.5708 -0.039986
430.8 1.5708 -0.0588949
431 1.5708 0.00440139
431.2 1.5708 0.0712893
431.4 1.5708 0.0599188
431.6 1.5708 -0.0189073
431.8 1.5708 -0.0794886
432 1.5708 -0.0614044
432.2 1.5708 0.010573
432.4 1.5708 0.0673211
432.6 1.5708 0.0739404
432.8 1.5708 0.0507898
433 1.5708 0.0272583
433.2 1.5708 0.000989889
433.4 1.5708 -0.0449654
433.6 1.5708 -0.0989605
433.8 1.5708 -0.117327
434 1.5708 -0.0712853
434.2 1.5708 0.0132594
434.4 1.5708 0.0739007
434.6 1.5708 0.0700861
434.8 1.5708 0.0184009
435 1.5708 -0.0293278
435.2 1.5708 -0.0367662
435.4 1.5708 -0.0100513
435.6 1.5708 0.01904
435.8 1.5708 0.0282379
436 1.5708 0.0224104
436.2 1.5708 0.0224434
436.4 1.5708 0.0416847
436.6 1.5708 0.0723163
436.8 1.5708 0.0912366
437 1.5708 0.078742
437.2 1.5708 0.0344244
437.4 1.5708 -0.0219789
437.6 1.5708 -0.0644954
437.8 1.5708 -0.0768329
438 1.5708 -0.0581072
438.2 1.5708 -0.0182371
438.4 1.5708 0.027419
438.6 1.5708 0.0599821
438.8 1.5708 0.0619639
439 1.5708 0.0297971
439.2 1.5708 -0.0168417
439.4 1.5708 -0.0450557
439.6 1.5708 -0.0356458
439.8 1.5708 -0.00104075
440 1.5708 0.0268926
440.2 1.5708 0.0275729
440.4 1.5708 0.00734138
440.6 1.5708 -0.0155456
440.8 1.5708 -0.0344743
441 1.5708 -0.0560342
441.2 1.5708 -0.0805468
441.4 1.5708 -0.0921612
441.6 1.5708 -0.0756265
441.8 1.5708 -0.0381587
442 1.5708 -0.00484662
442.2 1.5708 0.00897536
442.4 1.5708 0.0122089
442.6 1.5708 0.0194154
442.8 1.5708 0.0254909
443 1.5708 0.0114558
443.2 1.5708 -0.0237876
443.4 1.5708 -0.0514285
443.6 1.5708 -0.0444882
443.8 1.5708 -0.0160727
444 1.5708 -0.0093725
444.2 1.5708 -0.0427386
444.4 1.5708 -0.0769656
444.6 1.5708 -0.0540379
444.8 1.5708 0.0307045
445 1.5708 0.10986
445.2 1.5708 0.108744
445.4 1.5708 0.0248094
445.6 1.5708 -0.0682818
445.8 1.5708 -0.095566
446 1.5708 -0.0497563
446.2 1.5708 0.0176698
446.4 1.5708 0.0603605
446.6 1.5708 0.0760623
446.8 1.5708 0.0846845
447 1.5708 0.0894957
447.2 1.5708 0.0770268
447.4 1.5708 0.0486157
447.6 1.5708 0.0303656
447.8 1.5708 0.0416091
448 1.5708 0.0648043
448.2 1.5708 0.062679
448.4 1.5708 0.0248926
448.6 1.5708 -0.0166909
448.8 1.5708 -0.0263679
449 1.5708 -0.00841745
449.2 1.5708 0.000231717
449.4 1.5708 -0.0216398
449.6 1.5708 -0.0536395
449.8 1.5708 -0.0629063
450 1.5708 -0.0473942
450.2 1.5708 -0.0347494
450.4 1.5708 -0.0402205
450.6 1.5708 -0.0440123
450.8 1.5708 -0.0220649
451 1.5708 0.0113796
451.2 1.5708 0.0122745
451.4 1.5708 -0.0369725
451.6 1.5708 -0.0953195
451.8 1.5708 -0.103032
452 1.5708 -0.0509554
452.2 1.5708 0.0063882
452.4 1.5708 0.0139971
452.6 1.5708 -0.0187418
452.8 1.5708 -0.0311774
453 1.5708 0.0119407
453.2 1.5708 0.0729193
453.4 1.5708 0.081359
453.6 1.5708 0.0159174
453.8 1.5708 -0.0677436
454 1.5708 -0.0944301
454.2 1.5708 -0.0460553
454.4 1.5708 0.0257167
454.6 1.5708 0.0579609
454.8 1.5708 0.0367146
455 1.5708 -0.00171654
455.2 1.5708 -0.0179196
455.4 1.5708 -0.00722595
455.6 1.5708 0.00680283
455.8 1.5708 0.00452026
456 1.5708 -0.0113227
456.2 1.5708 -0.0247938
456.4 1.5708 -0.0259172
456.6 1.5708 -0.0182709
456.8 1.5708 -0.0118867
457 1.5708 -0.0123139
457.2 1.5708 -0.0158012
457.4 1.5708 -0.0133258
457.6 1.5708 -0.000505867
457.8 1.5708 0.0143833
458 1.5708 0.01395
458.2 1.5708 -0.0118007
458.4 1.5708 -0.0499942
458.6 1.5708 -0.0694703
458.8 1.5708 -0.0463778
459 1.5708 0.0126492
459.2 1.5708 0.0744533
459.4 1.5708 0.107415
459.6 1.5708 0.104749
459.8 1.5708 0.0813155
460 1.5708 0.0533853
460.2 1.5708 0.0268049
460.4 1.5708 0.00236776
460.6 1.5708 -0.0167539
460.8 1.5708 -0.0288206
461 1.5708 -0.039815
461.2 1.5708 -0.0562788
461.4 1.5708 -0.070392
461.6 1.5708 -0.0615908
461.8 1.5708 -0.0218883
462 1.5708 0.0238862
462.2 1.5708 0.0356832
462.4 1.5708 0.00323221
462.6 1.5708 -0.0330906
462.8 1.5708 -0.0180935
463 1.5708 0.0578383
463.2 1.5708 0.140828
463.4 1.5708 0.162536
463.6 1.5708 0.105921
463.8 1.5708 0.0182065
464 1.5708 -0.0388571
464.2 1.5708 -0.0434725
464.4 1.5708 -0.0179455
464.6 1.5708 0.00906262
464.8 1.5708 0.0292968
465 1.5708 0.0441797
465.2 1.5708 0.0445672
465.4 1.5708 0.0181085
465.6 1.5708 -0.024538
465.8 1.5708 -0.0473371
466 1.5708 -0.0251104
466.2 1.5708 0.0225108
466.4 1.5708 0.0464861
466.6 1.5708 0.0222444
466.8 1.5708 -0.0206432
467 1.5708 -0.0316846
467.2 1.5708 0.000968365
467.4 1.5708 0.0357415
467.6 1.5708 0.0273369
467.8 1.5708 -0.0176595
468 1.5708 -0.0467712
468.2 1.5708 -0.023976
468.4 1.5708 0.0249908
468.6 1.5708 0.0395505
468.8 1.5708 -0.00599729
469 1.5708 -0.0698448
469.2 1.5708 -0.0854161
469.4 1.5708 -0.0328301
469.6 1.5708 0.0388555
469.8 1.5708 0.0608002
470 1.5708 0.0112907
470.2 1.5708 -0.0672438
470.4 1.5708 -0.111601
470.6 1.5708 -0.0926487
470.8 1.5708 -0.0310756
471 1.5708 0.0292872
471.2 1.5708 0.0560865
471.4 1.5708 0.0425719
471.6 1.5708 0.0020298
471.8 1.5708 -0.0420492
472 1.5708 -0.0645628
472.2 1.5708 -0.0504964
472.4 1.5708 -0.00733839
472.6 1.5708 0.0358911
472.8 1.5708 0.0499189
473 1.5708 0.0312106
473.2 1.5708 0.00579943
473.4 1.5708 0.00350187
473.6 1.5708 0.0268419
473.8 1.5708 0.0475433
474 1.5708 0.0360087
474.2 1.5708 -0.00611144
474.4 1.5708 -0.0446
474.6 1.5708 -0.0449193
474.8 1.5708 -0.00525818
475 1.5708 0.0426542
475.2 1.5708 0.0643688
475.4 1.5708 0.053104
475.6 1.5708 0.0305425
475.8 1.5708 0.0212676
476 1.5708 0.0295635
476.2 1.5708 0.0407573
476.4 1.5708 0.0408245
476.6 1.5708 0.030375
476.8 1.5708 0.01948
477 1.5708 0.0132161
477.2 1.5708 0.00670129
477.4 1.5708 -0.00557696
477.6 1.5708 -0.0194481
477.8 1.5708 -0.0236961
478 1.5708 -0.0131328
478.2 1.5708 0.00364695
478.4 1.5708 0.0117758
478.6 1.5708 0.00543288
478.8 1.5708 -0.00540228
479 1.5708 -0.00380138
479.2 1.5708 0.0188058
479.4 1.5708 0.0553924
479.6 1.5708 0.0891836
479.8 1.5708 0.104973
480 1.5708 0.0961469
480.2 1.5708 0.0648469
480.4 1.5708 0.0195453
480.6 1.5708 -0.0269892
480.8 1.5708 -0.060731
481 1.5708 -0.0723649
481.2 1.5708 -0.0627561
481.4 1.5708 -0.0421051
481.6 1.5708 -0.0216789
481.8 1.5708 -0.00549284
482 1.5708 0.00945553
482.2 1.5708 0.0245312
482.4 1.5708 0.0329731
482.6 1.5708 0.0252278
482.8 1.5708 0.00239928
483 1.5708 -0.0179534
483.2 1.5708 -0.014679
483.4 1.5708 0.0144024
483.6 1.5708 0.0441219
483.8 1.5708 0.0415562
484 1.5708 -0.00125883
484.2 1.5708 -0.0546341
484.4 1.5708 -0.0756658
484.6 1.5708 -0.0489169
484.8 1.5708 -0.00205131
485 1.5708 0.021765
485.2 1.5708 0.00731215
485.4 1.5708 -0.0193881
485.6 1.5708 -0.0226339
485.8 1.5708 0.00170892
486 1.5708 0.0221079
486.2 1.5708 0.00977596
486.4 1.5708 -0.0242895
486.6 1.5708 -0.0376342
486.8 1.5708 -0.0025451
487 1.5708 0.0614175
487.2 1.5708 0.105563
487.4 1.5708 0.100679
487.6 1.5708 0.0621119
487.8 1.5708 0.0263702
488 1.5708 0.0104904
488.2 1.5708 0.00226921
488.4 1.5708 -0.0118594
488.6 1.5708 -0.0214075
488.8 1.5708 -0.00393608
489 1.5708 0.0404179
489.2 1.5708 0.0786034
489.4 1.5708 0.0770917
489.6 1.5708 0.0412388
489.8 1.5708 0.0129081
490 1.5708 0.0248344
490.2 1.5708 0.0625411
490.4 1.5708 0.0787417
490.6 1.5708 0.0464367
490.8 1.5708 -0.00771958
491 1.5708 -0.0272815
491.2 1.5708 0.0173406
491.4 1.5708 0.0976535
491.6 1.5708 0.151584
491.8 1.5708 0.137571
492 1.5708 0.0679144
492.2 1.5708 -0.00424069
492.4 1.5708 -0.0277592
492.6 1.5708 0.00951136
492.8 1.5708 0.074218
493 1.5708 0.112923
493.2 1.5708 0.0920865
493.4 1.5708 0.0255517
493.6 1.5708 -0.0338854
493.8 1.5708 -0.0376758
494 1.5708 0.0139704
494.2 1.5708 0.0693143
494.4 1.5708 0.0724648
494.6 1.5708 0.0178352
494.8 1.5708 -0.0441476
495 1.5708 -0.0580896
495.2 1.5708 -0.0181244
495.4 1.5708 0.0320984
495.6 1.5708 0.0514861
495.8 1.5708 0.0443339
496 1.5708 0.0457405
496.2 1.5708 0.0708287
496.4 1.5708 0.0921774
496.6 1.5708 0.0739143
496.8 1.5708 0.0197069
497 1.5708 -0.0262139
497.2 1.5708 -0.0279106
497.4 1.5708 0.00272404
497.6 1.5708 0.0239754
497.8 1.5708 0.0163339
498 1.5708 0.00311821
498.2 1.5708 0.0145329
498.4 1.5708 0.0424443
498.6 1.5708 0.045909
498.8 1.5708 0.00327002
499 1.5708 -0.0539229
499.2 1.5708 -0.0700854
499.4 1.5708 -0.0260601
499.6 1.5708 0.0399731
499.8 1.5708 0.0743135
500 1.5708 0.061528
500.2 1.5708 0.0290668
500.4 1.5708 0.00534237
500.6 1.5708 -0.0113266
500.8 1.5708 -0.0363
501 1.5708 -0.0640463
501.2 1.5708 -0.067662
501.4 1.5708 -0.036214
501.6 1.5708 0.00144956
501.8 1.5708 0.00415194
502 1.5708 -0.0317408
502.2 1.5708 -0.062798
502.4 1.5708 -0.046055
502.6 1.5708 0.0104977
502.8 1.5708 0.0552601
503 1.5708 0.0511408
503.2 1.5708 0.0165741
503.4 1.5708 0.00208777
503.6 1.5708 0.0307274
503.8 1.5708 0.071308
504 1.5708 0.0727312
504.2 1.5708 0.0179353
504.4 1.5708 -0.060966
504.6 1.5708 -0.116491
504.8 1.5708 -0.126719
505 1.5708 -0.104199
505.2 1.5708 -0.0751685
505.4 1.5708 -0.057947
505.6 1.5708 -0.0564001
505.8 1.5708 -0.0619002
506 1.5708 -0.0566889
506.2 1.5708 -0.0240749
506.4 1.5708 0.0329975
506.6 1.5708 0.083098
506.8 1.5708 0.0868781
507 1.5708 0.0362713
507.2 1.5708 -0.0284663
507.4 1.5708 -0.0497268
507.6 1.5708 -0.00631908
507.8 1.5708 0.0648262
508 1.5708 0.103056
508.2 1.5708 0.0792723
508.4 1.5708 0.0166932
508.6 1.5708 -0.0384959
508.8 1.5708 -0.0592545
509 1.5708 -0.0501833
509.2 1.5708 -0.0283652
509.4 1.5708 -0.00419428
509.6 1.5708 0.0173311
509.8 1.5708 0.0272786
510 1.5708 0.0168263
510.2 1.5708 -0.00817062
510.4 1.5708 -0.0251503
510.6 1.5708 -0.0151915
510.8 1.5708 0.0147142
511 1.5708 0.0346074
511.2 1.5708 0.0197805
511.4 1.5708 -0.0243167
511.6 1.5708 -0.0660819
511.8 1.5708 -0.0759022
512 1.5708 -0.0511746
512.2 1.5708 -0.0166984
512.4 1.5708 -0.00269337
512.6 1.5708 -0.0195974
512.8 1.5708 -0.0488311
513 1.5708 -0.0566823
513.2 1.5708 -0.0228961
513.4 1.5708 0.0377768
513.6 1.5708 0.0824728
513.8 1.5708 0.0756668
514 1.5708 0.0236489
514.2 1.5708 -0.0272371
514.4 1.5708 -0.0324024
514.6 1.5708 0.00820723
514.8 1.5708 0.0504952
515 1.5708 0.0501065
515.2 1.5708 0.00447684
515.4 1.5708 -0.0491771
515.6 1.5708 -0.0724609
515.8 1.5708 -0.0565791
516 1.5708 -0.0175962
516.2 1.5708 0.0264223
516.4 1.5708 0.0643685
516.6 1.5708 0.0842367
516.8 1.5708 0.0733855
517 1.5708 0.036595
517.2 1.5708 0.00611341
517.4 1.5708 0.0172764
517.6 1.5708 0.0679292
517.8 1.5708 0.111411
518 1.5708 0.100941
518.2 1.5708 0.0404806
518.4 1.5708 -0.0181519
518.6 1.5708 -0.0318355
518.8 1.5708 -0.0112811
519 1.5708 -0.00204461
519.2 1.5708 -0.0264664
519.4 1.5708 -0.0585817
519.6 1.5708 -0.0610133
519.8 1.5708 -0.0337878
520 1.5708 -0.011468
520.2 1.5708 -0.0141321
520.4 1.5708 -0.0193608
520.6 1.5708 0.00495865
520.8 1.5708 0.0494215
521 1.5708 0.0642734
521.2 1.5708 0.0183554
521.4 1.5708 -0.056419
521.6 1.5708 -0.0945237
521.8 1.5708 -0.0688369
522 1.5708 -0.018648
522.2 1.5708 0.000192899
522.4 1.5708 -0.0184245
522.6 1.5708 -0.0292703
522.8 1.5708 0.00147137
523 1.5708 0.0492034
523.2 1.5708 0.0585064
523.4 1.5708 0.0106687
523.6 1.5708 -0.0521106
523.8 1.5708 -0.0740186
524 1.5708 -0.04522
524.2 1.5708 -0.004315
524.4 1.5708 0.0129594
524.6 1.5708 0.0120084
524.8 1.5708 0.0212754
525 1.5708 0.0477829
525.2 1.5708 0.0652783
525.4 1.5708 0.0474716
525.6 1.5708 0.00146814
525.8 1.5708 -0.0399779
526 1.5708 -0.0546595
526.2 1.5708 -0.0508337
526.4 1.5708 -0.0508185
526.6 1.5708 -0.0631113
526.8 1.5708 -0.0757242
527 1.5708 -0.0725639
527.2 1.5708 -0.0499673
527.4 1.5708 -0.0181359
527.6 1.5708 0.00733154
527.8 1.5708 0.014446
528 1.5708 0.00295691
528.2 1.5708 -0.0105561
528.4 1.5708 -0.00133045
528.6 1.5708 0.0386978
528.8 1.5708 0.0824926
529 1.5708 0.0849132
529.2 1.5708 0.0290354
529.4 1.5708 -0.0472132
529.6 1.5708 -0.0826612
529.8 1.5708 -0.0565426
530 1.5708 -0.0126835
530.2 1.5708 -0.0110536
530.4 1.5708 -0.0582785
530.6 1.5708 -0.0990001
530.8 1.5708 -0.0811532
531 1.5708 -0.0190098
531.2 1.5708 0.0213739
531.4 1.5708 -0.00222314
531.6 1.5708 -0.0614406
531.8 1.5708 -0.0931321
532 1.5708 -0.0710192
532.2 1.5708 -0.0277063
532.4 1.5708 -0.0074827
532.6 1.5708 -0.0157121
532.8 1.5708 -0.0264296
533 1.5708 -0.0277579
533.2 1.5708 -0.0367275
533.4 1.5708 -0.0631446
533.6 1.5708 -0.0785807
533.8 1.5708 -0.0440234
534 1.5708 0.0322455
534.2 1.5708 0.0856692
534.4 1.5708 0.0599917
534.6 1.5708 -0.0260841
534.8 1.5708 -0.0935079
535 1.5708 -0.0866349
535.2 1.5708 -0.0294936
535.4 1.5708 0.0107987
535.6 1.5708 0.00578606
535.8 1.5708 -0.00785722
536 1.5708 0.0144405
536.2 1.5708 0.0606832
536.4 1.5708 0.0737508
536.6 1.5708 0.0240274
536.8 1.5708 -0.0489442
537 1.5708 -0.0780659
537.2 1.5708 -0.0429112
537.4 1.5708 0.0121006
537.6 1.5708 0.0324121
537.8 1.5708 0.010883
538 1.5708 -0.0174297
538.2 1.5708 -0.0262368
538.4 1.5708 -0.0257148
538.6 1.5708 -0.0368277
538.8 1.5708 -0.0543288
539 1.5708 -0.0507207
539.2 1.5708 -0.0146433
539.4 1.5708 0.0292109
539.6 1.5708 0.0457051
539.8 1.5708 0.0276879
540 1.5708 0.000104404
540.2 1.5708 -0.0113382
540.4 1.5708 -0.00563765
540.6 1.5708 0.00165499
540.8 1.5708 0.00244775
541 1.5708 0.00334719
541.2 1.5708 0.013154
541.4 1.5708 0.0340492
541.6 1.5708 0.0668256
541.8 1.5708 0.113213
542 1.5708 0.162739
542.2 1.5708 0.183664
542.4 1.5708 0.144272
542.6 1.5708 0.0521029
542.8 1.5708 -0.0373315
543 1.5708 -0.065501
543.2 1.5708 -0.0282349
543.4 1.5708 0.02083
543.6 1.5708 0.0292857
543.8 1.5708 0.00128418
544 1.5708 -0.0154059
544.2 1.5708 0.00646148
544.4 1.5708 0.038338
544.6 1.5708 0.0341307
544.8 1.5708 -0.00604455
545 1.5708 -0.0287215
545.2 1.5708 0.0101473
545.4 1.5708 0.0872119
545.6 1.5708 0.130805
545.8 1.5708 0.0977975
546 1.5708 0.0195869
546.2 1.5708 -0.0340952
546.4 1.5708 -0.029086
546.6 1.5708 0.00617159
546.8 1.5708 0.0242597
547 1.5708 0.0139783
547.2 1.5708 0.00277331
547.4 1.5708 0.0121102
547.6 1.5708 0.0270939
547.8 1.5708 0.016938
548 1.5708 -0.0238693
548.2 1.5708 -0.0670114
548.4 1.5708 -0.0835633
548.6 1.5708 -0.0760557
548.8 1.5708 -0.0708499
549 1.5708 -0.0828656
549.2 1.5708 -0.0964823
549.4 1.5708 -0.0842636
549.6 1.5708 -0.0400935
549.8 1.5708 0.0108519
550 1.5708 0.0345333
550.2 1.5708 0.0188288
550.4 1.5708 -0.01672
550.6 1.5708 -0.0389384
550.8 1.5708 -0.0298602
551 1.5708 -0.00216635
551.2 1.5708 0.0122989
551.4 1.5708 -0.00619012
551.6 1.5708 -0.041296
551.8 1.5708 -0.0515519
552 1.5708 -0.0138443
552.2 1.5708 0.0413873
552.4 1.5708 0.0483825
552.6 1.5708 -0.0274833
552.8 1.5708 -0.139891
553 1.5708 -0.190041
553.2 1.5708 -0.118571
553.4 1.5708 0.0296449
553.6 1.5708 0.140718
553.8 1.5708 0.137763
554 1.5708 0.0494918
554.2 1.5708 -0.028468
554.4 1.5708 -0.0350739
554.6 1.5708 0.00258026
554.8 1.5708 0.0156668
555 1.5708 -0.0216225
555.2 1.5708 -0.0673085
555.4 1.5708 -0.0687007
555.6 1.5708 -0.0271819
555.8 1.5708 0.0057127
556 1.5708 -0.00962309
556.2 1.5708 -0.0572997
556.4 1.5708 -0.0885938
556.6 1.5708 -0.0767436
556.8 1.5708 -0.0380991
557 1.5708 -0.00350201
557.2 1.5708 0.0159868
557.4 1.5708 0.0280764
557.6 1.5708 0.0352082
557.8 1.5708 0.0273711
558 1.5708 0.00054847
558.2 1.5708 -0.0307688
558.4 1.5708 -0.0497286
558.6 1.5708 -0.0600035
558.8 1.5708 -0.0793405
559 1.5708 -0.108075
559.2 1.5708 -0.117267
559.4 1.5708 -0.0808942
559.6 1.5708 -0.0163682
559.8 1.5708 0.0225484
560 1.5708 0.00140126
560.2 1.5708 -0.0535162
560.4 1.5708 -0.0813604
560.6 1.5708 -0.0540916
560.8 1.5708 -0.00611314
561 1.5708 0.00960433
561.2 1.5708 -0.0136627
561.4 1.5708 -0.0295131
561.6 1.5708 0.00224258
561.8 1.5708 0.0630682
562 1.5708 0.0947385
562.2 1.5708 0.0676628
562.4 1.5708 0.0162152
562.6 1.5708 -0.000899757
562.8 1.5708 0.0323915
563 1.5708 0.073301
563.2 1.5708 0.070334
563.4 1.5708 0.0193453
563.6 1.5708 -0.0360372
563.8 1.5708 -0.0527075
564 1.5708 -0.0265921
564.2 1.5708 0.0147368
564.4 1.5708 0.0448417
564.6 1.5708 0.0555538
564.8 1.5708 0.0495652
565 1.5708 0.0315253
565.2 1.5708 0.0113014
565.4 1.5708 0.00484836
565.6 1.5708 0.0189753
565.8 1.5708 0.0363284
566 1.5708 0.0280043
566.2 1.5708 -0.0112801
566.4 1.5708 -0.0472772
566.6 1.5708 -0.0369267
566.8 1.5708 0.0233472
567 1.5708 0.0888918
567.2 1.5708 0.112811
567.4 1.5708 0.0955931
567.6 1.5708 0.0795183
567.8 1.5708 0.0938998
568 1.5708 0.117609
568.2 1.5708 0.10535
568.4 1.5708 0.0466069
568.6 1.5708 -0.0150679
568.8 1.5708 -0.0280051
569 1.5708 0.00968677
569.2 1.5708 0.0478076
569.4 1.5708 0.039867
569.6 1.5708 -0.00771999
569.8 1.5708 -0.0470186
570 1.5708 -0.0427485
570.2 1.5708 -0.00663751
570.4 1.5708 0.0215415
570.6 1.5708 0.0170946
570.8 1.5708 -0.0113993
571 1.5708 -0.0400567
571.2 1.5708 -0.0537961
571.4 1.5708 -0.0500866
571.6 1.5708 -0.0294406
571.8 1.5708 0.00598445
572 1.5708 0.0441541
572.2 1.5708 0.0639315
572.4 1.5708 0.052145
572.6 1.5708 0.0184538
572.8 1.5708 -0.0124322
573 1.5708 -0.0239273
573.2 1.5708 -0.0193352
573.4 1.5708 -0.0102816
573.6 1.5708 -0.000410477
573.8 1.5708 0.0130829
574 1.5708 0.0249093
574.2 1.5708 0.0194055
574.4 1.5708 -0.0108152
574.6 1.5708 -0.0485753
574.8 1.5708 -0.0639417
575 1.5708 -0.0451776
575.2 1.5708 -0.0128047
575.4 1.5708 0.00227951
575.6 1.5708 -0.00781007
575.8 1.5708 -0.0221345
576 1.5708 -0.0182088
576.2 1.5708 0.00193826
576.4 1.5708 0.0178245
576.6 1.5708 0.0178575
576.8 1.5708 0.0111018
577 1.5708 0.00908442
577.2 1.5708 0.00402622
577.4 1.5708 -0.0243703
577.6 1.5708 -0.0787208
577.8 1.5708 -0.128364
578 1.5708 -0.13191
578.2 1.5708 -0.0775542
578.4 1.5708 0.00153896
578.6 1.5708 0.0530598
578.8 1.5708 0.046947
579 1.5708 -0.0053017
579.2 1.5708 -0.064629
579.4 1.5708 -0.0937678
579.6 1.5708 -0.0784863
579.8 1.5708 -0.0317391
580 1.5708 0.0162938
580.2 1.5708 0.0369906
580.4 1.5708 0.0226034
580.6 1.5708 -0.00741906
580.8 1.5708 -0.0220987
581 1.5708 -0.00624102
581.2 1.5708 0.0256815
581.4 1.5708 0.0441043
581.6 1.5708 0.0332184
581.8 1.5708 0.00483639
582 1.5708 -0.0146969
582.2 1.5708 -0.00784785
582.4 1.5708 0.0238243
582.6 1.5708 0.0657231
582.8 1.5708 0.0988473
583 1.5708 0.10396
583.2 1.5708 0.0698291
583.4 1.5708 0.00853718
583.6 1.5708 -0.0399272
583.8 1.5708 -0.0333478
584 1.5708 0.0305408
584.2 1.5708 0.0999432
584.4 1.5708 0.110114
584.6 1.5708 0.0468497
584.8 1.5708 -0.0347793
585 1.5708 -0.0630661
585.2 1.5708 -0.0232373
585.4 1.5708 0.0270946
585.6 1.5708 0.0195187
585.8 1.5708 -0.0518516
586 1.5708 -0.124068
586.2 1.5708 -0.131397
586.4 1.5708 -0.070993
586.6 1.5708 0.000399978
586.8 1.5708 0.0291113
587 1.5708 0.0146065
587.2 1.5708 -0.00304595
587.4 1.5708 0.00420708
587.6 1.5708 0.022689
587.8 1.5708 0.0194027
588 1.5708 -0.0156929
588.2 1.5708 -0.057365
588.4 1.5708 -0.073165
588.6 1.5708 -0.056371
588.8 1.5708 -0.0277938
589 1.5708 -0.00945782
589.2 1.5708 -0.00274627
589.4 1.5708 0.00650866
589.6 1.5708 0.0265603
589.8 1.5708 0.0486044
590 1.5708 0.0568677
590.2 1.5708 0.0457227
590.4 1.5708 0.0235892
590.6 1.5708 0.00105383
590.8 1.5708 -0.0207491
591 1.5708 -0.046772
591.2 1.5708 -0.0741087
591.4 1.5708 -0.0857689
591.6 1.5708 -0.063225
591.8 1.5708 -0.00693473
592 1.5708 0.057602
592.2 1.5708 0.0979597
592.4 1.5708 0.100954
592.6 1.5708 0.0807002
592.8 1.5708 0.0606802
593 1.5708 0.0499239
593.2 1.5708 0.0389892
593.4 1.5708 0.0182501
593.6 1.5708 -0.00505393
593.8 1.5708 -0.0123567
594 1.5708 0.00448687
594.2 1.5708 0.0309581
594.4 1.5708 0.0415742
594.6 1.5708 0.0222551
594.8 1.5708 -0.0197611
595 1.5708 -0.0641544
595.2 1.5708 -0.0905609
595.4 1.5708 -0.0852389
595.6 1.5708 -0.0453187
595.8 1.5708 0.014138
596 1.5708 0.0594481
596.2 1.5708 0.0575792
596.4 1.5708 0.00612035
596.6 1.5708 -0.057796
596.8 1.5708 -0.0873371
597 1.5708 -0.0680356
597.2 1.5708 -0.0262952
597.4 1.5708 0.00605762
597.6 1.5708 0.0274655
597.8 1.5708 0.0572136
598 1.5708 0.0939159
598.2 1.5708 0.10153
598.4 1.5708 0.0512613
598.6 1.5708 -0.0285454
598.8 1.5708 -0.0653095
599 1.5708 -0.0172083
599.2 1.5708 0.0727523
599.4 1.5708 0.114673
599.6 1.5708 0.0670567
599.8 1.5708 -0.0184603
600 1.5708 -0.0566802
600.2 1.5708 -0.024593
600.4 1.5708 0.0192393
600.6 1.5708 0.0125529
600.8 1.5708 -0.0320818
601 1.5708 -0.0441845
601.2 1.5708 0.0139462
601.4 1.5708 0.0950372
601.6 1.5708 0.117602
601.8 1.5708 0.0582628
602 1.5708 -0.0241915
602.2 1.5708 -0.0572048
602.4 1.5708 -0.0297721
602.6 1.5708 0.0114995
602.8 1.5708 0.0290764
603 1.5708 0.0343468
603.2 1.5708 0.0556292
603.4 1.5708 0.0854447
603.6 1.5708 0.0819737
603.8 1.5708 0.0243503
604 1.5708 -0.0506615
604.2 1.5708 -0.0800923
604.4 1.5708 -0.0387941
604.6 1.5708 0.0375481
604.8 1.5708 0.0919603
605 1.5708 0.0979936
605.2 1.5708 0.0704819
605.4 1.5708 0.037586
605.6 1.5708 0.0157522
605.8 1.5708 0.00861774
606 1.5708 0.0135573
606.2 1.5708 0.019667
606.4 1.5708 0.00884177
606.6 1.5708 -0.0259254
606.8 1.5708 -0.0625254
607 1.5708 -0.0637647
607.2 1.5708 -0.0192721
607.4 1.5708 0.0336661
607.6 1.5708 0.0442228
607.8 1.5708 0.0040153
608 1.5708 -0.0426902
608.2 1.5708 -0.0513977
608.4 1.5708 -0.0306543
608.6 1.5708 -0.0288932
608.8 1.5708 -0.0689144
609 1.5708 -0.111864
609.2 1.5708 -0.0987643
609.4 1.5708 -0.0216349
609.6 1.5708 0.06199
609.8 1.5708 0.0890074
610 1.5708 0.0534156
610.2 1.5708 0.00173538
610.4 1.5708 -0.0247182
610.6 1.5708 -0.0266721
610.8 1.5708 -0.0262742
611 1.5708 -0.0293431
611.2 1.5708 -0.0243041
611.4 1.5708 -0.0109075
611.6 1.5708 -0.00721406
611.8 1.5708 -0.0187243
612 1.5708 -0.0169077
612.2 1.5708 0.0297244
612.4 1.5708 0.103013
612.6 1.5708 0.135336
612.8 1.5708 0.0794966
613 1.5708 -0.0283959
613.2 1.5708 -0.0951998
613.4 1.5708 -0.0671057
613.6 1.5708 0.0123093
613.8 1.5708 0.0522942
614 1.5708 0.0166186
614.2 1.5708 -0.0410088
614.4 1.5708 -0.0473423
614.6 1.5708 0.00118829
614.8 1.5708 0.0377016
615 1.5708 0.0106175
615.2 1.5708 -0.049918
615.4 1.5708 -0.0662668
615.6 1.5708 -0.00701939
615.8 1.5708 0.072155
616 1.5708 0.0891372
616.2 1.5708 0.0274963
616.4 1.5708 -0.0454483
616.6 1.5708 -0.0532911
616.8 1.5708 0.0076843
617 1.5708 0.06907
617.2 1.5708 0.0678967
617.4 1.5708 0.0129157
617.6 1.5708 -0.0309721
617.8 1.5708 -0.0182622
618 1.5708 0.0267522
618.2 1.5708 0.038368
618.4 1.5708 -0.0155501
618.6 1.5708 -0.0934953
618.8 1.5708 -0.118897
619 1.5708 -0.0578308
619.2 1.5708 0.0442022
619.4 1.5708 0.105506
619.6 1.5708 0.0876102
619.8 1.5708 0.0296248
620 1.5708 0.00353233
620.2 1.5708 0.0386313
620.4 1.5708 0.0943068
620.6 1.5708 0.106394
620.8 1.5708 0.0534937
621 1.5708 -0.0273128
621.2 1.5708 -0.0847825
621.4 1.5708 -0.101574
621.6 1.5708 -0.0940974
621.8 1.5708 -0.0763472
622 1.5708 -0.0415524
622.2 1.5708 0.0154401
622.4 1.5708 0.0713184
622.6 1.5708 0.0874893
622.8 1.5708 0.0532611
623 1.5708 0.00415963
623.2 1.5708 -0.0127401
623.4 1.5708 0.0117179
623.6 1.5708 0.0435955
623.8 1.5708 0.0502088
624 1.5708 0.0382596
624.2 1.5708 0.0399508
624.4 1.5708 0.0677059
624.6 1.5708 0.0964598
624.8 1.5708 0.0945721
625 1.5708 0.0618737
625.2 1.5708 0.0276335
625.4 1.5708 0.0150584
625.6 1.5708 0.0198937
625.8 1.5708 0.0262789
626 1.5708 0.0314553
626.2 1.5708 0.0436566
626.4 1.5708 0.0605006
626.6 1.5708 0.0644065
626.8 1.5708 0.0446188
627 1.5708 0.0128091
627.2 1.5708 -0.0140808
627.4 1.5708 -0.0403627
627.6 1.5708 -0.0839799
627.8 1.5708 -0.137608
628 1.5708 -0.153981
628.2 1.5708 -0.0911446
628.4 1.5708 0.0264641
628.6 1.5708 0.110922
628.8 1.5708 0.0915926
629 1.5708 -0.00938468
629.2 1.5708 -0.0946081
629.4 1.5708 -0.0891615
629.6 1.5708 -0.0133832
629.8 1.5708 0.0464457
630 1.5708 0.0314191
630.2 1.5708 -0.0357867
630.4 1.5708 -0.0861178
630.6 1.5708 -0.0775997
630.8 1.5708 -0.0265699
631 1.5708 0.0217306
631.2 1.5708 0.0366014
631.4 1.5708 0.0168909
631.6 1.5708 -0.0182346
631.8 1.5708 -0.0402628
632 1.5708 -0.02303
632.2 1.5708 0.0351297
632.4 1.5708 0.0952229
632.6 1.5708 0.0999834
632.8 1.5708 0.0300337
633 1.5708 -0.0644886
633.2 1.5708 -0.104791
633.4 1.5708 -0.0637418
633.6 1.5708 0.00401594
633.8 1.5708 0.0225101
634 1.5708 -0.0209596
634.2 1.5708 -0.0653636
634.4 1.5708 -0.05128
634.6 1.5708 0.0103496
634.8 1.5708 0.058378
635 1.5708 0.0604395
635.2 1.5708 0.0489998
635.4 1.5708 0.0702365
635.6 1.5708 0.11517
635.8 1.5708 0.124756
636 1.5708 0.0639624
636.2 1.5708 -0.029176
636.4 1.5708 -0.0822814
636.6 1.5708 -0.0668945
636.8 1.5708 -0.02123
637 1.5708 0.00375982
637.2 1.5708 0.00148951
637.4 1.5708 0.001176
637.6 1.5708 0.0162057
637.8 1.5708 0.0255294
638 1.5708 0.0116426
638.2 1.5708 -0.00334616
638.4 1.5708 0.019101
638.6 1.5708 0.0774503
638.8 1.5708 0.117687
639 1.5708 0.0894519
639.2 1.5708 0.00620329
639.4 1.5708 -0.0652031
639.6 1.5708 -0.0746416
639.8 1.5708 -0.0358772
640 1.5708 0.000817588
640.2 1.5708 0.0104425
640.4 1.5708 0.012869
640.6 1.5708 0.0330572
640.8 1.5708 0.0596765
641 1.5708 0.0563614
641.2 1.5708 0.00942755
641.4 1.5708 -0.0493446
641.6 1.5708 -0.0726586
641.8 1.5708 -0.0442836
642 1.5708 0.00912095
642.2 1.5708 0.0477785
642.4 1.5708 0.0535078
642.6 1.5708 0.0368404
642.8 1.5708 0.0193635
643 1.5708 0.0142281
643.2 1.5708 0.0187292
643.4 1.5708 0.0188019
643.6 1.5708 0.00168307
643.8 1.5708 -0.029027
644 1.5708 -0.0491433
644.2 1.5708 -0.0321929
644.4 1.5708 0.0209577
644.6 1.5708 0.0734571
644.8 1.5708 0.0826273
645 1.5708 0.0425138
645.2 1.5708 -0.00832105
645.4 1.5708 -0.026871
645.6 1.5708 -0.0109673
645.8 1.5708 0.00126418
646 1.5708 -0.0236291
646.2 1.5708 -0.0771808
646.4 1.5708 -0.12011
646.6 1.5708 -0.124081
646.8 1.5708 -0.0944023
647 1.5708 -0.0538437
647.2 1.5708 -0.0158362
647.4 1.5708 0.0196302
647.6 1.5708 0.0509962
647.8 1.5708 0.0689581
648 1.5708 0.0680369
648.2 1.5708 0.055998
648.4 1.5708 0.0451937
648.6 1.5708 0.0389223
648.8 1.5708 0.0334941
649 1.5708 0.0309534
649.2 1.5708 0.0388847
649.4 1.5708 0.0542423
649.6 1.5708 0.0583666
649.8 1.5708 0.0399288
650 1.5708 0.0185894
650.2 1.5708 0.0291996
650.4 1.5708 0.0749092
650.6 1.5708 0.10906
650.8 1.5708 0.0819707
651 1.5708 0.00557713
651.2 1.5708 -0.0470908
651.4 1.5708 -0.0204326
651.6 1.5708 0.0550284
651.8 1.5708 0.0916999
652 1.5708 0.0453448
652.2 1.5708 -0.0308084
652.4 1.5708 -0.0475671
652.6 1.5708 0.0133611
652.8 1.5708 0.0760347
653 1.5708 0.0601833
653.2 1.5708 -0.0229234
653.4 1.5708 -0.0840652
653.6 1.5708 -0.0611768
653.8 1.5708 0.0115601
654 1.5708 0.0504916
654.2 1.5708 0.0233069
654.4 1.5708 -0.0189801
654.6 1.5708 -0.0114189
654.8 1.5708 0.0451353
655 1.5708 0.0897736
655.2 1.5708 0.0780792
655.4 1.5708 0.0315272
655.6 1.5708 0.00409377
655.8 1.5708 0.0151602
656 1.5708 0.032264
656.2 1.5708 0.0175503
656.4 1.5708 -0.0250793
656.6 1.5708 -0.05728
656.8 1.5708 -0.051746
657 1.5708 -0.0189956
657.2 1.5708 0.00924902
657.4 1.5708 0.0130834
657.6 1.5708 -0.00224084
657.8 1.5708 -0.0174916
658 1.5708 -0.0170187
658.2 1.5708 -0.000268022
658.4 1.5708 0.0154082
658.6 1.5708 0.0051995
658.8 1.5708 -0.0385457
659 1.5708 -0.0876589
659.2 1.5708 -0.0953245
659.4 1.5708 -0.0454157
659.6 1.5708 0.0180531
659.8 1.5708 0.0277612
660 1.5708 -0.0314969
660.2 1.5708 -0.0946476
660.4 1.5708 -0.0808856
660.6 1.5708 0.0131591
660.8 1.5708 0.101667
661 1.5708 0.101763
661.2 1.5708 0.0277061
661.4 1.5708 -0.0256162
661.6 1.5708 0.00598592
661.8 1.5708 0.081042
662 1.5708 0.103821
662.2 1.5708 0.0407008
662.4 1.5708 -0.0391415
662.6 1.5708 -0.0475159
662.8 1.5708 0.0166088
663 1.5708 0.0662624
663.2 1.5708 0.0299673
663.4 1.5708 -0.0653548
663.6 1.5708 -0.127818
663.8 1.5708 -0.105007
664 1.5708 -0.0349539
664.2 1.5708 0.00776159
664.4 1.5708 -0.00282033
664.6 1.5708 -0.0281979
664.8 1.5708 -0.0255233
665 1.5708 -0.000542053
665.2 1.5708 0.00904824
665.4 1.5708 -0.0100109
665.6 1.5708 -0.0257011
665.8 1.5708 0.000132605
666 1.5708 0.0632079
666.2 1.5708 0.116696
666.4 1.5708 0.117808
666.6 1.5708 0.0685926
666.8 1.5708 0.0107904
667 1.5708 -0.0145784
667.2 1.5708 -0.00254619
667.4 1.5708 0.0146212
667.6 1.5708 -0.00210545
667.8 1.5708 -0.0616022
668 1.5708 -0.128798
668.2 1.5708 -0.149439
668.4 1.5708 -0.0982033
668.6 1.5708 -0.00785946
668.8 1.5708 0.0546315
669 1.5708 0.0488798
669.2 1.5708 -0.000498403
669.4 1.5708 -0.0312542
669.6 1.5708 -0.00974457
669.8 1.5708 0.0363268
670 1.5708 0.0540084
670.2 1.5708 0.0257441
670.4 1.5708 -0.0169405
670.6 1.5708 -0.0378302
670.8 1.5708 -0.0375602
671 1.5708 -0.039498
671.2 1.5708 -0.0445438
671.4 1.5708 -0.0226471
671.6 1.5708 0.0414605
671.8 1.5708 0.110191
672 1.5708 0.123003
672.2 1.5708 0.0677918
672.4 1.5708 0.00421106
672.6 1.5708 0.000587921
672.8 1.5708 0.0538508
673 1.5708 0.0903317
673.2 1.5708 0.0514967
673.4 1.5708 -0.0358048
673.6 1.5708 -0.0896727
673.8 1.5708 -0.0687212
674 1.5708 -0.0181889
674.2 1.5708 -0.0121058
674.4 1.5708 -0.0620928
674.6 1.5708 -0.10308
674.8 1.5708 -0.0724445
675 1.5708 0.0127484
675.2 1.5708 0.0714591
675.4 1.5708 0.0483692
675.6 1.5708 -0.0260433
675.8 1.5708 -0.0707127
676 1.5708 -0.0405463
676.2 1.5708 0.0310222
676.4 1.5708 0.0734584
676.6 1.5708 0.0521852
676.8 1.5708 -0.00376012
677 1.5708 -0.0384488
677.2 1.5708 -0.0232886
677.4 1.5708 0.0246279
677.6 1.5708 0.0672029
677.8 1.5708 0.0798276
678 1.5708 0.0641031
678.2 1.5708 0.0365725
678.4 1.5708 0.0111928
678.6 1.5708 -0.00866
678.8 1.5708 -0.0264027
679 1.5708 -0.0435705
679.2 1.5708 -0.0544808
679.4 1.5708 -0.0485227
679.6 1.5708 -0.0188146
679.8 1.5708 0.0293351
680 1.5708 0.0775347
680.2 1.5708 0.103778
680.4 1.5708 0.0969278
680.6 1.5708 0.0660748
680.8 1.5708 0.0361958
681 1.5708 0.0303901
681.2 1.5708 0.0501528
681.4 1.5708 0.0714291
681.6 1.5708 0.0646298
681.8 1.5708 0.0243253
682 1.5708 -0.0207534
682.2 1.5708 -0.0329224
682.4 1.5708 -0.00486434
682.6 1.5708 0.0290278
682.8 1.5708 0.0265068
683 1.5708 -0.0167322
683.2 1.5708 -0.060342
683.4 1.5708 -0.0619923
683.6 1.5708 -0.0220707
683.8 1.5708 0.0211974
684 1.5708 0.0391296
684.2 1.5708 0.0439289
684.4 1.5708 0.0650061
684.6 1.5708 0.101545
684.8 1.5708 0.114793
685 1.5708 0.0742171
685.2 1.5708 0.00141912
685.4 1.5708 -0.0464
685.6 1.5708 -0.0383331
685.8 1.5708 -0.00436139
686 1.5708 -0.00115647
686.2 1.5708 -0.0491914
686.4 1.5708 -0.113003
686.6 1.5708 -0.141682
686.8 1.5708 -0.11754
687 1.5708 -0.0616623
687.2 1.5708 -0.0052438
687.4 1.5708 0.0297506
687.6 1.5708 0.0269577
687.8 1.5708 -0.0232303
688 1.5708 -0.102989
688.2 1.5708 -0.158892
688.4 1.5708 -0.140006
688.6 1.5708 -0.054531
688.8 1.5708 0.02617
689 1.5708 0.0374392
689.2 1.5708 -0.00673048
689.4 1.5708 -0.0293127
689.6 1.5708 0.0158085
689.8 1.5708 0.0812269
690 1.5708 0.0757854
690.2 1.5708 -0.0251117
690.4 1.5708 -0.139405
690.6 1.5708 -0.160728
690.8 1.5708 -0.0707104
691 1.5708 0.0467503
691.2 1.5708 0.100396
691.4 1.5708 0.0814668
691.6 1.5708 0.0498156
691.8 1.5708 0.0479201
692 1.5708 0.0545666
692.2 1.5708 0.0273016
692.4 1.5708 -0.0318929
692.6 1.5708 -0.0744946
692.8 1.5708 -0.0640038
693 1.5708 -0.0158143
693.2 1.5708 0.0280667
693.4 1.5708 0.0484584
693.6 1.5708 0.0571812
693.8 1.5708 0.0630217
694 1.5708 0.0518479
694.2 1.5708 0.0101967
694.4 1.5708 -0.045518
694.6 1.5708 -0.0809754
694.8 1.5708 -0.0831054
695 1.5708 -0.0709679
695.2 1.5708 -0.062943
695.4 1.5708 -0.0490439
695.6 1.5708 -0.0119242
695.8 1.5708 0.032569
696 1.5708 0.0403696
696.2 1.5708 -0.00403318
696.4 1.5708 -0.0524577
696.6 1.5708 -0.0378225
696.8 1.5708 0.044895
697 1.5708 0.122441
697.2 1.5708 0.120961
697.4 1.5708 0.0486304
697.6 1.5708 -0.0175429
697.8 1.5708 -0.0250624
698 1.5708 -0.0034559
698.2 1.5708 -0.0164011
698.4 1.5708 -0.07287
698.6 1.5708 -0.113502
698.8 1.5708 -0.0892397
699 1.5708 -0.0278482
699.2 1.5708 0.000715236
699.4 1.5708 -0.0232739
699.6 1.5708 -0.0412748
699.8 1.5708 0.00572402
700 1.5708 0.0906327
700.2 1.5708 0.119077
700.4 1.5708 0.0384599
700.6 1.5708 -0.0931252
700.8 1.5708 -0.163743
701 1.5708 -0.124613
701.2 1.5708 -0.0329704
701.4 1.5708 0.0224173
701.6 1.5708 0.0174453
701.8 1.5708 -0.000521481
702 1.5708 0.0104736
702.2 1.5708 0.030795
702.4 1.5708 0.0118901
702.6 1.5708 -0.0503945
702.8 1.5708 -0.0986574
703 1.5708 -0.075701
703.2 1.5708 0.00894096
703.4 1.5708 0.0858705
703.6 1.5708 0.0961719
703.8 1.5708 0.0461203
704 1.5708 -0.00783628
704.2 1.5708 -0.0188258
704.4 1.5708 0.0108728
704.6 1.5708 0.0427846
704.8 1.5708 0.0440215
705 1.5708 0.0150131
705.2 1.5708 -0.0156207
705.4 1.5708 -0.0179027
705.6 1.5708 0.0137912
705.8 1.5708 0.054088
706 1.5708 0.0647777
706.2 1.5708 0.0269976
706.4 1.5708 -0.0386758
706.6 1.5708 -0.0855498
706.8 1.5708 -0.079775
707 1.5708 -0.029124
707.2 1.5708 0.026488
707.4 1.5708 0.0523573
707.6 1.5708 0.0452036
707.8 1.5708 0.0247785
708 1.5708 0.00735625
708.2 1.5708 -0.00638607
708.4 1.5708 -0.0205198
708.6 1.5708 -0.031416
708.8 1.5708 -0.0323314
709 1.5708 -0.0257706
709.2 1.5708 -0.022258
709.4 1.5708 -0.0245045
709.6 1.5708 -0.0197226
709.8 1.5708 0.00511672
710 1.5708 0.0413344
710.2 1.5708 0.0590662
710.4 1.5708 0.0349107
710.6 1.5708 -0.0216823
710.8 1.5708 -0.0729533
711 1.5708 -0.0852064
711.2 1.5708 -0.0579436
711.4 1.5708 -0.022747
711.6 1.5708 -0.0144386
711.8 1.5708 -0.0399009
712 1.5708 -0.069661
712.2 1.5708 -0.0598058
712.4 1.5708 0.00961972
712.6 1.5708 0.108933
712.8 1.5708 0.172459
713 1.5708 0.149077
713.2 1.5708 0.0506288
713.4 1.5708 -0.0508149
713.6 1.5708 -0.0829366
713.8 1.5708 -0.037419
714 1.5708 0.0258599
714.2 1.5708 0.0403213
714.4 1.5708 -0.00372593
714.6 1.5708 -0.0590902
714.8 1.5708 -0.0796023
715 1.5708 -0.0667724
715.2 1.5708 -0.0551912
715.4 1.5708 -0.0617313
715.6 1.5708 -0.0644499
715.8 1.5708 -0.0349063
716 1.5708 0.0208111
716.2 1.5708 0.0653302
716.4 1.5708 0.071776
716.6 1.5708 0.0502291
716.8 1.5708 0.0282037
717 1.5708 0.0150656
717.2 1.5708 -0.00263038
717.4 1.5708 -0.0330567
717.6 1.5708 -0.0608278
717.8 1.5708 -0.0648947
718 1.5708 -0.0469553
718.2 1.5708 -0.0300997
718.4 1.5708 -0.0291133
718.6 1.5708 -0.0337608
718.8 1.5708 -0.0276816
719 1.5708 -0.0144366
719.2 1.5708 -0.0114752
719.4 1.5708 -0.0194241
719.6 1.5708 -0.0135597
719.8 1.5708 0.0228542
720 1.5708 0.0649791
720.2 1.5708 0.0643637
720.4 1.5708 0.00679923
720.6 1.5708 -0.0600088
720.8 1.5708 -0.0712825
721 1.5708 -0.0168893
721.2 1.5708 0.0438912
721.4 1.5708 0.046262
721.6 1.5708 -0.00871402
721.8 1.5708 -0.0562251
722 1.5708 -0.0389808
722.2 1.5708 0.0332767
722.4 1.5708 0.0982693
722.6 1.5708 0.105271
722.8 1.5708 0.0562482
723 1.5708 -0.00989681
723.2 1.5708 -0.0575071
723.4 1.5708 -0.0728647
723.6 1.5708 -0.0567422
723.8 1.5708 -0.0173476
724 1.5708 0.0259762
724.2 1.5708 0.0464648
724.4 1.5708 0.0312338
724.6 1.5708 -0.00208642
724.8 1.5708 -0.0201012
725 1.5708 -0.00858839
725.2 1.5708 0.0132467
725.4 1.5708 0.0180132
725.6 1.5708 0.00389678
725.8 1.5708 -0.00526888
726 1.5708 0.00775156
726.2 1.5708 0.0314977
726.4 1.5708 0.0412984
726.6 1.5708 0.0293981
726.8 1.5708 0.00963932
727 1.5708 -0.00561194
727.2 1.5708 -0.0203722
727.4 1.5708 -0.0405128
727.6 1.5708 -0.0546436
727.8 1.5708 -0.0447062
728 1.5708 -0.016357
728.2 1.5708 -0.00360603
728.4 1.5708 -0.0308103
728.6 1.5708 -0.0761741
728.8 1.5708 -0.0894076
729 1.5708 -0.0506339
729.2 1.5708 0.000557174
729.4 1.5708 0.00839027
729.6 1.5708 -0.0303435
729.8 1.5708 -0.0566459
730 1.5708 -0.0160011
730.2 1.5708 0.0744065
730.4 1.5708 0.138491
730.6 1.5708 0.121151
730.8 1.5708 0.0442254
731 1.5708 -0.0215386
731.2 1.5708 -0.0302777
731.4 1.5708 0.00373371
731.6 1.5708 0.0380084
731.8 1.5708 0.0499918
732 1.5708 0.0449734
732.2 1.5708 0.031061
732.4 1.5708 0.00822225
732.6 1.5708 -0.0145883
732.8 1.5708 -0.0115187
733 1.5708 0.0314751
733.2 1.5708 0.0833509
733.4 1.5708 0.0845992
733.6 1.5708 0.010594
733.8 1.5708 -0.0895886
734 1.5708 -0.133521
734.2 1.5708 -0.0891578
734.4 1.5708 -0.00841262
734.6 1.5708 0.029783
734.8 1.5708 0.00357647
735 1.5708 -0.034928
735.2 1.5708 -0.0249445
735.4 1.5708 0.0337931
735.6 1.5708 0.0850153
735.8 1.5708 0.0812404
736 1.5708 0.0316683
736.2 1.5708 -0.0159168
736.4 1.5708 -0.028465
736.6 1.5708 -0.0130153
736.8 1.5708 0.00456193
737 1.5708 0.0107636
737.2 1.5708 0.00956963
737.4 1.5708 0.00748012
737.6 1.5708 0.00620791
737.8 1.5708 0.00900747
738 1.5708 0.0220841
738.2 1.5708 0.043366
738.4 1.5708 0.0574315
738.6 1.5708 0.0520945
738.8 1.5708 0.0386283
739 1.5708 0.0436362
739.2 1.5708 0.074088
739.4 1.5708 0.098259
739.6 1.5708 0.0743869
739.8 1.5708 0.000507305
740 1.5708 -0.0741556
740.2 1.5708 -0.0960476
740.4 1.5708 -0.0620011
740.6 1.5708 -0.0185281
740.8 1.5708 -0.00678269
741 1.5708 -0.0194189
741.2 1.5708 -0.0196277
741.4 1.5708 0.00458229
741.6 1.5708 0.0218149
741.8 1.5708 -0.000462989
742 1.5708 -0.0463887
742.2 1.5708 -0.060606
742.4 1.5708 -0.010399
742.6 1.5708 0.0721383
742.8 1.5708 0.120855
743 1.5708 0.105781
743.2 1.5708 0.0625198
743.4 1.5708 0.047343
743.6 1.5708 0.0717376
743.8 1.5708 0.0925345
744 1.5708 0.066667
744.2 1.5708 0.00445498
744.4 1.5708 -0.0410577
744.6 1.5708 -0.0348492
744.8 1.5708 0.000731746
745 1.5708 0.0127742
745.2 1.5708 -0.0210793
745.4 1.5708 -0.0669237
745.6 1.5708 -0.0722302
745.8 1.5708 -0.0239481
746 1.5708 0.0360456
746.2 1.5708 0.0524883
746.4 1.5708 0.00937589
746.6 1.5708 -0.0595649
746.8 1.5708 -0.107714
747 1.5708 -0.116753
747.2 1.5708 -0.102136
747.4 1.5708 -0.0849539
747.6 1.5708 -0.0668761
747.8 1.5708 -0.0351361
748 1.5708 0.0127219
748.2 1.5708 0.056591
748.4 1.5708 0.0699269
748.6 1.5708 0.046689
748.8 1.5708 0.008812
749 1.5708 -0.014339
749.2 1.5708 -0.0127301
749.4 1.5708 -0.000843139
749.6 1.5708 0.00176037
749.8 1.5708 -0.00891154
750 1.5708 -0.0215405
750.2 1.5708 -0.0267313
750.4 1.5708 -0.0279685
750.6 1.5708 -0.033019
750.8 1.5708 -0.0388403
751 1.5708 -0.0322539
751.2 1.5708 -0.00819822
751.4 1.5708 0.0179263
751.6 1.5708 0.0238327
751.8 1.5708 0.00810381
752 1.5708 -0.00201054
752.2 1.5708 0.0212332
752.4 1.5708 0.0685531
752.6 1.5708 0.0914547
752.8 1.5708 0.0466677
753 1.5708 -0.054378
753.2 1.5708 -0.145242
753.4 1.5708 -0.16103
753.6 1.5708 -0.0988033
753.8 1.5708 -0.0204053
754 1.5708 0.00667055
754.2 1.5708 -0.0279569
754.4 1.5708 -0.0736699
754.6 1.5708 -0.0747863
754.8 1.5708 -0.0263515
755 1.5708 0.026731
755.2 1.5708 0.041552
755.4 1.5708 0.0215194
755.6 1.5708 0.00676847
755.8 1.5708 0.0253432
756 1.5708 0.0611976
756.2 1.5708 0.0728345
756.4 1.5708 0.0391798
756.6 1.5708 -0.018618
756.8 1.5708 -0.060642
757 1.5708 -0.0674323
757.2 1.5708 -0.0530753
757.4 1.5708 -0.0437265
757.6 1.5708 -0.0509729
757.8 1.5708 -0.0675252
758 1.5708 -0.0807119
758.2 1.5708 -0.0812519
758.4 1.5708 -0.0607426
758.6 1.5708 -0.0133506
758.8 1.5708 0.0501274
759 1.5708 0.0948257
759.2 1.5708 0.0846462
759.4 1.5708 0.0225461
759.6 1.5708 -0.0383019
759.8 1.5708 -0.0389578
760 1.5708 0.0227825
760.2 1.5708 0.081558
760.4 1.5708 0.0678833
760.6 1.5708 -0.0163219
760.8 1.5708 -0.0946561
761 1.5708 -0.094389
761.2 1.5708 -0.0229955
761.4 1.5708 0.0426672
761.6 1.5708 0.0426231
761.8 1.5708 -0.00269288
762 1.5708 -0.0234321
762.2 1.5708 0.0125184
762.4 1.5708 0.0601117
762.6 1.5708 0.0524455
762.8 1.5708 -0.0149277
763 1.5708 -0.0712758
763.2 1.5708 -0.0466901
763.4 1.5708 0.0493404
763.6 1.5708 0.135472
763.8 1.5708 0.142188
764 1.5708 0.0777183
764.2 1.5708 0.0087032
764.4 1.5708 -0.0148321
764.6 1.5708 -0.0040699
764.8 1.5708 -0.00346589
765 1.5708 -0.0319887
765.2 1.5708 -0.0619179
765.4 1.5708 -0.0531564
765.6 1.5708 0.000627664
765.8 1.5708 0.063387
766 1.5708 0.0894321
766.2 1.5708 0.062512
766.4 1.5708 0.00731079
766.6 1.5708 -0.0315883
766.8 1.5708 -0.0246002
767 1.5708 0.0193197
767.2 1.5708 0.0582236
767.4 1.5708 0.0518095
767.6 1.5708 -0.000407496
767.8 1.5708 -0.0543206
768 1.5708 -0.0615381
768.2 1.5708 -0.0198018
768.4 1.5708 0.0209716
768.6 1.5708 0.00965944
768.8 1.5708 -0.0497215
769 1.5708 -0.0996149
769.2 1.5708 -0.0896537
769.4 1.5708 -0.0293281
769.6 1.5708 0.0262894
769.8 1.5708 0.0382663
770 1.5708 0.0187166
770.2 1.5708 0.00199998
770.4 1.5708 -0.00390817
770.6 1.5708 -0.0193999
770.8 1.5708 -0.0485041
771 1.5708 -0.0547549
771.2 1.5708 -0.00166727
771.4 1.5708 0.0875396
771.6 1.5708 0.134467
771.8 1.5708 0.0860096
772 1.5708 -0.0171361
772.2 1.5708 -0.0709974
772.4 1.5708 -0.0151257
772.6 1.5708 0.100353
772.8 1.5708 0.164444
773 1.5708 0.11815
773.2 1.5708 0.0085032
773.4 1.5708 -0.0699406
773.6 1.5708 -0.073783
773.8 1.5708 -0.0412869
774 1.5708 -0.0329244
774.2 1.5708 -0.0602999
774.4 1.5708 -0.0823241
774.6 1.5708 -0.0611342
774.8 1.5708 -0.00600424
775 1.5708 0.0399657
775.2 1.5708 0.0450287
775.4 1.5708 0.012746
775.6 1.5708 -0.0317503
775.8 1.5708 -0.066347
776 1.5708 -0.0809443
776.2 1.5708 -0.0742825
776.4 1.5708 -0.0530735
776.6 1.5708 -0.0325019
776.8 1.5708 -0.0269158
777 1.5708 -0.0347299
777.2 1.5708 -0.0374893
777.4 1.5708 -0.0205404
777.6 1.5708 0.00668514
777.8 1.5708 0.0175193
778 1.5708 -0.00271159
778.2 1.5708 -0.0385847
778.4 1.5708 -0.0597192
778.6 1.5708 -0.0516509
778.8 1.5708 -0.0272085
779 1.5708 -0.00848392
779.2 1.5708 -0.00401059
779.4 1.5708 -0.00697329
779.6 1.5708 -0.0104966
779.8 1.5708 -0.0164554
780 1.5708 -0.0279476
780.2 1.5708 -0.0397522
780.4 1.5708 -0.0420857
780.6 1.5708 -0.0324501
780.8 1.5708 -0.0190694
781 1.5708 -0.0121998
781.2 1.5708 -0.015759
781.4 1.5708 -0.0283609
781.6 1.5708 -0.0473206
781.8 1.5708 -0.0669589
782 1.5708 -0.0762134
782.2 1.5708 -0.0663774
782.4 1.5708 -0.0438333
782.6 1.5708 -0.0280266
782.8 1.5708 -0.0288512
783 1.5708 -0.0282961
783.2 1.5708 0.00474671
783.4 1.5708 0.0747586
783.6 1.5708 0.140285
783.8 1.5708 0.145752
784 1.5708 0.0774011
784.2 1.5708 -0.0163863
784.4 1.5708 -0.0664918
784.6 1.5708 -0.0452313
784.8 1.5708 0.0140324
785 1.5708 0.0559186
785.2 1.5708 0.0558779
785.4 1.5708 0.0339199
785.6 1.5708 0.0237811
785.8 1.5708 0.0362954
786 1.5708 0.0520653
786.2 1.5708 0.0426974
786.4 1.5708 -0.00346361
786.6 1.5708 -0.0702215
786.8 1.5708 -0.121534
787 1.5708 -0.12437
787.2 1.5708 -0.0756877
787.4 1.5708 -0.0120694
787.6 1.5708 0.0147865
787.8 1.5708 -0.0164345
788 1.5708 -0.0733351
788.2 1.5708 -0.0987859
788.4 1.5708 -0.0682774
788.6 1.5708 -0.0146286
788.8 1.5708 0.00950338
789 1.5708 -0.0101171
789.2 1.5708 -0.0371027
789.4 1.5708 -0.0317481
789.6 1.5708 0.000456798
789.8 1.5708 0.0178416
790 1.5708 -0.0042622
790.2 1.5708 -0.0433401
790.4 1.5708 -0.0589059
790.6 1.5708 -0.0416394
790.8 1.5708 -0.0202559
791 1.5708 -0.0214486
791.2 1.5708 -0.0381242
791.4 1.5708 -0.0458928
791.6 1.5708 -0.0402904
791.8 1.5708 -0.0405786
792 1.5708 -0.0557585
792.2 1.5708 -0.0643133
792.4 1.5708 -0.0418923
792.6 1.5708 -0.00173115
792.8 1.5708 0.0122369
793 1.5708 -0.0205616
793.2 1.5708 -0.0636395
793.4 1.5708 -0.0597382
793.6 1.5708 0.00168053
793.8 1.5708 0.0694062
794 1.5708 0.0895709
794.2 1.5708 0.0678502
794.4 1.5708 0.0572661
794.6 1.5708 0.0868829
794.8 1.5708 0.121444
795 1.5708 0.10357
795.2 1.5708 0.027165
795.4 1.5708 -0.0485894
795.6 1.5708 -0.0621626
795.8 1.5708 -0.0147921
796 1.5708 0.0356994
796.2 1.5708 0.0388084
796.4 1.5708 -0.00276783
796.6 1.5708 -0.0490043
796.8 1.5708 -0.0685451
797 1.5708 -0.0596751
797.2 1.5708 -0.036348
797.4 1.5708 -0.0109004
797.6 1.5708 0.00683041
797.8 1.5708 0.00895743
798 1.5708 0.00106674
798.2 1.5708 0.00751286
798.4 1.5708 0.0476462
798.6 1.5708 0.102004
798.8 1.5708 0.117155
799 1.5708 0.060224
799.2 1.5708 -0.0330199
799.4 1.5708 -0.0808606
799.6 1.5708 -0.0363005
799.8 1.5708 0.0607098
800 1.5708 0.121018
800.2 1.5708 0.0958422
800.4 1.5708 0.0211776
800.6 1.5708 -0.0267785
800.8 1.5708 -0.00978871
801 1.5708 0.0448558
801.2 1.5708 0.0840159
801.4 1.5708 0.079853
801.6 1.5708 0.0407432
801.8 1.5708 -0.0102189
802 1.5708 -0.0511485
802.2 1.5708 -0.0626067
802.4 1.5708 -0.0350088
802.6 1.5708 0.0139085
802.8 1.5708 0.0414022
803 1.5708 0.0182428
803.2 1.5708 -0.0330982
803.4 1.5708 -0.0546728
803.6 1.5708 -0.0181525
803.8 1.5708 0.0351684
804 1.5708 0.035372
804.2 1.5708 -0.0333305
804.4 1.5708 -0.105974
804.6 1.5708 -0.10442
804.8 1.5708 -0.0248294
805 1.5708 0.0566777
805.2 1.5708 0.0669904
805.4 1.5708 0.0108669
805.6 1.5708 -0.0456913
805.8 1.5708 -0.0552951
806 1.5708 -0.032959
806.2 1.5708 -0.0189554
806.4 1.5708 -0.0191403
806.6 1.5708 -0.00317981
806.8 1.5708 0.0420345
807 1.5708 0.081245
807.2 1.5708 0.0688473
807.4 1.5708 0.00894209
807.6 1.5708 -0.0423779
807.8 1.5708 -0.0402062
808 1.5708 -0.00265611
808.2 1.5708 0.0126971
808.4 1.5708 -0.0207972
808.6 1.5708 -0.0674736
808.8 1.5708 -0.0730139
809 1.5708 -0.0272012
809.2 1.5708 0.029157
809.4 1.5708 0.0560176
809.6 1.5708 0.0564989
809.8 1.5708 0.0598423
810 1.5708 0.0732236
810.2 1.5708 0.0679593
810.4 1.5708 0.0178259
810.6 1.5708 -0.0610837
810.8 1.5708 -0.121171
811 1.5708 -0.13172
811.2 1.5708 -0.105858
811.4 1.5708 -0.0754765
811.6 1.5708 -0.0502445
811.8 1.5708 -0.0147241
812 1.5708 0.0344044
812.2 1.5708 0.0641245
812.4 1.5708 0.0331665
812.6 1.5708 -0.0553998
812.8 1.5708 -0.142165
813 1.5708 -0.161945
813.2 1.5708 -0.105965
813.4 1.5708 -0.0269349
813.6 1.5708 0.0177805
813.8 1.5708 0.0200289
814 1.5708 0.013079
814.2 1.5708 0.0191592
814.4 1.5708 0.0216142
814.6 1.5708 -0.00324528
814.8 1.5708 -0.039476
815 1.5708 -0.0382955
815.2 1.5708 0.0203148
815.4 1.5708 0.0874448
815.6 1.5708 0.0880471
815.8 1.5708 0.00853202
816 1.5708 -0.0745449
816.2 1.5708 -0.0703965
816.4 1.5708 0.0235548
816.6 1.5708 0.112451
816.8 1.5708 0.106383
817 1.5708 0.0200995
817.2 1.5708 -0.0463077
817.4 1.5708 -0.0255711
817.6 1.5708 0.0390128
817.8 1.5708 0.0493892
818 1.5708 -0.0250162
818.2 1.5708 -0.106316
818.4 1.5708 -0.0994108
818.6 1.5708 -0.00577948
818.8 1.5708 0.0773296
819 1.5708 0.069736
819.2 1.5708 -0.00277945
819.4 1.5708 -0.0472413
819.6 1.5708 -0.0163534
819.8 1.5708 0.042867
820 1.5708 0.0555947
820.2 1.5708 0.009608
820.4 1.5708 -0.0411535
820.6 1.5708 -0.051535
820.8 1.5708 -0.033697
821 1.5708 -0.0218996
821.2 1.5708 -0.0147908
821.4 1.5708 0.0174306
821.6 1.5708 0.0721611
821.8 1.5708 0.0946239
822 1.5708 0.0412421
822.2 1.5708 -0.0517858
822.4 1.5708 -0.0945696
822.6 1.5708 -0.045443
822.8 1.5708 0.0365328
823 1.5708 0.0606698
823.2 1.5708 0.0149687
823.4 1.5708 -0.0208172
823.6 1.5708 0.0212626
823.8 1.5708 0.106033
824 1.5708 0.131878
824.2 1.5708 0.0519733
824.4 1.5708 -0.068879
824.6 1.5708 -0.128658
824.8 1.5708 -0.0986115
825 1.5708 -0.0377397
825.2 1.5708 -0.00791385
825.4 1.5708 -0.00685035
825.6 1.5708 0.00185157
825.8 1.5708 0.0192264
826 1.5708 0.00691952
826.2 1.5708 -0.0469481
826.4 1.5708 -0.0923478
826.6 1.5708 -0.073744
826.8 1.5708 -0.00847501
827 1.5708 0.0237497
827.2 1.5708 -0.0214774
827.4 1.5708 -0.0911097
827.6 1.5708 -0.0942063
827.8 1.5708 -0.0147692
828 1.5708 0.0637313
828.2 1.5708 0.0564751
828.4 1.5708 -0.0215612
828.6 1.5708 -0.0757573
828.8 1.5708 -0.0465326
829 1.5708 0.0233545
829.2 1.5708 0.0466705
829.4 1.5708 -0.00262137
829.6 1.5708 -0.0650895
829.8 1.5708 -0.0730261
830 1.5708 -0.0262752
830.2 1.5708 0.0202549
830.4 1.5708 0.0269504
830.6 1.5708 0.00409014
830.8 1.5708 -0.0201276
831 1.5708 -0.0393071
831.2 1.5708 -0.0616725
831.4 1.5708 -0.0788207
831.6 1.5708 -0.0673881
831.8 1.5708 -0.0253516
832 1.5708 0.0131986
832.2 1.5708 0.013842
832.4 1.5708 -0.0171743
832.6 1.5708 -0.0441482
832.8 1.5708 -0.0509663
833 1.5708 -0.058516
833.2 1.5708 -0.084634
833.4 1.5708 -0.104712
833.6 1.5708 -0.0760524
833.8 1.5708 -0.00057161
834 1.5708 0.0606437
834.2 1.5708 0.0512143
834.4 1.5708 -0.0134862
834.6 1.5708 -0.0628164
834.8 1.5708 -0.0531549
835 1.5708 -0.0128325
835.2 1.5708 0.00423772
835.4 1.5708 -0.00879724
835.6 1.5708 -0.00981579
835.8 1.5708 0.0253907
836 1.5708 0.0639073
836.2 1.5708 0.0612821
836.4 1.5708 0.02864
836.6 1.5708 0.0230165
836.8 1.5708 0.0666402
837 1.5708 0.104788
837.2 1.5708 0.0689638
837.4 1.5708 -0.0287636
837.6 1.5708 -0.0961504
837.8 1.5708 -0.0662818
838 1.5708 0.0200678
838.2 1.5708 0.0609368
838.4 1.5708 0.014717
838.6 1.5708 -0.0530945
838.8 1.5708 -0.0539823
839 1.5708 0.0165848
839.2 1.5708 0.0809366
839.4 1.5708 0.080334
839.6 1.5708 0.0423711
839.8 1.5708 0.0334794
840 1.5708 0.0675787
840.2 1.5708 0.0925108
840.4 1.5708 0.0660359
840.6 1.5708 0.0138247
840.8 1.5708 -0.00784145
841 1.5708 0.0111618
841.2 1.5708 0.026058
841.4 1.5708 0.00720869
841.6 1.5708 -0.0121177
841.8 1.5708 0.0181309
842 1.5708 0.0851551
842.2 1.5708 0.113721
842.4 1.5708 0.0575623
842.6 1.5708 -0.0333018
842.8 1.5708 -0.0626934
843 1.5708 -0.000836181
843.2 1.5708 0.0780752
843.4 1.5708 0.08125
843.6 1.5708 0.00180828
843.8 1.5708 -0.0816725
844 1.5708 -0.10157
844.2 1.5708 -0.0716499
844.4 1.5708 -0.0525985
844.6 1.5708 -0.0696814
844.8 1.5708 -0.0899006
845 1.5708 -0.0766318
845.2 1.5708 -0.0391232
845.4 1.5708 -0.0125211
845.6 1.5708 -0.00551562
845.8 1.5708 0.00650174
846 1.5708 0.0358166
846.2 1.5708 0.0549106
846.4 1.5708 0.0317409
846.6 1.5708 -0.0195624
846.8 1.5708 -0.0470419
847 1.5708 -0.0233025
847.2 1.5708 0.0197561
847.4 1.5708 0.0330481
847.6 1.5708 0.0152745
847.8 1.5708 0.0132408
848 1.5708 0.0545235
848.2 1.5708 0.101255
848.4 1.5708 0.0900351
848.6 1.5708 0.0110645
848.8 1.5708 -0.0742471
849 1.5708 -0.10132
849.2 1.5708 -0.0728847
849.4 1.5708 -0.0461163
849.6 1.5708 -0.0568264
849.8 1.5708 -0.077749
850 1.5708 -0.0601124
850.2 1.5708 -0.00141006
850.4 1.5708 0.0470264
850.6 1.5708 0.0394671
850.8 1.5708 -0.0130318
851 1.5708 -0.0584507
851.2 1.5708 -0.0608101
851.4 1.5708 -0.0297313
851.6 1.5708 0.00201918
851.8 1.5708 0.0145447
852 1.5708 0.009134
852.2 1.5708 -0.00550727
852.4 1.5708 -0.0200808
852.6 1.5708 -0.0203758
852.8 1.5708 0.00698071
853 1.5708 0.0550055
853.2 1.5708 0.0911235
853.4 1.5708 0.0848603
853.6 1.5708 0.041636
853.8 1.5708 -0.000795198
854 1.5708 -0.0129264
854.2 1.5708 -0.00228105
854.4 1.5708 0.00475715
854.6 1.5708 0.000486169
854.8 1.5708 -0.000525689
855 1.5708 0.00440999
855.2 1.5708 -0.011422
855.4 1.5708 -0.0686371
855.6 1.5708 -0.134313
855.8 1.5708 -0.135162
856 1.5708 -0.0346648
856.2 1.5708 0.110565
856.4 1.5708 0.191286
856.6 1.5708 0.149647
856.8 1.5708 0.034114
857 1.5708 -0.0552062
857.2 1.5708 -0.0676767
857.4 1.5708 -0.0374164
857.6 1.5708 -0.0238743
857.8 1.5708 -0.0389869
858 1.5708 -0.0466694
858.2 1.5708 -0.02251
858.4 1.5708 0.0103682
858.6 1.5708 0.0135846
858.8 1.5708 -0.0139765
859 1.5708 -0.0344232
859.2 1.5708 -0.02044
859.4 1.5708 0.010481
859.6 1.5708 0.0209731
859.8 1.5708 0.00277163
860 1.5708 -0.01503
860.2 1.5708 -0.00723891
860.4 1.5708 0.0128359
860.6 1.5708 0.0111929
860.8 1.5708 -0.0207339
861 1.5708 -0.0522776
861.2 1.5708 -0.0502834
861.4 1.5708 -0.0200159
861.6 1.5708 0.000667488
861.8 1.5708 -0.0137471
862 1.5708 -0.0463731
862.2 1.5708 -0.0561177
862.4 1.5708 -0.0211522
862.6 1.5708 0.0394483
862.8 1.5708 0.083278
863 1.5708 0.0779809
863.2 1.5708 0.0211504
863.4 1.5708 -0.0615845
863.6 1.5708 -0.131609
863.8 1.5708 -0.157428
864 1.5708 -0.132628
864.2 1.5708 -0.0801049
864.4 1.5708 -0.0337388
864.6 1.5708 -0.010226
864.8 1.5708 0.000989416
865 1.5708 0.0181134
865.2 1.5708 0.0414516
865.4 1.5708 0.0544053
865.6 1.5708 0.0499647
865.8 1.5708 0.0460125
866 1.5708 0.0646994
866.2 1.5708 0.0994318
866.4 1.5708 0.114713
866.6 1.5708 0.0854511
866.8 1.5708 0.0293721
867 1.5708 -0.0100645
867.2 1.5708 -0.0123636
867.4 1.5708 -3.51448e-05
867.6 1.5708 -0.00380762
867.8 1.5708 -0.0174235
868 1.5708 -0.00276379
868.2 1.5708 0.0566231
868.4 1.5708 0.1204
868.6 1.5708 0.12436
868.8 1.5708 0.0490699
869 1.5708 -0.05408
869.2 1.5708 -0.110173
869.4 1.5708 -0.0886761
869.6 1.5708 -0.0199881
869.8 1.5708 0.0471427
870 1.5708 0.0899327
870.2 1.5708 0.112176
870.4 1.5708 0.117637
870.6 1.5708 0.101937
870.8 1.5708 0.0709554
871 1.5708 0.0494077
871.2 1.5708 0.0565653
871.4 1.5708 0.0781896
871.6 1.5708 0.0778714
871.8 1.5708 0.0413204
872 1.5708 -0.00145753
872.2 1.5708 -0.00908993
872.4 1.5708 0.0203331
872.6 1.5708 0.0450616
872.8 1.5708 0.0305199
873 1.5708 -0.00745416
873.2 1.5708 -0.0224029
873.4 1.5708 0.00359347
873.6 1.5708 0.0368048
873.8 1.5708 0.0354782
874 1.5708 0.00473876
874.2 1.5708 -0.00881263
874.4 1.5708 0.021859
874.6 1.5708 0.0658066
874.8 1.5708 0.0707363
875 1.5708 0.0313194
875.2 1.5708 0.00204756
875.4 1.5708 0.0330144
875.6 1.5708 0.104426
875.8 1.5708 0.141954
876 1.5708 0.0990287
876.2 1.5708 0.0111841
876.4 1.5708 -0.0416658
876.6 1.5708 -0.0213909
876.8 1.5708 0.0317886
877 1.5708 0.0494219
877.2 1.5708 0.00958204
877.4 1.5708 -0.0472433
877.6 1.5708 -0.0699302
877.8 1.5708 -0.0497091
878 1.5708 -0.0178297
878.2 1.5708 -0.00326611
878.4 1.5708 -0.00663183
878.6 1.5708 -0.0144388
878.8 1.5708 -0.0236548
879 1.5708 -0.0407913
879.2 1.5708 -0.061885
879.4 1.5708 -0.0675201
879.6 1.5708 -0.044358
879.8 1.5708 -0.00537986
880 1.5708 0.0198323
880.2 1.5708 0.015605
880.4 1.5708 -0.00455026
880.6 1.5708 -0.0149119
880.8 1.5708 -0.00520535
881 1.5708 0.0124247
881.2 1.5708 0.0208109
881.4 1.5708 0.0162742
881.6 1.5708 0.0094483
881.8 1.5708 0.0132009
882 1.5708 0.0326379
882.2 1.5708 0.0621529
882.4 1.5708 0.0862134
882.6 1.5708 0.0855185
882.8 1.5708 0.0527574
883 1.5708 0.00826894
883.2 1.5708 -0.007065
883.4 1.5708 0.0321078
883.6 1.5708 0.102017
883.8 1.5708 0.141476
884 1.5708 0.108926
884.2 1.5708 0.0298853
884.4 1.5708 -0.0214723
884.6 1.5708 0.00468477
884.8 1.5708 0.0810584
885 1.5708 0.12885
885.2 1.5708 0.0968169
885.4 1.5708 0.0104014
885.6 1.5708 -0.0585195
885.8 1.5708 -0.0640012
886 1.5708 -0.0220175
886.2 1.5708 0.0202103
886.4 1.5708 0.0375107
886.6 1.5708 0.0419203
886.8 1.5708 0.0526394
887 1.5708 0.0660778
887.2 1.5708 0.06214
887.4 1.5708 0.0325734
887.6 1.5708 -0.00757863
887.8 1.5708 -0.0372765
888 1.5708 -0.0495547
888.2 1.5708 -0.0501178
888.4 1.5708 -0.0427399
888.6 1.5708 -0.0265391
888.8 1.5708 -0.00835559
889 1.5708 -0.00683707
889.2 1.5708 -0.0332581
889.4 1.5708 -0.0691435
889.6 1.5708 -0.0737635
889.8 1.5708 -0.0230751
890 1.5708 0.0588688
890.2 1.5708 0.11346
890.4 1.5708 0.0975519
890.6 1.5708 0.0217813
890.8 1.5708 -0.0598657
891 1.5708 -0.0967995
891.2 1.5708 -0.0801192
891.4 1.5708 -0.040694
891.6 1.5708 -0.0164624
891.8 1.5708 -0.0223569
892 1.5708 -0.0457896
892.2 1.5708 -0.0637361
892.4 1.5708 -0.0624034
892.6 1.5708 -0.0443377
892.8 1.5708 -0.021187
893 1.5708 -0.00109704
893.2 1.5708 0.0176878
893.4 1.5708 0.0410118
893.6 1.5708 0.0665447
893.8 1.5708 0.079177
894 1.5708 0.0624597
894.2 1.5708 0.01728
894.4 1.5708 -0.0327422
894.6 1.5708 -0.0588102
894.8 1.5708 -0.0525301
895 1.5708 -0.0331551
895.2 1.5708 -0.0279235
895.4 1.5708 -0.0454012
895.6 1.5708 -0.0694457
895.8 1.5708 -0.0782682
896 1.5708 -0.0657085
896.2 1.5708 -0.0421971
896.4 1.5708 -0.0185365
896.6 1.5708 0.0045191
896.8 1.5708 0.0282285
897 1.5708 0.0427992
897.2 1.5708 0.031145
897.4 1.5708 -0.0103617
897.6 1.5708 -0.0588224
897.8 1.5708 -0.0800288
898 1.5708 -0.0603536
898.2 1.5708 -0.0213468
898.4 1.5708 0.00196352
898.6 1.5708 -0.00236181
898.8 1.5708 -0.0124791
899 1.5708 -0.00189619
899.2 1.5708 0.0237703
899.4 1.5708 0.0276663
899.6 1.5708 -0.0147382
899.8 1.5708 -0.0768343
900 1.5708 -0.0968321
900.2 1.5708 -0.0411985
900.4 1.5708 0.0511603
900.6 1.5708 0.0997588
900.8 1.5708 0.0652323
901 1.5708 -0.00365335
901.2 1.5708 -0.0167212
901.4 1.5708 0.0593117
901.6 1.5708 0.157405
901.8 1.5708 0.176001
902 1.5708 0.088246
902.2 1.5708 -0.0243259
902.4 1.5708 -0.0553858
902.6 1.5708 0.0141383
902.8 1.5708 0.0987137
903 1.5708 0.103899
903.2 1.5708 0.0278115
903.4 1.5708 -0.0439934
903.6 1.5708 -0.0392047
903.8 1.5708 0.0233574
904 1.5708 0.0647784
904.2 1.5708 0.0425161
904.4 1.5708 -0.00397064
904.6 1.5708 -0.00786864
904.8 1.5708 0.0416865
905 1.5708 0.0881649
905.2 1.5708 0.0767314
905.4 1.5708 0.0171173
905.6 1.5708 -0.0319071
905.8 1.5708 -0.0301855
906 1.5708 0.00737484
906.2 1.5708 0.0398998
906.4 1.5708 0.0477761
906.6 1.5708 0.0391795
906.8 1.5708 0.0214432
907 1.5708 -0.0113397
907.2 1.5708 -0.0558751
907.4 1.5708 -0.0825578
907.6 1.5708 -0.0611045
907.8 1.5708 -0.00252628
908 1.5708 0.0425406
908.2 1.5708 0.038515
908.4 1.5708 0.00827706
908.6 1.5708 0.00633224
908.8 1.5708 0.0491147
909 1.5708 0.0887452
909.2 1.5708 0.0674046
909.4 1.5708 -0.0110298
909.6 1.5708 -0.0805539
909.8 1.5708 -0.0865541
910 1.5708 -0.044831
910.2 1.5708 -0.0167499
910.4 1.5708 -0.034204
910.6 1.5708 -0.0674849
910.8 1.5708 -0.0707503
911 1.5708 -0.0416997
911.2 1.5708 -0.0197037
911.4 1.5708 -0.0301622
911.6 1.5708 -0.0515903
911.8 1.5708 -0.0473062
912 1.5708 -0.015748
912.2 1.5708 0.00917883
912.4 1.5708 0.00629084
912.6 1.5708 -0.0046682
912.8 1.5708 0.00468065
913 1.5708 0.0235224
913.2 1.5708 0.00917472
913.4 1.5708 -0.0523872
913.6 1.5708 -0.112051
913.8 1.5708 -0.103699
914 1.5708 -0.0230933
914.2 1.5708 0.0572879
914.4 1.5708 0.0634447
914.6 1.5708 0.00124829
914.8 1.5708 -0.0513627
915 1.5708 -0.0327534
915.2 1.5708 0.035571
915.4 1.5708 0.0790556
915.6 1.5708 0.0578678
915.8 1.5708 0.00932852
916 1.5708 0.000319235
916.2 1.5708 0.0494279
916.4 1.5708 0.107354
916.6 1.5708 0.111624
916.8 1.5708 0.0504318
917 1.5708 -0.0297209
917.2 1.5708 -0.0705921
917.4 1.5708 -0.050143
917.6 1.5708 0.00802207
917.8 1.5708 0.0587256
918 1.5708 0.0654112
918.2 1.5708 0.0202039
918.4 1.5708 -0.0503959
918.6 1.5708 -0.0981351
918.8 1.5708 -0.0844708
919 1.5708 -0.0125872
919.2 1.5708 0.0696246
919.4 1.5708 0.105511
919.6 1.5708 0.0752163
919.8 1.5708 0.00867765
920 1.5708 -0.0440839
920.2 1.5708 -0.053938
920.4 1.5708 -0.0274455
920.6 1.5708 0.00919578
920.8 1.5708 0.0328997
921 1.5708 0.0336378
921.2 1.5708 0.0147697
921.4 1.5708 -0.00756459
921.6 1.5708 -0.00966896
921.8 1.5708 0.0227653
922 1.5708 0.0765378
922.2 1.5708 0.114908
922.4 1.5708 0.108403
922.6 1.5708 0.0637764
922.8 1.5708 0.0181815
923 1.5708 0.0028097
923.2 1.5708 0.0153043
923.4 1.5708 0.0301659
923.6 1.5708 0.0309103
923.8 1.5708 0.0242439
924 1.5708 0.023219
924.2 1.5708 0.0267169
924.4 1.5708 0.0236854
924.6 1.5708 0.0130773
924.8 1.5708 0.00747876
925 1.5708 0.0128268
925.2 1.5708 0.0140958
925.4 1.5708 -0.00712667
925.6 1.5708 -0.0420583
925.8 1.5708 -0.0548462
926 1.5708 -0.0221187
926.2 1.5708 0.0331234
926.4 1.5708 0.0599079
926.6 1.5708 0.0350517
926.8 1.5708 -0.00865273
927 1.5708 -0.0186668
927.2 1.5708 0.0162229
927.4 1.5708 0.0521968
927.6 1.5708 0.0414696
927.8 1.5708 -0.0116651
928 1.5708 -0.0552077
928.2 1.5708 -0.0474443
928.4 1.5708 0.000187064
928.6 1.5708 0.0417946
928.8 1.5708 0.0486725
929 1.5708 0.0311301
929.2 1.5708 0.0128584
929.4 1.5708 2.65749e-05
929.6 1.5708 -0.0138965
929.8 1.5708 -0.0224912
930 1.5708 -0.00541688
930.2 1.5708 0.0393976
930.4 1.5708 0.0756297
930.6 1.5708 0.0585867
930.8 1.5708 -0.0115119
931 1.5708 -0.0784016
931.2 1.5708 -0.0826086
931.4 1.5708 -0.0225117
931.6 1.5708 0.0462868
931.8 1.5708 0.0724904
932 1.5708 0.0593836
932.2 1.5708 0.0483899
932.4 1.5708 0.0619038
932.6 1.5708 0.0783409
932.8 1.5708 0.0667874
933 1.5708 0.031581
933.2 1.5708 0.00725243
933.4 1.5708 0.0113879
933.6 1.5708 0.0192465
933.8 1.5708 -0.00448117
934 1.5708 -0.0570461
934.2 1.5708 -0.0960611
934.4 1.5708 -0.0891128
934.6 1.5708 -0.0520376
934.8 1.5708 -0.0269227
935 1.5708 -0.0285201
935.2 1.5708 -0.0283859
935.4 1.5708 0.0024717
935.6 1.5708 0.048675
935.8 1.5708 0.0642558
936 1.5708 0.0305382
936.2 1.5708 -0.0150946
936.4 1.5708 -0.0192524
936.6 1.5708 0.0254374
936.8 1.5708 0.0723694
937 1.5708 0.0767432
937.2 1.5708 0.0464488
937.4 1.5708 0.0259091
937.6 1.5708 0.0350631
937.8 1.5708 0.0413119
938 1.5708 0.000526507
938.2 1.5708 -0.0826236
938.4 1.5708 -0.148998
938.6 1.5708 -0.142481
938.8 1.5708 -0.0658902
939 1.5708 0.023944
939.2 1.5708 0.0703599
939.4 1.5708 0.0600137
939.6 1.5708 0.0186303
939.8 1.5708 -0.0211136
940 1.5708 -0.0410705
940.2 1.5708 -0.0384318
940.4 1.5708 -0.0210807
940.6 1.5708 -0.00506303
940.8 1.5708 -0.00497478
941 1.5708 -0.0172296
941.2 1.5708 -0.0174114
941.4 1.5708 0.0143151
941.6 1.5708 0.0635399
941.8 1.5708 0.08805
942 1.5708 0.0621349
942.2 1.5708 0.00951
942.4 1.5708 -0.0195192
942.6 1.5708 -0.00487011
942.8 1.5708 0.0203724
943 1.5708 0.0109684
943.2 1.5708 -0.0349466
943.4 1.5708 -0.0759709
943.6 1.5708 -0.0834625
943.8 1.5708 -0.0801616
944 1.5708 -0.10797
944.2 1.5708 -0.163888
944.4 1.5708 -0.189745
944.6 1.5708 -0.137138
944.8 1.5708 -0.03086
945 1.5708 0.0504825
945.2 1.5708 0.0589324
945.4 1.5708 0.0263401
945.6 1.5708 0.0189699
945.8 1.5708 0.0538807
946 1.5708 0.0799993
946.2 1.5708 0.0458869
946.4 1.5708 -0.0309775
946.6 1.5708 -0.079274
946.8 1.5708 -0.0543193
947 1.5708 0.0136031
947.2 1.5708 0.0573242
947.4 1.5708 0.0468634
947.6 1.5708 0.0120875
947.8 1.5708 -0.00299617
948 1.5708 0.0102381
948.2 1.5708 0.0282275
948.4 1.5708 0.0332084
948.6 1.5708 0.0291353
948.8 1.5708 0.0210242
949 1.5708 -0.00105101
949.2 1.5708 -0.042995
949.4 1.5708 -0.0812803
949.6 1.5708 -0.0780335
949.8 1.5708 -0.0290785
950 1.5708 0.0169411
950.2 1.5708 0.00431865
950.4 1.5708 -0.0645575
950.6 1.5708 -0.123072
950.8 1.5708 -0.107579
951 1.5708 -0.025249
951.2 1.5708 0.0525348
951.4 1.5708 0.0624859
951.6 1.5708 0.00727468
951.8 1.5708 -0.057674
952 1.5708 -0.0826652
952.2 1.5708 -0.0615536
952.4 1.5708 -0.0202727
952.6 1.5708 0.0145611
952.8 1.5708 0.0301566
953 1.5708 0.0241304
953.2 1.5708 0.00327999
953.4 1.5708 -0.0136215
953.6 1.5708 -0.00539245
953.8 1.5708 0.0292723
954 1.5708 0.0636082
954.2 1.5708 0.0671397
954.4 1.5708 0.0397145
954.6 1.5708 0.0136759
954.8 1.5708 0.0180197
955 1.5708 0.0462741
955.2 1.5708 0.0663905
955.4 1.5708 0.0588062
955.6 1.5708 0.0343693
955.8 1.5708 0.0127303
956 1.5708 -0.00499391
956.2 1.5708 -0.0301748
956.4 1.5708 -0.0570502
956.6 1.5708 -0.055954
956.8 1.5708 -0.00731674
957 1.5708 0.0633348
957.2 1.5708 0.0983642
957.4 1.5708 0.0622024
957.6 1.5708 -0.0221776
957.8 1.5708 -0.095454
958 1.5708 -0.116688
958.2 1.5708 -0.0918462
958.4 1.5708 -0.052581
958.6 1.5708 -0.0190824
958.8 1.5708 0.0105706
959 1.5708 0.0424656
959.2 1.5708 0.0710459
959.4 1.5708 0.0836264
959.6 1.5708 0.073316
959.8 1.5708 0.0429817
960 1.5708 0.00192806
960.2 1.5708 -0.0349653
960.4 1.5708 -0.0492473
960.6 1.5708 -0.0320876
960.8 1.5708 0.000527167
961 1.5708 0.0160372
961.2 1.5708 0.000634572
961.4 1.5708 -0.0166338
961.6 1.5708 0.00978796
961.8 1.5708 0.0834824
962 1.5708 0.144052
962.2 1.5708 0.120788
962.4 1.5708 0.0123649
962.6 1.5708 -0.0990233
962.8 1.5708 -0.124722
963 1.5708 -0.0578285
963.2 1.5708 0.0243219
963.4 1.5708 0.0459782
963.6 1.5708 0.00953042
963.8 1.5708 -0.0201032
964 1.5708 0.00304364
964.2 1.5708 0.0563148
964.4 1.5708 0.0822212
964.6 1.5708 0.0559788
964.8 1.5708 0.00539764
965 1.5708 -0.0305224
965.2 1.5708 -0.0444281
965.4 1.5708 -0.054364
965.6 1.5708 -0.0678359
965.8 1.5708 -0.0698603
966 1.5708 -0.0482008
966.2 1.5708 -0.0161269
966.4 1.5708 0.000684352
966.6 1.5708 -0.00570095
966.8 1.5708 -0.0199854
967 1.5708 -0.0281088
967.2 1.5708 -0.0349517
967.4 1.5708 -0.0500193
967.6 1.5708 -0.063675
967.8 1.5708 -0.0519631
968 1.5708 -0.00798362
968.2 1.5708 0.0420519
968.4 1.5708 0.0633247
968.6 1.5708 0.0496187
968.8 1.5708 0.027491
969 1.5708 0.0236675
969.2 1.5708 0.0374739
969.4 1.5708 0.0499489
969.6 1.5708 0.0512423
969.8 1.5708 0.0473535
970 1.5708 0.0418763
970.2 1.5708 0.0261852
970.4 1.5708 -0.00293631
970.6 1.5708 -0.0251135
970.8 1.5708 -0.0127954
971 1.5708 0.0306303
971.2 1.5708 0.0631216
971.4 1.5708 0.04837
971.6 1.5708 0.00415564
971.8 1.5708 -0.00987341
972 1.5708 0.0394592
972.2 1.5708 0.112091
972.4 1.5708 0.130781
972.6 1.5708 0.0652322
972.8 1.5708 -0.0313798
973 1.5708 -0.0774372
973.2 1.5708 -0.0487804
973.4 1.5708 0.00120981
973.6 1.5708 0.00710379
973.8 1.5708 -0.0350734
974 1.5708 -0.0689109
974.2 1.5708 -0.0472045
974.4 1.5708 0.0121768
974.6 1.5708 0.0457461
974.8 1.5708 0.0137578
975 1.5708 -0.0578533
975.2 1.5708 -0.104518
975.4 1.5708 -0.0864133
975.6 1.5708 -0.0230916
975.8 1.5708 0.0297268
976 1.5708 0.0322306
976.2 1.5708 -0.00827239
976.4 1.5708 -0.0510855
976.6 1.5708 -0.0622127
976.8 1.5708 -0.0422108
977 1.5708 -0.0181193
977.2 1.5708 -0.0104902
977.4 1.5708 -0.0105258
977.6 1.5708 0.00726167
977.8 1.5708 0.049407
978 1.5708 0.0859888
978.2 1.5708 0.077068
978.4 1.5708 0.0190816
978.6 1.5708 -0.042034
978.8 1.5708 -0.0531769
979 1.5708 -0.0104205
979.2 1.5708 0.0334916
979.4 1.5708 0.0231898
979.6 1.5708 -0.041231
979.8 1.5708 -0.105795
980 1.5708 -0.119814
980.2 1.5708 -0.0832095
980.4 1.5708 -0.0342792
980.6 1.5708 -0.00147314
980.8 1.5708 0.0189064
981 1.5708 0.0380478
981.2 1.5708 0.0460563
981.4 1.5708 0.0243036
981.6 1.5708 -0.0172755
981.8 1.5708 -0.0347904
982 1.5708 0.00462029
982.2 1.5708 0.0784389
982.4 1.5708 0.124753
982.6 1.5708 0.106799
982.8 1.5708 0.0510655
983 1.5708 0.0121943
983.2 1.5708 0.00658778
983.4 1.5708 -0.00326433
983.6 1.5708 -0.0535292
983.8 1.5708 -0.122032
984 1.5708 -0.1437
984.2 1.5708 -0.0854671
984.4 1.5708 0.00777546
984.6 1.5708 0.0540215
984.8 1.5708 0.0188216
985 1.5708 -0.0510694
985.2 1.5708 -0.0813415
985.4 1.5708 -0.0494648
985.6 1.5708 -0.00237177
985.8 1.5708 0.00191053
986 1.5708 -0.0407331
986.2 1.5708 -0.0790446
986.4 1.5708 -0.064796
986.6 1.5708 -0.0044355
986.8 1.5708 0.0485635
987 1.5708 0.0468772
987.2 1.5708 -0.00791293
987.4 1.5708 -0.0713608
987.6 1.5708 -0.0984271
987.8 1.5708 -0.0799885
988 1.5708 -0.0440002
988.2 1.5708 -0.0259342
988.4 1.5708 -0.0365743
988.6 1.5708 -0.0542403
988.8 1.5708 -0.0470327
989 1.5708 -0.00514025
989.2 1.5708 0.0466161
989.4 1.5708 0.0699212
989.6 1.5708 0.0494638
989.8 1.5708 0.00859568
990 1.5708 -0.0135068
990.2 1.5708 -0.0012157
990.4 1.5708 0.0232558
990.6 1.5708 0.0266401
990.8 1.5708 0.00319347
991 1.5708 -0.0185018
991.2 1.5708 -0.00909546
991.4 1.5708 0.0250764
991.6 1.5708 0.0447701
991.8 1.5708 0.0186289
992 1.5708 -0.0418441
992.2 1.5708 -0.0906526
992.4 1.5708 -0.0899005
992.6 1.5708 -0.0424871
992.8 1.5708 0.0151791
993 1.5708 0.0469308
993.2 1.5708 0.0413647
993.4 1.5708 0.00926624
993.6 1.5708 -0.0319198
993.8 1.5708 -0.0658245
994 1.5708 -0.0762349
994.2 1.5708 -0.0521894
994.4 1.5708 -0.0016142
994.6 1.5708 0.0445584
994.8 1.5708 0.053224
995 1.5708 0.0207185
995.2 1.5708 -0.0189474
995.4 1.5708 -0.0249714
995.6 1.5708 0.00798735
995.8 1.5708 0.0419835
996 1.5708 0.0349966
996.2 1.5708 -0.0116774
996.4 1.5708 -0.0501539
996.6 1.5708 -0.0344814
996.8 1.5708 0.0279028
997 1.5708 0.0771735
997.2 1.5708 0.0574731
997.4 1.5708 -0.0263638
997.6 1.5708 -0.108811
997.8 1.5708 -0.121904
998 1.5708 -0.0564758
998.2 1.5708 0.0295278
998.4 1.5708 0.0616804
998.6 1.5708 0.0121094
998.8 1.5708 -0.0783857
999 1.5708 -0.134042
999.2 1.5708 -0.104205
999.4 1.5708 -0.00269046
999.6 1.5708 0.102135
999.8 1.5708 0.138581
1000 1.5708 0.0854007
0.2 1.88496 -0.0857151
0.4 1.88496 0.00839274
0.6 1.88496 0.024547
0.8 1.88496 -0.0242169
1 1.88496 -0.0439013
1.2 1.88496 0.0134705
1.4 1.88496 0.0866856
1.6 1.88496 0.0870257
1.8 1.88496 0.0160434
2 1.88496 -0.0351925
2.2 1.88496 -0.00378001
2.4 1.88496 0.0645456
2.6 1.88496 0.0764721
2.8 1.88496 0.0129803
3 1.88496 -0.0466928
3.2 1.88496 -0.0287016
3.4 1.88496 0.0402294
3.6 1.88496 0.0693234
3.8 1.88496 0.0230867
4 1.88496 -0.0318723
4.2 1.88496 -0.0125732
4.4 1.88496 0.072894
4.6 1.88496 0.133208
4.8 1.88496 0.105609
5 1.88496 0.0303831
5.2 1.88496 -0.00189973
5.4 1.88496 0.0402094
5.6 1.88496 0.0982279
5.8 1.88496 0.101441
6 1.88496 0.0498263
6.2 1.88496 0.00348794
6.4 1.88496 0.00386643
6.6 1.88496 0.0308935
6.8 1.88496 0.0418521
7 1.88496 0.0302471
7.2 1.88496 0.0265602
7.4 1.88496 0.0475796
7.6 1.88496 0.0677327
7.8 1.88496 0.0507032
8 1.88496 -0.00233286
8.2 1.88496 -0.0506887
8.4 1.88496 -0.0590033
8.6 1.88496 -0.0325458
8.8 1.88496 -0.00482116
9 1.88496 3.57044e-05
9.2 1.88496 -0.0152347
9.4 1.88496 -0.0342245
9.6 1.88496 -0.0446205
9.8 1.88496 -0.0411474
10 1.88496 -0.022741
10.2 1.88496 0.00334987
10.4 1.88496 0.0192547
10.6 1.88496 0.0104219
10.8 1.88496 -0.0143188
11 1.88496 -0.0247293
11.2 1.88496 0.00063978
11.4 1.88496 0.0479102
11.6 1.88496 0.0784546
11.8 1.88496 0.0677109
12 1.88496 0.02922
12.2 1.88496 -0.00144402
12.4 1.88496 -0.00158676
12.6 1.88496 0.0232456
12.8 1.88496 0.0527076
13 1.88496 0.0703819
13.2 1.88496 0.0682997
13.4 1.88496 0.0440714
13.6 1.88496 0.00405224
13.8 1.88496 -0.0333534
14 1.88496 -0.0494533
14.2 1.88496 -0.0461976
14.4 1.88496 -0.0488353
14.6 1.88496 -0.0787551
14.8 1.88496 -0.124355
15 1.88496 -0.147325
15.2 1.88496 -0.122062
15.4 1.88496 -0.0642148
15.6 1.88496 -0.0152049
15.8 1.88496 -0.0013624
16 1.88496 -0.0140783
16.2 1.88496 -0.0278676
16.4 1.88496 -0.0276891
16.6 1.88496 -0.0138652
16.8 1.88496 0.0100537
17 1.88496 0.040068
17.2 1.88496 0.0617855
17.4 1.88496 0.0526577
17.6 1.88496 0.00717632
17.8 1.88496 -0.0441715
18 1.88496 -0.0560415
18.2 1.88496 -0.0154519
18.4 1.88496 0.0395487
18.6 1.88496 0.0578919
18.8 1.88496 0.0303618
19 1.88496 -0.00232428
19.2 1.88496 0.00252576
19.4 1.88496 0.0429974
19.6 1.88496 0.0802542
19.8 1.88496 0.0850814
20 1.88496 0.0641137
20.2 1.88496 0.0401515
20.4 1.88496 0.021984
20.6 1.88496 0.00525767
20.8 1.88496 -0.00564523
21 1.88496 0.00325173
21.2 1.88496 0.0281086
21.4 1.88496 0.0349603
21.6 1.88496 -0.00598693
21.8 1.88496 -0.0742681
22 1.88496 -0.105733
22.2 1.88496 -0.0581907
22.4 1.88496 0.0361569
22.6 1.88496 0.0984364
22.8 1.88496 0.0854723
23 1.88496 0.0332416
23.2 1.88496 0.0113967
23.4 1.88496 0.0433994
23.6 1.88496 0.0848489
23.8 1.88496 0.0796069
24 1.88496 0.0221898
24.2 1.88496 -0.0440659
24.4 1.88496 -0.0799602
24.6 1.88496 -0.0848898
24.8 1.88496 -0.0789822
25 1.88496 -0.0698678
25.2 1.88496 -0.0517507
25.4 1.88496 -0.0292687
25.6 1.88496 -0.0212196
25.8 1.88496 -0.0325158
26 1.88496 -0.0362664
26.2 1.88496 -0.000919662
26.4 1.88496 0.0656446
26.6 1.88496 0.115047
26.8 1.88496 0.110575
27 1.88496 0.0718166
27.2 1.88496 0.0539031
27.4 1.88496 0.0827719
27.6 1.88496 0.124249
27.8 1.88496 0.12466
28 1.88496 0.0729683
28.2 1.88496 0.00951399
28.4 1.88496 -0.0249775
28.6 1.88496 -0.0329193
28.8 1.88496 -0.0431139
29 1.88496 -0.0618746
29.2 1.88496 -0.0611404
29.4 1.88496 -0.0210937
29.6 1.88496 0.0308664
29.8 1.88496 0.0422153
30 1.88496 -0.00261538
30.2 1.88496 -0.0572856
30.4 1.88496 -0.062056
30.6 1.88496 -0.0121157
30.8 1.88496 0.0356903
31 1.88496 0.0279943
31.2 1.88496 -0.0233842
31.4 1.88496 -0.0553382
31.6 1.88496 -0.0267148
31.8 1.88496 0.0343206
32 1.88496 0.062727
32.2 1.88496 0.0295505
32.4 1.88496 -0.0292602
32.6 1.88496 -0.0589779
32.8 1.88496 -0.0498762
33 1.88496 -0.0424931
33.2 1.88496 -0.0694637
33.4 1.88496 -0.105944
33.6 1.88496 -0.0923545
33.8 1.88496 -0.00772999
34 1.88496 0.0917969
34.2 1.88496 0.120603
34.4 1.88496 0.0514967
34.6 1.88496 -0.0517683
34.8 1.88496 -0.0961631
35 1.88496 -0.0509559
35.2 1.88496 0.0281726
35.4 1.88496 0.0647097
35.6 1.88496 0.0401697
35.8 1.88496 0.000318071
36 1.88496 -0.00883507
36.2 1.88496 0.00733539
36.4 1.88496 0.0127659
36.6 1.88496 -0.000918837
36.8 1.88496 -0.000164659
37 1.88496 0.039042
37.2 1.88496 0.0833675
37.4 1.88496 0.0697011
37.6 1.88496 -0.0158011
37.8 1.88496 -0.105394
38 1.88496 -0.114684
38.2 1.88496 -0.0365134
38.4 1.88496 0.04773
38.6 1.88496 0.0575719
38.8 1.88496 0.000738783
39 1.88496 -0.0441294
39.2 1.88496 -0.0263089
39.4 1.88496 0.017789
39.6 1.88496 0.0156561
39.8 1.88496 -0.0463887
40 1.88496 -0.104037
40.2 1.88496 -0.0947638
40.4 1.88496 -0.0351037
40.6 1.88496 0.00218851
40.8 1.88496 -0.0182961
41 1.88496 -0.0492684
41.2 1.88496 -0.0217828
41.4 1.88496 0.0634049
41.6 1.88496 0.129253
41.8 1.88496 0.110934
42 1.88496 0.0324835
42.2 1.88496 -0.020209
42.4 1.88496 0.0039661
42.6 1.88496 0.0697778
42.8 1.88496 0.104341
43 1.88496 0.0809712
43.2 1.88496 0.0391988
43.4 1.88496 0.0268068
43.6 1.88496 0.0416471
43.8 1.88496 0.0410018
44 1.88496 -0.00144198
44.2 1.88496 -0.0630519
44.4 1.88496 -0.0974067
44.6 1.88496 -0.0807423
44.8 1.88496 -0.0284495
45 1.88496 0.0253215
45.2 1.88496 0.054185
45.4 1.88496 0.0502595
45.6 1.88496 0.0236418
45.8 1.88496 -0.00216323
46 1.88496 -0.00446667
46.2 1.88496 0.0158388
46.4 1.88496 0.0272008
46.6 1.88496 -0.00329152
46.8 1.88496 -0.066722
47 1.88496 -0.108324
47.2 1.88496 -0.0806559
47.4 1.88496 -0.000767946
47.6 1.88496 0.059331
47.8 1.88496 0.0482213
48 1.88496 -0.00611813
48.2 1.88496 -0.0255876
48.4 1.88496 0.0297414
48.6 1.88496 0.115262
48.8 1.88496 0.151607
49 1.88496 0.112246
49.2 1.88496 0.0474751
49.4 1.88496 0.0209743
49.6 1.88496 0.0381011
49.8 1.88496 0.0491323
50 1.88496 0.0158643
50.2 1.88496 -0.0437871
50.4 1.88496 -0.0836119
50.6 1.88496 -0.0868651
50.8 1.88496 -0.0792385
51 1.88496 -0.0860505
51.2 1.88496 -0.095008
51.4 1.88496 -0.0743587
51.6 1.88496 -0.0204863
51.8 1.88496 0.0298661
52 1.88496 0.0402751
52.2 1.88496 0.016322
52.4 1.88496 -0.00464317
52.6 1.88496 -0.00130386
52.8 1.88496 0.00812692
53 1.88496 -0.00422359
53.2 1.88496 -0.0330116
53.4 1.88496 -0.0407755
53.6 1.88496 -0.00345752
53.8 1.88496 0.0562121
54 1.88496 0.0898099
54.2 1.88496 0.0746291
54.4 1.88496 0.0352687
54.6 1.88496 0.0124032
54.8 1.88496 0.0180406
55 1.88496 0.0287387
55.2 1.88496 0.019595
55.4 1.88496 -0.00540921
55.6 1.88496 -0.021742
55.8 1.88496 -0.016855
56 1.88496 -0.00506206
56.2 1.88496 -0.00786374
56.4 1.88496 -0.0257412
56.6 1.88496 -0.0362102
56.8 1.88496 -0.02012
57 1.88496 0.0147426
57.2 1.88496 0.0392742
57.4 1.88496 0.0312129
57.6 1.88496 -0.00372241
57.8 1.88496 -0.0371314
58 1.88496 -0.041652
58.2 1.88496 -0.0108213
58.4 1.88496 0.0382694
58.6 1.88496 0.0763339
58.8 1.88496 0.0776648
59 1.88496 0.0342083
59.2 1.88496 -0.036197
59.4 1.88496 -0.094314
59.6 1.88496 -0.101196
59.8 1.88496 -0.0474791
60 1.88496 0.0333752
60.2 1.88496 0.0856014
60.4 1.88496 0.0746374
60.6 1.88496 0.0169093
60.8 1.88496 -0.0339895
61 1.88496 -0.0353383
61.2 1.88496 0.00654901
61.4 1.88496 0.0448067
61.6 1.88496 0.0383955
61.8 1.88496 -0.0101035
62 1.88496 -0.0616242
62.2 1.88496 -0.0815578
62.4 1.88496 -0.0697909
62.6 1.88496 -0.0509539
62.8 1.88496 -0.0414445
63 1.88496 -0.0329381
63.2 1.88496 -0.00894588
63.4 1.88496 0.0286806
63.6 1.88496 0.055926
63.8 1.88496 0.0493675
64 1.88496 0.0091242
64.2 1.88496 -0.0415041
64.4 1.88496 -0.0752882
64.6 1.88496 -0.0777306
64.8 1.88496 -0.0502655
65 1.88496 -0.00686918
65.2 1.88496 0.0290791
65.4 1.88496 0.0332141
65.6 1.88496 -0.00138274
65.8 1.88496 -0.0497566
66 1.88496 -0.0674899
66.2 1.88496 -0.0294757
66.4 1.88496 0.0401424
66.6 1.88496 0.0828901
66.8 1.88496 0.0581292
67 1.88496 -0.0182298
67.2 1.88496 -0.0890648
67.4 1.88496 -0.109421
67.6 1.88496 -0.0817457
67.8 1.88496 -0.0396298
68 1.88496 -0.00565735
68.2 1.88496 0.0253914
68.4 1.88496 0.0631008
68.6 1.88496 0.094535
68.8 1.88496 0.093324
69 1.88496 0.0554675
69.2 1.88496 0.0147931
69.4 1.88496 0.013037
69.6 1.88496 0.055511
69.8 1.88496 0.103927
70 1.88496 0.116122
70.2 1.88496 0.0878876
70.4 1.88496 0.0505244
70.6 1.88496 0.0309131
70.8 1.88496 0.0236577
71 1.88496 0.0064339
71.2 1.88496 -0.025494
71.4 1.88496 -0.0519147
71.6 1.88496 -0.0560779
71.8 1.88496 -0.0488949
72 1.88496 -0.0532646
72.2 1.88496 -0.0669501
72.4 1.88496 -0.056657
72.6 1.88496 -0.00108913
72.8 1.88496 0.0657959
73 1.88496 0.0734798
73.2 1.88496 -0.00962183
73.4 1.88496 -0.124557
73.6 1.88496 -0.163647
73.8 1.88496 -0.0767323
74 1.88496 0.0677716
74.2 1.88496 0.140848
74.4 1.88496 0.0794453
74.6 1.88496 -0.0483283
74.8 1.88496 -0.111143
75 1.88496 -0.047249
75.2 1.88496 0.0764032
75.4 1.88496 0.139126
75.6 1.88496 0.0926149
75.8 1.88496 0.00370316
76 1.88496 -0.0261546
76.2 1.88496 0.0293482
76.4 1.88496 0.101692
76.6 1.88496 0.111135
76.8 1.88496 0.0536314
77 1.88496 -0.00396012
77.2 1.88496 -0.00554227
77.4 1.88496 0.0344646
77.6 1.88496 0.0577853
77.8 1.88496 0.0358014
78 1.88496 0.000578304
78.2 1.88496 0.00125696
78.4 1.88496 0.0429155
78.6 1.88496 0.0806124
78.8 1.88496 0.0716916
79 1.88496 0.0223971
79.2 1.88496 -0.0226105
79.4 1.88496 -0.0298852
79.6 1.88496 -0.00738135
79.8 1.88496 0.0129707
80 1.88496 0.0119074
80.2 1.88496 -0.00404552
80.4 1.88496 -0.0193459
80.6 1.88496 -0.0276261
80.8 1.88496 -0.0303612
81 1.88496 -0.0263597
81.2 1.88496 -0.0124012
81.4 1.88496 0.00594504
81.6 1.88496 0.0127429
81.8 1.88496 -0.00295161
82 1.88496 -0.0323498
82.2 1.88496 -0.052873
82.4 1.88496 -0.049693
82.6 1.88496 -0.0280206
82.8 1.88496 -0.00308237
83 1.88496 0.0175536
83.2 1.88496 0.0372249
83.4 1.88496 0.0581425
83.6 1.88496 0.0736296
83.8 1.88496 0.0764517
84 1.88496 0.0706868
84.2 1.88496 0.0678641
84.4 1.88496 0.0694451
84.6 1.88496 0.0591377
84.8 1.88496 0.0198093
85 1.88496 -0.0410439
85.2 1.88496 -0.0882832
85.4 1.88496 -0.0876597
85.6 1.88496 -0.0393365
85.8 1.88496 0.0190013
86 1.88496 0.0453629
86.2 1.88496 0.0318536
86.4 1.88496 0.010851
86.6 1.88496 0.0224123
86.8 1.88496 0.0735299
87 1.88496 0.12826
87.2 1.88496 0.13979
87.4 1.88496 0.0962438
87.6 1.88496 0.0369178
87.8 1.88496 0.0198612
88 1.88496 0.067038
88.2 1.88496 0.138477
88.4 1.88496 0.16439
88.6 1.88496 0.109415
88.8 1.88496 0.00790785
89 1.88496 -0.0668752
89.2 1.88496 -0.0718359
89.4 1.88496 -0.032451
89.6 1.88496 -0.0112685
89.8 1.88496 -0.0397347
90 1.88496 -0.0857117
90.2 1.88496 -0.090555
90.4 1.88496 -0.0344122
90.6 1.88496 0.0411097
90.8 1.88496 0.0757371
91 1.88496 0.0504481
91.2 1.88496 0.00107037
91.4 1.88496 -0.0237608
91.6 1.88496 -0.0102355
91.8 1.88496 0.016554
92 1.88496 0.0277214
92.2 1.88496 0.019878
92.4 1.88496 0.00925837
92.6 1.88496 0.00697469
92.8 1.88496 0.00957715
93 1.88496 0.0123794
93.2 1.88496 0.0210879
93.4 1.88496 0.0420345
93.6 1.88496 0.0640506
93.8 1.88496 0.0606409
94 1.88496 0.0173371
94.2 1.88496 -0.0449477
94.4 1.88496 -0.080667
94.6 1.88496 -0.0585473
94.8 1.88496 0.00928978
95 1.88496 0.0772956
95.2 1.88496 0.105179
95.4 1.88496 0.0876298
95.6 1.88496 0.0499537
95.8 1.88496 0.0198981
96 1.88496 0.00605837
96.2 1.88496 0.000325566
96.4 1.88496 -0.00551269
96.6 1.88496 -0.0106606
96.8 1.88496 -0.0120714
97 1.88496 -0.0151256
97.2 1.88496 -0.0319015
97.4 1.88496 -0.0661451
97.6 1.88496 -0.101517
97.8 1.88496 -0.109351
98 1.88496 -0.0727559
98.2 1.88496 -0.00514994
98.4 1.88496 0.0563462
98.6 1.88496 0.0788646
98.8 1.88496 0.0581375
99 1.88496 0.0174451
99.2 1.88496 -0.0154123
99.4 1.88496 -0.0292241
99.6 1.88496 -0.0302003
99.8 1.88496 -0.0279192
100 1.88496 -0.0256645
100.2 1.88496 -0.0237517
100.4 1.88496 -0.0253192
100.6 1.88496 -0.0323235
100.8 1.88496 -0.0368751
101 1.88496 -0.0242732
101.2 1.88496 0.0092565
101.4 1.88496 0.043806
101.6 1.88496 0.0480213
101.8 1.88496 0.0087443
102 1.88496 -0.0531083
102.2 1.88496 -0.099656
102.4 1.88496 -0.108872
102.6 1.88496 -0.0881823
102.8 1.88496 -0.0572447
103 1.88496 -0.0245008
103.2 1.88496 0.0136575
103.4 1.88496 0.0542887
103.6 1.88496 0.0793359
103.8 1.88496 0.072477
104 1.88496 0.0407496
104.2 1.88496 0.010823
104.4 1.88496 0.00112497
104.6 1.88496 0.00327111
104.8 1.88496 -0.0039125
105 1.88496 -0.025594
105.2 1.88496 -0.0442268
105.4 1.88496 -0.0429507
105.6 1.88496 -0.0275164
105.8 1.88496 -0.0172121
106 1.88496 -0.0172195
106.2 1.88496 -0.0109185
106.4 1.88496 0.0154953
106.6 1.88496 0.0488366
106.8 1.88496 0.0606536
107 1.88496 0.0433531
107.2 1.88496 0.0234834
107.4 1.88496 0.0307377
107.6 1.88496 0.0593162
107.8 1.88496 0.0726361
108 1.88496 0.0494846
108.2 1.88496 0.0143793
108.4 1.88496 0.0105022
108.6 1.88496 0.0454013
108.8 1.88496 0.0776793
109 1.88496 0.0652002
109.2 1.88496 0.0179364
109.4 1.88496 -0.0108294
109.6 1.88496 0.0128464
109.8 1.88496 0.062172
110 1.88496 0.0804783
110.2 1.88496 0.0477691
110.4 1.88496 0.00309437
110.6 1.88496 -0.00276168
110.8 1.88496 0.0342101
111 1.88496 0.0707712
111.2 1.88496 0.0702342
111.4 1.88496 0.042926
111.6 1.88496 0.0277287
111.8 1.88496 0.0434903
112 1.88496 0.0708126
112.2 1.88496 0.079638
112.4 1.88496 0.0612798
112.6 1.88496 0.0276225
112.8 1.88496 -0.00930978
113 1.88496 -0.0419132
113.2 1.88496 -0.0544451
113.4 1.88496 -0.0266353
113.6 1.88496 0.0357444
113.8 1.88496 0.0840331
114 1.88496 0.0642654
114.2 1.88496 -0.017794
114.4 1.88496 -0.0830385
114.6 1.88496 -0.0512024
114.8 1.88496 0.068844
115 1.88496 0.174335
115.2 1.88496 0.166299
115.4 1.88496 0.0499192
115.6 1.88496 -0.0705008
115.8 1.88496 -0.0957497
116 1.88496 -0.0221614
116.2 1.88496 0.0718036
116.4 1.88496 0.11397
116.6 1.88496 0.0990738
116.8 1.88496 0.0677964
117 1.88496 0.0492039
117.2 1.88496 0.0393204
117.4 1.88496 0.0261904
117.6 1.88496 0.0124837
117.8 1.88496 0.00458825
118 1.88496 -0.00559927
118.2 1.88496 -0.0299297
118.4 1.88496 -0.0571648
118.6 1.88496 -0.0552999
118.8 1.88496 -0.0111172
119 1.88496 0.042882
119.2 1.88496 0.0575201
119.4 1.88496 0.0239892
119.6 1.88496 -0.0122194
119.8 1.88496 -0.00339626
120 1.88496 0.0429897
120.2 1.88496 0.0728339
120.4 1.88496 0.0507096
120.6 1.88496 0.00170681
120.8 1.88496 -0.0210194
121 1.88496 -0.000662044
121.2 1.88496 0.0272304
121.4 1.88496 0.0233212
121.6 1.88496 -0.00817471
121.8 1.88496 -0.0333353
122 1.88496 -0.0404459
122.2 1.88496 -0.057234
122.4 1.88496 -0.108916
122.6 1.88496 -0.173504
122.8 1.88496 -0.19686
123 1.88496 -0.152857
123.2 1.88496 -0.0747888
123.4 1.88496 -0.0194564
123.6 1.88496 -0.0088726
123.8 1.88496 -0.018878
124 1.88496 -0.0212953
124.2 1.88496 -0.0201682
124.4 1.88496 -0.0369411
124.6 1.88496 -0.0701184
124.8 1.88496 -0.0874207
125 1.88496 -0.0629944
125.2 1.88496 -0.0120321
125.4 1.88496 0.0214949
125.6 1.88496 0.00933824
125.8 1.88496 -0.0357137
126 1.88496 -0.0771625
126.2 1.88496 -0.0879731
126.4 1.88496 -0.0640054
126.6 1.88496 -0.0158991
126.8 1.88496 0.0391431
127 1.88496 0.078816
127.2 1.88496 0.0841771
127.4 1.88496 0.0581135
127.6 1.88496 0.0312669
127.8 1.88496 0.0373529
128 1.88496 0.0777373
128.2 1.88496 0.116012
128.4 1.88496 0.112842
128.6 1.88496 0.0638717
128.8 1.88496 2.48394e-05
129 1.88496 -0.0450786
129.2 1.88496 -0.0602314
129.4 1.88496 -0.0520293
129.6 1.88496 -0.0295823
129.8 1.88496 -0.0036977
130 1.88496 0.00706377
130.2 1.88496 -0.0122972
130.4 1.88496 -0.0494506
130.6 1.88496 -0.0650479
130.8 1.88496 -0.0317143
131 1.88496 0.0292296
131.2 1.88496 0.0647613
131.4 1.88496 0.0498539
131.6 1.88496 0.0185859
131.8 1.88496 0.022836
132 1.88496 0.065474
132.2 1.88496 0.0934159
132.4 1.88496 0.0641563
132.6 1.88496 0.00362266
132.8 1.88496 -0.0209014
133 1.88496 0.0176976
133.2 1.88496 0.0734264
133.4 1.88496 0.0861129
133.6 1.88496 0.0569304
133.8 1.88496 0.0420338
134 1.88496 0.0721124
134.2 1.88496 0.10503
134.4 1.88496 0.0783141
134.6 1.88496 -0.00329235
134.8 1.88496 -0.0614281
135 1.88496 -0.0347662
135.2 1.88496 0.0439099
135.4 1.88496 0.0825201
135.6 1.88496 0.0362383
135.8 1.88496 -0.0439303
136 1.88496 -0.0769614
136.2 1.88496 -0.0464099
136.4 1.88496 -0.00822139
136.6 1.88496 -0.0113435
136.8 1.88496 -0.0389172
137 1.88496 -0.0421201
137.2 1.88496 -0.0131841
137.4 1.88496 0.00347716
137.6 1.88496 -0.0254208
137.8 1.88496 -0.0729821
138 1.88496 -0.0846184
138.2 1.88496 -0.0475524
138.4 1.88496 -0.00366732
138.6 1.88496 0.00953232
138.8 1.88496 0.00726679
139 1.88496 0.0286806
139.2 1.88496 0.0719732
139.4 1.88496 0.0863994
139.6 1.88496 0.0380553
139.8 1.88496 -0.0360561
140 1.88496 -0.0613765
140.2 1.88496 -0.0100601
140.4 1.88496 0.0674426
140.6 1.88496 0.101244
140.8 1.88496 0.0766243
141 1.88496 0.03597
141.2 1.88496 0.0170675
141.4 1.88496 0.0138226
141.6 1.88496 0.00411046
141.8 1.88496 -0.00614214
142 1.88496 0.00894186
142.2 1.88496 0.0471199
142.4 1.88496 0.0645649
142.6 1.88496 0.0260949
142.8 1.88496 -0.0435927
143 1.88496 -0.080044
143.2 1.88496 -0.0518185
143.4 1.88496 0.00414475
143.6 1.88496 0.0292112
143.8 1.88496 0.011881
144 1.88496 -0.00761346
144.2 1.88496 0.00209933
144.4 1.88496 0.0205413
144.6 1.88496 0.0054747
144.8 1.88496 -0.047006
145 1.88496 -0.0933206
145.2 1.88496 -0.0948274
145.4 1.88496 -0.0614731
145.6 1.88496 -0.0320595
145.8 1.88496 -0.0230875
146 1.88496 -0.0162631
146.2 1.88496 0.00385434
146.4 1.88496 0.0211122
146.6 1.88496 0.0111759
146.8 1.88496 -0.0169665
147 1.88496 -0.0238983
147.2 1.88496 0.0120907
147.4 1.88496 0.066153
147.6 1.88496 0.0977673
147.8 1.88496 0.0995868
148 1.88496 0.0969509
148.2 1.88496 0.100027
148.4 1.88496 0.0799718
148.6 1.88496 0.00997568
148.8 1.88496 -0.0812793
149 1.88496 -0.123715
149.2 1.88496 -0.0827955
149.4 1.88496 -0.00588624
149.6 1.88496 0.0265073
149.8 1.88496 -0.00856153
150 1.88496 -0.0533898
150.2 1.88496 -0.0424761
150.4 1.88496 0.0187678
150.6 1.88496 0.064556
150.8 1.88496 0.0502527
151 1.88496 0.000865793
151.2 1.88496 -0.0286558
151.4 1.88496 -0.0214948
151.6 1.88496 -0.00595324
151.8 1.88496 -0.00104997
152 1.88496 0.0156645
152.2 1.88496 0.0691302
152.4 1.88496 0.132228
152.6 1.88496 0.140578
152.8 1.88496 0.0708821
153 1.88496 -0.0156961
153.2 1.88496 -0.0309204
153.4 1.88496 0.0408352
153.6 1.88496 0.118643
153.8 1.88496 0.110224
154 1.88496 0.0116103
154.2 1.88496 -0.0901615
154.4 1.88496 -0.109486
154.6 1.88496 -0.0435069
154.8 1.88496 0.0401845
155 1.88496 0.0798398
155.2 1.88496 0.0679076
155.4 1.88496 0.030982
155.6 1.88496 -0.0130053
155.8 1.88496 -0.0614473
156 1.88496 -0.101359
156.2 1.88496 -0.10156
156.4 1.88496 -0.044037
156.6 1.88496 0.0440656
156.8 1.88496 0.104474
157 1.88496 0.0998157
157.2 1.88496 0.0477986
157.4 1.88496 0.000384808
157.6 1.88496 -0.00840162
157.8 1.88496 0.00930221
158 1.88496 0.0162965
158.2 1.88496 -0.00674811
158.4 1.88496 -0.0420417
158.6 1.88496 -0.0550438
158.8 1.88496 -0.0300589
159 1.88496 0.0146279
159.2 1.88496 0.0448517
159.4 1.88496 0.0429823
159.6 1.88496 0.0236058
159.8 1.88496 0.0176527
160 1.88496 0.0401497
160.2 1.88496 0.0735295
160.4 1.88496 0.0841831
160.6 1.88496 0.0561867
160.8 1.88496 0.00702843
161 1.88496 -0.0315066
161.2 1.88496 -0.0459
161.4 1.88496 -0.0505091
161.6 1.88496 -0.0645607
161.8 1.88496 -0.0850196
162 1.88496 -0.0880943
162.2 1.88496 -0.0574145
162.4 1.88496 -0.00546454
162.6 1.88496 0.0361483
162.8 1.88496 0.045484
163 1.88496 0.0268349
163.2 1.88496 0.00141432
163.4 1.88496 -0.0128912
163.6 1.88496 -0.0124793
163.8 1.88496 -0.00600542
164 1.88496 -0.00725722
164.2 1.88496 -0.0265477
164.4 1.88496 -0.0604216
164.6 1.88496 -0.0874801
164.8 1.88496 -0.0820718
165 1.88496 -0.0401983
165.2 1.88496 0.0100631
165.4 1.88496 0.0323914
165.6 1.88496 0.0192889
165.8 1.88496 -0.00134159
166 1.88496 -0.00226081
166.2 1.88496 0.00645352
166.4 1.88496 -0.0113561
166.6 1.88496 -0.0680733
166.8 1.88496 -0.126096
167 1.88496 -0.133881
167.2 1.88496 -0.084928
167.4 1.88496 -0.026693
167.6 1.88496 -0.00519197
167.8 1.88496 -0.0127413
168 1.88496 -0.00512987
168.2 1.88496 0.0330993
168.4 1.88496 0.0607873
168.6 1.88496 0.0302842
168.8 1.88496 -0.0449957
169 1.88496 -0.0943312
169.2 1.88496 -0.0676581
169.4 1.88496 0.00407188
169.6 1.88496 0.0412037
169.8 1.88496 0.00462656
170 1.88496 -0.0624087
170.2 1.88496 -0.086481
170.4 1.88496 -0.0449592
170.6 1.88496 0.0180055
170.8 1.88496 0.0499491
171 1.88496 0.0451328
171.2 1.88496 0.0333948
171.4 1.88496 0.0298565
171.6 1.88496 0.0175942
171.8 1.88496 -0.0169019
172 1.88496 -0.0502077
172.2 1.88496 -0.0422857
172.4 1.88496 0.0115263
172.6 1.88496 0.0650548
172.8 1.88496 0.0675733
173 1.88496 0.0198426
173.2 1.88496 -0.0263773
173.4 1.88496 -0.0254723
173.6 1.88496 0.0131188
173.8 1.88496 0.037599
174 1.88496 0.0114159
174.2 1.88496 -0.0475446
174.4 1.88496 -0.0850966
174.6 1.88496 -0.0643419
174.8 1.88496 -0.000922725
175 1.88496 0.0516058
175.2 1.88496 0.0504044
175.4 1.88496 0.00152883
175.6 1.88496 -0.0464694
175.8 1.88496 -0.0486225
176 1.88496 -0.00725414
176.2 1.88496 0.030836
176.4 1.88496 0.0248935
176.6 1.88496 -0.0125466
176.8 1.88496 -0.0267888
177 1.88496 0.0147028
177.2 1.88496 0.0753602
177.4 1.88496 0.0805469
177.6 1.88496 0.000835149
177.8 1.88496 -0.105861
178 1.88496 -0.148665
178.2 1.88496 -0.0997212
178.4 1.88496 -0.0233101
178.6 1.88496 -0.00244017
178.8 1.88496 -0.0463532
179 1.88496 -0.085577
179.2 1.88496 -0.0580906
179.4 1.88496 0.0166622
179.6 1.88496 0.0617393
179.8 1.88496 0.0324528
180 1.88496 -0.0349098
180.2 1.88496 -0.0675724
180.4 1.88496 -0.0354846
180.6 1.88496 0.0249268
180.8 1.88496 0.0579215
181 1.88496 0.0426117
181.2 1.88496 -0.00134453
181.4 1.88496 -0.0436601
181.6 1.88496 -0.0641071
181.8 1.88496 -0.0525853
182 1.88496 -0.0118525
182.2 1.88496 0.0316802
182.4 1.88496 0.0373381
182.6 1.88496 -0.00874014
182.8 1.88496 -0.0637955
183 1.88496 -0.0608534
183.2 1.88496 0.0166393
183.4 1.88496 0.103631
183.6 1.88496 0.115018
183.8 1.88496 0.0391986
184 1.88496 -0.045341
184.2 1.88496 -0.0548776
184.4 1.88496 0.00971183
184.6 1.88496 0.0716394
184.8 1.88496 0.0700852
185 1.88496 0.0222667
185.2 1.88496 -0.0132758
185.4 1.88496 -0.014743
185.6 1.88496 -0.0135945
185.8 1.88496 -0.0357609
186 1.88496 -0.0554819
186.2 1.88496 -0.0288055
186.4 1.88496 0.0390564
186.6 1.88496 0.0889236
186.8 1.88496 0.0795357
187 1.88496 0.0438055
187.2 1.88496 0.0506615
187.4 1.88496 0.115014
187.6 1.88496 0.170077
187.8 1.88496 0.142352
188 1.88496 0.0412012
188.2 1.88496 -0.0457604
188.4 1.88496 -0.0467996
188.6 1.88496 0.020233
188.8 1.88496 0.0751637
189 1.88496 0.0638874
189.2 1.88496 0.00571897
189.4 1.88496 -0.0413024
189.6 1.88496 -0.043122
189.8 1.88496 -0.011527
190 1.88496 0.0202376
190.2 1.88496 0.0261394
190.4 1.88496 -0.00284718
190.6 1.88496 -0.0553297
190.8 1.88496 -0.096202
191 1.88496 -0.0834346
191.2 1.88496 -0.0103387
191.4 1.88496 0.0692504
191.6 1.88496 0.079976
191.8 1.88496 0.00441419
192 1.88496 -0.0858948
192.2 1.88496 -0.0980672
192.4 1.88496 -0.0191658
192.6 1.88496 0.0658752
192.8 1.88496 0.0678327
193 1.88496 -0.00628474
193.2 1.88496 -0.063973
193.4 1.88496 -0.0370125
193.6 1.88496 0.0402879
193.8 1.88496 0.076247
194 1.88496 0.0328995
194.2 1.88496 -0.0319271
194.4 1.88496 -0.0386
194.6 1.88496 0.0183159
194.8 1.88496 0.0677593
195 1.88496 0.0508322
195.2 1.88496 -0.010698
195.4 1.88496 -0.0451459
195.6 1.88496 -0.0164758
195.8 1.88496 0.0399103
196 1.88496 0.0664778
196.2 1.88496 0.0497294
196.4 1.88496 0.0243197
196.6 1.88496 0.0200799
196.8 1.88496 0.0239653
197 1.88496 0.0013569
197.2 1.88496 -0.0558589
197.4 1.88496 -0.1154
197.6 1.88496 -0.138877
197.8 1.88496 -0.121473
198 1.88496 -0.0937436
198.2 1.88496 -0.0885293
198.4 1.88496 -0.110231
198.6 1.88496 -0.133958
198.8 1.88496 -0.129981
199 1.88496 -0.0897128
199.2 1.88496 -0.0325877
199.4 1.88496 0.011192
199.6 1.88496 0.0289511
199.8 1.88496 0.0393648
200 1.88496 0.0739285
200.2 1.88496 0.13921
200.4 1.88496 0.200052
200.6 1.88496 0.209395
200.8 1.88496 0.158977
201 1.88496 0.0936569
201.2 1.88496 0.0668333
201.4 1.88496 0.0834148
201.6 1.88496 0.097017
201.8 1.88496 0.0672783
202 1.88496 0.010038
202.2 1.88496 -0.0209733
202.4 1.88496 0.000571708
202.6 1.88496 0.0415102
202.8 1.88496 0.050038
203 1.88496 0.018153
203.2 1.88496 -0.0128029
203.4 1.88496 -0.00935138
203.6 1.88496 0.0087459
203.8 1.88496 -0.00521614
204 1.88496 -0.0592824
204.2 1.88496 -0.102715
204.4 1.88496 -0.0808764
204.6 1.88496 -0.00084432
204.8 1.88496 0.0712683
205 1.88496 0.0784642
205.2 1.88496 0.0271359
205.4 1.88496 -0.0303288
205.6 1.88496 -0.0555073
205.8 1.88496 -0.0537216
206 1.88496 -0.0479637
206.2 1.88496 -0.0414629
206.4 1.88496 -0.0185688
206.6 1.88496 0.0240581
206.8 1.88496 0.0635061
207 1.88496 0.0743358
207.2 1.88496 0.0581721
207.4 1.88496 0.0407094
207.6 1.88496 0.0411931
207.8 1.88496 0.0531002
208 1.88496 0.05669
208.2 1.88496 0.0431946
208.4 1.88496 0.0208377
208.6 1.88496 0.00135713
208.8 1.88496 -0.0109106
209 1.88496 -0.0161653
209.2 1.88496 -0.014186
209.4 1.88496 -0.00855693
209.6 1.88496 -0.0111725
209.8 1.88496 -0.0330581
210 1.88496 -0.0686137
210.2 1.88496 -0.0960555
210.4 1.88496 -0.099192
210.6 1.88496 -0.0850353
210.8 1.88496 -0.0724775
211 1.88496 -0.0643056
211.2 1.88496 -0.040733
211.4 1.88496 0.0114434
211.6 1.88496 0.0680713
211.8 1.88496 0.078984
212 1.88496 0.0181102
212.2 1.88496 -0.0811514
212.4 1.88496 -0.148692
212.6 1.88496 -0.139638
212.8 1.88496 -0.0726183
213 1.88496 -0.00661651
213.2 1.88496 0.0161715
213.4 1.88496 0.00205009
213.6 1.88496 -0.0145067
213.8 1.88496 -0.0133702
214 1.88496 -0.00572224
214.2 1.88496 -0.0120895
214.4 1.88496 -0.0318711
214.6 1.88496 -0.0408774
214.8 1.88496 -0.019815
215 1.88496 0.0182855
215.2 1.88496 0.0340648
215.4 1.88496 -0.000271802
215.6 1.88496 -0.0672444
215.8 1.88496 -0.111229
216 1.88496 -0.0859349
216.2 1.88496 0.000327268
216.4 1.88496 0.08748
216.6 1.88496 0.116554
216.8 1.88496 0.0831229
217 1.88496 0.037797
217.2 1.88496 0.0328422
217.4 1.88496 0.0703832
217.6 1.88496 0.105622
217.8 1.88496 0.0986089
218 1.88496 0.0563435
218.2 1.88496 0.0211349
218.4 1.88496 0.023231
218.6 1.88496 0.0526046
218.8 1.88496 0.0766206
219 1.88496 0.0758224
219.2 1.88496 0.0556497
219.4 1.88496 0.029254
219.6 1.88496 0.00215177
219.8 1.88496 -0.0215504
220 1.88496 -0.0283979
220.2 1.88496 -0.00512553
220.4 1.88496 0.039151
220.6 1.88496 0.0712113
220.8 1.88496 0.0638668
221 1.88496 0.0258779
221.2 1.88496 -0.00640183
221.4 1.88496 -0.00905899
221.6 1.88496 0.00429778
221.8 1.88496 0.00218948
222 1.88496 -0.0248099
222.2 1.88496 -0.0521599
222.4 1.88496 -0.0499089
222.6 1.88496 -0.0154523
222.8 1.88496 0.0268599
223 1.88496 0.0530142
223.2 1.88496 0.0574132
223.4 1.88496 0.045243
223.6 1.88496 0.0193071
223.8 1.88496 -0.0159801
224 1.88496 -0.0426203
224.2 1.88496 -0.035498
224.4 1.88496 0.0108679
224.6 1.88496 0.0667233
224.8 1.88496 0.0875545
225 1.88496 0.0536656
225.2 1.88496 -0.0127774
225.4 1.88496 -0.0699253
225.6 1.88496 -0.0916499
225.8 1.88496 -0.0810436
226 1.88496 -0.0571828
226.2 1.88496 -0.0372527
226.4 1.88496 -0.029765
226.6 1.88496 -0.0338551
226.8 1.88496 -0.0381475
227 1.88496 -0.0265273
227.2 1.88496 0.00402454
227.4 1.88496 0.0311015
227.6 1.88496 0.0241473
227.8 1.88496 -0.0175707
228 1.88496 -0.0515863
228.2 1.88496 -0.0319415
228.4 1.88496 0.0336379
228.6 1.88496 0.0788682
228.8 1.88496 0.0453645
229 1.88496 -0.0470721
229.2 1.88496 -0.110421
229.4 1.88496 -0.0772446
229.6 1.88496 0.0262899
229.8 1.88496 0.10598
230 1.88496 0.0972198
230.2 1.88496 0.0267869
230.4 1.88496 -0.0259706
230.6 1.88496 -0.0180751
230.8 1.88496 0.0203081
231 1.88496 0.0348757
231.2 1.88496 0.0141856
231.4 1.88496 -0.0058072
231.6 1.88496 0.00352178
231.8 1.88496 0.0244586
232 1.88496 0.0186946
232.2 1.88496 -0.0180839
232.4 1.88496 -0.0442752
232.6 1.88496 -0.0198334
232.8 1.88496 0.0438818
233 1.88496 0.0916209
233.2 1.88496 0.0809209
233.4 1.88496 0.0247797
233.6 1.88496 -0.0236671
233.8 1.88496 -0.0238829
234 1.88496 0.0173548
234.2 1.88496 0.0586172
234.4 1.88496 0.0639366
234.6 1.88496 0.0312059
234.8 1.88496 -0.0106201
235 1.88496 -0.026445
235.2 1.88496 -0.00104287
235.4 1.88496 0.0502537
235.6 1.88496 0.0924325
235.8 1.88496 0.096882
236 1.88496 0.0638811
236.2 1.88496 0.02145
236.4 1.88496 -0.00056637
236.6 1.88496 0.00260259
236.8 1.88496 0.00993755
237 1.88496 0.000456066
237.2 1.88496 -0.0236748
237.4 1.88496 -0.0434296
237.6 1.88496 -0.0509952
237.8 1.88496 -0.0647621
238 1.88496 -0.109415
238.2 1.88496 -0.180033
238.4 1.88496 -0.231687
238.6 1.88496 -0.212934
238.8 1.88496 -0.115221
239 1.88496 0.0106146
239.2 1.88496 0.091122
239.4 1.88496 0.0895042
239.6 1.88496 0.0330886
239.8 1.88496 -0.0166676
240 1.88496 -0.022656
240.2 1.88496 -0.00202138
240.4 1.88496 0.00105581
240.6 1.88496 -0.0303061
240.8 1.88496 -0.0637143
241 1.88496 -0.0538797
241.2 1.88496 0.00146251
241.4 1.88496 0.0505317
241.6 1.88496 0.0394224
241.8 1.88496 -0.0268292
242 1.88496 -0.083704
242.2 1.88496 -0.072919
242.4 1.88496 -0.00477835
242.6 1.88496 0.0521605
242.8 1.88496 0.0436592
243 1.88496 -0.0153883
243.2 1.88496 -0.0628515
243.4 1.88496 -0.0590621
243.6 1.88496 -0.024001
243.8 1.88496 -0.00478316
244 1.88496 -0.0190858
244.2 1.88496 -0.0428036
244.4 1.88496 -0.0495662
244.6 1.88496 -0.0457329
244.8 1.88496 -0.0561654
245 1.88496 -0.083833
245.2 1.88496 -0.100267
245.4 1.88496 -0.0811675
245.6 1.88496 -0.040154
245.8 1.88496 -0.0148894
246 1.88496 -0.0218213
246.2 1.88496 -0.0372087
246.4 1.88496 -0.0284812
246.6 1.88496 0.00459553
246.8 1.88496 0.0313554
247 1.88496 0.0311238
247.2 1.88496 0.0197527
247.4 1.88496 0.0275177
247.6 1.88496 0.0572468
247.8 1.88496 0.076858
248 1.88496 0.0567289
248.2 1.88496 0.00636795
248.4 1.88496 -0.0330723
248.6 1.88496 -0.029946
248.8 1.88496 0.0104691
249 1.88496 0.0576253
249.2 1.88496 0.0850002
249.4 1.88496 0.0834359
249.6 1.88496 0.0544243
249.8 1.88496 0.00417188
250 1.88496 -0.052053
250.2 1.88496 -0.0897085
250.4 1.88496 -0.0907557
250.6 1.88496 -0.0610863
250.8 1.88496 -0.0259221
251 1.88496 -0.00462691
251.2 1.88496 0.00625233
251.4 1.88496 0.0220113
251.6 1.88496 0.0464068
251.8 1.88496 0.066351
252 1.88496 0.0701086
252.2 1.88496 0.0632128
252.4 1.88496 0.0607562
252.6 1.88496 0.0673364
252.8 1.88496 0.0717674
253 1.88496 0.062264
253.2 1.88496 0.0401736
253.4 1.88496 0.0149064
253.6 1.88496 -0.00903571
253.8 1.88496 -0.0318278
254 1.88496 -0.0465651
254.2 1.88496 -0.0388118
254.4 1.88496 -0.00579756
254.6 1.88496 0.0289591
254.8 1.88496 0.0319192
255 1.88496 -0.0051267
255.2 1.88496 -0.0526014
255.4 1.88496 -0.07286
255.6 1.88496 -0.0596277
255.8 1.88496 -0.0399875
256 1.88496 -0.0368932
256.2 1.88496 -0.0400674
256.4 1.88496 -0.0228375
256.6 1.88496 0.0168691
256.8 1.88496 0.0458101
257 1.88496 0.0320726
257.2 1.88496 -0.0150239
257.4 1.88496 -0.0518055
257.6 1.88496 -0.0465373
257.8 1.88496 -0.00917103
258 1.88496 0.0288144
258.2 1.88496 0.0543096
258.4 1.88496 0.0795284
258.6 1.88496 0.110104
258.8 1.88496 0.122568
259 1.88496 0.0885559
259.2 1.88496 0.0191219
259.4 1.88496 -0.0310529
259.6 1.88496 -0.0160248
259.8 1.88496 0.0474035
260 1.88496 0.0887761
260.2 1.88496 0.0531002
260.4 1.88496 -0.0416716
260.6 1.88496 -0.120655
260.8 1.88496 -0.124546
261 1.88496 -0.0635482
261.2 1.88496 -0.000433845
261.4 1.88496 0.0138424
261.6 1.88496 -0.0159523
261.8 1.88496 -0.0453228
262 1.88496 -0.0412435
262.2 1.88496 -0.0131697
262.4 1.88496 0.00326319
262.6 1.88496 -0.0133873
262.8 1.88496 -0.0494973
263 1.88496 -0.0731614
263.2 1.88496 -0.066977
263.4 1.88496 -0.0418086
263.6 1.88496 -0.0197309
263.8 1.88496 -0.00824738
264 1.88496 0.00414189
264.2 1.88496 0.0265421
264.4 1.88496 0.0455656
264.6 1.88496 0.0344376
264.8 1.88496 -0.0146009
265 1.88496 -0.0718471
265.2 1.88496 -0.0926528
265.4 1.88496 -0.0624985
265.6 1.88496 -0.0155294
265.8 1.88496 -0.00190438
266 1.88496 -0.0356192
266.2 1.88496 -0.0796296
266.4 1.88496 -0.0859493
266.6 1.88496 -0.0469997
266.8 1.88496 -0.00131172
267 1.88496 0.0112245
267.2 1.88496 -0.0080696
267.4 1.88496 -0.0241621
267.6 1.88496 -0.0136243
267.8 1.88496 0.00850211
268 1.88496 0.0116531
268.2 1.88496 -0.00802341
268.4 1.88496 -0.0198535
268.6 1.88496 0.00411018
268.8 1.88496 0.0523186
269 1.88496 0.0831997
269.2 1.88496 0.0709693
269.4 1.88496 0.0342411
269.6 1.88496 0.0139415
269.8 1.88496 0.0268244
270 1.88496 0.048302
270.2 1.88496 0.0431906
270.4 1.88496 0.00783266
270.6 1.88496 -0.0241547
270.8 1.88496 -0.0173427
271 1.88496 0.0288901
271.2 1.88496 0.0806181
271.4 1.88496 0.102298
271.6 1.88496 0.0858849
271.8 1.88496 0.0497262
272 1.88496 0.0157635
272.2 1.88496 -0.00770112
272.4 1.88496 -0.0238139
272.6 1.88496 -0.0354245
272.8 1.88496 -0.0402336
273 1.88496 -0.0359588
273.2 1.88496 -0.0255736
273.4 1.88496 -0.0151657
273.6 1.88496 -0.00811221
273.8 1.88496 -0.00339391
274 1.88496 0.00122391
274.2 1.88496 0.00706649
274.4 1.88496 0.0162275
274.6 1.88496 0.0319361
274.8 1.88496 0.0528741
275 1.88496 0.0670358
275.2 1.88496 0.0566779
275.4 1.88496 0.0158432
275.6 1.88496 -0.0362572
275.8 1.88496 -0.0651478
276 1.88496 -0.0515165
276.2 1.88496 -0.0130767
276.4 1.88496 0.00872141
276.6 1.88496 -0.0109157
276.8 1.88496 -0.0530963
277 1.88496 -0.0725876
277.2 1.88496 -0.0442713
277.4 1.88496 0.0101253
277.6 1.88496 0.0448576
277.8 1.88496 0.0377491
278 1.88496 0.0098295
278.2 1.88496 -0.00406367
278.4 1.88496 0.00211633
278.6 1.88496 0.000902484
278.8 1.88496 -0.0299844
279 1.88496 -0.0728875
279.2 1.88496 -0.0834228
279.4 1.88496 -0.0390044
279.6 1.88496 0.0331444
279.8 1.88496 0.0814
280 1.88496 0.0802264
280.2 1.88496 0.0494884
280.4 1.88496 0.0246393
280.6 1.88496 0.0159892
280.8 1.88496 0.00383454
281 1.88496 -0.0301745
281.2 1.88496 -0.0770094
281.4 1.88496 -0.110187
281.6 1.88496 -0.116104
281.8 1.88496 -0.106576
282 1.88496 -0.100939
282.2 1.88496 -0.102528
282.4 1.88496 -0.0975034
282.6 1.88496 -0.0736253
282.8 1.88496 -0.0341788
283 1.88496 0.00658411
283.2 1.88496 0.0355408
283.4 1.88496 0.0453448
283.6 1.88496 0.0329744
283.8 1.88496 0.00248969
284 1.88496 -0.0300497
284.2 1.88496 -0.0433274
284.4 1.88496 -0.0308025
284.6 1.88496 -0.0121002
284.8 1.88496 -0.0154107
285 1.88496 -0.0438145
285.2 1.88496 -0.0646345
285.4 1.88496 -0.0411463
285.6 1.88496 0.0235583
285.8 1.88496 0.0812134
286 1.88496 0.0837572
286.2 1.88496 0.033644
286.4 1.88496 -0.0159579
286.6 1.88496 -0.0137594
286.8 1.88496 0.0390995
287 1.88496 0.0924209
287.2 1.88496 0.0979464
287.4 1.88496 0.0536056
287.6 1.88496 -0.00103435
287.8 1.88496 -0.025926
288 1.88496 -0.0130732
288.2 1.88496 0.0167028
288.4 1.88496 0.0386179
288.6 1.88496 0.0407123
288.8 1.88496 0.0224324
289 1.88496 -0.0115851
289.2 1.88496 -0.0506944
289.4 1.88496 -0.0765547
289.6 1.88496 -0.0723287
289.8 1.88496 -0.0389553
290 1.88496 4.03463e-05
290.2 1.88496 0.0153866
290.4 1.88496 -0.00328873
290.6 1.88496 -0.0399426
290.8 1.88496 -0.0693737
291 1.88496 -0.0805549
291.2 1.88496 -0.0815064
291.4 1.88496 -0.0830362
291.6 1.88496 -0.0823424
291.8 1.88496 -0.0662325
292 1.88496 -0.029383
292.2 1.88496 0.0151589
292.4 1.88496 0.0468064
292.6 1.88496 0.0574939
292.8 1.88496 0.0576922
293 1.88496 0.0621635
293.2 1.88496 0.0734395
293.4 1.88496 0.0828578
293.6 1.88496 0.0857022
293.8 1.88496 0.0882764
294 1.88496 0.0957117
294.2 1.88496 0.0970534
294.4 1.88496 0.071961
294.6 1.88496 0.0168987
294.8 1.88496 -0.0405993
295 1.88496 -0.0632795
295.2 1.88496 -0.0426569
295.4 1.88496 -0.0104763
295.6 1.88496 -0.00511162
295.8 1.88496 -0.0282261
296 1.88496 -0.0425273
296.2 1.88496 -0.0160955
296.4 1.88496 0.0372273
296.6 1.88496 0.0703079
296.8 1.88496 0.0553807
297 1.88496 0.0156177
297.2 1.88496 -0.00215334
297.4 1.88496 0.0184915
297.6 1.88496 0.0467602
297.8 1.88496 0.0437846
298 1.88496 0.00919445
298.2 1.88496 -0.0208983
298.4 1.88496 -0.019825
298.6 1.88496 -0.00234917
298.8 1.88496 -0.00415336
299 1.88496 -0.0360766
299.2 1.88496 -0.0701252
299.4 1.88496 -0.0730034
299.6 1.88496 -0.0445712
299.8 1.88496 -0.0156933
300 1.88496 -0.0119905
300.2 1.88496 -0.0289942
300.4 1.88496 -0.0438039
300.6 1.88496 -0.0413496
300.8 1.88496 -0.0217521
301 1.88496 0.0111956
301.2 1.88496 0.0540478
301.4 1.88496 0.091992
301.6 1.88496 0.0961308
301.8 1.88496 0.0487596
302 1.88496 -0.0268939
302.2 1.88496 -0.075607
302.4 1.88496 -0.060899
302.6 1.88496 -0.0048654
302.8 1.88496 0.0322436
303 1.88496 0.0151816
303.2 1.88496 -0.0304233
303.4 1.88496 -0.0500034
303.6 1.88496 -0.0217658
303.8 1.88496 0.0232885
304 1.88496 0.0420881
304.2 1.88496 0.0276695
304.4 1.88496 0.00801266
304.6 1.88496 0.00404259
304.8 1.88496 0.00481822
305 1.88496 -0.0101942
305.2 1.88496 -0.0364403
305.4 1.88496 -0.0470838
305.6 1.88496 -0.0301739
305.8 1.88496 -0.00804028
306 1.88496 -0.00878188
306.2 1.88496 -0.0249918
306.4 1.88496 -0.0165626
306.6 1.88496 0.0393035
306.8 1.88496 0.110638
307 1.88496 0.135989
307.2 1.88496 0.0886878
307.4 1.88496 0.00838205
307.6 1.88496 -0.0364355
307.8 1.88496 -0.0136606
308 1.88496 0.0474957
308.2 1.88496 0.0910527
308.4 1.88496 0.0847766
308.6 1.88496 0.0375938
308.8 1.88496 -0.0192712
309 1.88496 -0.056447
309.2 1.88496 -0.0564696
309.4 1.88496 -0.0178175
309.6 1.88496 0.0395032
309.8 1.88496 0.0789756
310 1.88496 0.0742911
310.2 1.88496 0.0375751
310.4 1.88496 0.0128271
310.6 1.88496 0.0309681
310.8 1.88496 0.0731126
311 1.88496 0.0887221
311.2 1.88496 0.0539334
311.4 1.88496 0.00271146
311.6 1.88496 -0.0107968
311.8 1.88496 0.0218233
312 1.88496 0.0489138
312.2 1.88496 0.0189186
312.4 1.88496 -0.0529531
312.6 1.88496 -0.0939906
312.8 1.88496 -0.0548268
313 1.88496 0.0297742
313.2 1.88496 0.0741106
313.4 1.88496 0.0349976
313.6 1.88496 -0.0406183
313.8 1.88496 -0.0691445
314 1.88496 -0.0240886
314.2 1.88496 0.0371753
314.4 1.88496 0.0421843
314.6 1.88496 -0.0141431
314.8 1.88496 -0.0683718
315 1.88496 -0.0659571
315.2 1.88496 -0.0231666
315.4 1.88496 -0.00212229
315.6 1.88496 -0.0330033
315.8 1.88496 -0.0786691
316 1.88496 -0.0820639
316.2 1.88496 -0.0360009
316.4 1.88496 0.00920295
316.6 1.88496 0.0066192
316.8 1.88496 -0.0343132
317 1.88496 -0.0651509
317.2 1.88496 -0.0596899
317.4 1.88496 -0.0408785
317.6 1.88496 -0.0429869
317.8 1.88496 -0.0627397
318 1.88496 -0.0650631
318.2 1.88496 -0.0351588
318.4 1.88496 -0.00540012
318.6 1.88496 -0.0165171
318.8 1.88496 -0.0600851
319 1.88496 -0.0794079
319.2 1.88496 -0.035515
319.4 1.88496 0.0399921
319.6 1.88496 0.0740439
319.8 1.88496 0.0334509
320 1.88496 -0.0372821
320.2 1.88496 -0.0678388
320.4 1.88496 -0.0419589
320.6 1.88496 -0.00978003
320.8 1.88496 -0.0202529
321 1.88496 -0.0585216
321.2 1.88496 -0.0653272
321.4 1.88496 -0.0130499
321.6 1.88496 0.056491
321.8 1.88496 0.0785125
322 1.88496 0.038479
322.2 1.88496 -0.0157386
322.4 1.88496 -0.0325283
322.6 1.88496 -0.0111929
322.8 1.88496 0.00990496
323 1.88496 0.00687234
323.2 1.88496 -0.00656785
323.4 1.88496 -0.00938184
323.6 1.88496 -0.00640755
323.8 1.88496 -0.0151605
324 1.88496 -0.0282465
324.2 1.88496 -0.0127703
324.4 1.88496 0.0424174
324.6 1.88496 0.0946099
324.8 1.88496 0.0846316
325 1.88496 0.00915307
325.2 1.88496 -0.0624853
325.4 1.88496 -0.0585972
325.6 1.88496 0.0136024
325.8 1.88496 0.0731415
326 1.88496 0.0550605
326.2 1.88496 -0.0185541
326.4 1.88496 -0.0675812
326.6 1.88496 -0.0451432
326.8 1.88496 0.0177372
327 1.88496 0.0598605
327.2 1.88496 0.0618687
327.4 1.88496 0.0526929
327.6 1.88496 0.0526459
327.8 1.88496 0.0385795
328 1.88496 -0.0180592
328.2 1.88496 -0.0934475
328.4 1.88496 -0.120603
328.6 1.88496 -0.0663749
328.8 1.88496 0.0186338
329 1.88496 0.0488381
329.2 1.88496 0.00180421
329.4 1.88496 -0.0515517
329.6 1.88496 -0.0272973
329.8 1.88496 0.0710544
330 1.88496 0.150406
330.2 1.88496 0.12939
330.4 1.88496 0.0277295
330.6 1.88496 -0.0575805
330.8 1.88496 -0.0585857
331 1.88496 -0.00355279
331.2 1.88496 0.025711
331.4 1.88496 -0.0103942
331.6 1.88496 -0.0704943
331.8 1.88496 -0.0861942
332 1.88496 -0.039087
332.2 1.88496 0.0250583
332.4 1.88496 0.0509765
332.6 1.88496 0.0296485
332.8 1.88496 -0.00180631
333 1.88496 -0.00436086
333.2 1.88496 0.0272928
333.4 1.88496 0.0676893
333.6 1.88496 0.0871592
333.8 1.88496 0.0725898
334 1.88496 0.0319067
334.2 1.88496 -0.0116906
334.4 1.88496 -0.0315547
334.6 1.88496 -0.0146885
334.8 1.88496 0.0256842
335 1.88496 0.0578127
335.2 1.88496 0.0588318
335.4 1.88496 0.0363339
335.6 1.88496 0.0188528
335.8 1.88496 0.0236157
336 1.88496 0.038072
336.2 1.88496 0.0372917
336.4 1.88496 0.0159775
336.6 1.88496 -0.00518577
336.8 1.88496 -0.00762804
337 1.88496 -0.00182311
337.2 1.88496 -0.0162941
337.4 1.88496 -0.0587953
337.6 1.88496 -0.0978069
337.8 1.88496 -0.0922007
338 1.88496 -0.0393888
338.2 1.88496 0.0146176
338.4 1.88496 0.0202609
338.6 1.88496 -0.0216799
338.8 1.88496 -0.0578615
339 1.88496 -0.0382674
339.2 1.88496 0.0277293
339.4 1.88496 0.0763214
339.6 1.88496 0.0534354
339.8 1.88496 -0.027399
340 1.88496 -0.0946135
340.2 1.88496 -0.0881521
340.4 1.88496 -0.0193244
340.6 1.88496 0.0406515
340.8 1.88496 0.0322965
341 1.88496 -0.033176
341.2 1.88496 -0.0882401
341.4 1.88496 -0.0810822
341.6 1.88496 -0.0284791
341.8 1.88496 0.00726626
342 1.88496 -0.00827756
342.2 1.88496 -0.0405286
342.4 1.88496 -0.0257519
342.6 1.88496 0.050337
342.8 1.88496 0.125362
343 1.88496 0.121067
343.2 1.88496 0.0288513
343.4 1.88496 -0.0755143
343.6 1.88496 -0.108105
343.8 1.88496 -0.0615508
344 1.88496 -0.00572159
344.2 1.88496 -0.00656613
344.4 1.88496 -0.0571847
344.6 1.88496 -0.096975
344.8 1.88496 -0.0885384
345 1.88496 -0.0565672
345.2 1.88496 -0.0451074
345.4 1.88496 -0.0536336
345.6 1.88496 -0.0375368
345.8 1.88496 0.0266865
346 1.88496 0.0983951
346.2 1.88496 0.113986
346.4 1.88496 0.065774
346.6 1.88496 0.0168852
346.8 1.88496 0.0260343
347 1.88496 0.071673
347.2 1.88496 0.0739341
347.4 1.88496 -0.00511731
347.6 1.88496 -0.10478
347.8 1.88496 -0.128838
348 1.88496 -0.0597926
348.2 1.88496 0.0139471
348.4 1.88496 -0.00249334
348.6 1.88496 -0.0973454
348.8 1.88496 -0.160456
349 1.88496 -0.107762
349.2 1.88496 0.0212364
349.4 1.88496 0.106229
349.6 1.88496 0.0797052
349.8 1.88496 -0.00234162
350 1.88496 -0.0299476
350.2 1.88496 0.0358425
350.4 1.88496 0.125081
350.6 1.88496 0.143646
350.8 1.88496 0.0762563
351 1.88496 -0.00616729
351.2 1.88496 -0.0307336
351.4 1.88496 0.00493199
351.6 1.88496 0.046789
351.8 1.88496 0.0527601
352 1.88496 0.0310669
352.2 1.88496 0.0154864
352.4 1.88496 0.0215428
352.6 1.88496 0.0365626
352.8 1.88496 0.042681
353 1.88496 0.0346556
353.2 1.88496 0.0150378
353.4 1.88496 -0.0139629
353.6 1.88496 -0.0449114
353.8 1.88496 -0.0597075
354 1.88496 -0.0442646
354.2 1.88496 -0.010711
354.4 1.88496 0.00692168
354.6 1.88496 -0.0111714
354.8 1.88496 -0.0436933
355 1.88496 -0.0489818
355.2 1.88496 -0.0142672
355.4 1.88496 0.0263533
355.6 1.88496 0.0312884
355.8 1.88496 0.00215898
356 1.88496 -0.0179787
356.2 1.88496 0.00102128
356.4 1.88496 0.0374669
356.6 1.88496 0.0460898
356.8 1.88496 0.0197789
357 1.88496 0.00377566
357.2 1.88496 0.0365392
357.4 1.88496 0.0866167
357.6 1.88496 0.0710172
357.8 1.88496 -0.0513352
358 1.88496 -0.212899
358.2 1.88496 -0.282492
358.4 1.88496 -0.188725
358.6 1.88496 0.00280387
358.8 1.88496 0.141853
359 1.88496 0.128359
359.2 1.88496 -0.00127772
359.4 1.88496 -0.116066
359.6 1.88496 -0.113727
359.8 1.88496 -0.00489162
360 1.88496 0.113014
360.2 1.88496 0.152849
360.4 1.88496 0.107063
360.6 1.88496 0.0322074
360.8 1.88496 -0.0183963
361 1.88496 -0.0383802
361.2 1.88496 -0.0516616
361.4 1.88496 -0.0688202
361.6 1.88496 -0.0731605
361.8 1.88496 -0.0499828
362 1.88496 -0.0170074
362.2 1.88496 -0.0119924
362.4 1.88496 -0.0474535
362.6 1.88496 -0.0875527
362.8 1.88496 -0.0810157
363 1.88496 -0.0179228
363.2 1.88496 0.0549777
363.4 1.88496 0.0817776
363.6 1.88496 0.0559257
363.8 1.88496 0.0228325
364 1.88496 0.0242376
364.2 1.88496 0.0507075
364.4 1.88496 0.0580735
364.6 1.88496 0.025568
364.8 1.88496 -0.0170114
365 1.88496 -0.0258416
365.2 1.88496 0.00396161
365.4 1.88496 0.0353068
365.6 1.88496 0.0374916
365.8 1.88496 0.0217905
366 1.88496 0.0190178
366.2 1.88496 0.0313324
366.4 1.88496 0.0248313
366.6 1.88496 -0.0251382
366.8 1.88496 -0.0954415
367 1.88496 -0.135674
367.2 1.88496 -0.122476
367.4 1.88496 -0.078507
367.6 1.88496 -0.0350556
367.8 1.88496 0.00599663
368 1.88496 0.0566242
368.2 1.88496 0.0981476
368.4 1.88496 0.0809962
368.6 1.88496 -0.0143472
368.8 1.88496 -0.129665
369 1.88496 -0.16936
369.2 1.88496 -0.0978259
369.4 1.88496 0.0173179
369.6 1.88496 0.0736969
369.8 1.88496 0.039407
370 1.88496 -0.0250801
370.2 1.88496 -0.0481949
370.4 1.88496 -0.0277736
370.6 1.88496 -0.0146988
370.8 1.88496 -0.0311479
371 1.88496 -0.0368754
371.2 1.88496 0.0109906
371.4 1.88496 0.0864445
371.6 1.88496 0.112005
371.8 1.88496 0.0494015
372 1.88496 -0.0506083
372.2 1.88496 -0.104657
372.4 1.88496 -0.0898313
372.6 1.88496 -0.0575021
372.8 1.88496 -0.0554527
373 1.88496 -0.0635642
373.2 1.88496 -0.0275597
373.4 1.88496 0.0561296
373.6 1.88496 0.120539
373.8 1.88496 0.104708
374 1.88496 0.0304499
374.2 1.88496 -0.0206322
374.4 1.88496 -0.0029446
374.6 1.88496 0.0445105
374.8 1.88496 0.0555934
375 1.88496 0.0238361
375.2 1.88496 0.00672296
375.4 1.88496 0.0446121
375.6 1.88496 0.101931
375.8 1.88496 0.107977
376 1.88496 0.0452415
376.2 1.88496 -0.027817
376.4 1.88496 -0.0480528
376.6 1.88496 -0.0223068
376.8 1.88496 -0.0126804
377 1.88496 -0.0537582
377.2 1.88496 -0.106242
377.4 1.88496 -0.102313
377.6 1.88496 -0.0245157
377.8 1.88496 0.0752845
378 1.88496 0.131981
378.2 1.88496 0.126841
378.4 1.88496 0.0886107
378.6 1.88496 0.0516675
378.8 1.88496 0.0291722
379 1.88496 0.0217034
379.2 1.88496 0.0307099
379.4 1.88496 0.0512594
379.6 1.88496 0.0624182
379.8 1.88496 0.0433476
380 1.88496 0.00243805
380.2 1.88496 -0.0228105
380.4 1.88496 -0.00583674
380.6 1.88496 0.0337414
380.8 1.88496 0.0463993
381 1.88496 0.00671075
381.2 1.88496 -0.0568798
381.4 1.88496 -0.0914101
381.6 1.88496 -0.0735307
381.8 1.88496 -0.0276482
382 1.88496 0.00656331
382.2 1.88496 0.0144313
382.4 1.88496 0.0109262
382.6 1.88496 0.0141609
382.8 1.88496 0.0247045
383 1.88496 0.0302831
383.2 1.88496 0.0215654
383.4 1.88496 -0.000791704
383.6 1.88496 -0.0281178
383.8 1.88496 -0.045693
384 1.88496 -0.03696
384.2 1.88496 0.00322835
384.4 1.88496 0.0558776
384.6 1.88496 0.0869223
384.8 1.88496 0.0779909
385 1.88496 0.046287
385.2 1.88496 0.0250912
385.4 1.88496 0.0232351
385.6 1.88496 0.0136883
385.8 1.88496 -0.0298095
386 1.88496 -0.0909366
386.2 1.88496 -0.119119
386.4 1.88496 -0.0841642
386.6 1.88496 -0.0130049
386.8 1.88496 0.0375786
387 1.88496 0.0413148
387.2 1.88496 0.0241595
387.4 1.88496 0.024538
387.6 1.88496 0.0451598
387.8 1.88496 0.056513
388 1.88496 0.0424103
388.2 1.88496 0.0236097
388.4 1.88496 0.0273244
388.6 1.88496 0.0452
388.8 1.88496 0.0400899
389 1.88496 -0.00253111
389.2 1.88496 -0.0453322
389.4 1.88496 -0.0357839
389.6 1.88496 0.0303814
389.8 1.88496 0.0958261
390 1.88496 0.0986943
390.2 1.88496 0.0370994
390.4 1.88496 -0.0306516
390.6 1.88496 -0.0480109
390.8 1.88496 -0.0139632
391 1.88496 0.025991
391.2 1.88496 0.0331688
391.4 1.88496 0.0110768
391.6 1.88496 -0.0102387
391.8 1.88496 -0.0143482
392 1.88496 -0.0156263
392.2 1.88496 -0.0378685
392.4 1.88496 -0.0810672
392.6 1.88496 -0.112377
392.8 1.88496 -0.0916868
393 1.88496 -0.010511
393.2 1.88496 0.0900508
393.4 1.88496 0.142409
393.6 1.88496 0.103963
393.8 1.88496 -0.00437601
394 1.88496 -0.110012
394.2 1.88496 -0.14596
394.4 1.88496 -0.103659
394.6 1.88496 -0.0317201
394.8 1.88496 0.0148687
395 1.88496 0.020419
395.2 1.88496 0.00477828
395.4 1.88496 -0.0137693
395.6 1.88496 -0.0369049
395.8 1.88496 -0.0657839
396 1.88496 -0.078645
396.2 1.88496 -0.0477141
396.4 1.88496 0.0198844
396.6 1.88496 0.0743626
396.8 1.88496 0.070156
397 1.88496 0.0171817
397.2 1.88496 -0.0277913
397.4 1.88496 -0.023755
397.6 1.88496 0.0120088
397.8 1.88496 0.0324355
398 1.88496 0.0225124
398.2 1.88496 0.0150665
398.4 1.88496 0.0416414
398.6 1.88496 0.0847341
398.8 1.88496 0.0962504
399 1.88496 0.0596401
399.2 1.88496 0.0137107
399.4 1.88496 0.00458413
399.6 1.88496 0.0268035
399.8 1.88496 0.0313794
400 1.88496 -0.00722946
400.2 1.88496 -0.0513964
400.4 1.88496 -0.0422298
400.6 1.88496 0.0259563
400.8 1.88496 0.0909902
401 1.88496 0.0881739
401.2 1.88496 0.0187093
401.4 1.88496 -0.0564629
401.6 1.88496 -0.0838249
401.8 1.88496 -0.0637873
402 1.88496 -0.031049
402.2 1.88496 -0.00701693
402.4 1.88496 0.0136406
402.6 1.88496 0.037229
402.8 1.88496 0.0534829
403 1.88496 0.0525404
403.2 1.88496 0.0455404
403.4 1.88496 0.0508565
403.6 1.88496 0.0614909
403.8 1.88496 0.0447163
404 1.88496 -0.0143539
404.2 1.88496 -0.0788205
404.4 1.88496 -0.0883158
404.6 1.88496 -0.0263399
404.8 1.88496 0.0527659
405 1.88496 0.0759421
405.2 1.88496 0.0276219
405.4 1.88496 -0.0364548
405.6 1.88496 -0.0532744
405.8 1.88496 -0.0194367
406 1.88496 0.0143486
406.2 1.88496 0.00948237
406.4 1.88496 -0.0146566
406.6 1.88496 -0.00794385
406.8 1.88496 0.0455169
407 1.88496 0.102319
407.2 1.88496 0.103744
407.4 1.88496 0.0395095
407.6 1.88496 -0.0383515
407.8 1.88496 -0.0650941
408 1.88496 -0.0242903
408.2 1.88496 0.0401699
408.4 1.88496 0.0690697
408.6 1.88496 0.042591
408.8 1.88496 -0.00806175
409 1.88496 -0.0392498
409.2 1.88496 -0.0409114
409.4 1.88496 -0.0417819
409.6 1.88496 -0.0696989
409.8 1.88496 -0.112669
410 1.88496 -0.127448
410.2 1.88496 -0.0892229
410.4 1.88496 -0.0255461
410.6 1.88496 0.00974814
410.8 1.88496 -0.00256719
411 1.88496 -0.0225102
411.2 1.88496 0.00335236
411.4 1.88496 0.0757204
411.6 1.88496 0.135626
411.8 1.88496 0.128747
412 1.88496 0.066134
412.2 1.88496 0.00805998
412.4 1.88496 -0.00839242
412.6 1.88496 -0.00703085
412.8 1.88496 -0.0291065
413 1.88496 -0.0682638
413.2 1.88496 -0.0736519
413.4 1.88496 -0.0218979
413.6 1.88496 0.0376147
413.8 1.88496 0.032795
414 1.88496 -0.0401396
414.2 1.88496 -0.101524
414.4 1.88496 -0.0783833
414.6 1.88496 0.0049549
414.8 1.88496 0.0499441
415 1.88496 -0.000750152
415.2 1.88496 -0.0926947
415.4 1.88496 -0.120267
415.6 1.88496 -0.0471936
415.8 1.88496 0.0551967
416 1.88496 0.092202
416.2 1.88496 0.0468471
416.4 1.88496 -0.0180198
416.6 1.88496 -0.0443672
416.8 1.88496 -0.0369862
417 1.88496 -0.0312085
417.2 1.88496 -0.0296447
417.4 1.88496 -0.00063145
417.6 1.88496 0.0624842
417.8 1.88496 0.110051
418 1.88496 0.08507
418.2 1.88496 -0.0059311
418.4 1.88496 -0.0924973
418.6 1.88496 -0.114947
418.8 1.88496 -0.0835672
419 1.88496 -0.0538942
419.2 1.88496 -0.0558784
419.4 1.88496 -0.0666642
419.6 1.88496 -0.0523435
419.8 1.88496 -0.0148499
420 1.88496 0.016655
420.2 1.88496 0.0286715
420.4 1.88496 0.0356123
420.6 1.88496 0.0471709
420.8 1.88496 0.0449797
421 1.88496 0.00939916
421.2 1.88496 -0.0389426
421.4 1.88496 -0.0476114
421.6 1.88496 0.00833558
421.8 1.88496 0.0883474
422 1.88496 0.122331
422.2 1.88496 0.0822195
422.4 1.88496 0.00667509
422.6 1.88496 -0.0451855
422.8 1.88496 -0.0504895
423 1.88496 -0.0274902
423.2 1.88496 0.000477339
423.4 1.88496 0.0251812
423.6 1.88496 0.0392508
423.8 1.88496 0.0260013
424 1.88496 -0.0184973
424.2 1.88496 -0.0631365
424.4 1.88496 -0.0652211
424.6 1.88496 -0.0224316
424.8 1.88496 0.0163654
425 1.88496 0.00767712
425.2 1.88496 -0.0289024
425.4 1.88496 -0.0313597
425.6 1.88496 0.0234332
425.8 1.88496 0.0817794
426 1.88496 0.0755023
426.2 1.88496 0.0109073
426.4 1.88496 -0.0328234
426.6 1.88496 -0.0025043
426.8 1.88496 0.0563191
427 1.88496 0.0518108
427.2 1.88496 -0.0352275
427.4 1.88496 -0.116579
427.6 1.88496 -0.0978992
427.8 1.88496 0.00484762
428 1.88496 0.0800394
428.2 1.88496 0.0522403
428.4 1.88496 -0.0300135
428.6 1.88496 -0.0592509
428.8 1.88496 -0.00476552
429 1.88496 0.0510124
429.2 1.88496 0.020326
429.4 1.88496 -0.074467
429.6 1.88496 -0.12396
429.8 1.88496 -0.0650738
430 1.88496 0.0406635
430.2 1.88496 0.0801717
430.4 1.88496 0.0223831
430.6 1.88496 -0.0502324
430.8 1.88496 -0.0457684
431 1.88496 0.0277785
431.2 1.88496 0.0779585
431.4 1.88496 0.041989
431.6 1.88496 -0.0412452
431.8 1.88496 -0.0813686
432 1.88496 -0.0397733
432.2 1.88496 0.0367205
432.4 1.88496 0.0788619
432.6 1.88496 0.067877
432.8 1.88496 0.0353257
433 1.88496 0.00800833
433.2 1.88496 -0.021794
433.4 1.88496 -0.0672002
433.6 1.88496 -0.108129
433.8 1.88496 -0.102419
434 1.88496 -0.0366564
434.2 1.88496 0.0477809
434.4 1.88496 0.0890764
434.6 1.88496 0.0633309
434.8 1.88496 0.00391151
435 1.88496 -0.0350592
435.2 1.88496 -0.0286339
435.4 1.88496 0.0048224
435.6 1.88496 0.0310674
435.8 1.88496 0.034409
436 1.88496 0.0267434
436.2 1.88496 0.0294873
436.4 1.88496 0.0503378
436.6 1.88496 0.0755124
436.8 1.88496 0.0813771
437 1.88496 0.0541725
437.2 1.88496 0.00175487
437.4 1.88496 -0.0514337
437.6 1.88496 -0.0811462
437.8 1.88496 -0.0773187
438 1.88496 -0.0456194
438.2 1.88496 -0.000277317
438.4 1.88496 0.0416006
438.6 1.88496 0.0622834
438.8 1.88496 0.0494895
439 1.88496 0.0079565
439.2 1.88496 -0.0364968
439.4 1.88496 -0.0529595
439.6 1.88496 -0.0319358
439.8 1.88496 0.00491493
440 1.88496 0.0251907
440.2 1.88496 0.015836
440.4 1.88496 -0.00970541
440.6 1.88496 -0.0327295
440.8 1.88496 -0.0500427
441 1.88496 -0.068792
441.2 1.88496 -0.0861421
441.4 1.88496 -0.0855259
441.6 1.88496 -0.0573606
441.8 1.88496 -0.0160085
442 1.88496 0.0128572
442.2 1.88496 0.0201624
442.4 1.88496 0.0196727
442.6 1.88496 0.0238167
442.8 1.88496 0.0233739
443 1.88496 0.00182951
443.2 1.88496 -0.0338525
443.4 1.88496 -0.0521727
443.6 1.88496 -0.0349385
443.8 1.88496 -0.00620683
444 1.88496 -0.00750291
444.2 1.88496 -0.0425969
444.4 1.88496 -0.0624913
444.6 1.88496 -0.0193556
444.8 1.88496 0.069221
445 1.88496 0.12624
445.2 1.88496 0.0933446
445.4 1.88496 -0.00465429
445.6 1.88496 -0.0830633
445.8 1.88496 -0.0818157
446 1.88496 -0.0171343
446.2 1.88496 0.0502098
446.4 1.88496 0.082366
446.6 1.88496 0.0882295
446.8 1.88496 0.0893494
447 1.88496 0.0853175
447.2 1.88496 0.0641112
447.4 1.88496 0.0334524
447.6 1.88496 0.0204347
447.8 1.88496 0.0356962
448 1.88496 0.0531975
448.2 1.88496 0.0390398
448.4 1.88496 -0.00481015
448.6 1.88496 -0.0402578
448.8 1.88496 -0.0393516
449 1.88496 -0.0183508
449.2 1.88496 -0.0154457
449.4 1.88496 -0.0415271
449.6 1.88496 -0.0682214
449.8 1.88496 -0.0670786
450 1.88496 -0.0460514
450.2 1.88496 -0.0346712
450.4 1.88496 -0.0404326
450.6 1.88496 -0.0387858
450.8 1.88496 -0.012535
451 1.88496 0.0144007
451.2 1.88496 0.000926353
451.4 1.88496 -0.0546504
451.6 1.88496 -0.100518
451.8 1.88496 -0.0860253
452 1.88496 -0.0224804
452.2 1.88496 0.026917
452.4 1.88496 0.0202533
452.6 1.88496 -0.0143567
452.8 1.88496 -0.014998
453 1.88496 0.035501
453.2 1.88496 0.0841583
453.4 1.88496 0.0678515
453.6 1.88496 -0.0113351
453.8 1.88496 -0.0835526
454 1.88496 -0.0840482
454.2 1.88496 -0.0184908
454.4 1.88496 0.0485966
454.6 1.88496 0.0628965
454.8 1.88496 0.0284857
455 1.88496 -0.0096216
455.2 1.88496 -0.0181028
455.4 1.88496 -0.00302216
455.6 1.88496 0.00846105
455.8 1.88496 0.00152898
456 1.88496 -0.015205
456.2 1.88496 -0.0250406
456.4 1.88496 -0.0216291
456.6 1.88496 -0.0119302
456.8 1.88496 -0.00609784
457 1.88496 -0.00724675
457.2 1.88496 -0.00946897
457.4 1.88496 -0.00428048
457.6 1.88496 0.00944202
457.8 1.88496 0.0204698
458 1.88496 0.0128305
458.2 1.88496 -0.0169185
458.4 1.88496 -0.0492596
458.6 1.88496 -0.0534253
458.8 1.88496 -0.014673
459 1.88496 0.049388
459.2 1.88496 0.101982
459.4 1.88496 0.117628
459.6 1.88496 0.098991
459.8 1.88496 0.0659646
460 1.88496 0.0340597
460.2 1.88496 0.00684353
460.4 1.88496 -0.0156764
460.6 1.88496 -0.0308885
460.8 1.88496 -0.0389039
461 1.88496 -0.0467149
461.2 1.88496 -0.0583975
461.4 1.88496 -0.0628211
461.6 1.88496 -0.0416261
461.8 1.88496 0.00441709
462 1.88496 0.0439684
462.2 1.88496 0.0424721
462.4 1.88496 0.00449784
462.6 1.88496 -0.0208354
462.8 1.88496 0.0124663
463 1.88496 0.0937787
463.2 1.88496 0.158308
463.4 1.88496 0.148375
463.6 1.88496 0.0694995
463.8 1.88496 -0.0177796
464 1.88496 -0.057906
464.2 1.88496 -0.0451349
464.4 1.88496 -0.0115129
464.6 1.88496 0.0156474
464.8 1.88496 0.0325307
465 1.88496 0.0411804
465.2 1.88496 0.03245
465.4 1.88496 -0.000614698
465.6 1.88496 -0.0395797
465.8 1.88496 -0.048657
466 1.88496 -0.014351
466.2 1.88496 0.031685
466.4 1.88496 0.0421617
466.6 1.88496 0.00736347
466.8 1.88496 -0.03167
467 1.88496 -0.0298366
467.2 1.88496 0.00864304
467.4 1.88496 0.0346736
467.6 1.88496 0.0133265
467.8 1.88496 -0.0327626
468 1.88496 -0.0489728
468.2 1.88496 -0.0144102
468.4 1.88496 0.0302912
468.6 1.88496 0.0280142
468.8 1.88496 -0.0278462
469 1.88496 -0.0818542
469.2 1.88496 -0.0750527
469.4 1.88496 -0.00921055
469.6 1.88496 0.053267
469.8 1.88496 0.0519688
470 1.88496 -0.0133265
470.2 1.88496 -0.0861597
470.4 1.88496 -0.108236
470.6 1.88496 -0.0674979
470.8 1.88496 0.00152169
471 1.88496 0.053378
471.2 1.88496 0.0637915
471.4 1.88496 0.0361101
471.6 1.88496 -0.00951621
471.8 1.88496 -0.047579
472 1.88496 -0.0562863
472.2 1.88496 -0.0286388
472.4 1.88496 0.0191891
472.6 1.88496 0.0553643
472.8 1.88496 0.056862
473 1.88496 0.0305618
473.2 1.88496 0.00745221
473.4 1.88496 0.0119816
473.6 1.88496 0.0366009
473.8 1.88496 0.0491202
474 1.88496 0.0269745
474.2 1.88496 -0.016917
474.4 1.88496 -0.0444148
474.6 1.88496 -0.0288883
474.8 1.88496 0.0189752
475 1.88496 0.0619208
475.2 1.88496 0.0712655
475.4 1.88496 0.0507378
475.6 1.88496 0.0272465
475.8 1.88496 0.0218729
476 1.88496 0.0320646
476.2 1.88496 0.040355
476.4 1.88496 0.0356144
476.6 1.88496 0.0224925
476.8 1.88496 0.0116895
477 1.88496 0.00597053
477.2 1.88496 -0.000830547
477.4 1.88496 -0.0124852
477.6 1.88496 -0.0225282
477.8 1.88496 -0.0205526
478 1.88496 -0.00531543
478.2 1.88496 0.0114972
478.4 1.88496 0.0163519
478.6 1.88496 0.0081712
478.8 1.88496 0.000398655
479 1.88496 0.00858206
479.2 1.88496 0.0360649
479.4 1.88496 0.0710112
479.6 1.88496 0.0956651
479.8 1.88496 0.097746
480 1.88496 0.0752197
480.2 1.88496 0.0343832
480.4 1.88496 -0.0135372
480.6 1.88496 -0.0549646
480.8 1.88496 -0.0776273
481 1.88496 -0.0763202
481.2 1.88496 -0.0564764
481.4 1.88496 -0.0306279
481.6 1.88496 -0.00910803
481.8 1.88496 0.00642075
482 1.88496 0.0198621
482.2 1.88496 0.0314035
482.4 1.88496 0.0336219
482.6 1.88496 0.0196127
482.8 1.88496 -0.00459525
483 1.88496 -0.0192617
483.2 1.88496 -0.0077292
483.4 1.88496 0.0235531
483.6 1.88496 0.0448287
483.8 1.88496 0.0286535
484 1.88496 -0.0208256
484.2 1.88496 -0.0662828
484.4 1.88496 -0.0698371
484.6 1.88496 -0.0298476
484.8 1.88496 0.016487
485 1.88496 0.0298813
485.2 1.88496 0.00781458
485.4 1.88496 -0.0158683
485.6 1.88496 -0.0104801
485.8 1.88496 0.0168673
486 1.88496 0.0308804
486.2 1.88496 0.0114822
486.4 1.88496 -0.0190505
486.6 1.88496 -0.0181813
486.8 1.88496 0.0290201
487 1.88496 0.0902574
487.2 1.88496 0.117429
487.4 1.88496 0.0942854
487.6 1.88496 0.0479303
487.8 1.88496 0.0149184
488 1.88496 0.00417462
488.2 1.88496 -0.00120856
488.4 1.88496 -0.011445
488.6 1.88496 -0.0120315
488.8 1.88496 0.0154052
489 1.88496 0.0610691
489.2 1.88496 0.0883905
489.4 1.88496 0.0727786
489.6 1.88496 0.0326296
489.8 1.88496 0.0125087
490 1.88496 0.0338977
490.2 1.88496 0.0695084
490.4 1.88496 0.0726236
490.6 1.88496 0.0305829
490.8 1.88496 -0.0170485
491 1.88496 -0.0169009
491.2 1.88496 0.0432411
491.4 1.88496 0.119425
491.6 1.88496 0.150429
491.8 1.88496 0.111059
492 1.88496 0.0314621
492.2 1.88496 -0.0298704
492.4 1.88496 -0.0320057
492.6 1.88496 0.0200455
492.8 1.88496 0.0815163
493 1.88496 0.10148
493.2 1.88496 0.0611107
493.4 1.88496 -0.0099215
493.6 1.88496 -0.0549974
493.8 1.88496 -0.0379867
494 1.88496 0.0223879
494.2 1.88496 0.0667897
494.4 1.88496 0.050474
494.6 1.88496 -0.0126251
494.8 1.88496 -0.0633138
495 1.88496 -0.0564971
495.2 1.88496 -0.00429726
495.4 1.88496 0.0425137
495.6 1.88496 0.0518938
495.8 1.88496 0.0404446
496 1.88496 0.0438331
496.2 1.88496 0.066912
496.4 1.88496 0.0761191
496.6 1.88496 0.0433902
496.8 1.88496 -0.0139108
497 1.88496 -0.0482995
497.2 1.88496 -0.0353761
497.4 1.88496 -0.000158469
497.6 1.88496 0.0155279
497.8 1.88496 0.003249
498 1.88496 -0.00680522
498.2 1.88496 0.00919719
498.4 1.88496 0.0325465
498.6 1.88496 0.0231144
498.8 1.88496 -0.026866
499 1.88496 -0.0745266
499.2 1.88496 -0.0699473
499.4 1.88496 -0.0119894
499.6 1.88496 0.0495391
499.8 1.88496 0.0668306
500 1.88496 0.0394378
500.2 1.88496 0.00248154
500.4 1.88496 -0.0200325
500.6 1.88496 -0.0359994
500.8 1.88496 -0.0591389
501 1.88496 -0.0784393
501.2 1.88496 -0.0688057
501.4 1.88496 -0.0298305
501.6 1.88496 0.00256668
501.8 1.88496 -0.00590216
502 1.88496 -0.0441106
502.2 1.88496 -0.0630865
502.4 1.88496 -0.0311467
502.6 1.88496 0.0276945
502.8 1.88496 0.0592422
503 1.88496 0.0401208
503.2 1.88496 0.00289556
503.4 1.88496 -0.00342383
503.6 1.88496 0.0293208
503.8 1.88496 0.0590615
504 1.88496 0.0402087
504.2 1.88496 -0.0281164
504.4 1.88496 -0.103037
504.6 1.88496 -0.140552
504.8 1.88496 -0.130876
505 1.88496 -0.0960017
505.2 1.88496 -0.0635264
505.4 1.88496 -0.0475029
505.6 1.88496 -0.0464217
505.8 1.88496 -0.0478819
506 1.88496 -0.0340738
506.2 1.88496 0.00620859
506.4 1.88496 0.0612908
506.6 1.88496 0.0957501
506.8 1.88496 0.0779215
507 1.88496 0.0154044
507.2 1.88496 -0.0417587
507.4 1.88496 -0.0428977
507.6 1.88496 0.0143808
507.8 1.88496 0.079619
508 1.88496 0.0962599
508.2 1.88496 0.0521247
508.4 1.88496 -0.0158807
508.6 1.88496 -0.0616008
508.8 1.88496 -0.0678565
509 1.88496 -0.0479988
509.2 1.88496 -0.0213418
509.4 1.88496 0.00293126
509.6 1.88496 0.0203766
509.8 1.88496 0.0229474
510 1.88496 0.00591151
510.2 1.88496 -0.0193931
510.4 1.88496 -0.0296457
510.6 1.88496 -0.012543
510.8 1.88496 0.0165604
511 1.88496 0.0263941
511.2 1.88496 0.000279645
511.4 1.88496 -0.0461212
511.6 1.88496 -0.078272
511.8 1.88496 -0.0734448
512 1.88496 -0.0394755
512.2 1.88496 -0.00633524
512.4 1.88496 -0.000249585
512.6 1.88496 -0.0221222
512.8 1.88496 -0.0463261
513 1.88496 -0.0410308
513.2 1.88496 0.00356889
513.4 1.88496 0.0618434
513.6 1.88496 0.0898153
513.8 1.88496 0.0634086
514 1.88496 0.0039521
514.2 1.88496 -0.0374447
514.4 1.88496 -0.0267928
514.6 1.88496 0.0198527
514.8 1.88496 0.0523771
515 1.88496 0.0359531
515.2 1.88496 -0.0168824
515.4 1.88496 -0.0625893
515.6 1.88496 -0.0692109
515.8 1.88496 -0.0387914
516 1.88496 0.00669496
516.2 1.88496 0.0491595
516.4 1.88496 0.0789078
516.6 1.88496 0.0857579
516.8 1.88496 0.0624744
517 1.88496 0.0221837
517.2 1.88496 0.000214705
517.4 1.88496 0.023081
517.6 1.88496 0.0739768
517.8 1.88496 0.101105
518 1.88496 0.0694406
518.2 1.88496 0.000495705
518.4 1.88496 -0.0490679
518.6 1.88496 -0.0485603
518.8 1.88496 -0.0234455
519 1.88496 -0.0197317
519.2 1.88496 -0.0473196
519.4 1.88496 -0.0717372
519.6 1.88496 -0.0616256
519.8 1.88496 -0.0288951
520 1.88496 -0.0101149
520.2 1.88496 -0.0157045
520.4 1.88496 -0.0164567
520.6 1.88496 0.0127028
520.8 1.88496 0.0499764
521 1.88496 0.0458287
521.2 1.88496 -0.014436
521.4 1.88496 -0.0837088
521.6 1.88496 -0.100699
521.8 1.88496 -0.0579516
522 1.88496 -0.00779909
522.2 1.88496 0.00119847
522.4 1.88496 -0.0204883
522.6 1.88496 -0.023266
522.8 1.88496 0.0137358
523 1.88496 0.0528905
523.2 1.88496 0.0433245
523.4 1.88496 -0.0155689
523.6 1.88496 -0.0705482
523.8 1.88496 -0.0738968
524 1.88496 -0.0328427
524.2 1.88496 0.00690616
524.4 1.88496 0.0174331
524.6 1.88496 0.0140707
524.8 1.88496 0.024478
525 1.88496 0.0470219
525.2 1.88496 0.0520479
525.4 1.88496 0.0209053
525.6 1.88496 -0.029073
525.8 1.88496 -0.0637101
526 1.88496 -0.0687003
526.2 1.88496 -0.0598235
526.4 1.88496 -0.0590342
526.6 1.88496 -0.069134
526.8 1.88496 -0.0747986
527 1.88496 -0.0624012
527.2 1.88496 -0.0334691
527.4 1.88496 -0.00152614
527.6 1.88496 0.0183201
527.8 1.88496 0.017991
528 1.88496 0.00281234
528.2 1.88496 -0.00732579
528.4 1.88496 0.00876354
528.6 1.88496 0.0492193
528.8 1.88496 0.0797002
529 1.88496 0.0604417
529.2 1.88496 -0.0090849
529.4 1.88496 -0.0790028
529.6 1.88496 -0.0944704
529.8 1.88496 -0.0543021
530 1.88496 -0.0144329
530.2 1.88496 -0.0258664
530.4 1.88496 -0.0755828
530.6 1.88496 -0.101265
530.8 1.88496 -0.0654342
531 1.88496 -0.00179951
531.2 1.88496 0.022166
531.4 1.88496 -0.0173499
531.6 1.88496 -0.0748933
531.8 1.88496 -0.0901626
532 1.88496 -0.0543915
532.2 1.88496 -0.0114247
532.4 1.88496 2.0907e-06
532.6 1.88496 -0.0137613
532.8 1.88496 -0.0241278
533 1.88496 -0.0253258
533.2 1.88496 -0.0362034
533.4 1.88496 -0.059104
533.6 1.88496 -0.0607075
533.8 1.88496 -0.0118524
534 1.88496 0.0617607
534.2 1.88496 0.0917959
534.4 1.88496 0.0405871
534.6 1.88496 -0.0497788
534.8 1.88496 -0.0972974
535 1.88496 -0.06682
535.2 1.88496 -0.00310651
535.4 1.88496 0.0276577
535.6 1.88496 0.0146076
535.8 1.88496 0.00456869
536 1.88496 0.0324436
536.2 1.88496 0.0709906
536.4 1.88496 0.0641427
536.6 1.88496 0.000798155
536.8 1.88496 -0.0649143
537 1.88496 -0.0727091
537.2 1.88496 -0.0228341
537.4 1.88496 0.0286053
537.6 1.88496 0.0351125
537.8 1.88496 0.00513337
538 1.88496 -0.0211342
538.2 1.88496 -0.0248566
538.4 1.88496 -0.0230311
538.6 1.88496 -0.0335293
538.8 1.88496 -0.0443865
539 1.88496 -0.0294639
539.2 1.88496 0.0127468
539.4 1.88496 0.0508941
539.6 1.88496 0.0548271
539.8 1.88496 0.0285254
540 1.88496 0.00216897
540.2 1.88496 -0.00311115
540.4 1.88496 0.00674123
540.6 1.88496 0.0148318
540.8 1.88496 0.0165659
541 1.88496 0.0208186
541.2 1.88496 0.0350714
541.4 1.88496 0.0593655
541.6 1.88496 0.0930287
541.8 1.88496 0.134691
542 1.88496 0.169087
542.2 1.88496 0.164561
542.4 1.88496 0.100436
542.6 1.88496 0.000637056
542.8 1.88496 -0.0731988
543 1.88496 -0.0753349
543.2 1.88496 -0.0225486
543.4 1.88496 0.0230544
543.6 1.88496 0.0204929
543.8 1.88496 -0.00954833
544 1.88496 -0.0172245
544.2 1.88496 0.011418
544.4 1.88496 0.0376653
544.6 1.88496 0.022706
544.8 1.88496 -0.0171568
545 1.88496 -0.0246983
545.2 1.88496 0.0281132
545.4 1.88496 0.0992763
545.6 1.88496 0.11785
545.8 1.88496 0.0614253
546 1.88496 -0.019633
546.2 1.88496 -0.0575941
546.4 1.88496 -0.0366645
546.6 1.88496 0.00112391
546.8 1.88496 0.0120208
547 1.88496 -0.00294836
547.2 1.88496 -0.012056
547.4 1.88496 -0.00116685
547.6 1.88496 0.00765864
547.8 1.88496 -0.012716
548 1.88496 -0.0572867
548.2 1.88496 -0.0931181
548.4 1.88496 -0.0977796
548.6 1.88496 -0.0831232
548.8 1.88496 -0.0767388
549 1.88496 -0.086364
549.2 1.88496 -0.0906999
549.4 1.88496 -0.0659903
549.6 1.88496 -0.0159637
549.8 1.88496 0.0284295
550 1.88496 0.0375592
550.2 1.88496 0.0101142
550.4 1.88496 -0.0265761
550.6 1.88496 -0.0409187
550.8 1.88496 -0.0240351
551 1.88496 0.00306838
551.2 1.88496 0.00893064
551.4 1.88496 -0.0167464
551.6 1.88496 -0.0482235
551.8 1.88496 -0.0457966
552 1.88496 -0.000449678
552.2 1.88496 0.0443121
552.4 1.88496 0.0272219
552.6 1.88496 -0.0634524
552.8 1.88496 -0.160502
553 1.88496 -0.169645
553.2 1.88496 -0.0621473
553.4 1.88496 0.0871203
553.6 1.88496 0.163737
553.8 1.88496 0.120398
554 1.88496 0.0165413
554.2 1.88496 -0.0489295
554.4 1.88496 -0.037753
554.6 1.88496 0.00173443
554.8 1.88496 0.00296088
555 1.88496 -0.0409497
555.2 1.88496 -0.077149
555.4 1.88496 -0.0627198
555.6 1.88496 -0.0164852
555.8 1.88496 0.00603869
556 1.88496 -0.0213229
556.2 1.88496 -0.068057
556.4 1.88496 -0.0854648
556.6 1.88496 -0.0592494
556.8 1.88496 -0.0158247
557 1.88496 0.0148528
557.2 1.88496 0.0280022
557.4 1.88496 0.0337871
557.6 1.88496 0.0329355
557.8 1.88496 0.0160636
558 1.88496 -0.0159745
558.2 1.88496 -0.0457229
558.4 1.88496 -0.0598968
558.6 1.88496 -0.0673495
558.8 1.88496 -0.0843991
559 1.88496 -0.104468
559.2 1.88496 -0.0972155
559.4 1.88496 -0.0470343
559.6 1.88496 0.0157939
559.8 1.88496 0.0380337
560 1.88496 0.00156131
560.2 1.88496 -0.0517047
560.4 1.88496 -0.0633001
560.6 1.88496 -0.0227697
560.8 1.88496 0.0230859
561 1.88496 0.0279667
561.2 1.88496 0.00164932
561.4 1.88496 -0.0042056
561.6 1.88496 0.037617
561.8 1.88496 0.0931553
562 1.88496 0.105605
562.2 1.88496 0.062923
562.4 1.88496 0.0130798
562.6 1.88496 0.00894374
562.8 1.88496 0.0485151
563 1.88496 0.0794665
563.2 1.88496 0.059504
563.4 1.88496 0.00145286
563.6 1.88496 -0.044412
563.8 1.88496 -0.0437417
564 1.88496 -0.00578183
564.2 1.88496 0.0363231
564.4 1.88496 0.0596173
564.6 1.88496 0.0616552
564.8 1.88496 0.0486147
565 1.88496 0.0273876
565.2 1.88496 0.00944366
565.4 1.88496 0.00881511
565.6 1.88496 0.0259083
565.8 1.88496 0.0385462
566 1.88496 0.0220753
566.2 1.88496 -0.0174944
566.4 1.88496 -0.039978
566.6 1.88496 -0.0108069
566.8 1.88496 0.0574531
567 1.88496 0.113146
567.2 1.88496 0.119205
567.4 1.88496 0.0915121
567.6 1.88496 0.0758414
567.8 1.88496 0.0903265
568 1.88496 0.10329
568.2 1.88496 0.074211
568.4 1.88496 0.00837284
568.6 1.88496 -0.042561
568.8 1.88496 -0.0371445
569 1.88496 0.00842612
569.2 1.88496 0.0377044
569.4 1.88496 0.0160317
569.6 1.88496 -0.0340525
569.8 1.88496 -0.0615874
570 1.88496 -0.0431498
570.2 1.88496 -0.00326178
570.4 1.88496 0.0173297
570.6 1.88496 0.00335052
570.8 1.88496 -0.0278509
571 1.88496 -0.0512727
571.2 1.88496 -0.0558751
571.4 1.88496 -0.0428775
571.6 1.88496 -0.0152274
571.8 1.88496 0.0218537
572 1.88496 0.0536106
572.2 1.88496 0.0606432
572.4 1.88496 0.0369153
572.6 1.88496 -0.000852783
572.8 1.88496 -0.0273396
573 1.88496 -0.0315093
573.2 1.88496 -0.0219865
573.4 1.88496 -0.0110558
573.6 1.88496 -0.000735731
573.8 1.88496 0.0111913
574 1.88496 0.0173431
574.2 1.88496 0.00364389
574.4 1.88496 -0.030565
574.6 1.88496 -0.0625812
574.8 1.88496 -0.0654136
575 1.88496 -0.0371813
575.2 1.88496 -0.00520301
575.4 1.88496 0.00297384
575.6 1.88496 -0.0113572
575.8 1.88496 -0.0228686
576 1.88496 -0.0137441
576.2 1.88496 0.0068678
576.4 1.88496 0.0175349
576.6 1.88496 0.011798
576.8 1.88496 0.00218455
577 1.88496 -0.00242172
577.2 1.88496 -0.0134583
577.4 1.88496 -0.0480935
577.6 1.88496 -0.0997261
577.8 1.88496 -0.132491
578 1.88496 -0.112034
578.2 1.88496 -0.0419334
578.4 1.88496 0.0339023
578.6 1.88496 0.0663289
578.8 1.88496 0.0393612
579 1.88496 -0.0217706
579.2 1.88496 -0.0737908
579.4 1.88496 -0.0856081
579.6 1.88496 -0.0540429
579.8 1.88496 -0.00108575
580 1.88496 0.0408594
580.2 1.88496 0.0488652
580.4 1.88496 0.0250169
580.6 1.88496 -0.00458391
580.8 1.88496 -0.0110239
581 1.88496 0.0119321
581.2 1.88496 0.0423551
581.4 1.88496 0.0517831
581.6 1.88496 0.0326701
581.8 1.88496 0.00409518
582 1.88496 -0.00763273
582.2 1.88496 0.00878525
582.4 1.88496 0.0450036
582.6 1.88496 0.082931
582.8 1.88496 0.103753
583 1.88496 0.0921363
583.2 1.88496 0.0449627
583.4 1.88496 -0.016354
583.6 1.88496 -0.0493973
583.8 1.88496 -0.0225363
584 1.88496 0.0485139
584.2 1.88496 0.102757
584.4 1.88496 0.0862042
584.6 1.88496 0.00738782
584.8 1.88496 -0.0657829
585 1.88496 -0.0721149
585.2 1.88496 -0.02026
585.4 1.88496 0.0203908
585.6 1.88496 -0.00617484
585.8 1.88496 -0.0825439
586 1.88496 -0.136253
586.2 1.88496 -0.115483
586.4 1.88496 -0.0397219
586.6 1.88496 0.0258828
586.8 1.88496 0.0389993
587 1.88496 0.0154023
587.2 1.88496 -0.000750189
587.4 1.88496 0.00934432
587.6 1.88496 0.0230544
587.8 1.88496 0.00987717
588 1.88496 -0.0297236
588.2 1.88496 -0.0644182
588.4 1.88496 -0.0665963
588.6 1.88496 -0.0395033
588.8 1.88496 -0.00876572
589 1.88496 0.00708703
589.2 1.88496 0.0124806
589.4 1.88496 0.022621
589.6 1.88496 0.0417749
589.8 1.88496 0.0577996
590 1.88496 0.0565454
590.2 1.88496 0.037244
590.4 1.88496 0.0113903
590.6 1.88496 -0.0113028
590.8 1.88496 -0.031665
591 1.88496 -0.0538804
591.2 1.88496 -0.0719979
591.4 1.88496 -0.0685095
591.6 1.88496 -0.0304772
591.8 1.88496 0.0326959
592 1.88496 0.090615
592.2 1.88496 0.11484
592.4 1.88496 0.101846
592.6 1.88496 0.0727343
592.8 1.88496 0.050254
593 1.88496 0.038201
593.2 1.88496 0.0246114
593.4 1.88496 0.00279466
593.6 1.88496 -0.0162921
593.8 1.88496 -0.0156573
594 1.88496 0.00613496
594.2 1.88496 0.0292523
594.4 1.88496 0.0298441
594.6 1.88496 0.00111089
594.8 1.88496 -0.0428342
595 1.88496 -0.0795324
595.2 1.88496 -0.0911721
595.4 1.88496 -0.0695109
595.6 1.88496 -0.0189959
595.8 1.88496 0.0386111
596 1.88496 0.0688228
596.2 1.88496 0.0475067
596.4 1.88496 -0.0136268
596.6 1.88496 -0.0697468
596.8 1.88496 -0.0802472
597 1.88496 -0.0448866
597.2 1.88496 0.00167788
597.4 1.88496 0.0315469
597.6 1.88496 0.0506389
597.8 1.88496 0.0774499
598 1.88496 0.103014
598.2 1.88496 0.0908738
598.4 1.88496 0.0262512
598.6 1.88496 -0.04677
598.8 1.88496 -0.0584133
599 1.88496 0.00972039
599.2 1.88496 0.0935119
599.4 1.88496 0.107977
599.6 1.88496 0.0386373
599.8 1.88496 -0.0428092
600 1.88496 -0.0593308
600.2 1.88496 -0.013131
600.4 1.88496 0.0251617
600.6 1.88496 0.00728065
600.8 1.88496 -0.0335742
601 1.88496 -0.0269166
601.2 1.88496 0.0430145
601.4 1.88496 0.111462
601.6 1.88496 0.105765
601.8 1.88496 0.0285804
602 1.88496 -0.0466132
602.2 1.88496 -0.0580991
602.4 1.88496 -0.0160681
602.6 1.88496 0.0250887
602.8 1.88496 0.0372953
603 1.88496 0.041413
603.2 1.88496 0.061836
603.4 1.88496 0.0814939
603.6 1.88496 0.0603497
603.8 1.88496 -0.00698282
604 1.88496 -0.0712921
604.2 1.88496 -0.0756582
604.4 1.88496 -0.0146668
604.6 1.88496 0.0618388
604.8 1.88496 0.100103
605 1.88496 0.0876879
605.2 1.88496 0.0499151
605.4 1.88496 0.0158327
605.6 1.88496 -0.00241044
605.8 1.88496 -0.00533164
606 1.88496 0.00114029
606.2 1.88496 0.00396112
606.4 1.88496 -0.0126686
606.6 1.88496 -0.0480975
606.8 1.88496 -0.0743549
607 1.88496 -0.0593055
607.2 1.88496 -0.00667307
607.4 1.88496 0.0375944
607.6 1.88496 0.0305807
607.8 1.88496 -0.0189149
608 1.88496 -0.0591784
608.2 1.88496 -0.0561313
608.4 1.88496 -0.0329907
608.6 1.88496 -0.0380371
608.8 1.88496 -0.0787375
609 1.88496 -0.105461
609.2 1.88496 -0.0686927
609.4 1.88496 0.0183171
609.6 1.88496 0.0882376
609.8 1.88496 0.0900883
610 1.88496 0.0381313
610.2 1.88496 -0.0133218
610.4 1.88496 -0.0313803
610.6 1.88496 -0.0273953
610.8 1.88496 -0.0246448
611 1.88496 -0.0244813
611.2 1.88496 -0.0152817
611.4 1.88496 -0.00112879
611.6 1.88496 0.000375416
611.8 1.88496 -0.00883387
612 1.88496 0.00295205
612.2 1.88496 0.0565969
612.4 1.88496 0.118586
612.6 1.88496 0.121741
612.8 1.88496 0.040922
613 1.88496 -0.0646641
613.2 1.88496 -0.10377
613.4 1.88496 -0.0495727
613.6 1.88496 0.0306592
613.8 1.88496 0.0509177
614 1.88496 0.000917363
614.2 1.88496 -0.0493432
614.4 1.88496 -0.0378775
614.6 1.88496 0.015727
614.8 1.88496 0.0387852
615 1.88496 -0.00165791
615.2 1.88496 -0.0557157
615.4 1.88496 -0.0499815
615.6 1.88496 0.0224495
615.8 1.88496 0.089455
616 1.88496 0.0800903
616.2 1.88496 0.00482937
616.4 1.88496 -0.0559748
616.6 1.88496 -0.0404872
616.8 1.88496 0.0296181
617 1.88496 0.0772024
617.2 1.88496 0.0552171
617.4 1.88496 -0.0059637
617.6 1.88496 -0.0378126
617.8 1.88496 -0.0117827
618 1.88496 0.0304425
618.2 1.88496 0.0255238
618.4 1.88496 -0.038366
618.6 1.88496 -0.1033
618.8 1.88496 -0.0987891
619 1.88496 -0.0150941
619.2 1.88496 0.0833912
619.4 1.88496 0.119895
619.6 1.88496 0.0793218
619.8 1.88496 0.0189552
620 1.88496 0.00634654
620.2 1.88496 0.0501169
620.4 1.88496 0.095306
620.6 1.88496 0.0842235
620.8 1.88496 0.0147629
621 1.88496 -0.063743
621.2 1.88496 -0.104587
621.4 1.88496 -0.102911
621.6 1.88496 -0.0815556
621.8 1.88496 -0.0526897
622 1.88496 -0.00882907
622.2 1.88496 0.0492733
622.4 1.88496 0.0930733
622.6 1.88496 0.0897427
622.8 1.88496 0.0431369
623 1.88496 -0.00235504
623.2 1.88496 -0.00626739
623.4 1.88496 0.0260254
623.6 1.88496 0.0543756
623.8 1.88496 0.0536567
624 1.88496 0.0406273
624.2 1.88496 0.0468734
624.4 1.88496 0.0749407
624.6 1.88496 0.0939945
624.8 1.88496 0.0785081
625 1.88496 0.0390897
625.2 1.88496 0.0081648
625.4 1.88496 0.00255186
625.6 1.88496 0.011227
625.8 1.88496 0.0182109
626 1.88496 0.0237783
626.2 1.88496 0.0354403
626.4 1.88496 0.047044
626.6 1.88496 0.0411686
626.8 1.88496 0.0130145
627 1.88496 -0.0210887
627.2 1.88496 -0.0466223
627.4 1.88496 -0.0721506
627.6 1.88496 -0.112165
627.8 1.88496 -0.149958
628 1.88496 -0.137657
628.2 1.88496 -0.050442
628.4 1.88496 0.0652381
628.6 1.88496 0.119034
628.8 1.88496 0.0649089
629 1.88496 -0.0452084
629.2 1.88496 -0.108682
629.4 1.88496 -0.0747718
629.6 1.88496 0.00831667
629.8 1.88496 0.050707
630 1.88496 0.0148114
630.2 1.88496 -0.0549418
630.4 1.88496 -0.0884091
630.6 1.88496 -0.0602705
630.8 1.88496 -0.00236654
631 1.88496 0.0382936
631.2 1.88496 0.0399817
631.4 1.88496 0.0116032
631.6 1.88496 -0.0221133
631.8 1.88496 -0.0330964
632 1.88496 -0.00281287
632.2 1.88496 0.0576956
632.4 1.88496 0.101597
632.6 1.88496 0.0797277
632.8 1.88496 -0.0060205
633 1.88496 -0.0904599
633.2 1.88496 -0.10316
633.4 1.88496 -0.0421834
633.6 1.88496 0.0219437
633.8 1.88496 0.023516
634 1.88496 -0.026366
634.2 1.88496 -0.0570948
634.4 1.88496 -0.0239551
634.6 1.88496 0.0421089
634.8 1.88496 0.078443
635 1.88496 0.0689356
635.2 1.88496 0.0572079
635.4 1.88496 0.0808268
635.6 1.88496 0.115004
635.8 1.88496 0.100801
636 1.88496 0.0224606
636.2 1.88496 -0.0651112
636.4 1.88496 -0.0946926
636.6 1.88496 -0.0587225
636.8 1.88496 -0.00862482
637 1.88496 0.0106192
637.2 1.88496 0.00540247
637.4 1.88496 0.00757266
637.6 1.88496 0.0229405
637.8 1.88496 0.0272838
638 1.88496 0.0108285
638.2 1.88496 0.00268378
638.4 1.88496 0.034416
638.6 1.88496 0.0889906
638.8 1.88496 0.107939
639 1.88496 0.0563397
639.2 1.88496 -0.0318619
639.4 1.88496 -0.0862096
639.6 1.88496 -0.0729702
639.8 1.88496 -0.0235545
640 1.88496 0.0103697
640.2 1.88496 0.0153121
640.4 1.88496 0.0182496
640.6 1.88496 0.038536
640.8 1.88496 0.0565369
641 1.88496 0.0386507
641.2 1.88496 -0.0157473
641.4 1.88496 -0.0659035
641.6 1.88496 -0.070042
641.8 1.88496 -0.026567
642 1.88496 0.0280997
642.2 1.88496 0.0566565
642.4 1.88496 0.050658
642.6 1.88496 0.0280597
642.8 1.88496 0.0109317
643 1.88496 0.00805524
643.2 1.88496 0.012197
643.4 1.88496 0.00841062
643.6 1.88496 -0.0120466
643.8 1.88496 -0.0394404
644 1.88496 -0.0477254
644.2 1.88496 -0.017399
644.4 1.88496 0.0388918
644.6 1.88496 0.0789727
644.8 1.88496 0.0684116
645 1.88496 0.0165403
645.2 1.88496 -0.0307938
645.4 1.88496 -0.0385292
645.6 1.88496 -0.0184164
645.8 1.88496 -0.0128745
646 1.88496 -0.0457104
646.2 1.88496 -0.096139
646.4 1.88496 -0.123093
646.6 1.88496 -0.107533
646.8 1.88496 -0.0644878
647 1.88496 -0.0188333
647.2 1.88496 0.0191893
647.4 1.88496 0.0514661
647.6 1.88496 0.075791
647.8 1.88496 0.0837532
648 1.88496 0.0738908
648.2 1.88496 0.0572588
648.4 1.88496 0.0454206
648.6 1.88496 0.0390629
648.8 1.88496 0.0340879
649 1.88496 0.0335286
649.2 1.88496 0.0432163
649.4 1.88496 0.0560824
649.6 1.88496 0.0536239
649.8 1.88496 0.0316249
650 1.88496 0.015789
650.2 1.88496 0.0355374
650.4 1.88496 0.0800969
650.6 1.88496 0.0972889
650.8 1.88496 0.0510493
651 1.88496 -0.0261432
651.2 1.88496 -0.0581212
651.4 1.88496 -0.0104394
651.6 1.88496 0.0632257
651.8 1.88496 0.0773699
652 1.88496 0.0139664
652.2 1.88496 -0.0537491
652.4 1.88496 -0.0468763
652.6 1.88496 0.0241221
652.8 1.88496 0.0705358
653 1.88496 0.0309689
653.2 1.88496 -0.0549723
653.4 1.88496 -0.0936154
653.6 1.88496 -0.0468318
653.8 1.88496 0.0277129
654 1.88496 0.0498769
654.2 1.88496 0.0110416
654.4 1.88496 -0.0237943
654.6 1.88496 -0.00111331
654.8 1.88496 0.0573531
655 1.88496 0.0861734
655.2 1.88496 0.0568211
655.4 1.88496 0.00666319
655.6 1.88496 -0.0124906
655.8 1.88496 0.00391025
656 1.88496 0.0154364
656.2 1.88496 -0.00805839
656.4 1.88496 -0.0501982
656.6 1.88496 -0.070612
656.8 1.88496 -0.0518869
657 1.88496 -0.014768
657.2 1.88496 0.00825351
657.4 1.88496 0.00444567
657.6 1.88496 -0.0139563
657.8 1.88496 -0.02636
658 1.88496 -0.0211225
658.2 1.88496 -0.00361929
658.4 1.88496 0.00565041
658.6 1.88496 -0.014212
658.8 1.88496 -0.0606695
659 1.88496 -0.0980698
659.2 1.88496 -0.0853363
659.4 1.88496 -0.0236758
659.6 1.88496 0.0310217
659.8 1.88496 0.0206683
660 1.88496 -0.0460005
660.2 1.88496 -0.0911917
660.4 1.88496 -0.0496156
660.6 1.88496 0.0527978
660.8 1.88496 0.119713
661 1.88496 0.0897402
661.2 1.88496 0.0071513
661.4 1.88496 -0.0288466
661.6 1.88496 0.0200749
661.8 1.88496 0.0876168
662 1.88496 0.0840189
662.2 1.88496 0.00502249
662.4 1.88496 -0.0630885
662.6 1.88496 -0.047925
662.8 1.88496 0.0220031
663 1.88496 0.0518405
663.2 1.88496 -0.00684866
663.4 1.88496 -0.100321
663.6 1.88496 -0.136474
663.8 1.88496 -0.0877433
664 1.88496 -0.0130822
664.2 1.88496 0.0170649
664.4 1.88496 -0.00356547
664.6 1.88496 -0.0260265
664.8 1.88496 -0.0155824
665 1.88496 0.00975808
665.2 1.88496 0.0129019
665.4 1.88496 -0.0077761
665.6 1.88496 -0.0141684
665.8 1.88496 0.0230119
666 1.88496 0.0848122
666.2 1.88496 0.120316
666.4 1.88496 0.0980781
666.6 1.88496 0.03589
666.8 1.88496 -0.0187761
667 1.88496 -0.0329989
667.2 1.88496 -0.0151167
667.4 1.88496 -0.00365135
667.6 1.88496 -0.0311783
667.8 1.88496 -0.0926045
668 1.88496 -0.143769
668.2 1.88496 -0.136166
668.4 1.88496 -0.0627293
668.6 1.88496 0.028085
668.8 1.88496 0.0711927
669 1.88496 0.0448522
669.2 1.88496 -0.00870366
669.4 1.88496 -0.0278333
669.6 1.88496 0.00434539
669.8 1.88496 0.0464082
670 1.88496 0.0492499
670.2 1.88496 0.0105399
670.4 1.88496 -0.0297815
670.6 1.88496 -0.0414974
670.8 1.88496 -0.0347323
671 1.88496 -0.032674
671.2 1.88496 -0.0292631
671.4 1.88496 0.00479884
671.6 1.88496 0.0719631
671.8 1.88496 0.12464
672 1.88496 0.111179
672.2 1.88496 0.0415103
672.4 1.88496 -0.0137848
672.6 1.88496 -0.00054814
672.8 1.88496 0.0541989
673 1.88496 0.0711969
673.2 1.88496 0.0120925
673.4 1.88496 -0.0735529
673.6 1.88496 -0.105208
673.8 1.88496 -0.0649741
674 1.88496 -0.015658
674.2 1.88496 -0.0225315
674.4 1.88496 -0.0738465
674.6 1.88496 -0.0958507
674.8 1.88496 -0.0433751
675 1.88496 0.0428396
675.2 1.88496 0.0795435
675.4 1.88496 0.0338235
675.6 1.88496 -0.0412315
675.8 1.88496 -0.0655696
676 1.88496 -0.0162018
676.2 1.88496 0.0543843
676.4 1.88496 0.0782367
676.6 1.88496 0.0398426
676.8 1.88496 -0.0165804
677 1.88496 -0.0370861
677.2 1.88496 -0.00737919
677.4 1.88496 0.0434438
677.6 1.88496 0.0765763
677.8 1.88496 0.0753087
678 1.88496 0.0493499
678.2 1.88496 0.0180948
678.4 1.88496 -0.00633857
678.6 1.88496 -0.0233435
678.8 1.88496 -0.0371691
679 1.88496 -0.0481808
679.2 1.88496 -0.049649
679.4 1.88496 -0.0323828
679.6 1.88496 0.00613953
679.8 1.88496 0.0555469
680 1.88496 0.0953156
680.2 1.88496 0.106605
680.4 1.88496 0.0856109
680.6 1.88496 0.0484279
680.8 1.88496 0.0215832
681 1.88496 0.0225403
681.2 1.88496 0.0439874
681.4 1.88496 0.0576129
681.6 1.88496 0.0389892
681.8 1.88496 -0.00650244
682 1.88496 -0.0441322
682.2 1.88496 -0.0422524
682.4 1.88496 -0.00678252
682.6 1.88496 0.0209882
682.8 1.88496 0.0063601
683 1.88496 -0.0402093
683.2 1.88496 -0.0721723
683.4 1.88496 -0.0563763
683.6 1.88496 -0.0075388
683.8 1.88496 0.0321288
684 1.88496 0.0427602
684.2 1.88496 0.0451519
684.4 1.88496 0.0653867
684.6 1.88496 0.0923984
684.8 1.88496 0.0858971
685 1.88496 0.0282593
685.2 1.88496 -0.0447142
685.4 1.88496 -0.0773075
685.6 1.88496 -0.0554557
685.8 1.88496 -0.022987
686 1.88496 -0.0322998
686.2 1.88496 -0.0868337
686.4 1.88496 -0.140125
686.6 1.88496 -0.146754
686.8 1.88496 -0.103427
687 1.88496 -0.040842
687.2 1.88496 0.00942953
687.4 1.88496 0.0294958
687.6 1.88496 0.00867868
687.8 1.88496 -0.0531637
688 1.88496 -0.127036
688.2 1.88496 -0.157745
688.4 1.88496 -0.109834
688.6 1.88496 -0.0138282
688.8 1.88496 0.0522276
689 1.88496 0.0415368
689.2 1.88496 -0.0083091
689.4 1.88496 -0.01837
689.6 1.88496 0.0348056
689.8 1.88496 0.084252
690 1.88496 0.0487657
690.2 1.88496 -0.0645999
690.4 1.88496 -0.155623
690.6 1.88496 -0.135233
690.8 1.88496 -0.0204411
691 1.88496 0.087901
691.2 1.88496 0.11425
691.4 1.88496 0.0763249
691.6 1.88496 0.0419807
691.8 1.88496 0.040598
692 1.88496 0.0392798
692.2 1.88496 0.00171251
692.4 1.88496 -0.055523
692.6 1.88496 -0.0811724
692.8 1.88496 -0.0520856
693 1.88496 0.00256633
693.2 1.88496 0.0405835
693.4 1.88496 0.0518431
693.6 1.88496 0.0528886
693.8 1.88496 0.0495817
694 1.88496 0.0267131
694.2 1.88496 -0.0222975
694.4 1.88496 -0.0736117
694.6 1.88496 -0.0953334
694.8 1.88496 -0.08442
695 1.88496 -0.0653265
695.2 1.88496 -0.0523589
695.4 1.88496 -0.031568
695.6 1.88496 0.00894168
695.8 1.88496 0.0450639
696 1.88496 0.0366948
696.2 1.88496 -0.0146419
696.4 1.88496 -0.0499406
696.6 1.88496 -0.0140997
696.8 1.88496 0.0730474
697 1.88496 0.128497
697.2 1.88496 0.0964559
697.4 1.88496 0.0112912
697.6 1.88496 -0.044919
697.8 1.88496 -0.0390257
698 1.88496 -0.0183059
698.2 1.88496 -0.0405265
698.4 1.88496 -0.0947533
698.6 1.88496 -0.115703
698.8 1.88496 -0.0715686
699 1.88496 -0.00869601
699.2 1.88496 0.00734495
699.4 1.88496 -0.0216645
699.6 1.88496 -0.0278977
699.8 1.88496 0.0302037
700 1.88496 0.102212
700.2 1.88496 0.09613
700.4 1.88496 -0.0103167
700.6 1.88496 -0.132887
700.8 1.88496 -0.166792
701 1.88496 -0.0957556
701.2 1.88496 3.96262e-05
701.4 1.88496 0.039417
701.6 1.88496 0.021567
701.8 1.88496 0.00375951
702 1.88496 0.0168661
702.2 1.88496 0.0290273
702.4 1.88496 -0.00239324
702.6 1.88496 -0.0638087
702.8 1.88496 -0.0914981
703 1.88496 -0.0439733
703.2 1.88496 0.0468639
703.4 1.88496 0.106013
703.6 1.88496 0.0908682
703.8 1.88496 0.0285457
704 1.88496 -0.018785
704.2 1.88496 -0.0160247
704.4 1.88496 0.0194266
704.6 1.88496 0.0447417
704.8 1.88496 0.0349515
705 1.88496 0.00141248
705.2 1.88496 -0.0232387
705.4 1.88496 -0.0148193
705.6 1.88496 0.0216839
705.8 1.88496 0.0543086
706 1.88496 0.0486314
706.2 1.88496 -0.00171882
706.4 1.88496 -0.0648166
706.6 1.88496 -0.0940333
706.8 1.88496 -0.067739
707 1.88496 -0.00774576
707.2 1.88496 0.0419532
707.4 1.88496 0.0542455
707.6 1.88496 0.0361888
707.8 1.88496 0.0115084
708 1.88496 -0.00615371
708.2 1.88496 -0.0191285
708.4 1.88496 -0.031214
708.6 1.88496 -0.0378329
708.8 1.88496 -0.0340018
709 1.88496 -0.0250613
709.2 1.88496 -0.021152
709.4 1.88496 -0.0214185
709.6 1.88496 -0.011839
709.8 1.88496 0.015782
710 1.88496 0.0460923
710.2 1.88496 0.0491893
710.4 1.88496 0.0109097
710.6 1.88496 -0.048195
710.8 1.88496 -0.0877945
711 1.88496 -0.0828918
711.2 1.88496 -0.0453127
711.4 1.88496 -0.0118787
711.6 1.88496 -0.0113442
711.8 1.88496 -0.0387016
712 1.88496 -0.0573502
712.2 1.88496 -0.028586
712.4 1.88496 0.0519586
712.6 1.88496 0.140407
712.8 1.88496 0.171795
713 1.88496 0.113632
713.2 1.88496 0.00106856
713.4 1.88496 -0.0858211
713.6 1.88496 -0.0899787
713.8 1.88496 -0.0280166
714 1.88496 0.0285397
714.2 1.88496 0.0242647
714.4 1.88496 -0.0300431
714.6 1.88496 -0.0786041
714.8 1.88496 -0.0845937
715 1.88496 -0.062971
715.2 1.88496 -0.0501481
715.4 1.88496 -0.0540126
715.6 1.88496 -0.0471854
715.8 1.88496 -0.00790051
716 1.88496 0.0468094
716.2 1.88496 0.0779712
716.4 1.88496 0.068412
716.6 1.88496 0.0378385
716.8 1.88496 0.0136862
717 1.88496 -0.000812206
717.2 1.88496 -0.0209871
717.4 1.88496 -0.0502123
717.6 1.88496 -0.0697232
717.8 1.88496 -0.0629708
718 1.88496 -0.0393798
718.2 1.88496 -0.0235244
718.4 1.88496 -0.0243043
718.6 1.88496 -0.0268405
718.8 1.88496 -0.0174069
719 1.88496 -0.00441438
719.2 1.88496 -0.00388348
719.4 1.88496 -0.0101107
719.6 1.88496 0.0022843
719.8 1.88496 0.0405966
720 1.88496 0.0711464
720.2 1.88496 0.0511745
720.4 1.88496 -0.0155694
720.6 1.88496 -0.0704293
720.8 1.88496 -0.059023
721 1.88496 0.0063462
721.2 1.88496 0.0561885
721.4 1.88496 0.0392776
721.6 1.88496 -0.0209322
721.8 1.88496 -0.0530663
722 1.88496 -0.0157973
722.2 1.88496 0.0601932
722.4 1.88496 0.107829
722.6 1.88496 0.0902163
722.8 1.88496 0.0264508
723 1.88496 -0.0382774
723.2 1.88496 -0.073209
723.4 1.88496 -0.0725842
723.6 1.88496 -0.0433715
723.8 1.88496 0.00135914
724 1.88496 0.0395314
724.2 1.88496 0.047666
724.4 1.88496 0.0222929
724.6 1.88496 -0.0111395
724.8 1.88496 -0.0211762
725 1.88496 -0.00328789
725.2 1.88496 0.0169057
725.4 1.88496 0.0158437
725.6 1.88496 8.24879e-05
725.8 1.88496 -0.00459511
726 1.88496 0.0123532
726.2 1.88496 0.0329984
726.4 1.88496 0.0343999
726.6 1.88496 0.0157723
726.8 1.88496 -0.00569106
727 1.88496 -0.0202629
727.2 1.88496 -0.0342964
727.4 1.88496 -0.0512463
727.6 1.88496 -0.0574044
727.8 1.88496 -0.0393212
728 1.88496 -0.0110233
728.2 1.88496 -0.0071737
728.4 1.88496 -0.040902
728.6 1.88496 -0.079019
728.8 1.88496 -0.0746164
729 1.88496 -0.0243508
729.2 1.88496 0.0214535
729.4 1.88496 0.0161002
729.6 1.88496 -0.0242743
729.8 1.88496 -0.0345439
730 1.88496 0.0233606
730.2 1.88496 0.110507
730.4 1.88496 0.148434
730.6 1.88496 0.102581
730.8 1.88496 0.0168253
731 1.88496 -0.0360023
731.2 1.88496 -0.0265929
731.4 1.88496 0.0149905
731.6 1.88496 0.0448346
731.8 1.88496 0.0485476
732 1.88496 0.0371927
732.2 1.88496 0.0193958
732.4 1.88496 -0.00372351
732.6 1.88496 -0.0200612
732.8 1.88496 -0.00601561
733 1.88496 0.0409757
733.2 1.88496 0.0795843
733.4 1.88496 0.0563125
733.6 1.88496 -0.0319183
733.8 1.88496 -0.119655
734 1.88496 -0.1322
734.2 1.88496 -0.0634524
734.4 1.88496 0.0168626
734.6 1.88496 0.0379125
734.8 1.88496 0.00109884
735 1.88496 -0.0294906
735.2 1.88496 -0.00436741
735.4 1.88496 0.0569103
735.6 1.88496 0.0925378
735.8 1.88496 0.0686806
736 1.88496 0.0112485
736.2 1.88496 -0.0290195
736.4 1.88496 -0.0294942
736.6 1.88496 -0.00761913
736.8 1.88496 0.00953279
737 1.88496 0.0133357
737.2 1.88496 0.0111779
737.4 1.88496 0.00955395
737.6 1.88496 0.00979355
737.8 1.88496 0.0153091
738 1.88496 0.0305582
738.2 1.88496 0.0498977
738.4 1.88496 0.0573562
738.6 1.88496 0.0460298
738.8 1.88496 0.0327711
739 1.88496 0.0415744
739.2 1.88496 0.0692673
739.4 1.88496 0.0784597
739.6 1.88496 0.0359805
739.8 1.88496 -0.0435242
740 1.88496 -0.103609
740.2 1.88496 -0.101794
740.4 1.88496 -0.0532267
740.6 1.88496 -0.0110464
740.8 1.88496 -0.00640342
741 1.88496 -0.0194986
741.2 1.88496 -0.0139537
741.4 1.88496 0.0113708
741.6 1.88496 0.0203097
741.8 1.88496 -0.00963215
742 1.88496 -0.0490389
742.2 1.88496 -0.0436012
742.4 1.88496 0.0217966
742.6 1.88496 0.0991723
742.8 1.88496 0.125926
743 1.88496 0.0913345
743.2 1.88496 0.044743
743.4 1.88496 0.0364936
743.6 1.88496 0.0613292
743.8 1.88496 0.0692809
744 1.88496 0.0285357
744.2 1.88496 -0.0348481
744.4 1.88496 -0.0663633
744.6 1.88496 -0.0457181
744.8 1.88496 -0.00934438
745 1.88496 -0.00776739
745.2 1.88496 -0.0476238
745.4 1.88496 -0.0841676
745.6 1.88496 -0.0715245
745.8 1.88496 -0.0140718
746 1.88496 0.0362976
746.2 1.88496 0.0318826
746.4 1.88496 -0.025961
746.6 1.88496 -0.0927203
746.8 1.88496 -0.125576
747 1.88496 -0.117901
747.2 1.88496 -0.09252
747.4 1.88496 -0.0690523
747.6 1.88496 -0.0449171
747.8 1.88496 -0.00808669
748 1.88496 0.0382008
748.2 1.88496 0.0705936
748.4 1.88496 0.0673758
748.6 1.88496 0.0322929
748.8 1.88496 -0.00682419
749 1.88496 -0.0236989
749.2 1.88496 -0.0165121
749.4 1.88496 -0.00472561
749.6 1.88496 -0.00577594
749.8 1.88496 -0.0184258
750 1.88496 -0.0293611
750.2 1.88496 -0.0316636
750.4 1.88496 -0.0312803
750.6 1.88496 -0.0347261
750.8 1.88496 -0.0362259
751 1.88496 -0.023578
751.2 1.88496 0.00296237
751.4 1.88496 0.0244084
751.6 1.88496 0.0223312
751.8 1.88496 0.00370942
752 1.88496 -0.00125466
752.2 1.88496 0.0269333
752.4 1.88496 0.0666696
752.6 1.88496 0.0675115
752.8 1.88496 0.000654745
753 1.88496 -0.102725
753.2 1.88496 -0.170312
753.4 1.88496 -0.15283
753.6 1.88496 -0.0713906
753.8 1.88496 0.00154704
754 1.88496 0.0103065
754.2 1.88496 -0.0339752
754.4 1.88496 -0.0708048
754.6 1.88496 -0.0545615
754.8 1.88496 0.00196113
755 1.88496 0.0471458
755.2 1.88496 0.0479054
755.4 1.88496 0.0216312
755.6 1.88496 0.0110383
755.8 1.88496 0.033606
756 1.88496 0.0625241
756.2 1.88496 0.0578626
756.4 1.88496 0.0109158
756.6 1.88496 -0.0469974
756.8 1.88496 -0.0777167
757 1.88496 -0.0721997
757.2 1.88496 -0.0525321
757.4 1.88496 -0.0440762
757.6 1.88496 -0.0523435
757.8 1.88496 -0.0656957
758 1.88496 -0.0711966
758.2 1.88496 -0.0612089
758.4 1.88496 -0.0299351
758.6 1.88496 0.0231569
758.8 1.88496 0.0804105
759 1.88496 0.1057
759.2 1.88496 0.0733697
759.4 1.88496 0.00296969
759.6 1.88496 -0.0454729
759.8 1.88496 -0.0257965
760 1.88496 0.0418657
760.2 1.88496 0.083189
760.4 1.88496 0.0445277
760.6 1.88496 -0.0464057
760.8 1.88496 -0.104606
761 1.88496 -0.0757805
761.2 1.88496 0.00641283
761.4 1.88496 0.0588914
761.6 1.88496 0.0405635
761.8 1.88496 -0.00704665
762 1.88496 -0.0149021
762.2 1.88496 0.0289632
762.4 1.88496 0.0657953
762.6 1.88496 0.0393879
762.8 1.88496 -0.0312294
763 1.88496 -0.0669399
763.2 1.88496 -0.0161837
763.4 1.88496 0.0849846
763.6 1.88496 0.148332
763.8 1.88496 0.123522
764 1.88496 0.0432794
764.2 1.88496 -0.0198438
764.4 1.88496 -0.0301977
764.6 1.88496 -0.0144945
764.8 1.88496 -0.0172984
765 1.88496 -0.0455272
765.2 1.88496 -0.0637185
765.4 1.88496 -0.0382522
765.6 1.88496 0.0230332
765.8 1.88496 0.0765508
766 1.88496 0.0828281
766.2 1.88496 0.039995
766.4 1.88496 -0.0165652
766.6 1.88496 -0.0432984
766.8 1.88496 -0.0222242
767 1.88496 0.0246359
767.2 1.88496 0.0517051
767.4 1.88496 0.0285207
767.6 1.88496 -0.0299531
767.8 1.88496 -0.0731535
768 1.88496 -0.0627155
768.2 1.88496 -0.0138704
768.4 1.88496 0.0167263
768.6 1.88496 -0.00989322
768.8 1.88496 -0.0708945
769 1.88496 -0.103549
769.2 1.88496 -0.0718851
769.4 1.88496 -0.00390159
769.6 1.88496 0.0418775
769.8 1.88496 0.0393073
770 1.88496 0.0130755
770.2 1.88496 -0.00299072
770.4 1.88496 -0.00868351
770.6 1.88496 -0.0248908
770.8 1.88496 -0.0472248
771 1.88496 -0.0366243
771.2 1.88496 0.0296993
771.4 1.88496 0.110326
771.6 1.88496 0.127459
771.8 1.88496 0.0528518
772 1.88496 -0.0472539
772.2 1.88496 -0.0714071
772.4 1.88496 0.00996468
772.6 1.88496 0.118552
772.8 1.88496 0.147053
773 1.88496 0.0675649
773.2 1.88496 -0.0468187
773.4 1.88496 -0.104883
773.6 1.88496 -0.0875298
773.8 1.88496 -0.0500022
774 1.88496 -0.0471381
774.2 1.88496 -0.0740173
774.4 1.88496 -0.0835768
774.6 1.88496 -0.0484822
774.8 1.88496 0.00833794
775 1.88496 0.0417245
775.2 1.88496 0.0298853
775.4 1.88496 -0.0125688
775.6 1.88496 -0.0567626
775.8 1.88496 -0.0834161
776 1.88496 -0.0871672
776.2 1.88496 -0.0711609
776.4 1.88496 -0.0457081
776.6 1.88496 -0.0268216
776.8 1.88496 -0.0250711
777 1.88496 -0.0332468
777.2 1.88496 -0.0317093
777.4 1.88496 -0.0113574
777.6 1.88496 0.0120373
777.8 1.88496 0.0127402
778 1.88496 -0.0154542
778.2 1.88496 -0.0497853
778.4 1.88496 -0.0614315
778.6 1.88496 -0.0443743
778.8 1.88496 -0.017822
779 1.88496 -0.00285906
779.2 1.88496 -0.00295032
779.4 1.88496 -0.0085174
779.6 1.88496 -0.0136386
779.8 1.88496 -0.0211653
780 1.88496 -0.0327578
780.2 1.88496 -0.0415797
780.4 1.88496 -0.0391964
780.6 1.88496 -0.0266552
780.8 1.88496 -0.0142291
781 1.88496 -0.0110035
781.2 1.88496 -0.0183318
781.4 1.88496 -0.0329809
781.6 1.88496 -0.0509773
781.8 1.88496 -0.0654512
782 1.88496 -0.0659631
782.2 1.88496 -0.0478558
782.4 1.88496 -0.0221937
782.6 1.88496 -0.0079913
782.8 1.88496 -0.00858499
783 1.88496 -0.000905889
783.2 1.88496 0.0410251
783.4 1.88496 0.108561
783.6 1.88496 0.152912
783.8 1.88496 0.127996
784 1.88496 0.0407353
784.2 1.88496 -0.0473394
784.4 1.88496 -0.0741563
784.6 1.88496 -0.0324137
784.8 1.88496 0.0299078
785 1.88496 0.0601101
785.2 1.88496 0.0474406
785.4 1.88496 0.0216363
785.6 1.88496 0.0141364
785.8 1.88496 0.0266381
786 1.88496 0.0342303
786.2 1.88496 0.011915
786.4 1.88496 -0.0425417
786.6 1.88496 -0.104657
786.8 1.88496 -0.137716
787 1.88496 -0.117807
787.2 1.88496 -0.056005
787.4 1.88496 0.00265476
787.6 1.88496 0.0122688
787.8 1.88496 -0.0317034
788 1.88496 -0.084063
788.2 1.88496 -0.0917115
788.4 1.88496 -0.0472049
788.6 1.88496 0.0043809
788.8 1.88496 0.0155856
789 1.88496 -0.0121504
789.2 1.88496 -0.0347807
789.4 1.88496 -0.0210854
789.6 1.88496 0.0103915
789.8 1.88496 0.0169073
790 1.88496 -0.0142101
790.2 1.88496 -0.0504854
790.4 1.88496 -0.055403
790.6 1.88496 -0.0317043
790.8 1.88496 -0.013168
791 1.88496 -0.0197842
791.2 1.88496 -0.0364153
791.4 1.88496 -0.0397495
791.6 1.88496 -0.0320289
791.8 1.88496 -0.033564
792 1.88496 -0.0467388
792.2 1.88496 -0.0465265
792.4 1.88496 -0.0160564
792.6 1.88496 0.0211217
792.8 1.88496 0.0229277
793 1.88496 -0.0161812
793.2 1.88496 -0.0487087
793.4 1.88496 -0.0253304
793.6 1.88496 0.0449476
793.8 1.88496 0.102018
794 1.88496 0.103852
794.2 1.88496 0.0737593
794.4 1.88496 0.0665227
794.6 1.88496 0.0958706
794.8 1.88496 0.11493
795 1.88496 0.0751191
795.2 1.88496 -0.00909226
795.4 1.88496 -0.070031
795.6 1.88496 -0.0601304
795.8 1.88496 -0.00202485
796 1.88496 0.0397188
796.2 1.88496 0.0270264
796.4 1.88496 -0.021193
796.6 1.88496 -0.0604519
796.8 1.88496 -0.066697
797 1.88496 -0.0468114
797.2 1.88496 -0.018069
797.4 1.88496 0.00752262
797.6 1.88496 0.0216491
797.8 1.88496 0.02015
798 1.88496 0.0137567
798.2 1.88496 0.0269847
798.4 1.88496 0.0700399
798.6 1.88496 0.112687
798.8 1.88496 0.103766
799 1.88496 0.029088
799.2 1.88496 -0.0573102
799.4 1.88496 -0.0768951
799.6 1.88496 -0.00759873
799.8 1.88496 0.0878515
800 1.88496 0.122734
800.2 1.88496 0.0728464
800.4 1.88496 -0.00470323
800.6 1.88496 -0.0359125
800.8 1.88496 -0.00228771
801 1.88496 0.0531237
801.2 1.88496 0.0783082
801.4 1.88496 0.0575077
801.6 1.88496 0.00930371
801.8 1.88496 -0.0400323
802 1.88496 -0.0700121
802.2 1.88496 -0.0658745
802.4 1.88496 -0.0268695
802.6 1.88496 0.0204301
802.8 1.88496 0.0340936
803 1.88496 -0.00158242
803.2 1.88496 -0.0501509
803.4 1.88496 -0.0559217
803.6 1.88496 -0.00906075
803.8 1.88496 0.0349558
804 1.88496 0.0148141
804.2 1.88496 -0.0611258
804.4 1.88496 -0.115446
804.6 1.88496 -0.0851753
804.8 1.88496 0.00602701
805 1.88496 0.0718838
805.2 1.88496 0.0566106
805.4 1.88496 -0.0105611
805.6 1.88496 -0.0578583
805.8 1.88496 -0.05264
806 1.88496 -0.0242765
806.2 1.88496 -0.0112735
806.4 1.88496 -0.00933916
806.6 1.88496 0.0125707
806.8 1.88496 0.0563798
807 1.88496 0.0800551
807.2 1.88496 0.0481562
807.4 1.88496 -0.0176096
807.6 1.88496 -0.056894
807.8 1.88496 -0.0396184
808 1.88496 -0.00051868
808.2 1.88496 0.00393966
808.4 1.88496 -0.0360935
808.6 1.88496 -0.0731545
808.8 1.88496 -0.0600528
809 1.88496 -0.0037128
809.2 1.88496 0.0475123
809.4 1.88496 0.0618964
809.6 1.88496 0.0538236
809.8 1.88496 0.0526727
810 1.88496 0.0572096
810.2 1.88496 0.0362895
810.4 1.88496 -0.0262286
810.6 1.88496 -0.102003
810.8 1.88496 -0.143368
811 1.88496 -0.13215
811.2 1.88496 -0.0930062
811.4 1.88496 -0.0578847
811.6 1.88496 -0.0300078
811.8 1.88496 0.00667205
812 1.88496 0.0480495
812.2 1.88496 0.0575487
812.4 1.88496 0.00472656
812.6 1.88496 -0.0886394
812.8 1.88496 -0.155353
813 1.88496 -0.14338
813.2 1.88496 -0.0666146
813.4 1.88496 0.0113644
813.6 1.88496 0.0422101
813.8 1.88496 0.033625
814 1.88496 0.023927
814.2 1.88496 0.0279716
814.4 1.88496 0.023741
814.6 1.88496 -0.00570178
814.8 1.88496 -0.0343512
815 1.88496 -0.0169068
815.2 1.88496 0.048385
815.4 1.88496 0.0997361
815.6 1.88496 0.0733896
815.8 1.88496 -0.0168652
816 1.88496 -0.0808148
816.2 1.88496 -0.0458818
816.4 1.88496 0.0577657
816.6 1.88496 0.123829
816.8 1.88496 0.0856989
817 1.88496 -0.0096687
817.2 1.88496 -0.0573842
817.4 1.88496 -0.0170369
817.6 1.88496 0.0426349
817.8 1.88496 0.0305047
818 1.88496 -0.053191
818.2 1.88496 -0.113797
818.4 1.88496 -0.074963
818.6 1.88496 0.028747
818.8 1.88496 0.0910586
819 1.88496 0.0564292
819.2 1.88496 -0.020778
819.4 1.88496 -0.0474752
819.6 1.88496 -0.00164178
819.8 1.88496 0.0511826
820 1.88496 0.0449718
820.2 1.88496 -0.010333
820.4 1.88496 -0.0528008
820.6 1.88496 -0.0494088
820.8 1.88496 -0.0251285
821 1.88496 -0.0121068
821.2 1.88496 -0.00066654
821.4 1.88496 0.0358791
821.6 1.88496 0.0820601
821.8 1.88496 0.0813239
822 1.88496 0.0093542
822.2 1.88496 -0.0767292
822.4 1.88496 -0.0913945
822.6 1.88496 -0.0211313
822.8 1.88496 0.0548605
823 1.88496 0.057567
823.2 1.88496 0.00356635
823.4 1.88496 -0.0182277
823.6 1.88496 0.0377153
823.8 1.88496 0.110301
824 1.88496 0.102157
824.2 1.88496 -0.0018812
824.4 1.88496 -0.113859
824.6 1.88496 -0.14224
824.8 1.88496 -0.0876769
825 1.88496 -0.0240286
825.2 1.88496 -0.0025628
825.4 1.88496 -0.0056653
825.6 1.88496 0.00243687
825.8 1.88496 0.0127898
826 1.88496 -0.0114709
826.2 1.88496 -0.0669493
826.4 1.88496 -0.0960865
826.6 1.88496 -0.0583921
826.8 1.88496 0.00701577
827 1.88496 0.0203801
827.2 1.88496 -0.0380271
827.4 1.88496 -0.0954608
827.6 1.88496 -0.0722897
827.8 1.88496 0.0170958
828 1.88496 0.0764243
828.2 1.88496 0.041875
828.4 1.88496 -0.0416881
828.6 1.88496 -0.0762669
828.8 1.88496 -0.0280271
829 1.88496 0.037425
829.2 1.88496 0.039458
829.4 1.88496 -0.0221202
829.6 1.88496 -0.0745057
829.8 1.88496 -0.0628173
830 1.88496 -0.00800583
830.2 1.88496 0.029741
830.4 1.88496 0.0228685
830.6 1.88496 -0.00672156
830.8 1.88496 -0.0309427
831 1.88496 -0.0483226
831.2 1.88496 -0.0665109
831.4 1.88496 -0.0737603
831.6 1.88496 -0.0505152
831.8 1.88496 -0.00515083
832 1.88496 0.0239552
832.2 1.88496 0.0112982
832.4 1.88496 -0.0247533
832.6 1.88496 -0.0475041
832.8 1.88496 -0.0498592
833 1.88496 -0.0568505
833.2 1.88496 -0.0787178
833.4 1.88496 -0.0838719
833.6 1.88496 -0.0379279
833.8 1.88496 0.0393632
834 1.88496 0.0814764
834.2 1.88496 0.048886
834.4 1.88496 -0.0212518
834.6 1.88496 -0.0560967
834.8 1.88496 -0.0304137
835 1.88496 0.011913
835.2 1.88496 0.021831
835.4 1.88496 0.00757967
835.6 1.88496 0.0141087
835.8 1.88496 0.052677
836 1.88496 0.0814039
836.2 1.88496 0.0654105
836.4 1.88496 0.0314577
836.6 1.88496 0.0350928
836.8 1.88496 0.0793711
837 1.88496 0.0985958
837.2 1.88496 0.0401365
837.4 1.88496 -0.0573614
837.6 1.88496 -0.0977257
837.8 1.88496 -0.0406302
838 1.88496 0.0460296
838.2 1.88496 0.0647288
838.4 1.88496 0.00393489
838.6 1.88496 -0.0519141
838.8 1.88496 -0.0284614
839 1.88496 0.0506445
839.2 1.88496 0.10016
839.4 1.88496 0.0809856
839.6 1.88496 0.0402847
839.8 1.88496 0.039934
840 1.88496 0.0745446
840.2 1.88496 0.0856082
840.4 1.88496 0.0456748
840.6 1.88496 -0.00460351
840.8 1.88496 -0.0138746
841 1.88496 0.0112418
841.2 1.88496 0.0213488
841.4 1.88496 -5.35462e-05
841.6 1.88496 -0.0096857
841.8 1.88496 0.0316844
842 1.88496 0.0917629
842.2 1.88496 0.0950071
842.4 1.88496 0.0195483
842.6 1.88496 -0.0630763
842.8 1.88496 -0.0655086
843 1.88496 0.0110702
843.2 1.88496 0.0749552
843.4 1.88496 0.0493152
843.6 1.88496 -0.0426264
843.8 1.88496 -0.112174
844 1.88496 -0.10955
844.2 1.88496 -0.0697581
844.4 1.88496 -0.0539698
844.6 1.88496 -0.0719548
844.8 1.88496 -0.0823212
845 1.88496 -0.0568089
845.2 1.88496 -0.0159805
845.4 1.88496 0.006168
845.6 1.88496 0.010366
845.8 1.88496 0.0233239
846 1.88496 0.0490304
846.2 1.88496 0.0554193
846.4 1.88496 0.0199391
846.6 1.88496 -0.0298632
846.8 1.88496 -0.0427609
847 1.88496 -0.00712719
847.2 1.88496 0.0334644
847.4 1.88496 0.0366769
847.6 1.88496 0.0163511
847.8 1.88496 0.0212739
848 1.88496 0.0638706
848.2 1.88496 0.0940988
848.4 1.88496 0.0578195
848.6 1.88496 -0.0321784
848.8 1.88496 -0.104375
849 1.88496 -0.108078
849.2 1.88496 -0.0669954
849.4 1.88496 -0.04236
849.6 1.88496 -0.0555033
849.8 1.88496 -0.0672902
850 1.88496 -0.0357785
850.2 1.88496 0.0248355
850.4 1.88496 0.0581437
850.6 1.88496 0.0319627
850.8 1.88496 -0.025664
851 1.88496 -0.0601364
851.2 1.88496 -0.047606
851.4 1.88496 -0.00992595
851.6 1.88496 0.0185744
851.8 1.88496 0.0242191
852 1.88496 0.0139154
852.2 1.88496 -0.00143986
852.4 1.88496 -0.0117435
852.6 1.88496 -0.00379244
852.8 1.88496 0.0301283
853 1.88496 0.0749511
853.2 1.88496 0.0962193
853.4 1.88496 0.0725101
853.6 1.88496 0.0216423
853.8 1.88496 -0.0156285
854 1.88496 -0.0186228
854.2 1.88496 -0.00441399
854.4 1.88496 0.000686441
854.6 1.88496 -0.0048933
854.8 1.88496 -0.00556409
855 1.88496 -0.00417988
855.2 1.88496 -0.0279184
855.4 1.88496 -0.0853559
855.6 1.88496 -0.130702
855.8 1.88496 -0.0968209
856 1.88496 0.0259044
856.2 1.88496 0.15764
856.4 1.88496 0.195348
856.6 1.88496 0.113579
856.8 1.88496 -0.0115355
857 1.88496 -0.0820641
857.2 1.88496 -0.0721991
857.4 1.88496 -0.0346496
857.6 1.88496 -0.0247201
857.8 1.88496 -0.0394571
858 1.88496 -0.0387153
858.2 1.88496 -0.0084865
858.4 1.88496 0.0194579
858.6 1.88496 0.0125383
858.8 1.88496 -0.0176297
859 1.88496 -0.0302399
859.2 1.88496 -0.00841979
859.4 1.88496 0.0204064
859.6 1.88496 0.0219877
859.8 1.88496 -0.00074191
860 1.88496 -0.0145072
860.2 1.88496 -0.00202904
860.4 1.88496 0.0146586
860.6 1.88496 0.00430457
860.8 1.88496 -0.0304644
861 1.88496 -0.0537275
861.2 1.88496 -0.0402176
861.4 1.88496 -0.00699829
861.6 1.88496 0.00652468
861.8 1.88496 -0.0146009
862 1.88496 -0.043094
862.2 1.88496 -0.0395069
862.4 1.88496 0.00571427
862.6 1.88496 0.0624707
862.8 1.88496 0.0880972
863 1.88496 0.0602023
863.2 1.88496 -0.0109174
863.4 1.88496 -0.0915846
863.6 1.88496 -0.14357
863.8 1.88496 -0.143888
864 1.88496 -0.0981669
864.2 1.88496 -0.037175
864.4 1.88496 0.00675599
864.6 1.88496 0.0251076
864.8 1.88496 0.0343737
865 1.88496 0.0510925
865.2 1.88496 0.0706202
865.4 1.88496 0.0764016
865.6 1.88496 0.0673542
865.8 1.88496 0.0647689
866 1.88496 0.0852034
866.2 1.88496 0.112959
866.4 1.88496 0.11199
866.6 1.88496 0.0683278
866.8 1.88496 0.0110437
867 1.88496 -0.0176668
867.2 1.88496 -0.00932437
867.4 1.88496 0.00563549
867.6 1.88496 0.00172086
867.8 1.88496 -0.00516139
868 1.88496 0.0214862
868.2 1.88496 0.0836127
868.4 1.88496 0.130185
868.6 1.88496 0.105735
868.8 1.88496 0.0136353
869 1.88496 -0.079662
869.2 1.88496 -0.106412
869.4 1.88496 -0.0572501
869.6 1.88496 0.0224011
869.8 1.88496 0.0847199
870 1.88496 0.116039
870.2 1.88496 0.125805
870.4 1.88496 0.118677
870.6 1.88496 0.0927239
870.8 1.88496 0.0588583
871 1.88496 0.0422552
871.2 1.88496 0.0541103
871.4 1.88496 0.0715244
871.6 1.88496 0.060224
871.8 1.88496 0.0179595
872 1.88496 -0.0175498
872.2 1.88496 -0.0119748
872.4 1.88496 0.0223644
872.6 1.88496 0.0395601
872.8 1.88496 0.0162823
873 1.88496 -0.0189273
873.2 1.88496 -0.021521
873.4 1.88496 0.0122727
873.6 1.88496 0.0404774
873.8 1.88496 0.0297058
874 1.88496 -0.000769116
874.2 1.88496 -0.00323277
874.4 1.88496 0.0351845
874.6 1.88496 0.0722121
874.8 1.88496 0.0627112
875 1.88496 0.0192903
875.2 1.88496 0.00236073
875.4 1.88496 0.0464373
875.6 1.88496 0.111731
875.8 1.88496 0.123781
876 1.88496 0.0579751
876.2 1.88496 -0.0295644
876.4 1.88496 -0.0620804
876.6 1.88496 -0.0241331
876.8 1.88496 0.0270284
877 1.88496 0.0286751
877.2 1.88496 -0.0214715
877.4 1.88496 -0.071694
877.6 1.88496 -0.0780732
877.8 1.88496 -0.046538
878 1.88496 -0.0144459
878.2 1.88496 -0.00528689
878.4 1.88496 -0.0124573
878.6 1.88496 -0.0213586
878.8 1.88496 -0.0311271
879 1.88496 -0.04724
879.2 1.88496 -0.0620431
879.4 1.88496 -0.0565247
879.6 1.88496 -0.0243753
879.8 1.88496 0.0144093
880 1.88496 0.0313301
880.2 1.88496 0.0192163
880.4 1.88496 -0.00147006
880.6 1.88496 -0.00633351
880.8 1.88496 0.00808011
881 1.88496 0.0252883
881.2 1.88496 0.0300908
881.4 1.88496 0.0236695
881.6 1.88496 0.0190499
881.8 1.88496 0.0273344
882 1.88496 0.0496049
882.2 1.88496 0.0765013
882.4 1.88496 0.0912738
882.6 1.88496 0.0782557
882.8 1.88496 0.0385057
883 1.88496 -0.000326639
883.2 1.88496 0.000195043
883.4 1.88496 0.0515144
883.6 1.88496 0.115622
883.8 1.88496 0.132125
884 1.88496 0.0778292
884.2 1.88496 -0.00226566
884.4 1.88496 -0.0336923
884.6 1.88496 0.0125022
884.8 1.88496 0.0873573
885 1.88496 0.111687
885.2 1.88496 0.0555346
885.4 1.88496 -0.0343018
885.6 1.88496 -0.0847926
885.8 1.88496 -0.0673822
886 1.88496 -0.0147637
886.2 1.88496 0.0244412
886.4 1.88496 0.0349821
886.6 1.88496 0.0358896
886.8 1.88496 0.0438741
887 1.88496 0.0501185
887.2 1.88496 0.0355901
887.4 1.88496 -0.00104739
887.6 1.88496 -0.0400077
887.8 1.88496 -0.0623006
888 1.88496 -0.0661033
888.2 1.88496 -0.0597248
888.4 1.88496 -0.0469734
888.6 1.88496 -0.0282116
888.8 1.88496 -0.0127625
889 1.88496 -0.0178719
889.2 1.88496 -0.0470367
889.4 1.88496 -0.0741185
889.6 1.88496 -0.0609061
889.8 1.88496 0.00264953
890 1.88496 0.0786041
890.2 1.88496 0.108525
890.4 1.88496 0.0651712
890.6 1.88496 -0.0223077
890.8 1.88496 -0.0941424
891 1.88496 -0.110008
891.2 1.88496 -0.0769516
891.4 1.88496 -0.0343118
891.6 1.88496 -0.0165341
891.8 1.88496 -0.0289251
892 1.88496 -0.0519811
892.2 1.88496 -0.0627792
892.4 1.88496 -0.0525496
892.6 1.88496 -0.0287264
892.8 1.88496 -0.00421283
893 1.88496 0.0147993
893.2 1.88496 0.0319033
893.4 1.88496 0.0518722
893.6 1.88496 0.0693737
893.8 1.88496 0.0686834
894 1.88496 0.0382448
894.2 1.88496 -0.0131818
894.4 1.88496 -0.0580276
894.6 1.88496 -0.0719414
894.8 1.88496 -0.0559842
895 1.88496 -0.0353221
895.2 1.88496 -0.0343736
895.4 1.88496 -0.0537432
895.6 1.88496 -0.0725183
895.8 1.88496 -0.0714653
896 1.88496 -0.0505417
896.2 1.88496 -0.0234483
896.4 1.88496 0.000121432
896.6 1.88496 0.020905
896.8 1.88496 0.0389143
897 1.88496 0.0429789
897.2 1.88496 0.0194807
897.4 1.88496 -0.0271078
897.6 1.88496 -0.068398
897.8 1.88496 -0.0741383
898 1.88496 -0.0419426
898.2 1.88496 -0.00151462
898.4 1.88496 0.0148995
898.6 1.88496 0.00536575
898.8 1.88496 -0.00278917
899 1.88496 0.0114141
899.2 1.88496 0.0328816
899.4 1.88496 0.0246443
899.6 1.88496 -0.0250217
899.8 1.88496 -0.0765351
900 1.88496 -0.0714738
900.2 1.88496 0.00327579
900.4 1.88496 0.0906517
900.6 1.88496 0.114604
900.8 1.88496 0.0606576
901 1.88496 -0.00242362
901.2 1.88496 0.00790179
901.4 1.88496 0.0957913
901.6 1.88496 0.174601
901.8 1.88496 0.155685
902 1.88496 0.0461314
902.2 1.88496 -0.0530303
902.4 1.88496 -0.051574
902.6 1.88496 0.0349263
902.8 1.88496 0.104758
903 1.88496 0.0819155
903.2 1.88496 -0.00435756
903.4 1.88496 -0.0592227
903.6 1.88496 -0.0310833
903.8 1.88496 0.0362611
904 1.88496 0.0628348
904.2 1.88496 0.0273964
904.4 1.88496 -0.0142334
904.6 1.88496 -0.00302244
904.8 1.88496 0.0509155
905 1.88496 0.0829067
905.2 1.88496 0.0522312
905.4 1.88496 -0.0120898
905.6 1.88496 -0.0483464
905.8 1.88496 -0.0307723
906 1.88496 0.011663
906.2 1.88496 0.0377067
906.4 1.88496 0.036285
906.6 1.88496 0.0207581
906.8 1.88496 -0.00214048
907 1.88496 -0.0371025
907.2 1.88496 -0.0751066
907.4 1.88496 -0.0849828
907.6 1.88496 -0.0464847
907.8 1.88496 0.0154296
908 1.88496 0.0484297
908.2 1.88496 0.0312364
908.4 1.88496 0.00079074
908.6 1.88496 0.00788717
908.8 1.88496 0.0513782
909 1.88496 0.0741177
909.2 1.88496 0.0308314
909.4 1.88496 -0.0532128
909.6 1.88496 -0.106424
909.8 1.88496 -0.0908953
910 1.88496 -0.0419963
910.2 1.88496 -0.0218665
910.4 1.88496 -0.0462838
910.6 1.88496 -0.0739112
910.8 1.88496 -0.0651233
911 1.88496 -0.0314895
911.2 1.88496 -0.0151649
911.4 1.88496 -0.0306184
911.6 1.88496 -0.0473612
911.8 1.88496 -0.0337046
912 1.88496 0.000288235
912.2 1.88496 0.0184077
912.4 1.88496 0.00887325
912.6 1.88496 -0.0016186
912.8 1.88496 0.00940247
913 1.88496 0.0212727
913.2 1.88496 -0.00564961
913.4 1.88496 -0.0689651
913.6 1.88496 -0.109609
913.8 1.88496 -0.0740165
914 1.88496 0.017167
914.2 1.88496 0.0815622
914.4 1.88496 0.0626421
914.6 1.88496 -0.00739681
914.8 1.88496 -0.0443189
915 1.88496 -0.00618676
915.2 1.88496 0.0631184
915.4 1.88496 0.0890226
915.6 1.88496 0.0522788
915.8 1.88496 0.0064877
916 1.88496 0.0121865
916.2 1.88496 0.067247
916.4 1.88496 0.110962
916.6 1.88496 0.0908672
916.8 1.88496 0.0156202
917 1.88496 -0.0572822
917.2 1.88496 -0.0765827
917.4 1.88496 -0.0369808
917.6 1.88496 0.0252711
917.8 1.88496 0.0639379
918 1.88496 0.0517887
918.2 1.88496 -0.00542632
918.4 1.88496 -0.071149
918.6 1.88496 -0.0977713
918.8 1.88496 -0.0596028
919 1.88496 0.0230388
919.2 1.88496 0.0942205
919.4 1.88496 0.105506
919.6 1.88496 0.0549152
919.8 1.88496 -0.014823
920 1.88496 -0.0550153
920.2 1.88496 -0.0481175
920.4 1.88496 -0.0116241
920.6 1.88496 0.0249342
920.8 1.88496 0.0418385
921 1.88496 0.0349685
921.2 1.88496 0.0132698
921.4 1.88496 -0.00403063
921.6 1.88496 0.00444066
921.8 1.88496 0.0446512
922 1.88496 0.0945728
922.2 1.88496 0.11683
922.4 1.88496 0.091967
922.6 1.88496 0.0390892
922.8 1.88496 -0.00141109
923 1.88496 -0.00643401
923.2 1.88496 0.0115221
923.4 1.88496 0.0247443
923.6 1.88496 0.0221527
923.8 1.88496 0.014987
924 1.88496 0.0148665
924.2 1.88496 0.0172417
924.4 1.88496 0.011693
924.6 1.88496 0.00083693
924.8 1.88496 -0.00240812
925 1.88496 0.00334651
925.2 1.88496 0.000513631
925.4 1.88496 -0.0239437
925.6 1.88496 -0.0529451
925.8 1.88496 -0.0510146
926 1.88496 -0.00683031
926.2 1.88496 0.0449225
926.4 1.88496 0.0561303
926.6 1.88496 0.0194709
926.8 1.88496 -0.0207297
927 1.88496 -0.0180484
927.2 1.88496 0.0219264
927.4 1.88496 0.0476747
927.6 1.88496 0.0221631
927.8 1.88496 -0.0333333
928 1.88496 -0.0628847
928.2 1.88496 -0.0379119
928.4 1.88496 0.0149324
928.6 1.88496 0.0479883
928.8 1.88496 0.0430807
929 1.88496 0.0197475
929.2 1.88496 0.00146946
929.4 1.88496 -0.00981111
929.6 1.88496 -0.0205482
929.8 1.88496 -0.0216803
930 1.88496 0.00377518
930.2 1.88496 0.0478316
930.4 1.88496 0.0691739
930.6 1.88496 0.0332817
930.8 1.88496 -0.0413031
931 1.88496 -0.0909653
931.2 1.88496 -0.0694165
931.4 1.88496 0.00382485
931.6 1.88496 0.0654154
931.8 1.88496 0.0757137
932 1.88496 0.0537713
932.2 1.88496 0.0433537
932.4 1.88496 0.0564559
932.6 1.88496 0.0643051
932.8 1.88496 0.0418009
933 1.88496 0.0036945
933.2 1.88496 -0.0150372
933.4 1.88496 -0.00721398
933.6 1.88496 -0.00465429
933.8 1.88496 -0.0359977
934 1.88496 -0.0856702
934.2 1.88496 -0.108718
934.4 1.88496 -0.0845232
934.6 1.88496 -0.0412461
934.8 1.88496 -0.0195654
935 1.88496 -0.0225646
935.2 1.88496 -0.0163407
935.4 1.88496 0.0195815
935.6 1.88496 0.0588662
935.8 1.88496 0.0582153
936 1.88496 0.014447
936.2 1.88496 -0.0247545
936.4 1.88496 -0.0140142
936.6 1.88496 0.0363265
936.8 1.88496 0.0726097
937 1.88496 0.060979
937.2 1.88496 0.0239498
937.4 1.88496 0.00642391
937.6 1.88496 0.0155762
937.8 1.88496 0.0109872
938 1.88496 -0.0419568
938.2 1.88496 -0.121084
938.4 1.88496 -0.16223
938.6 1.88496 -0.124396
938.8 1.88496 -0.0318252
939 1.88496 0.0503387
939.2 1.88496 0.0753085
939.4 1.88496 0.0461089
939.6 1.88496 -0.00226593
939.8 1.88496 -0.038106
940 1.88496 -0.0491257
940.2 1.88496 -0.0383101
940.4 1.88496 -0.0175666
940.6 1.88496 -0.00363785
940.8 1.88496 -0.0069025
941 1.88496 -0.0174828
941.2 1.88496 -0.0101135
941.4 1.88496 0.0268376
941.6 1.88496 0.0692315
941.8 1.88496 0.0758105
942 1.88496 0.0342184
942.2 1.88496 -0.0195779
942.4 1.88496 -0.0381926
942.6 1.88496 -0.0166595
942.8 1.88496 0.00237558
943 1.88496 -0.0191074
943.2 1.88496 -0.068418
943.4 1.88496 -0.100689
943.6 1.88496 -0.0985529
943.8 1.88496 -0.0945063
944 1.88496 -0.123831
944.2 1.88496 -0.167804
944.4 1.88496 -0.165302
944.6 1.88496 -0.0861441
944.8 1.88496 0.0234986
945 1.88496 0.0846063
945.2 1.88496 0.070549
945.4 1.88496 0.031813
945.6 1.88496 0.0302663
945.8 1.88496 0.0637584
946 1.88496 0.0732094
946.2 1.88496 0.0217224
946.4 1.88496 -0.0534484
946.6 1.88496 -0.08039
946.8 1.88496 -0.0346619
947 1.88496 0.0348224
947.2 1.88496 0.06323
947.4 1.88496 0.0383359
947.6 1.88496 0.00201684
947.8 1.88496 -0.00621308
948 1.88496 0.0108253
948.2 1.88496 0.0254836
948.4 1.88496 0.0245013
948.6 1.88496 0.015526
948.8 1.88496 0.00232072
949 1.88496 -0.0248665
949.2 1.88496 -0.0656669
949.4 1.88496 -0.0914723
949.6 1.88496 -0.0711764
949.8 1.88496 -0.016195
950 1.88496 0.0176289
950.2 1.88496 -0.0128231
950.4 1.88496 -0.0837419
950.6 1.88496 -0.121616
950.8 1.88496 -0.0795946
951 1.88496 0.0111078
951.2 1.88496 0.0722487
951.4 1.88496 0.056737
951.6 1.88496 -0.010899
951.8 1.88496 -0.0679751
952 1.88496 -0.0749206
952.2 1.88496 -0.0399639
952.4 1.88496 0.00449485
952.6 1.88496 0.0339991
952.8 1.88496 0.0408637
953 1.88496 0.0276143
953.2 1.88496 0.00540684
953.4 1.88496 -0.00554812
953.6 1.88496 0.0110607
953.8 1.88496 0.0476575
954 1.88496 0.0733861
954.2 1.88496 0.0642218
954.4 1.88496 0.0311167
954.6 1.88496 0.00998807
954.8 1.88496 0.0218002
955 1.88496 0.049765
955.2 1.88496 0.0607651
955.4 1.88496 0.0432999
955.6 1.88496 0.0148929
955.8 1.88496 -0.00616805
956 1.88496 -0.0229179
956.2 1.88496 -0.0453153
956.4 1.88496 -0.0622857
956.6 1.88496 -0.0453763
956.8 1.88496 0.0130596
957 1.88496 0.0753838
957.2 1.88496 0.0862697
957.4 1.88496 0.0276646
957.6 1.88496 -0.0603186
957.8 1.88496 -0.116961
958 1.88496 -0.114742
958.2 1.88496 -0.0735238
958.4 1.88496 -0.0283184
958.6 1.88496 0.00551517
958.8 1.88496 0.0337312
959 1.88496 0.0613682
959.2 1.88496 0.0808381
959.4 1.88496 0.0808108
959.6 1.88496 0.0585804
959.8 1.88496 0.0210249
960 1.88496 -0.0199853
960.2 1.88496 -0.0489127
960.4 1.88496 -0.0504509
960.6 1.88496 -0.0233312
960.8 1.88496 0.00976708
961 1.88496 0.0184568
961.2 1.88496 -3.16729e-05
961.4 1.88496 -0.00896645
961.6 1.88496 0.0294124
961.8 1.88496 0.100311
962 1.88496 0.135119
962.2 1.88496 0.0790739
962.4 1.88496 -0.0410585
962.6 1.88496 -0.131236
962.8 1.88496 -0.120949
963 1.88496 -0.0338156
963.2 1.88496 0.0406311
963.4 1.88496 0.042794
963.6 1.88496 -0.00105893
963.8 1.88496 -0.0208959
964 1.88496 0.0129518
964.2 1.88496 0.0615123
964.4 1.88496 0.0694585
964.6 1.88496 0.0278612
964.8 1.88496 -0.0249263
965 1.88496 -0.0538286
965.2 1.88496 -0.0608652
965.4 1.88496 -0.0664192
965.6 1.88496 -0.073536
965.8 1.88496 -0.0658667
966 1.88496 -0.0370406
966.2 1.88496 -0.00608096
966.4 1.88496 0.00359417
966.6 1.88496 -0.0083776
966.8 1.88496 -0.0230183
967 1.88496 -0.0292936
967.2 1.88496 -0.0350806
967.4 1.88496 -0.0471741
967.6 1.88496 -0.051853
967.8 1.88496 -0.0280673
968 1.88496 0.0214769
968.2 1.88496 0.0646757
968.4 1.88496 0.0721501
968.6 1.88496 0.0490317
968.8 1.88496 0.0269525
969 1.88496 0.0273376
969.2 1.88496 0.041798
969.4 1.88496 0.0500941
969.6 1.88496 0.0464641
969.8 1.88496 0.0390896
970 1.88496 0.0299685
970.2 1.88496 0.0107421
970.4 1.88496 -0.0167742
970.6 1.88496 -0.0290777
970.8 1.88496 -0.00514357
971 1.88496 0.0397268
971.2 1.88496 0.0605239
971.4 1.88496 0.0333665
971.6 1.88496 -0.00881921
971.8 1.88496 -0.00755627
972 1.88496 0.0511453
972.2 1.88496 0.110685
972.4 1.88496 0.100348
972.6 1.88496 0.0148529
972.8 1.88496 -0.0752366
973 1.88496 -0.0969929
973.2 1.88496 -0.0509355
973.4 1.88496 -0.00408387
973.6 1.88496 -0.0112392
973.8 1.88496 -0.0560242
974 1.88496 -0.0761989
974.2 1.88496 -0.0394472
974.4 1.88496 0.018531
974.6 1.88496 0.0340326
974.8 1.88496 -0.0147031
975 1.88496 -0.0843448
975.2 1.88496 -0.11093
975.4 1.88496 -0.071849
975.6 1.88496 -0.00351891
975.8 1.88496 0.0366631
976 1.88496 0.0219654
976.2 1.88496 -0.0255587
976.4 1.88496 -0.0613425
976.6 1.88496 -0.0596741
976.8 1.88496 -0.031984
977 1.88496 -0.00834929
977.2 1.88496 -0.00320044
977.4 1.88496 -0.00117522
977.6 1.88496 0.0211001
977.8 1.88496 0.0606506
978 1.88496 0.0821803
978.2 1.88496 0.053634
978.4 1.88496 -0.0127699
978.6 1.88496 -0.0636785
978.8 1.88496 -0.0564974
979 1.88496 -0.00635724
979.2 1.88496 0.0262111
979.4 1.88496 -0.00198988
979.6 1.88496 -0.0713082
979.8 1.88496 -0.120992
980 1.88496 -0.112013
980.2 1.88496 -0.0606336
980.4 1.88496 -0.0101517
980.6 1.88496 0.0178093
980.8 1.88496 0.0332914
981 1.88496 0.0461344
981.2 1.88496 0.0440367
981.4 1.88496 0.0139838
981.6 1.88496 -0.0242405
981.8 1.88496 -0.0264457
982 1.88496 0.0258578
982.2 1.88496 0.094445
982.4 1.88496 0.11814
982.6 1.88496 0.0776935
982.8 1.88496 0.014891
983 1.88496 -0.0185936
983.2 1.88496 -0.0213764
983.4 1.88496 -0.0372258
983.6 1.88496 -0.0906928
983.8 1.88496 -0.144915
984 1.88496 -0.138088
984.2 1.88496 -0.059066
984.4 1.88496 0.029177
984.6 1.88496 0.0507556
984.8 1.88496 -0.00411831
985 1.88496 -0.0711827
985.2 1.88496 -0.0830468
985.4 1.88496 -0.0388403
985.6 1.88496 0.00260029
985.8 1.88496 -0.00713175
986 1.88496 -0.0535301
986.2 1.88496 -0.0790225
986.4 1.88496 -0.04796
986.6 1.88496 0.0155297
986.8 1.88496 0.0533486
987 1.88496 0.0306038
987.2 1.88496 -0.0340151
987.4 1.88496 -0.0894945
987.6 1.88496 -0.0988636
987.8 1.88496 -0.0668974
988 1.88496 -0.0290719
988.2 1.88496 -0.0168444
988.4 1.88496 -0.030681
988.6 1.88496 -0.0425698
988.8 1.88496 -0.02451
989 1.88496 0.0225805
989.2 1.88496 0.0666681
989.4 1.88496 0.0734162
989.6 1.88496 0.0397275
989.8 1.88496 -0.00207464
990 1.88496 -0.015701
990.2 1.88496 0.00313393
990.4 1.88496 0.0246521
990.6 1.88496 0.0196842
990.8 1.88496 -0.00703235
991 1.88496 -0.0226586
991.2 1.88496 -0.00543926
991.4 1.88496 0.0270382
991.6 1.88496 0.033787
991.8 1.88496 -0.0054351
992 1.88496 -0.0656818
992.2 1.88496 -0.0986218
992.4 1.88496 -0.0775237
992.6 1.88496 -0.0195682
992.8 1.88496 0.0333834
993 1.88496 0.0508623
993.2 1.88496 0.0313161
993.4 1.88496 -0.00785912
993.6 1.88496 -0.0473554
993.8 1.88496 -0.0716464
994 1.88496 -0.067713
994.2 1.88496 -0.0313192
994.4 1.88496 0.0215178
994.6 1.88496 0.0571528
994.8 1.88496 0.0498473
995 1.88496 0.00872882
995.2 1.88496 -0.0257987
995.4 1.88496 -0.0200313
995.6 1.88496 0.0173231
995.8 1.88496 0.042112
996 1.88496 0.0214023
996.2 1.88496 -0.0280756
996.4 1.88496 -0.0536008
996.6 1.88496 -0.0218085
996.8 1.88496 0.0415791
997 1.88496 0.0718088
997.2 1.88496 0.028255
997.4 1.88496 -0.0621673
997.6 1.88496 -0.125883
997.8 1.88496 -0.109097
998 1.88496 -0.026779
998.2 1.88496 0.0502328
998.4 1.88496 0.056821
998.6 1.88496 -0.0116251
998.8 1.88496 -0.096561
999 1.88496 -0.124242
999.2 1.88496 -0.0641589
999.4 1.88496 0.0471457
999.6 1.88496 0.133301
999.8 1.88496 0.135491
1000 1.88496 0.0565881
0.2 2.19911 -0.040763
0.4 2.19911 0.0421356
0.6 2.19911 0.0358035
0.8 2.19911 -0.0165672
1 2.19911 -0.0192921
1.2 2.19911 0.0483399
1.4 2.19911 0.106129
1.6 2.19911 0.0803904
1.8 2.19911 0.00242569
2 2.19911 -0.0309313
2.2 2.19911 0.0176241
2.4 2.19911 0.0787874
2.6 2.19911 0.0681229
2.8 2.19911 -0.00405287
3 2.19911 -0.0470337
3.2 2.19911 -0.00801444
3.4 2.19911 0.0604025
3.6 2.19911 0.0702895
3.8 2.19911 0.0136081
4 2.19911 -0.0270937
4.2 2.19911 0.0143442
4.4 2.19911 0.101106
4.6 2.19911 0.137349
4.8 2.19911 0.0857123
5 2.19911 0.0107165
5.2 2.19911 -0.00242335
5.4 2.19911 0.0513358
5.6 2.19911 0.0987378
5.8 2.19911 0.0817438
6 2.19911 0.0223797
6.2 2.19911 -0.0143527
6.4 2.19911 -0.00169248
6.6 2.19911 0.0269284
6.8 2.19911 0.031936
7 2.19911 0.0181946
7.2 2.19911 0.0182903
7.4 2.19911 0.0394701
7.6 2.19911 0.0495548
7.8 2.19911 0.0193568
8 2.19911 -0.0365537
8.2 2.19911 -0.0735827
8.4 2.19911 -0.0662057
8.6 2.19911 -0.0319823
8.8 2.19911 -0.00701449
9 2.19911 -0.00850696
9.2 2.19911 -0.0263615
9.4 2.19911 -0.0423362
9.6 2.19911 -0.0462536
9.8 2.19911 -0.035674
10 2.19911 -0.0126972
10.2 2.19911 0.0122482
10.4 2.19911 0.0214905
10.6 2.19911 0.00649369
10.8 2.19911 -0.016542
11 2.19911 -0.0172293
11.2 2.19911 0.0165858
11.4 2.19911 0.0610657
11.6 2.19911 0.0778165
11.8 2.19911 0.0530596
12 2.19911 0.0108531
12.2 2.19911 -0.0127833
12.4 2.19911 -0.0035198
12.6 2.19911 0.0248815
12.8 2.19911 0.0499437
13 2.19911 0.057832
13.2 2.19911 0.0443234
13.4 2.19911 0.0111104
13.6 2.19911 -0.0312512
13.8 2.19911 -0.0631726
14 2.19911 -0.0708183
14.2 2.19911 -0.0637042
14.4 2.19911 -0.0688667
14.6 2.19911 -0.100075
14.8 2.19911 -0.136322
15 2.19911 -0.139561
15.2 2.19911 -0.0957389
15.4 2.19911 -0.0322315
15.6 2.19911 0.00910858
15.8 2.19911 0.0119623
16 2.19911 -0.00558475
16.2 2.19911 -0.0169107
16.4 2.19911 -0.0116205
16.6 2.19911 0.00603885
16.8 2.19911 0.0307447
17 2.19911 0.0563142
17.2 2.19911 0.0668242
17.4 2.19911 0.0440577
17.6 2.19911 -0.00701836
17.8 2.19911 -0.048869
18 2.19911 -0.0424119
18.2 2.19911 0.00938028
18.4 2.19911 0.0588156
18.6 2.19911 0.0621856
18.8 2.19911 0.026651
19 2.19911 0.000191358
19.2 2.19911 0.0163794
19.4 2.19911 0.0592515
19.6 2.19911 0.0865785
19.8 2.19911 0.077976
20 2.19911 0.0492562
20.2 2.19911 0.0239043
20.4 2.19911 0.00672678
20.6 2.19911 -0.00747527
20.8 2.19911 -0.0128293
21 2.19911 0.00144358
21.2 2.19911 0.0238664
21.4 2.19911 0.0192143
21.6 2.19911 -0.0303365
21.8 2.19911 -0.0894704
22 2.19911 -0.0949039
22.2 2.19911 -0.0246288
22.4 2.19911 0.0690182
22.6 2.19911 0.108943
22.8 2.19911 0.0741312
23 2.19911 0.0189089
23.2 2.19911 0.00830456
23.4 2.19911 0.0457183
23.6 2.19911 0.0753515
23.8 2.19911 0.0503827
24 2.19911 -0.0168816
24.2 2.19911 -0.0763817
24.4 2.19911 -0.0971865
24.6 2.19911 -0.0892763
24.8 2.19911 -0.0749801
25 2.19911 -0.0589609
25.2 2.19911 -0.0357353
25.4 2.19911 -0.0131298
25.6 2.19911 -0.00818618
25.8 2.19911 -0.017893
26 2.19911 -0.0114553
26.2 2.19911 0.0343095
26.4 2.19911 0.0982014
26.6 2.19911 0.129847
26.8 2.19911 0.106491
27 2.19911 0.0627127
27.2 2.19911 0.0522108
27.4 2.19911 0.0846522
27.6 2.19911 0.114161
27.8 2.19911 0.0938012
28 2.19911 0.0295316
28.2 2.19911 -0.0305104
28.4 2.19911 -0.053781
28.6 2.19911 -0.0540915
28.8 2.19911 -0.0605539
29 2.19911 -0.0714893
29.2 2.19911 -0.0574752
29.4 2.19911 -0.00954448
29.6 2.19911 0.0347227
29.8 2.19911 0.0285492
30 2.19911 -0.0253399
30.2 2.19911 -0.0700037
30.4 2.19911 -0.055976
30.6 2.19911 0.00121773
30.8 2.19911 0.0374866
31 2.19911 0.0137116
31.2 2.19911 -0.0390773
31.4 2.19911 -0.0559296
31.6 2.19911 -0.0133672
31.8 2.19911 0.0435707
32 2.19911 0.0528184
32.2 2.19911 0.00430678
32.4 2.19911 -0.0527704
32.6 2.19911 -0.0697628
32.8 2.19911 -0.0527582
33 2.19911 -0.0473972
33.2 2.19911 -0.0745381
33.4 2.19911 -0.0966794
33.6 2.19911 -0.059778
33.8 2.19911 0.0352816
34 2.19911 0.117326
34.2 2.19911 0.111565
34.4 2.19911 0.019761
34.6 2.19911 -0.0754591
34.8 2.19911 -0.0911152
35 2.19911 -0.0245278
35.2 2.19911 0.0512702
35.4 2.19911 0.0685015
35.6 2.19911 0.0303416
35.8 2.19911 -0.00745456
36 2.19911 -0.00814773
36.2 2.19911 0.0100154
36.4 2.19911 0.0114748
36.6 2.19911 -0.00171179
36.8 2.19911 0.00644054
37 2.19911 0.0475589
37.2 2.19911 0.0768371
37.4 2.19911 0.0395827
37.6 2.19911 -0.0541418
37.8 2.19911 -0.123673
38 2.19911 -0.100385
38.2 2.19911 -0.00703847
38.4 2.19911 0.0631046
38.6 2.19911 0.0482645
38.8 2.19911 -0.0168725
39 2.19911 -0.0492184
39.2 2.19911 -0.0187974
39.4 2.19911 0.0196717
39.6 2.19911 0.00105723
39.8 2.19911 -0.065026
40 2.19911 -0.104923
40.2 2.19911 -0.072846
40.4 2.19911 -0.00735535
40.6 2.19911 0.0187098
40.8 2.19911 -0.00901775
41 2.19911 -0.0289021
41.2 2.19911 0.0161198
41.4 2.19911 0.100996
41.6 2.19911 0.142422
41.8 2.19911 0.0967577
42 2.19911 0.013205
42.2 2.19911 -0.0214623
42.4 2.19911 0.0207015
42.6 2.19911 0.0842827
42.8 2.19911 0.10028
43 2.19911 0.0618812
43.2 2.19911 0.0199076
43.4 2.19911 0.0139717
43.6 2.19911 0.027706
43.8 2.19911 0.0168119
44 2.19911 -0.0325345
44.2 2.19911 -0.0864057
44.4 2.19911 -0.100785
44.6 2.19911 -0.0647999
44.8 2.19911 -0.00483062
45 2.19911 0.0433611
45.2 2.19911 0.0592929
45.4 2.19911 0.0431811
45.6 2.19911 0.0115025
45.8 2.19911 -0.0107856
46 2.19911 -0.00664172
46.2 2.19911 0.0137317
46.4 2.19911 0.015607
46.6 2.19911 -0.024473
46.8 2.19911 -0.0830186
47 2.19911 -0.102475
47.2 2.19911 -0.0514261
47.4 2.19911 0.0327119
47.6 2.19911 0.0756417
47.8 2.19911 0.0459333
48 2.19911 -0.0074832
48.2 2.19911 -0.00839937
48.4 2.19911 0.0599392
48.6 2.19911 0.134485
48.8 2.19911 0.14278
49 2.19911 0.0821512
49.2 2.19911 0.0168407
49.4 2.19911 0.000948131
49.6 2.19911 0.0208862
49.8 2.19911 0.0217265
50 2.19911 -0.0219292
50.2 2.19911 -0.0787907
50.4 2.19911 -0.104552
50.6 2.19911 -0.0949805
50.8 2.19911 -0.0820193
51 2.19911 -0.0846287
51.2 2.19911 -0.0829554
51.4 2.19911 -0.0491595
51.6 2.19911 0.00850633
51.8 2.19911 0.0486437
52 2.19911 0.0441976
52.2 2.19911 0.0135479
52.4 2.19911 -0.00422111
52.6 2.19911 0.00276763
52.8 2.19911 0.00944702
53 2.19911 -0.00693874
53.2 2.19911 -0.0311695
53.4 2.19911 -0.0255511
53.6 2.19911 0.0217854
53.8 2.19911 0.0766119
54 2.19911 0.0930497
54.2 2.19911 0.0625162
54.4 2.19911 0.0200985
54.6 2.19911 0.00322987
54.8 2.19911 0.0128461
55 2.19911 0.0201472
55.2 2.19911 0.00553751
55.4 2.19911 -0.0191975
55.6 2.19911 -0.0292497
55.8 2.19911 -0.0190187
56 2.19911 -0.00774413
56.2 2.19911 -0.0136523
56.4 2.19911 -0.0300886
56.6 2.19911 -0.0327875
56.8 2.19911 -0.00910051
57 2.19911 0.0251528
57.2 2.19911 0.0400688
57.4 2.19911 0.0211609
57.6 2.19911 -0.01657
57.8 2.19911 -0.0420161
58 2.19911 -0.033551
58.2 2.19911 0.00586202
58.4 2.19911 0.0524726
58.6 2.19911 0.0768569
58.8 2.19911 0.0597824
59 2.19911 0.00348855
59.2 2.19911 -0.0652195
59.4 2.19911 -0.105589
59.6 2.19911 -0.0877624
59.8 2.19911 -0.0179056
60 2.19911 0.0593551
60.2 2.19911 0.0910256
60.4 2.19911 0.0582632
60.6 2.19911 -0.00639015
60.8 2.19911 -0.0466174
61 2.19911 -0.0324358
61.2 2.19911 0.0138229
61.4 2.19911 0.0409788
61.6 2.19911 0.0186751
61.8 2.19911 -0.0359785
62 2.19911 -0.0793098
62.2 2.19911 -0.0846405
62.4 2.19911 -0.062502
62.6 2.19911 -0.0403614
62.8 2.19911 -0.0295162
63 2.19911 -0.0173402
63.2 2.19911 0.00984734
63.4 2.19911 0.0436728
63.6 2.19911 0.0583697
63.8 2.19911 0.0369477
64 2.19911 -0.0110996
64.2 2.19911 -0.0578852
64.4 2.19911 -0.0789601
64.6 2.19911 -0.0667306
64.8 2.19911 -0.0294499
65 2.19911 0.0143937
65.2 2.19911 0.0409248
65.4 2.19911 0.031309
65.6 2.19911 -0.0109587
65.8 2.19911 -0.0529184
66 2.19911 -0.0533273
66.2 2.19911 -0.00164893
66.4 2.19911 0.0639213
66.6 2.19911 0.0853954
66.8 2.19911 0.0384525
67 2.19911 -0.0431399
67.2 2.19911 -0.0988422
67.4 2.19911 -0.0961716
67.6 2.19911 -0.0523993
67.8 2.19911 -0.00525002
68 2.19911 0.0283502
68.2 2.19911 0.0580545
68.4 2.19911 0.090648
68.6 2.19911 0.109434
68.8 2.19911 0.0925349
69 2.19911 0.0472345
69.2 2.19911 0.0133238
69.4 2.19911 0.0248227
69.6 2.19911 0.0721994
69.8 2.19911 0.110284
70 2.19911 0.104675
70.2 2.19911 0.0644647
70.4 2.19911 0.0258333
70.6 2.19911 0.00923111
70.8 2.19911 0.00169243
71 2.19911 -0.0181772
71.2 2.19911 -0.048342
71.4 2.19911 -0.0663534
71.6 2.19911 -0.061423
71.8 2.19911 -0.0503772
72 2.19911 -0.0531473
72.2 2.19911 -0.0594547
72.4 2.19911 -0.0361014
72.6 2.19911 0.0250805
72.8 2.19911 0.0774588
73 2.19911 0.0570228
73.2 2.19911 -0.0419853
73.4 2.19911 -0.139606
73.6 2.19911 -0.13699
73.8 2.19911 -0.0192405
74 2.19911 0.116465
74.2 2.19911 0.148966
74.4 2.19911 0.0540205
74.6 2.19911 -0.0685371
74.8 2.19911 -0.094501
75 2.19911 -0.000153891
75.2 2.19911 0.118032
75.4 2.19911 0.147555
75.6 2.19911 0.0748849
75.8 2.19911 -0.00963818
76 2.19911 -0.0154323
76.2 2.19911 0.0535934
76.4 2.19911 0.113457
76.6 2.19911 0.0986284
76.8 2.19911 0.0303316
77 2.19911 -0.0167639
77.2 2.19911 -0.00233692
77.4 2.19911 0.0404919
77.6 2.19911 0.0531732
77.8 2.19911 0.0229847
78 2.19911 -0.00680013
78.2 2.19911 0.00599975
78.4 2.19911 0.0504111
78.6 2.19911 0.0757385
78.8 2.19911 0.0504202
79 2.19911 -0.00413606
79.2 2.19911 -0.0401511
79.4 2.19911 -0.0346101
79.6 2.19911 -0.00685773
79.8 2.19911 0.00980304
80 2.19911 0.00309014
80.2 2.19911 -0.0144364
80.4 2.19911 -0.0271181
80.6 2.19911 -0.0313224
80.8 2.19911 -0.0297493
81 2.19911 -0.0213808
81.2 2.19911 -0.00492345
81.4 2.19911 0.0111949
81.6 2.19911 0.0116002
81.8 2.19911 -0.00913639
82 2.19911 -0.0364645
82.2 2.19911 -0.0478111
82.4 2.19911 -0.0341766
82.6 2.19911 -0.00642396
82.8 2.19911 0.019581
83 2.19911 0.0390629
83.2 2.19911 0.0567413
83.4 2.19911 0.0734742
83.6 2.19911 0.0818952
83.8 2.19911 0.0772509
84 2.19911 0.0666248
84.2 2.19911 0.0606803
84.4 2.19911 0.0567532
84.6 2.19911 0.0373513
84.8 2.19911 -0.00865997
85 2.19911 -0.0648799
85.2 2.19911 -0.0940521
85.4 2.19911 -0.0711662
85.6 2.19911 -0.0102675
85.8 2.19911 0.0447497
86 2.19911 0.0590955
86.2 2.19911 0.0385732
86.4 2.19911 0.0225734
86.6 2.19911 0.0446545
86.8 2.19911 0.0980365
87 2.19911 0.139417
87.2 2.19911 0.129315
87.4 2.19911 0.0723406
87.6 2.19911 0.018222
87.8 2.19911 0.018356
88 2.19911 0.07544
88.2 2.19911 0.135049
88.4 2.19911 0.13235
88.6 2.19911 0.0533579
88.8 2.19911 -0.04897
89 2.19911 -0.102852
89.2 2.19911 -0.0847643
89.4 2.19911 -0.0381352
89.6 2.19911 -0.0244335
89.8 2.19911 -0.0579082
90 2.19911 -0.0929089
90.2 2.19911 -0.0762105
90.4 2.19911 -0.00671564
90.6 2.19911 0.0617907
90.8 2.19911 0.0759467
91 2.19911 0.0350085
91.2 2.19911 -0.0140297
91.4 2.19911 -0.0276886
91.6 2.19911 -0.00544412
91.8 2.19911 0.0206431
92 2.19911 0.0258228
92.2 2.19911 0.0143251
92.4 2.19911 0.00464847
92.6 2.19911 0.00472326
92.8 2.19911 0.00862522
93 2.19911 0.0126754
93.2 2.19911 0.0231903
93.4 2.19911 0.0429986
93.6 2.19911 0.0566525
93.8 2.19911 0.0399048
94 2.19911 -0.0115112
94.2 2.19911 -0.0670047
94.4 2.19911 -0.0823284
94.6 2.19911 -0.0394234
94.8 2.19911 0.0350704
95 2.19911 0.0918521
95.2 2.19911 0.0997354
95.4 2.19911 0.066399
95.6 2.19911 0.023492
95.8 2.19911 -0.0041089
96 2.19911 -0.0141367
96.2 2.19911 -0.017906
96.4 2.19911 -0.0227309
96.6 2.19911 -0.0265807
96.8 2.19911 -0.02754
97 2.19911 -0.0325881
97.2 2.19911 -0.0519844
97.4 2.19911 -0.0838659
97.6 2.19911 -0.10747
97.8 2.19911 -0.0967318
98 2.19911 -0.0445914
98.2 2.19911 0.0254728
98.4 2.19911 0.0744118
98.6 2.19911 0.077454
98.8 2.19911 0.0418864
99 2.19911 -0.0028462
99.2 2.19911 -0.0312773
99.4 2.19911 -0.0385728
99.6 2.19911 -0.0350864
99.8 2.19911 -0.0305104
100 2.19911 -0.026954
100.2 2.19911 -0.0245387
100.4 2.19911 -0.0260749
100.6 2.19911 -0.0314599
100.8 2.19911 -0.030952
101 2.19911 -0.0122155
101.2 2.19911 0.021881
101.4 2.19911 0.0467642
101.6 2.19911 0.0349689
101.8 2.19911 -0.0155749
102 2.19911 -0.0750454
102.2 2.19911 -0.106793
102.4 2.19911 -0.0981899
102.6 2.19911 -0.0649493
102.8 2.19911 -0.0279198
103 2.19911 0.00722825
103.2 2.19911 0.0443251
103.4 2.19911 0.0775215
103.6 2.19911 0.0886626
103.8 2.19911 0.067756
104 2.19911 0.0296727
104.2 2.19911 0.00220733
104.4 2.19911 -0.00282672
104.6 2.19911 -0.000159934
104.8 2.19911 -0.0097211
105 2.19911 -0.0303236
105.2 2.19911 -0.0418313
105.4 2.19911 -0.0321644
105.6 2.19911 -0.0129252
105.8 2.19911 -0.00272938
106 2.19911 -0.00113113
106.2 2.19911 0.0103125
106.4 2.19911 0.0396809
106.6 2.19911 0.0677928
106.8 2.19911 0.0690642
107 2.19911 0.0457462
107.2 2.19911 0.0293098
107.4 2.19911 0.0425756
107.6 2.19911 0.0691501
107.8 2.19911 0.0719564
108 2.19911 0.0411119
108.2 2.19911 0.0104466
108.4 2.19911 0.0178399
108.6 2.19911 0.0562114
108.8 2.19911 0.0781062
109 2.19911 0.0523773
109.2 2.19911 0.00460746
109.4 2.19911 -0.0106922
109.6 2.19911 0.0250179
109.8 2.19911 0.0708361
110 2.19911 0.0740133
110.2 2.19911 0.0318289
110.4 2.19911 -0.00638241
110.6 2.19911 0.00192377
110.8 2.19911 0.0445307
111 2.19911 0.0729716
111.2 2.19911 0.0609851
111.4 2.19911 0.031177
111.6 2.19911 0.0223471
111.8 2.19911 0.0428027
112 2.19911 0.0655995
112.2 2.19911 0.0636976
112.4 2.19911 0.0364241
112.6 2.19911 -6.61792e-07
112.8 2.19911 -0.0335564
113 2.19911 -0.0565541
113.2 2.19911 -0.0538114
113.4 2.19911 -0.0120227
113.6 2.19911 0.0508177
113.8 2.19911 0.0815884
114 2.19911 0.0404191
114.2 2.19911 -0.0435299
114.4 2.19911 -0.0833753
114.6 2.19911 -0.0199999
114.8 2.19911 0.105308
115 2.19911 0.179586
115.2 2.19911 0.12903
115.4 2.19911 -0.00417062
115.6 2.19911 -0.10301
115.8 2.19911 -0.090516
116 2.19911 0.00420404
116.2 2.19911 0.0905489
116.4 2.19911 0.110552
116.6 2.19911 0.0790974
116.8 2.19911 0.0431753
117 2.19911 0.0250923
117.2 2.19911 0.0146696
117.4 2.19911 0.000813087
117.6 2.19911 -0.0116386
117.8 2.19911 -0.0182266
118 2.19911 -0.0289639
118.2 2.19911 -0.0516704
118.4 2.19911 -0.0691887
118.6 2.19911 -0.0521678
118.8 2.19911 0.000219747
119 2.19911 0.0466482
119.2 2.19911 0.0449808
119.4 2.19911 0.0033229
119.6 2.19911 -0.0253544
119.8 2.19911 -0.00460182
120 2.19911 0.041309
120.2 2.19911 0.0562122
120.4 2.19911 0.019805
120.6 2.19911 -0.0289154
120.8 2.19911 -0.0404566
121 2.19911 -0.0136462
121.2 2.19911 0.00788103
121.4 2.19911 -0.00724854
121.6 2.19911 -0.0429242
121.8 2.19911 -0.0648861
122 2.19911 -0.0708998
122.2 2.19911 -0.0922351
122.4 2.19911 -0.14415
122.6 2.19911 -0.193137
122.8 2.19911 -0.188493
123 2.19911 -0.12181
123.2 2.19911 -0.040278
123.4 2.19911 0.00301925
123.6 2.19911 0.000896315
123.8 2.19911 -0.0138839
124 2.19911 -0.0172909
124.2 2.19911 -0.01994
124.4 2.19911 -0.0408483
124.6 2.19911 -0.0702107
124.8 2.19911 -0.074396
125 2.19911 -0.0378739
125.2 2.19911 0.0125579
125.4 2.19911 0.0330065
125.6 2.19911 0.00713793
125.8 2.19911 -0.0404796
126 2.19911 -0.0716316
126.2 2.19911 -0.0663611
126.4 2.19911 -0.0289022
126.6 2.19911 0.02479
126.8 2.19911 0.0752614
127 2.19911 0.101624
127.2 2.19911 0.0917479
127.4 2.19911 0.0580534
127.6 2.19911 0.0350773
127.8 2.19911 0.0492405
128 2.19911 0.0891991
128.2 2.19911 0.113258
128.4 2.19911 0.090129
128.6 2.19911 0.0289922
128.8 2.19911 -0.0327717
129 2.19911 -0.0658344
129.2 2.19911 -0.0671693
129.4 2.19911 -0.0484682
129.6 2.19911 -0.0208963
129.8 2.19911 0.00332014
130 2.19911 0.00691022
130.2 2.19911 -0.017866
130.4 2.19911 -0.0498026
130.6 2.19911 -0.049743
130.8 2.19911 -0.00292782
131 2.19911 0.0563332
131.2 2.19911 0.0770755
131.4 2.19911 0.0503722
131.6 2.19911 0.0217074
131.8 2.19911 0.035451
132 2.19911 0.0772758
132.2 2.19911 0.0897234
132.4 2.19911 0.0459504
132.6 2.19911 -0.0110723
132.8 2.19911 -0.0174619
133 2.19911 0.0332304
133.2 2.19911 0.0821315
133.4 2.19911 0.0791831
133.6 2.19911 0.0443641
133.8 2.19911 0.0361245
134 2.19911 0.0682411
134.2 2.19911 0.0865022
134.4 2.19911 0.040297
134.6 2.19911 -0.0423636
134.8 2.19911 -0.0783647
135 2.19911 -0.0290463
135.2 2.19911 0.0480227
135.4 2.19911 0.0631468
135.6 2.19911 -0.00181446
135.8 2.19911 -0.0762818
136 2.19911 -0.0880876
136.2 2.19911 -0.0444487
136.4 2.19911 -0.0105093
136.6 2.19911 -0.0220312
136.8 2.19911 -0.0473278
137 2.19911 -0.0409997
137.2 2.19911 -0.0101164
137.4 2.19911 -0.00296902
137.6 2.19911 -0.0392139
137.8 2.19911 -0.0788697
138 2.19911 -0.0725825
138.2 2.19911 -0.0245589
138.4 2.19911 0.0162477
138.6 2.19911 0.022524
138.8 2.19911 0.0206629
139 2.19911 0.0452937
139.2 2.19911 0.0811145
139.4 2.19911 0.0762713
139.6 2.19911 0.014292
139.8 2.19911 -0.0514945
140 2.19911 -0.0526358
140.2 2.19911 0.0150314
140.4 2.19911 0.0857997
140.6 2.19911 0.0985018
140.8 2.19911 0.058531
141 2.19911 0.0167534
141.2 2.19911 0.00284091
141.4 2.19911 0.00152613
141.6 2.19911 -0.00739061
141.8 2.19911 -0.0121373
142 2.19911 0.00943868
142.2 2.19911 0.0439788
142.4 2.19911 0.0456857
142.6 2.19911 -0.00620352
142.8 2.19911 -0.0711246
143 2.19911 -0.0870358
143.2 2.19911 -0.0418485
143.4 2.19911 0.0131858
143.6 2.19911 0.0256165
143.8 2.19911 0.000681895
144 2.19911 -0.0156593
144.2 2.19911 -0.00255337
144.4 2.19911 0.00934154
144.6 2.19911 -0.0167993
144.8 2.19911 -0.0702566
145 2.19911 -0.102578
145.2 2.19911 -0.0862639
145.4 2.19911 -0.0445209
145.6 2.19911 -0.0166228
145.8 2.19911 -0.00979029
146 2.19911 -0.00134103
146.2 2.19911 0.0186892
146.4 2.19911 0.0295826
146.6 2.19911 0.0129958
146.8 2.19911 -0.0121735
147 2.19911 -0.0070446
147.2 2.19911 0.0375767
147.4 2.19911 0.0869648
147.6 2.19911 0.104782
147.8 2.19911 0.094746
148 2.19911 0.08472
148.2 2.19911 0.077426
148.4 2.19911 0.0416862
148.6 2.19911 -0.0370303
148.8 2.19911 -0.115694
149 2.19911 -0.128445
149.2 2.19911 -0.0640193
149.4 2.19911 0.0120553
149.6 2.19911 0.026945
149.8 2.19911 -0.0177868
150 2.19911 -0.051972
150.2 2.19911 -0.0235181
150.4 2.19911 0.0404441
150.6 2.19911 0.0705269
150.8 2.19911 0.039518
151 2.19911 -0.0113226
151.2 2.19911 -0.0298041
151.4 2.19911 -0.0131486
151.6 2.19911 0.00490195
151.8 2.19911 0.012583
152 2.19911 0.0365027
152.2 2.19911 0.0915748
152.4 2.19911 0.138486
152.6 2.19911 0.11895
152.8 2.19911 0.0334404
153 2.19911 -0.0411608
153.2 2.19911 -0.0297975
153.4 2.19911 0.0526666
153.6 2.19911 0.110772
153.8 2.19911 0.0706456
154 2.19911 -0.0396263
154.2 2.19911 -0.120971
154.4 2.19911 -0.10658
154.6 2.19911 -0.0217857
154.8 2.19911 0.0554396
155 2.19911 0.0751276
155.2 2.19911 0.0462317
155.4 2.19911 0.00150598
155.6 2.19911 -0.043031
155.8 2.19911 -0.0847694
156 2.19911 -0.108032
156.2 2.19911 -0.0851829
156.4 2.19911 -0.0115682
156.6 2.19911 0.0728626
156.8 2.19911 0.111363
157 2.19911 0.0828535
157.2 2.19911 0.0212563
157.4 2.19911 -0.019822
157.6 2.19911 -0.0184776
157.8 2.19911 0.00124773
158 2.19911 0.00215676
158.2 2.19911 -0.0250927
158.4 2.19911 -0.054511
158.6 2.19911 -0.0539027
158.8 2.19911 -0.0180091
159 2.19911 0.026591
159.2 2.19911 0.0472775
159.4 2.19911 0.0358826
159.6 2.19911 0.0149657
159.8 2.19911 0.0141369
160 2.19911 0.0392563
160.2 2.19911 0.0652555
160.4 2.19911 0.0607982
160.6 2.19911 0.0201991
160.8 2.19911 -0.0308909
161 2.19911 -0.0622225
161.2 2.19911 -0.0685194
161.4 2.19911 -0.0692406
161.6 2.19911 -0.0803862
161.8 2.19911 -0.0926876
162 2.19911 -0.0822501
162.2 2.19911 -0.0405854
162.4 2.19911 0.0116285
162.6 2.19911 0.0426147
162.8 2.19911 0.0382543
163 2.19911 0.0111826
163.2 2.19911 -0.0149686
163.4 2.19911 -0.0257714
163.6 2.19911 -0.022675
163.8 2.19911 -0.0173258
164 2.19911 -0.0229765
164.2 2.19911 -0.0458239
164.4 2.19911 -0.0767605
164.6 2.19911 -0.092151
164.8 2.19911 -0.0717917
165 2.19911 -0.022192
165.2 2.19911 0.0225696
165.4 2.19911 0.0315443
165.6 2.19911 0.00889726
165.8 2.19911 -0.0123379
166 2.19911 -0.0117434
166.2 2.19911 -0.00843114
166.4 2.19911 -0.0362088
166.6 2.19911 -0.0941836
166.8 2.19911 -0.136429
167 2.19911 -0.12026
167.2 2.19911 -0.057325
167.4 2.19911 -0.00264572
167.6 2.19911 0.00841951
167.8 2.19911 -0.00208264
168 2.19911 0.0095854
168.2 2.19911 0.0450536
168.4 2.19911 0.0562295
168.6 2.19911 0.00816108
168.8 2.19911 -0.0663176
169 2.19911 -0.0945252
169.2 2.19911 -0.0470124
169.4 2.19911 0.0241935
169.6 2.19911 0.0418346
169.8 2.19911 -0.0100915
170 2.19911 -0.0707398
170.2 2.19911 -0.0733719
170.4 2.19911 -0.0168274
170.6 2.19911 0.0428508
170.8 2.19911 0.0609191
171 2.19911 0.0456756
171.2 2.19911 0.0304371
171.4 2.19911 0.023778
171.6 2.19911 0.00610447
171.8 2.19911 -0.028829
172 2.19911 -0.0510967
172.2 2.19911 -0.0273211
172.4 2.19911 0.0315455
172.6 2.19911 0.072321
172.8 2.19911 0.0553905
173 2.19911 -0.000377975
173.2 2.19911 -0.0376484
173.4 2.19911 -0.0233508
173.6 2.19911 0.016813
173.8 2.19911 0.0289309
174 2.19911 -0.00958165
174.2 2.19911 -0.0658817
174.4 2.19911 -0.0853942
174.6 2.19911 -0.0459476
174.8 2.19911 0.0209299
175 2.19911 0.0592472
175.2 2.19911 0.0391919
175.4 2.19911 -0.0166212
175.6 2.19911 -0.0546457
175.8 2.19911 -0.0409526
176 2.19911 0.00603809
176.2 2.19911 0.0348737
176.4 2.19911 0.0166784
176.6 2.19911 -0.0207924
176.8 2.19911 -0.0227113
177 2.19911 0.0261688
177.2 2.19911 0.0736447
177.4 2.19911 0.0515126
177.6 2.19911 -0.0442613
177.8 2.19911 -0.137667
178 2.19911 -0.147963
178.2 2.19911 -0.0761983
178.4 2.19911 -0.00353914
178.6 2.19911 -0.000432919
178.8 2.19911 -0.0501095
179 2.19911 -0.0742743
179.2 2.19911 -0.0287104
179.4 2.19911 0.0447493
179.6 2.19911 0.0688205
179.8 2.19911 0.0206054
180 2.19911 -0.0447887
180.2 2.19911 -0.0587673
180.4 2.19911 -0.0117377
180.6 2.19911 0.045857
180.8 2.19911 0.0627542
181 2.19911 0.0325026
181.2 2.19911 -0.0156146
181.4 2.19911 -0.051177
181.6 2.19911 -0.0587365
181.8 2.19911 -0.0345443
182 2.19911 0.0109035
182.2 2.19911 0.0461628
182.4 2.19911 0.0362054
182.6 2.19911 -0.0168099
182.8 2.19911 -0.0588906
183 2.19911 -0.0323142
183.2 2.19911 0.0550522
183.4 2.19911 0.124162
183.6 2.19911 0.104266
183.8 2.19911 0.0133939
184 2.19911 -0.0568385
184.2 2.19911 -0.0402762
184.4 2.19911 0.034195
184.6 2.19911 0.0821045
184.8 2.19911 0.0607029
185 2.19911 0.00706721
185.2 2.19911 -0.0205969
185.4 2.19911 -0.0150322
185.6 2.19911 -0.013941
185.8 2.19911 -0.0337501
186 2.19911 -0.0401396
186.2 2.19911 0.00235866
186.4 2.19911 0.0715095
186.6 2.19911 0.105493
186.8 2.19911 0.0806698
187 2.19911 0.0464622
187.2 2.19911 0.0650928
187.4 2.19911 0.128308
187.6 2.19911 0.158852
187.8 2.19911 0.101063
188 2.19911 -0.00790851
188.2 2.19911 -0.0739377
188.4 2.19911 -0.0473733
188.6 2.19911 0.0275975
188.8 2.19911 0.0671792
189 2.19911 0.0365233
189.2 2.19911 -0.0258641
189.4 2.19911 -0.0608984
189.6 2.19911 -0.0478581
189.8 2.19911 -0.01062
190 2.19911 0.0155509
190.2 2.19911 0.0103474
190.4 2.19911 -0.0267043
190.6 2.19911 -0.0759647
190.8 2.19911 -0.0995564
191 2.19911 -0.0646122
191.2 2.19911 0.0171469
191.4 2.19911 0.0808047
191.6 2.19911 0.0627022
191.8 2.19911 -0.0270486
192 2.19911 -0.101283
192.2 2.19911 -0.0824043
192.4 2.19911 0.0106712
192.6 2.19911 0.0792438
192.8 2.19911 0.0540182
193 2.19911 -0.0272052
193.2 2.19911 -0.0656041
193.4 2.19911 -0.01743
193.6 2.19911 0.0575864
193.8 2.19911 0.071254
194 2.19911 0.0124217
194.2 2.19911 -0.0439454
194.4 2.19911 -0.0305715
194.6 2.19911 0.0324946
194.8 2.19911 0.0666559
195 2.19911 0.0313454
195.2 2.19911 -0.0305783
195.4 2.19911 -0.0481924
195.6 2.19911 -0.00533031
195.8 2.19911 0.0477902
196 2.19911 0.0591298
196.2 2.19911 0.031028
196.4 2.19911 0.0044489
196.6 2.19911 0.0010539
196.8 2.19911 -0.00123998
197 2.19911 -0.0338679
197.2 2.19911 -0.0930485
197.4 2.19911 -0.140344
197.6 2.19911 -0.144393
197.8 2.19911 -0.113149
198 2.19911 -0.0828593
198.2 2.19911 -0.0805498
198.4 2.19911 -0.100231
198.6 2.19911 -0.112075
198.8 2.19911 -0.0908891
199 2.19911 -0.0377638
199.2 2.19911 0.0213927
199.4 2.19911 0.0587159
199.6 2.19911 0.0704599
199.8 2.19911 0.0816591
200 2.19911 0.11972
200.2 2.19911 0.179424
200.4 2.19911 0.21896
200.6 2.19911 0.199581
200.8 2.19911 0.130456
201 2.19911 0.0655457
201.2 2.19911 0.0490944
201.4 2.19911 0.068738
201.6 2.19911 0.0724092
201.8 2.19911 0.0318535
202 2.19911 -0.0223832
202.2 2.19911 -0.0377561
202.4 2.19911 -0.00413728
202.6 2.19911 0.0334465
202.8 2.19911 0.0295543
203 2.19911 -0.00798335
203.2 2.19911 -0.0325756
203.4 2.19911 -0.0217841
203.6 2.19911 -0.00685673
203.8 2.19911 -0.0296921
204 2.19911 -0.0818755
204.2 2.19911 -0.105721
204.4 2.19911 -0.0604663
204.6 2.19911 0.025573
204.8 2.19911 0.0806213
205 2.19911 0.0633717
205.2 2.19911 0.000133304
205.4 2.19911 -0.0517559
205.6 2.19911 -0.0642496
205.8 2.19911 -0.0531846
206 2.19911 -0.0418311
206.2 2.19911 -0.0286962
206.4 2.19911 0.00109067
206.6 2.19911 0.044115
206.8 2.19911 0.0742278
207 2.19911 0.0719954
207.2 2.19911 0.0482085
207.4 2.19911 0.0308586
207.6 2.19911 0.0331765
207.8 2.19911 0.042346
208 2.19911 0.0389646
208.2 2.19911 0.0193937
208.4 2.19911 -0.0046778
208.6 2.19911 -0.0222822
208.8 2.19911 -0.0313643
209 2.19911 -0.0334613
209.2 2.19911 -0.0296169
209.4 2.19911 -0.0253466
209.6 2.19911 -0.0325966
209.8 2.19911 -0.0581225
210 2.19911 -0.0906534
210.2 2.19911 -0.107724
210.4 2.19911 -0.0990578
210.6 2.19911 -0.0776955
210.8 2.19911 -0.0617523
211 2.19911 -0.0486851
211.2 2.19911 -0.018324
211.4 2.19911 0.0339732
211.6 2.19911 0.0755071
211.8 2.19911 0.0604968
212 2.19911 -0.0191935
212.2 2.19911 -0.113961
212.4 2.19911 -0.155374
212.6 2.19911 -0.117603
212.8 2.19911 -0.0384803
213 2.19911 0.0199726
213.2 2.19911 0.0282134
213.4 2.19911 0.00619075
213.6 2.19911 -0.0093698
213.8 2.19911 -0.00576801
214 2.19911 -2.36071e-05
214.2 2.19911 -0.00989858
214.4 2.19911 -0.0279312
214.6 2.19911 -0.0287752
214.8 2.19911 -0.000964609
215 2.19911 0.0333161
215.2 2.19911 0.0351969
215.4 2.19911 -0.0106393
215.6 2.19911 -0.0726034
215.8 2.19911 -0.0935898
216 2.19911 -0.0424133
216.2 2.19911 0.052852
216.4 2.19911 0.125512
216.6 2.19911 0.129535
216.8 2.19911 0.0808428
217 2.19911 0.0385631
217.2 2.19911 0.0447171
217.4 2.19911 0.0846118
217.6 2.19911 0.108043
217.8 2.19911 0.0856856
218 2.19911 0.0385089
218.2 2.19911 0.0111383
218.4 2.19911 0.0234258
218.6 2.19911 0.0544606
218.8 2.19911 0.0707209
219 2.19911 0.0599646
219.2 2.19911 0.0338077
219.4 2.19911 0.00624543
219.6 2.19911 -0.0181288
219.8 2.19911 -0.0345415
220 2.19911 -0.0301781
220.2 2.19911 0.00222786
220.4 2.19911 0.0455126
220.6 2.19911 0.0654174
220.8 2.19911 0.0440972
221 2.19911 0.00150708
221.2 2.19911 -0.0246206
221.4 2.19911 -0.0197019
221.6 2.19911 -0.0060314
221.8 2.19911 -0.0130278
222 2.19911 -0.0404436
222.2 2.19911 -0.0585594
222.4 2.19911 -0.0430527
222.6 2.19911 -0.00143841
222.8 2.19911 0.0376526
223 2.19911 0.0541007
223.2 2.19911 0.0482212
223.4 2.19911 0.0280831
223.6 2.19911 -0.00206338
223.8 2.19911 -0.0348966
224 2.19911 -0.0507873
224.2 2.19911 -0.0298331
224.4 2.19911 0.0222956
224.6 2.19911 0.0683769
224.8 2.19911 0.0686556
225 2.19911 0.0174962
225.2 2.19911 -0.0516725
225.4 2.19911 -0.0973063
225.6 2.19911 -0.102558
225.8 2.19911 -0.0796361
226 2.19911 -0.0508199
226.2 2.19911 -0.0314765
226.4 2.19911 -0.0263461
226.6 2.19911 -0.0306505
226.8 2.19911 -0.0309612
227 2.19911 -0.0138425
227.2 2.19911 0.0169044
227.4 2.19911 0.0349939
227.6 2.19911 0.0160964
227.8 2.19911 -0.0277663
228 2.19911 -0.0490888
228.2 2.19911 -0.0138343
228.4 2.19911 0.0513034
228.6 2.19911 0.0756712
228.8 2.19911 0.0198633
229 2.19911 -0.0716329
229.2 2.19911 -0.107561
229.4 2.19911 -0.0447391
229.6 2.19911 0.0628726
229.8 2.19911 0.11837
230 2.19911 0.0813535
230.2 2.19911 0.00325895
230.4 2.19911 -0.0360378
230.6 2.19911 -0.0134808
230.8 2.19911 0.0251586
231 2.19911 0.0300412
231.2 2.19911 0.00454492
231.4 2.19911 -0.010299
231.6 2.19911 0.00457843
231.8 2.19911 0.0219691
232 2.19911 0.00800476
232.2 2.19911 -0.0283841
232.4 2.19911 -0.0410541
232.6 2.19911 -0.00180232
232.8 2.19911 0.0619039
233 2.19911 0.0924233
233.2 2.19911 0.0618636
233.4 2.19911 5.04772e-05
233.6 2.19911 -0.0370552
233.8 2.19911 -0.021423
234 2.19911 0.0253991
234.2 2.19911 0.0580857
234.4 2.19911 0.0492723
234.6 2.19911 0.00911307
234.8 2.19911 -0.0275747
235 2.19911 -0.0299888
235.2 2.19911 0.00640316
235.4 2.19911 0.0570488
235.6 2.19911 0.0859926
235.8 2.19911 0.0728622
236 2.19911 0.0289334
236.2 2.19911 -0.0130517
236.4 2.19911 -0.0283347
236.6 2.19911 -0.0213202
236.8 2.19911 -0.0169531
237 2.19911 -0.0317952
237.2 2.19911 -0.0572589
237.4 2.19911 -0.0740609
237.6 2.19911 -0.08025
237.8 2.19911 -0.0974771
238 2.19911 -0.144016
238.2 2.19911 -0.203117
238.4 2.19911 -0.225557
238.6 2.19911 -0.171454
238.8 2.19911 -0.0532027
239 2.19911 0.0650804
239.2 2.19911 0.116322
239.4 2.19911 0.0849257
239.6 2.19911 0.0163606
239.8 2.19911 -0.0273116
240 2.19911 -0.0235175
240.2 2.19911 -0.00267204
240.4 2.19911 -0.00741318
240.6 2.19911 -0.041586
240.8 2.19911 -0.0647314
241 2.19911 -0.0397136
241.2 2.19911 0.0188539
241.4 2.19911 0.0527153
241.6 2.19911 0.0212879
241.8 2.19911 -0.0497108
242 2.19911 -0.0898711
242.2 2.19911 -0.0572468
242.4 2.19911 0.0158261
242.6 2.19911 0.0561477
242.8 2.19911 0.0265849
243 2.19911 -0.0380064
243.2 2.19911 -0.0733318
243.4 2.19911 -0.0552336
243.6 2.19911 -0.0179941
243.8 2.19911 -0.00708692
244 2.19911 -0.027919
244.2 2.19911 -0.0497777
244.4 2.19911 -0.0516665
244.6 2.19911 -0.0473522
244.8 2.19911 -0.0597895
245 2.19911 -0.0834518
245.2 2.19911 -0.0874916
245.4 2.19911 -0.0564083
245.6 2.19911 -0.0137659
245.8 2.19911 0.00407394
246 2.19911 -0.00824137
246.2 2.19911 -0.0197985
246.4 2.19911 -0.00331984
246.6 2.19911 0.0310043
246.8 2.19911 0.050422
247 2.19911 0.0427373
247.2 2.19911 0.0312602
247.4 2.19911 0.042605
247.6 2.19911 0.0694078
247.8 2.19911 0.0764185
248 2.19911 0.0432595
248.2 2.19911 -0.00849488
248.4 2.19911 -0.0359217
248.6 2.19911 -0.0175899
248.8 2.19911 0.0293715
249 2.19911 0.0707613
249.2 2.19911 0.0845788
249.4 2.19911 0.0681478
249.6 2.19911 0.0278268
249.8 2.19911 -0.0261331
250 2.19911 -0.0754678
250.2 2.19911 -0.0971547
250.4 2.19911 -0.0807008
250.6 2.19911 -0.0405275
250.8 2.19911 -0.0040119
251 2.19911 0.0146774
251.2 2.19911 0.0246296
251.4 2.19911 0.0408554
251.6 2.19911 0.0627173
251.8 2.19911 0.0755606
252 2.19911 0.071505
252.2 2.19911 0.0603999
252.4 2.19911 0.0566208
252.6 2.19911 0.0603544
252.8 2.19911 0.0583562
253 2.19911 0.0416574
253.2 2.19911 0.0154866
253.4 2.19911 -0.00998652
253.6 2.19911 -0.0315284
253.8 2.19911 -0.049097
254 2.19911 -0.0547967
254.2 2.19911 -0.0370563
254.4 2.19911 -0.000492085
254.6 2.19911 0.0266363
254.8 2.19911 0.0160238
255 2.19911 -0.0283867
255.2 2.19911 -0.070015
255.4 2.19911 -0.0767916
255.6 2.19911 -0.0539622
255.8 2.19911 -0.0329765
256 2.19911 -0.0304224
256.2 2.19911 -0.0290898
256.4 2.19911 -0.00533598
256.6 2.19911 0.0331333
256.8 2.19911 0.0499022
257 2.19911 0.0227977
257.2 2.19911 -0.0258153
257.4 2.19911 -0.0503171
257.6 2.19911 -0.0299096
257.8 2.19911 0.0141491
258 2.19911 0.0497305
258.2 2.19911 0.0703219
258.4 2.19911 0.0904458
258.6 2.19911 0.110701
258.8 2.19911 0.105194
259 2.19911 0.0545971
259.2 2.19911 -0.0160786
259.4 2.19911 -0.0499153
259.6 2.19911 -0.0168911
259.8 2.19911 0.0462962
260 2.19911 0.066467
260.2 2.19911 0.00771031
260.4 2.19911 -0.0893193
260.6 2.19911 -0.145819
260.8 2.19911 -0.120759
261 2.19911 -0.0464631
261.2 2.19911 0.00876344
261.4 2.19911 0.00746066
261.6 2.19911 -0.0288646
261.8 2.19911 -0.0519251
262 2.19911 -0.0387965
262.2 2.19911 -0.0101398
262.4 2.19911 -0.00208646
262.6 2.19911 -0.0265603
262.8 2.19911 -0.0611167
263 2.19911 -0.0744598
263.2 2.19911 -0.057503
263.4 2.19911 -0.0280292
263.6 2.19911 -0.00746015
263.8 2.19911 0.0019221
264 2.19911 0.0135642
264.2 2.19911 0.0323866
264.4 2.19911 0.0407956
264.6 2.19911 0.0157678
264.8 2.19911 -0.0394846
265 2.19911 -0.0878346
265.2 2.19911 -0.0903077
265.4 2.19911 -0.0476001
265.6 2.19911 -0.00379631
265.8 2.19911 -0.00309091
266 2.19911 -0.0434878
266.2 2.19911 -0.0788197
266.4 2.19911 -0.0684712
266.6 2.19911 -0.0203618
266.8 2.19911 0.0201911
267 2.19911 0.0216099
267.2 2.19911 -0.00204737
267.4 2.19911 -0.0131398
267.6 2.19911 0.0028614
267.8 2.19911 0.0229398
268 2.19911 0.0198141
268.2 2.19911 -0.000365307
268.4 2.19911 -0.00370995
268.6 2.19911 0.0287628
268.8 2.19911 0.0742002
269 2.19911 0.0908901
269.2 2.19911 0.0649519
269.4 2.19911 0.025897
269.6 2.19911 0.0127494
269.8 2.19911 0.0305679
270 2.19911 0.0472442
270.2 2.19911 0.0328882
270.4 2.19911 -0.00433372
270.6 2.19911 -0.0260903
270.8 2.19911 -0.00501609
271 2.19911 0.0466456
271.2 2.19911 0.0896358
271.4 2.19911 0.0945723
271.6 2.19911 0.064055
271.8 2.19911 0.022299
272 2.19911 -0.0102046
272.2 2.19911 -0.0294398
272.4 2.19911 -0.0408136
272.6 2.19911 -0.0470101
272.8 2.19911 -0.0457389
273 2.19911 -0.0361881
273.2 2.19911 -0.0228659
273.4 2.19911 -0.0117792
273.6 2.19911 -0.00494072
273.8 2.19911 -0.000264554
274 2.19911 0.00461863
274.2 2.19911 0.0108975
274.4 2.19911 0.0204707
274.6 2.19911 0.0353042
274.8 2.19911 0.0514603
275 2.19911 0.0554464
275.2 2.19911 0.0327562
275.4 2.19911 -0.0147825
275.6 2.19911 -0.0617111
275.8 2.19911 -0.0759544
276 2.19911 -0.0491943
276.2 2.19911 -0.00939528
276.4 2.19911 0.00283989
276.6 2.19911 -0.0252827
276.8 2.19911 -0.0635008
277 2.19911 -0.067922
277.2 2.19911 -0.0267136
277.4 2.19911 0.0266822
277.6 2.19911 0.0483031
277.8 2.19911 0.0285762
278 2.19911 -0.00213531
278.2 2.19911 -0.0122391
278.4 2.19911 -0.00556189
278.6 2.19911 -0.0124053
278.8 2.19911 -0.0463222
279 2.19911 -0.0799446
279.2 2.19911 -0.0714646
279.4 2.19911 -0.0129199
279.6 2.19911 0.0561713
279.8 2.19911 0.0866671
280 2.19911 0.0669778
280.2 2.19911 0.0276574
280.4 2.19911 0.00232083
280.6 2.19911 -0.00747642
280.8 2.19911 -0.0249308
281 2.19911 -0.062735
281.2 2.19911 -0.104929
281.4 2.19911 -0.125721
281.6 2.19911 -0.118931
281.8 2.19911 -0.101927
282 2.19911 -0.0923854
282.2 2.19911 -0.088472
282.4 2.19911 -0.0747911
282.6 2.19911 -0.0429946
282.8 2.19911 -0.00126695
283 2.19911 0.0346803
283.2 2.19911 0.0537002
283.4 2.19911 0.0516289
283.6 2.19911 0.0291245
283.8 2.19911 -0.00554585
284 2.19911 -0.0340566
284.2 2.19911 -0.038393
284.4 2.19911 -0.0198931
284.6 2.19911 -0.00317294
284.8 2.19911 -0.0119782
285 2.19911 -0.039001
285.2 2.19911 -0.0471905
285.4 2.19911 -0.00881911
285.6 2.19911 0.0580508
285.8 2.19911 0.100132
286 2.19911 0.0813904
286.2 2.19911 0.0225302
286.4 2.19911 -0.0170803
286.6 2.19911 0.0016484
286.8 2.19911 0.059334
287 2.19911 0.0994707
287.2 2.19911 0.0845833
287.4 2.19911 0.0288491
287.6 2.19911 -0.0216132
287.8 2.19911 -0.0336959
288 2.19911 -0.0110804
288.2 2.19911 0.0192575
288.4 2.19911 0.0342336
288.6 2.19911 0.0269491
288.8 2.19911 0.00118873
289 2.19911 -0.0351939
289.2 2.19911 -0.0691872
289.4 2.19911 -0.0830242
289.6 2.19911 -0.06545
289.8 2.19911 -0.0255774
290 2.19911 0.00885811
290.2 2.19911 0.0126686
290.4 2.19911 -0.0152297
290.6 2.19911 -0.0523208
290.8 2.19911 -0.074623
291 2.19911 -0.0770629
291.2 2.19911 -0.0714002
291.4 2.19911 -0.0669391
291.6 2.19911 -0.0579347
291.8 2.19911 -0.0322694
292 2.19911 0.0101199
292.2 2.19911 0.0522208
292.4 2.19911 0.0754173
292.6 2.19911 0.0777039
292.8 2.19911 0.0735102
293 2.19911 0.0761254
293.2 2.19911 0.0843012
293.4 2.19911 0.0884044
293.6 2.19911 0.0859676
293.8 2.19911 0.0842867
294 2.19911 0.0856181
294.2 2.19911 0.0762988
294.4 2.19911 0.0395603
294.6 2.19911 -0.0190609
294.8 2.19911 -0.0666199
295 2.19911 -0.0717729
295.2 2.19911 -0.0391081
295.4 2.19911 -0.007392
295.6 2.19911 -0.00834944
295.8 2.19911 -0.0310024
296 2.19911 -0.0345106
296.2 2.19911 0.00257472
296.4 2.19911 0.0536884
296.6 2.19911 0.0719056
296.8 2.19911 0.043154
297 2.19911 0.00254779
297.2 2.19911 -0.00615276
297.4 2.19911 0.0196917
297.6 2.19911 0.0413456
297.8 2.19911 0.0267618
298 2.19911 -0.0118404
298.2 2.19911 -0.035356
298.4 2.19911 -0.0266553
298.6 2.19911 -0.0100475
298.8 2.19911 -0.0187998
299 2.19911 -0.0526251
299.2 2.19911 -0.0776148
299.4 2.19911 -0.0670217
299.6 2.19911 -0.0319251
299.8 2.19911 -0.00648846
300 2.19911 -0.00924681
300.2 2.19911 -0.0272956
300.4 2.19911 -0.0363616
300.6 2.19911 -0.0258999
300.8 2.19911 -0.000249691
301 2.19911 0.0347784
301.2 2.19911 0.0731132
301.4 2.19911 0.0971323
301.6 2.19911 0.081031
301.8 2.19911 0.0189924
302 2.19911 -0.0536588
302.2 2.19911 -0.0828212
302.4 2.19911 -0.0483599
302.6 2.19911 0.0110688
302.8 2.19911 0.035405
303 2.19911 0.00584923
303.2 2.19911 -0.0374789
303.4 2.19911 -0.0429078
303.6 2.19911 -0.00425218
303.8 2.19911 0.0374264
304 2.19911 0.0445473
304.2 2.19911 0.0224114
304.4 2.19911 0.00312891
304.6 2.19911 0.00122623
304.8 2.19911 5.36218e-05
305 2.19911 -0.0174483
305.2 2.19911 -0.0396582
305.4 2.19911 -0.0403217
305.6 2.19911 -0.016321
305.8 2.19911 0.00459935
306 2.19911 0.00053026
306.2 2.19911 -0.0108923
306.4 2.19911 0.009858
306.6 2.19911 0.071581
306.8 2.19911 0.129972
307 2.19911 0.128834
307.2 2.19911 0.0616859
307.4 2.19911 -0.016344
307.6 2.19911 -0.0413083
307.8 2.19911 -0.00053265
308 2.19911 0.0613757
308.2 2.19911 0.0895492
308.4 2.19911 0.0650405
308.6 2.19911 0.00924668
308.8 2.19911 -0.0426849
309 2.19911 -0.0649712
309.2 2.19911 -0.0475348
309.4 2.19911 0.00230434
309.6 2.19911 0.0577654
309.8 2.19911 0.0834278
310 2.19911 0.0637677
310.2 2.19911 0.0231697
310.4 2.19911 0.00680258
310.6 2.19911 0.0331834
310.8 2.19911 0.0705091
311 2.19911 0.0701109
311.2 2.19911 0.0237887
311.4 2.19911 -0.0230087
311.6 2.19911 -0.0231822
311.8 2.19911 0.0136247
312 2.19911 0.0287149
312.2 2.19911 -0.0152189
312.4 2.19911 -0.082927
312.6 2.19911 -0.100392
312.8 2.19911 -0.0399261
313 2.19911 0.0419756
313.2 2.19911 0.062548
313.4 2.19911 0.00387721
313.6 2.19911 -0.0672057
313.8 2.19911 -0.0743219
314 2.19911 -0.0162927
314.2 2.19911 0.0351286
314.4 2.19911 0.0195819
314.6 2.19911 -0.0446459
314.8 2.19911 -0.0866293
315 2.19911 -0.0674806
315.2 2.19911 -0.0223099
315.4 2.19911 -0.0129052
315.6 2.19911 -0.0516935
315.8 2.19911 -0.0889072
316 2.19911 -0.0754062
316.2 2.19911 -0.0225494
316.4 2.19911 0.0124857
316.6 2.19911 -0.00495421
316.8 2.19911 -0.0494552
317 2.19911 -0.0713157
317.2 2.19911 -0.0568956
317.4 2.19911 -0.0381577
317.6 2.19911 -0.0440685
317.8 2.19911 -0.0608826
318 2.19911 -0.0537743
318.2 2.19911 -0.0195749
318.4 2.19911 0.00247815
318.6 2.19911 -0.0189888
318.8 2.19911 -0.0599328
319 2.19911 -0.0622633
319.2 2.19911 -0.00463313
319.4 2.19911 0.0638587
319.6 2.19911 0.073994
319.8 2.19911 0.0149682
320 2.19911 -0.0524892
320.2 2.19911 -0.065562
320.4 2.19911 -0.0289001
320.6 2.19911 -0.00160754
320.8 2.19911 -0.020186
321 2.19911 -0.0532503
321.2 2.19911 -0.0429813
321.4 2.19911 0.0195469
321.6 2.19911 0.0790174
321.8 2.19911 0.0787887
322 2.19911 0.0248296
322.2 2.19911 -0.0250678
322.4 2.19911 -0.0289554
322.6 2.19911 -0.00145963
322.8 2.19911 0.0157301
323 2.19911 0.00757726
323.2 2.19911 -0.00539574
323.4 2.19911 -0.005332
323.6 2.19911 -0.00231351
323.8 2.19911 -0.0110955
324 2.19911 -0.0176041
324.2 2.19911 0.00849104
324.4 2.19911 0.0646923
324.6 2.19911 0.0997231
324.8 2.19911 0.0657432
325 2.19911 -0.0176432
325.2 2.19911 -0.0719652
325.4 2.19911 -0.0429288
325.6 2.19911 0.035872
325.8 2.19911 0.0772668
326 2.19911 0.037176
326.2 2.19911 -0.0381074
326.4 2.19911 -0.0675
326.6 2.19911 -0.0252788
326.8 2.19911 0.0395654
327 2.19911 0.0690357
327.2 2.19911 0.058976
327.4 2.19911 0.0444909
327.6 2.19911 0.0385821
327.8 2.19911 0.013504
328 2.19911 -0.0490448
328.2 2.19911 -0.111339
328.4 2.19911 -0.110142
328.6 2.19911 -0.0353573
328.8 2.19911 0.0443758
329 2.19911 0.0527226
329.2 2.19911 -0.00496011
329.4 2.19911 -0.0435069
329.6 2.19911 0.00376899
329.8 2.19911 0.103261
330 2.19911 0.153641
330.2 2.19911 0.0977638
330.4 2.19911 -0.0139015
330.6 2.19911 -0.0797889
330.8 2.19911 -0.0563143
331 2.19911 0.00346306
331.2 2.19911 0.0186969
331.4 2.19911 -0.0279985
331.6 2.19911 -0.0788891
331.8 2.19911 -0.0726584
332 2.19911 -0.0115505
332.2 2.19911 0.0475586
332.4 2.19911 0.0578651
332.6 2.19911 0.0269104
332.8 2.19911 -0.000888672
333 2.19911 0.00661808
333.2 2.19911 0.0429557
333.4 2.19911 0.0770619
333.6 2.19911 0.0827536
333.8 2.19911 0.0551393
334 2.19911 0.00952024
334.2 2.19911 -0.0281327
334.4 2.19911 -0.0348987
334.6 2.19911 -0.00667316
334.8 2.19911 0.0351404
335 2.19911 0.0583528
335.2 2.19911 0.0482632
335.4 2.19911 0.0214311
335.6 2.19911 0.00715863
335.8 2.19911 0.0151964
336 2.19911 0.0265523
336.2 2.19911 0.0185747
336.4 2.19911 -0.00633183
336.6 2.19911 -0.0245365
336.8 2.19911 -0.0232738
337 2.19911 -0.0197304
337.2 2.19911 -0.0399494
337.4 2.19911 -0.0811671
337.6 2.19911 -0.105955
337.8 2.19911 -0.0812973
338 2.19911 -0.0203513
338.2 2.19911 0.0242178
338.4 2.19911 0.0137791
338.6 2.19911 -0.0329269
338.8 2.19911 -0.0568386
339 2.19911 -0.0215856
339.2 2.19911 0.0441765
339.4 2.19911 0.0725853
339.6 2.19911 0.0265599
339.8 2.19911 -0.0584832
340 2.19911 -0.106365
340.2 2.19911 -0.0750179
340.4 2.19911 0.00112747
340.6 2.19911 0.045473
340.8 2.19911 0.0158893
341 2.19911 -0.0543586
341.2 2.19911 -0.0933755
341.4 2.19911 -0.0661361
341.6 2.19911 -0.00842944
341.8 2.19911 0.0168491
342 2.19911 -0.00731912
342.2 2.19911 -0.0322211
342.4 2.19911 -0.00147145
342.6 2.19911 0.0769289
342.8 2.19911 0.128791
343 2.19911 0.0905302
343.2 2.19911 -0.0180735
343.4 2.19911 -0.108224
343.6 2.19911 -0.111897
343.8 2.19911 -0.0493746
344 2.19911 -0.000986747
344.2 2.19911 -0.0173442
344.4 2.19911 -0.0702891
344.6 2.19911 -0.0960169
344.8 2.19911 -0.0723896
345 2.19911 -0.0365973
345.2 2.19911 -0.0274495
345.4 2.19911 -0.0312388
345.6 2.19911 -0.00289981
345.8 2.19911 0.0654994
346 2.19911 0.12154
346.2 2.19911 0.111319
346.4 2.19911 0.049423
346.6 2.19911 0.00724602
346.8 2.19911 0.0267579
347 2.19911 0.0650152
347.2 2.19911 0.0442692
347.4 2.19911 -0.0475275
347.6 2.19911 -0.130618
347.8 2.19911 -0.12181
348 2.19911 -0.0362784
348.2 2.19911 0.0229423
348.4 2.19911 -0.0170717
348.6 2.19911 -0.110386
348.8 2.19911 -0.140547
349 2.19911 -0.0539152
349.2 2.19911 0.076394
349.4 2.19911 0.130838
349.6 2.19911 0.075469
349.8 2.19911 -0.0054567
350 2.19911 -0.00948752
350.2 2.19911 0.0699984
350.4 2.19911 0.143452
350.6 2.19911 0.130437
350.8 2.19911 0.045179
351 2.19911 -0.0285458
351.2 2.19911 -0.0322174
351.4 2.19911 0.0142813
351.6 2.19911 0.0503793
351.8 2.19911 0.0453151
352 2.19911 0.0197553
352.2 2.19911 0.0079682
352.4 2.19911 0.0174867
352.6 2.19911 0.0303871
352.8 2.19911 0.0304587
353 2.19911 0.0163971
353.2 2.19911 -0.00705621
353.4 2.19911 -0.0360121
353.6 2.19911 -0.0607914
353.8 2.19911 -0.0641217
354 2.19911 -0.0388208
354.2 2.19911 -0.00489405
354.4 2.19911 0.00437356
354.6 2.19911 -0.0200796
354.8 2.19911 -0.0475872
355 2.19911 -0.04022
355.2 2.19911 0.00119258
355.4 2.19911 0.0350352
355.6 2.19911 0.0277757
355.8 2.19911 -0.00481736
356 2.19911 -0.0169181
356.2 2.19911 0.00954957
356.4 2.19911 0.0415585
356.6 2.19911 0.0383078
356.8 2.19911 0.00737191
357 2.19911 -0.00159243
357.2 2.19911 0.0350301
357.4 2.19911 0.0686352
357.6 2.19911 0.0218236
357.8 2.19911 -0.116282
358 2.19911 -0.252041
358.2 2.19911 -0.262951
358.4 2.19911 -0.119227
358.6 2.19911 0.075315
358.8 2.19911 0.171308
359 2.19911 0.108113
359.2 2.19911 -0.0361898
359.4 2.19911 -0.123253
359.6 2.19911 -0.0805987
359.8 2.19911 0.0444814
360 2.19911 0.143223
360.2 2.19911 0.147329
360.4 2.19911 0.0761595
360.6 2.19911 -0.00277624
360.8 2.19911 -0.0447408
361 2.19911 -0.0563256
361.2 2.19911 -0.064574
361.4 2.19911 -0.0747929
361.6 2.19911 -0.0684256
361.8 2.19911 -0.0377391
362 2.19911 -0.00779652
362.2 2.19911 -0.0125932
362.4 2.19911 -0.0510065
362.6 2.19911 -0.0784898
362.8 2.19911 -0.0516868
363 2.19911 0.0211731
363.2 2.19911 0.083902
363.4 2.19911 0.090238
363.6 2.19911 0.0517531
363.8 2.19911 0.020755
364 2.19911 0.0285563
364.2 2.19911 0.0521861
364.4 2.19911 0.0477625
364.6 2.19911 0.00775174
364.8 2.19911 -0.0288569
365 2.19911 -0.0247254
365.2 2.19911 0.0108929
365.4 2.19911 0.036117
365.6 2.19911 0.0291215
365.8 2.19911 0.0106576
366 2.19911 0.00906432
366.2 2.19911 0.0168071
366.4 2.19911 -0.0015041
366.6 2.19911 -0.058881
366.8 2.19911 -0.120477
367 2.19911 -0.138642
367.2 2.19911 -0.10447
367.4 2.19911 -0.0506506
367.6 2.19911 -0.00596468
367.8 2.19911 0.033258
368 2.19911 0.0759
368.2 2.19911 0.0965764
368.4 2.19911 0.0517472
368.6 2.19911 -0.0564394
368.8 2.19911 -0.153152
369 2.19911 -0.153387
369.2 2.19911 -0.0536526
369.4 2.19911 0.0563073
369.6 2.19911 0.0844366
369.8 2.19911 0.0287518
370 2.19911 -0.0337479
370.2 2.19911 -0.0426634
370.4 2.19911 -0.0156158
370.6 2.19911 -0.00602638
370.8 2.19911 -0.0218704
371 2.19911 -0.0159527
371.2 2.19911 0.0407469
371.4 2.19911 0.104173
371.6 2.19911 0.100254
371.8 2.19911 0.0158364
372 2.19911 -0.0790436
372.2 2.19911 -0.108969
372.4 2.19911 -0.0749029
372.6 2.19911 -0.0389578
372.8 2.19911 -0.0369105
373 2.19911 -0.0346835
373.2 2.19911 0.0156149
373.4 2.19911 0.097554
373.6 2.19911 0.137988
373.8 2.19911 0.0952493
374 2.19911 0.0150727
374.2 2.19911 -0.0202122
374.4 2.19911 0.0127763
374.6 2.19911 0.0577315
374.8 2.19911 0.0560478
375 2.19911 0.0210507
375.2 2.19911 0.0146625
375.4 2.19911 0.0599445
375.6 2.19911 0.105246
375.8 2.19911 0.0871606
376 2.19911 0.0113339
376.2 2.19911 -0.0525134
376.4 2.19911 -0.0547354
376.6 2.19911 -0.0225783
376.8 2.19911 -0.0199685
377 2.19911 -0.06339
377.2 2.19911 -0.0991544
377.4 2.19911 -0.0676428
377.6 2.19911 0.0260738
377.8 2.19911 0.117312
378 2.19911 0.149356
378.2 2.19911 0.121624
378.4 2.19911 0.0731047
378.6 2.19911 0.0361712
378.8 2.19911 0.0180911
379 2.19911 0.0160828
379.2 2.19911 0.0288884
379.4 2.19911 0.0474238
379.6 2.19911 0.0497263
379.8 2.19911 0.0218234
380 2.19911 -0.018261
380.2 2.19911 -0.032345
380.4 2.19911 -0.00545855
380.6 2.19911 0.0307759
380.8 2.19911 0.0288013
381 2.19911 -0.0215407
381.2 2.19911 -0.079243
381.4 2.19911 -0.0947177
381.6 2.19911 -0.0596229
381.8 2.19911 -0.00924252
382 2.19911 0.0190903
382.2 2.19911 0.0203199
382.4 2.19911 0.0148458
382.6 2.19911 0.0183735
382.8 2.19911 0.0268624
383 2.19911 0.0271911
383.2 2.19911 0.0130656
383.4 2.19911 -0.011135
383.6 2.19911 -0.0343544
383.8 2.19911 -0.041817
384 2.19911 -0.0208832
384.2 2.19911 0.0258173
384.4 2.19911 0.0729769
384.6 2.19911 0.0887221
384.8 2.19911 0.065151
385 2.19911 0.0282316
385.2 2.19911 0.00905608
385.4 2.19911 0.00680824
385.6 2.19911 -0.00924455
385.8 2.19911 -0.0564207
386 2.19911 -0.10679
386.2 2.19911 -0.111194
386.4 2.19911 -0.0555024
386.6 2.19911 0.0187426
386.8 2.19911 0.0569343
387 2.19911 0.0480795
387.2 2.19911 0.0286066
387.4 2.19911 0.0323831
387.6 2.19911 0.0514735
387.8 2.19911 0.0547136
388 2.19911 0.0345787
388.2 2.19911 0.0176207
388.4 2.19911 0.0250717
388.6 2.19911 0.0390703
388.8 2.19911 0.0240735
389 2.19911 -0.0212119
389.2 2.19911 -0.0509657
389.4 2.19911 -0.0221961
389.6 2.19911 0.0496367
389.8 2.19911 0.0987834
390 2.19911 0.0767105
390.2 2.19911 0.00338148
390.4 2.19911 -0.0547066
390.6 2.19911 -0.0532973
390.8 2.19911 -0.00965354
391 2.19911 0.0248384
391.2 2.19911 0.0208193
391.4 2.19911 -0.00654929
391.6 2.19911 -0.0255362
391.8 2.19911 -0.0269199
392 2.19911 -0.0303192
392.2 2.19911 -0.0554463
392.4 2.19911 -0.092844
392.6 2.19911 -0.105695
392.8 2.19911 -0.0623061
393 2.19911 0.0291907
393.2 2.19911 0.115863
393.4 2.19911 0.134738
393.6 2.19911 0.0637479
393.8 2.19911 -0.0542499
394 2.19911 -0.140909
394.2 2.19911 -0.144441
394.4 2.19911 -0.0791185
394.6 2.19911 -0.00492363
394.8 2.19911 0.0297231
395 2.19911 0.022902
395.2 2.19911 0.00128838
395.4 2.19911 -0.0188798
395.6 2.19911 -0.0410981
395.8 2.19911 -0.0630274
396 2.19911 -0.0610321
396.2 2.19911 -0.0155654
396.4 2.19911 0.0526627
396.6 2.19911 0.0903337
396.8 2.19911 0.0654422
397 2.19911 0.00589982
397.2 2.19911 -0.0282595
397.4 2.19911 -0.0103005
397.6 2.19911 0.028054
397.8 2.19911 0.0413899
398 2.19911 0.0277375
398.2 2.19911 0.0255676
398.4 2.19911 0.0566794
398.6 2.19911 0.0918187
398.8 2.19911 0.0860795
399 2.19911 0.0386101
399.2 2.19911 -0.0029773
399.4 2.19911 -0.00186363
399.6 2.19911 0.0213228
399.8 2.19911 0.0168155
400 2.19911 -0.0256343
400.2 2.19911 -0.0571483
400.4 2.19911 -0.0282688
400.6 2.19911 0.0453435
400.8 2.19911 0.0928044
401 2.19911 0.0642552
401.2 2.19911 -0.0162974
401.4 2.19911 -0.0804208
401.6 2.19911 -0.0869873
401.8 2.19911 -0.0524024
402 2.19911 -0.0154782
402.2 2.19911 0.00822905
402.4 2.19911 0.028009
402.6 2.19911 0.0481044
402.8 2.19911 0.0570387
403 2.19911 0.0492837
403.2 2.19911 0.0399461
403.4 2.19911 0.0436941
403.6 2.19911 0.0464823
403.8 2.19911 0.0173954
404 2.19911 -0.0453292
404.2 2.19911 -0.0947163
404.4 2.19911 -0.0785824
404.6 2.19911 -0.0022448
404.8 2.19911 0.0668017
405 2.19911 0.0660657
405.2 2.19911 0.00366949
405.4 2.19911 -0.0528556
405.6 2.19911 -0.0516966
405.8 2.19911 -0.00894681
406 2.19911 0.0192651
406.2 2.19911 0.00700217
406.4 2.19911 -0.0132046
406.6 2.19911 0.00523339
406.8 2.19911 0.0616162
407 2.19911 0.102668
407.2 2.19911 0.0793998
407.4 2.19911 0.00223326
407.6 2.19911 -0.0658451
407.8 2.19911 -0.0697876
408 2.19911 -0.0139424
408.2 2.19911 0.0455337
408.4 2.19911 0.0558614
408.6 2.19911 0.0142519
408.8 2.19911 -0.0374681
409 2.19911 -0.0601564
409.2 2.19911 -0.0558379
409.4 2.19911 -0.0581328
409.6 2.19911 -0.0869761
409.8 2.19911 -0.119742
410 2.19911 -0.114201
410.2 2.19911 -0.0596298
410.4 2.19911 0.00408635
410.6 2.19911 0.0271799
410.8 2.19911 0.0072297
411 2.19911 -0.00573487
411.2 2.19911 0.0321041
411.4 2.19911 0.102331
411.6 2.19911 0.139952
411.8 2.19911 0.105948
412 2.19911 0.0313505
412.2 2.19911 -0.0207133
412.4 2.19911 -0.0279685
412.6 2.19911 -0.0260203
412.8 2.19911 -0.050132
413 2.19911 -0.0807236
413.2 2.19911 -0.0681916
413.4 2.19911 -0.00747504
413.6 2.19911 0.0393477
413.8 2.19911 0.0125688
414 2.19911 -0.0654412
414.2 2.19911 -0.106391
414.4 2.19911 -0.0589745
414.6 2.19911 0.0246658
414.8 2.19911 0.045625
415 2.19911 -0.0243472
415.2 2.19911 -0.105807
415.4 2.19911 -0.101737
415.6 2.19911 -0.0084512
415.8 2.19911 0.082889
416 2.19911 0.0907863
416.2 2.19911 0.0265513
416.4 2.19911 -0.035174
416.6 2.19911 -0.0484702
416.8 2.19911 -0.0333142
417 2.19911 -0.0248737
417.2 2.19911 -0.0172136
417.4 2.19911 0.0195137
417.6 2.19911 0.0781804
417.8 2.19911 0.102661
418 2.19911 0.0504001
418.2 2.19911 -0.0492166
418.4 2.19911 -0.119355
418.6 2.19911 -0.11697
418.8 2.19911 -0.0724373
419 2.19911 -0.043704
419.2 2.19911 -0.0475522
419.4 2.19911 -0.0518846
419.6 2.19911 -0.0281177
419.8 2.19911 0.0116689
420 2.19911 0.0373884
420.2 2.19911 0.0428583
420.4 2.19911 0.045869
420.6 2.19911 0.0515724
420.8 2.19911 0.0393903
421 2.19911 -0.00198714
421.2 2.19911 -0.0416055
421.4 2.19911 -0.0306597
421.6 2.19911 0.0372931
421.8 2.19911 0.107019
422 2.19911 0.114529
422.2 2.19911 0.0530824
422.4 2.19911 -0.0238094
422.6 2.19911 -0.0612339
422.8 2.19911 -0.0508793
423 2.19911 -0.0199996
423.2 2.19911 0.0085386
423.4 2.19911 0.0287935
423.6 2.19911 0.0335886
423.8 2.19911 0.00969149
424 2.19911 -0.0374827
424.2 2.19911 -0.070888
424.4 2.19911 -0.0557872
424.6 2.19911 -0.00596544
424.8 2.19911 0.0243306
425 2.19911 0.00508485
425.2 2.19911 -0.0278883
425.4 2.19911 -0.0154918
425.6 2.19911 0.045035
425.8 2.19911 0.0880159
426 2.19911 0.0592268
426.2 2.19911 -0.0106331
426.4 2.19911 -0.0386069
426.6 2.19911 0.00524358
426.8 2.19911 0.054108
427 2.19911 0.02581
427.2 2.19911 -0.0677326
427.4 2.19911 -0.124396
427.6 2.19911 -0.0729829
427.8 2.19911 0.0359719
428 2.19911 0.0859564
428.2 2.19911 0.0320864
428.4 2.19911 -0.0483776
428.6 2.19911 -0.0553663
428.8 2.19911 0.00945207
429 2.19911 0.04845
429.2 2.19911 -0.00428781
429.4 2.19911 -0.0949807
429.6 2.19911 -0.113485
429.8 2.19911 -0.0291748
430 2.19911 0.0693643
430.2 2.19911 0.0794535
430.4 2.19911 0.00458422
430.6 2.19911 -0.0555618
430.8 2.19911 -0.0281619
431 2.19911 0.0484364
431.2 2.19911 0.0769966
431.4 2.19911 0.019949
431.6 2.19911 -0.0595457
431.8 2.19911 -0.0752836
432 2.19911 -0.014249
432.2 2.19911 0.0592736
432.4 2.19911 0.082683
432.6 2.19911 0.05517
432.8 2.19911 0.0164035
433 2.19911 -0.0120254
433.2 2.19911 -0.0424443
433.4 2.19911 -0.0828566
433.6 2.19911 -0.106712
433.8 2.19911 -0.077485
434 2.19911 0.00156071
434.2 2.19911 0.0776252
434.4 2.19911 0.0955327
434.6 2.19911 0.0503766
434.8 2.19911 -0.0109605
435 2.19911 -0.0373589
435.2 2.19911 -0.0176987
435.4 2.19911 0.0192242
435.6 2.19911 0.040054
435.8 2.19911 0.037212
436 2.19911 0.0284587
436.2 2.19911 0.0336453
436.4 2.19911 0.0540636
436.6 2.19911 0.0713168
436.8 2.19911 0.0635519
437 2.19911 0.0243003
437.2 2.19911 -0.0310864
437.4 2.19911 -0.0758536
437.6 2.19911 -0.0898541
437.8 2.19911 -0.070236
438 2.19911 -0.028666
438.2 2.19911 0.0177097
438.4 2.19911 0.0517099
438.6 2.19911 0.0584883
438.8 2.19911 0.0321706
439 2.19911 -0.0146629
439.2 2.19911 -0.0525792
439.4 2.19911 -0.0556792
439.6 2.19911 -0.0250999
439.8 2.19911 0.0103895
440 2.19911 0.0210229
440.2 2.19911 0.00254913
440.4 2.19911 -0.025802
440.6 2.19911 -0.0467098
440.8 2.19911 -0.0607121
441 2.19911 -0.0748161
441.2 2.19911 -0.0833054
441.4 2.19911 -0.0705188
441.6 2.19911 -0.0334797
441.8 2.19911 0.00770868
442 2.19911 0.0293026
442.2 2.19911 0.0293761
442.4 2.19911 0.0252109
442.6 2.19911 0.0258865
442.8 2.19911 0.0189688
443 2.19911 -0.00797579
443.2 2.19911 -0.0406038
443.4 2.19911 -0.0478098
443.6 2.19911 -0.0219692
443.8 2.19911 0.00426663
444 2.19911 -0.00489896
444.2 2.19911 -0.0382854
444.4 2.19911 -0.0418999
444.6 2.19911 0.0172215
444.8 2.19911 0.100962
445 2.19911 0.130264
445.2 2.19911 0.0688077
445.4 2.19911 -0.0336623
445.6 2.19911 -0.0897142
445.8 2.19911 -0.0600565
446 2.19911 0.0171651
446.2 2.19911 0.0778351
446.4 2.19911 0.0963096
446.6 2.19911 0.0917594
446.8 2.19911 0.085268
447 2.19911 0.0727883
447.2 2.19911 0.0449202
447.4 2.19911 0.0150148
447.6 2.19911 0.00850331
447.8 2.19911 0.0262887
448 2.19911 0.0363836
448.2 2.19911 0.011579
448.4 2.19911 -0.034042
448.6 2.19911 -0.0598841
448.8 2.19911 -0.0484834
449 2.19911 -0.0264877
449.2 2.19911 -0.0296109
449.4 2.19911 -0.0573495
449.6 2.19911 -0.076125
449.8 2.19911 -0.0646849
450 2.19911 -0.0402005
450.2 2.19911 -0.0311997
450.4 2.19911 -0.0366867
450.6 2.19911 -0.0297625
450.8 2.19911 -0.00177805
451 2.19911 0.0160122
451.2 2.19911 -0.0105126
451.4 2.19911 -0.0669788
451.6 2.19911 -0.0958763
451.8 2.19911 -0.0605979
452 2.19911 0.00819527
452.2 2.19911 0.044811
452.4 2.19911 0.0245268
452.6 2.19911 -0.00856609
452.8 2.19911 0.0026495
453 2.19911 0.0555865
453.2 2.19911 0.0871591
453.4 2.19911 0.0477022
453.6 2.19911 -0.0374781
453.8 2.19911 -0.091183
454 2.19911 -0.0654387
454.2 2.19911 0.0108835
454.4 2.19911 0.0667195
454.6 2.19911 0.0616756
454.8 2.19911 0.0174687
455 2.19911 -0.0165849
455.2 2.19911 -0.0165139
455.4 2.19911 0.00147746
455.6 2.19911 0.00929093
455.8 2.19911 -0.00161193
456 2.19911 -0.0175989
456.2 2.19911 -0.0228362
456.4 2.19911 -0.0152237
456.6 2.19911 -0.00442168
456.8 2.19911 0.000287857
457 2.19911 -0.0014702
457.2 2.19911 -0.00220969
457.4 2.19911 0.00518379
457.6 2.19911 0.0184655
457.8 2.19911 0.0245524
458 2.19911 0.0104549
458.2 2.19911 -0.0203804
458.4 2.19911 -0.0437033
458.6 2.19911 -0.0321507
458.8 2.19911 0.0184682
459 2.19911 0.0812924
459.2 2.19911 0.119528
459.4 2.19911 0.116326
459.6 2.19911 0.0835436
459.8 2.19911 0.0441565
460 2.19911 0.0114003
460.2 2.19911 -0.0137877
460.4 2.19911 -0.0321861
460.6 2.19911 -0.0419992
460.8 2.19911 -0.0451793
461 2.19911 -0.0490419
461.2 2.19911 -0.0547994
461.4 2.19911 -0.0491007
461.6 2.19911 -0.0175868
461.8 2.19911 0.0302902
462 2.19911 0.0597468
462.2 2.19911 0.0451037
462.4 2.19911 0.00532304
462.6 2.19911 -0.00654071
462.8 2.19911 0.0418065
463 2.19911 0.120539
463.2 2.19911 0.160292
463.4 2.19911 0.119689
463.6 2.19911 0.0262748
463.8 2.19911 -0.0520251
464 2.19911 -0.0712868
464.2 2.19911 -0.0423793
464.4 2.19911 -0.00395343
464.6 2.19911 0.0207007
464.8 2.19911 0.0325803
465 2.19911 0.0341502
465.2 2.19911 0.0171562
465.4 2.19911 -0.0192777
465.6 2.19911 -0.0507471
465.8 2.19911 -0.0452142
466 2.19911 -0.0021868
466.2 2.19911 0.0377576
466.4 2.19911 0.0337103
466.6 2.19911 -0.00823838
466.8 2.19911 -0.0395966
467 2.19911 -0.0250681
467.2 2.19911 0.0154717
467.4 2.19911 0.0302116
467.6 2.19911 -0.00198823
467.8 2.19911 -0.0446587
468 2.19911 -0.0463805
468.2 2.19911 -0.00343385
468.4 2.19911 0.0326266
468.6 2.19911 0.0137357
468.8 2.19911 -0.0469696
469 2.19911 -0.0858509
469.2 2.19911 -0.0573426
469.4 2.19911 0.0153107
469.6 2.19911 0.0624644
469.8 2.19911 0.0380504
470 2.19911 -0.0366393
470.2 2.19911 -0.0966419
470.4 2.19911 -0.0942766
470.6 2.19911 -0.0357399
470.8 2.19911 0.0339702
471 2.19911 0.072244
471.2 2.19911 0.0652523
471.4 2.19911 0.0261134
471.6 2.19911 -0.0201306
471.8 2.19911 -0.0484514
472 2.19911 -0.0425004
472.2 2.19911 -0.00397792
472.4 2.19911 0.0438383
472.6 2.19911 0.0694179
472.8 2.19911 0.0582387
473 2.19911 0.0269217
473.2 2.19911 0.0083756
473.4 2.19911 0.0192882
473.6 2.19911 0.0427773
473.8 2.19911 0.045889
474 2.19911 0.0152999
474.2 2.19911 -0.0260665
474.4 2.19911 -0.0398818
474.6 2.19911 -0.0100295
474.8 2.19911 0.0413511
475 2.19911 0.0751264
475.2 2.19911 0.0711861
475.4 2.19911 0.0434055
475.6 2.19911 0.0212836
475.8 2.19911 0.0203369
476 2.19911 0.0314268
476.2 2.19911 0.0360025
476.4 2.19911 0.0269183
476.6 2.19911 0.012408
476.8 2.19911 0.00275478
477 2.19911 -0.00185944
477.2 2.19911 -0.00828098
477.4 2.19911 -0.0181713
477.6 2.19911 -0.0234034
477.8 2.19911 -0.0153973
478 2.19911 0.00302215
478.2 2.19911 0.0182221
478.4 2.19911 0.0193273
478.6 2.19911 0.0101096
478.8 2.19911 0.0061607
479 2.19911 0.0201256
479.2 2.19911 0.049794
479.4 2.19911 0.0796785
479.6 2.19911 0.0927826
479.8 2.19911 0.0809503
480 2.19911 0.0469293
480.2 2.19911 0.000553688
480.4 2.19911 -0.0452947
480.6 2.19911 -0.0775599
480.8 2.19911 -0.0869241
481 2.19911 -0.0728047
481.2 2.19911 -0.0446686
481.4 2.19911 -0.0161526
481.6 2.19911 0.00435444
481.8 2.19911 0.0177058
482 2.19911 0.0283242
482.2 2.19911 0.0352016
482.4 2.19911 0.0309796
482.6 2.19911 0.0120779
482.8 2.19911 -0.0111399
483 2.19911 -0.0186846
483.2 2.19911 -2.27387e-05
483.4 2.19911 0.0303982
483.6 2.19911 0.0411474
483.8 2.19911 0.012946
484 2.19911 -0.0383538
484.2 2.19911 -0.0714434
484.4 2.19911 -0.0571722
484.6 2.19911 -0.00785678
484.8 2.19911 0.0334116
485 2.19911 0.0350726
485.2 2.19911 0.0075521
485.4 2.19911 -0.0107953
485.6 2.19911 0.00269947
485.8 2.19911 0.0303747
486 2.19911 0.0366302
486.2 2.19911 0.0120646
486.4 2.19911 -0.0119467
486.6 2.19911 0.00305122
486.8 2.19911 0.0577448
487 2.19911 0.110262
487.2 2.19911 0.117801
487.4 2.19911 0.0786629
487.6 2.19911 0.029057
487.8 2.19911 0.00200622
488 2.19911 -0.0025498
488.2 2.19911 -0.00456787
488.4 2.19911 -0.00991041
488.6 2.19911 -0.00147772
488.8 2.19911 0.0332386
489 2.19911 0.0757426
489.2 2.19911 0.0895258
489.4 2.19911 0.0613416
489.6 2.19911 0.0208269
489.8 2.19911 0.0108851
490 2.19911 0.0396428
490.2 2.19911 0.069672
490.4 2.19911 0.0593967
490.6 2.19911 0.0117356
490.8 2.19911 -0.0247086
491 2.19911 -0.00486636
491.2 2.19911 0.064909
491.4 2.19911 0.129506
491.6 2.19911 0.13455
491.8 2.19911 0.0736759
492 2.19911 -0.0080699
492.2 2.19911 -0.0525763
492.4 2.19911 -0.0331189
492.6 2.19911 0.0286177
492.8 2.19911 0.0808355
493 2.19911 0.0801038
493.2 2.19911 0.0241525
493.4 2.19911 -0.0444233
493.6 2.19911 -0.0707256
493.8 2.19911 -0.0345792
494 2.19911 0.0286139
494.2 2.19911 0.0577271
494.4 2.19911 0.0235423
494.6 2.19911 -0.0418497
494.8 2.19911 -0.0762825
495 2.19911 -0.0493742
495.2 2.19911 0.00995035
495.4 2.19911 0.0487677
495.6 2.19911 0.0472217
495.8 2.19911 0.0325965
496 2.19911 0.0376347
496.2 2.19911 0.0564453
496.4 2.19911 0.0526098
496.6 2.19911 0.00861867
496.8 2.19911 -0.0461669
497 2.19911 -0.0656571
497.2 2.19911 -0.0393787
497.4 2.19911 -0.00302561
497.6 2.19911 0.00556052
497.8 2.19911 -0.0101539
498 2.19911 -0.0160625
498.2 2.19911 0.00296131
498.4 2.19911 0.019463
498.6 2.19911 -0.00194271
498.8 2.19911 -0.0543719
499 2.19911 -0.0878351
499.2 2.19911 -0.0629622
499.4 2.19911 0.00325486
499.6 2.19911 0.0542563
499.8 2.19911 0.0528057
500 2.19911 0.0134872
500.2 2.19911 -0.0243467
500.4 2.19911 -0.0434466
500.6 2.19911 -0.0571485
500.8 2.19911 -0.0761893
501 2.19911 -0.0851546
501.2 2.19911 -0.0632141
501.4 2.19911 -0.0205269
501.6 2.19911 0.00343267
501.8 2.19911 -0.0153782
502 2.19911 -0.0521626
502.2 2.19911 -0.0571999
502.4 2.19911 -0.0131895
502.6 2.19911 0.0421805
502.8 2.19911 0.0574252
503 2.19911 0.0251736
503.2 2.19911 -0.0110667
503.4 2.19911 -0.0086003
503.6 2.19911 0.0250441
503.8 2.19911 0.0410338
504 2.19911 0.00375023
504.2 2.19911 -0.0714154
504.4 2.19911 -0.135022
504.6 2.19911 -0.150854
504.8 2.19911 -0.122221
505 2.19911 -0.0784077
505.2 2.19911 -0.0456658
505.4 2.19911 -0.0324086
505.6 2.19911 -0.0318993
505.8 2.19911 -0.0291764
506 2.19911 -0.00812311
506.2 2.19911 0.0358843
506.4 2.19911 0.083584
506.6 2.19911 0.0990296
506.8 2.19911 0.0613365
507 2.19911 -0.00697052
507.2 2.19911 -0.0509632
507.4 2.19911 -0.0318691
507.6 2.19911 0.0336731
507.8 2.19911 0.0866182
508 2.19911 0.080041
508.2 2.19911 0.0198749
508.4 2.19911 -0.0469002
508.6 2.19911 -0.0786757
508.8 2.19911 -0.069816
509 2.19911 -0.041116
509.2 2.19911 -0.0122293
509.4 2.19911 0.00976986
509.6 2.19911 0.0214277
509.8 2.19911 0.01637
510 2.19911 -0.00558183
510.2 2.19911 -0.0287172
510.4 2.19911 -0.0312391
510.6 2.19911 -0.00866668
510.8 2.19911 0.0167854
511 2.19911 0.0155973
511.2 2.19911 -0.0192486
511.4 2.19911 -0.0634112
511.6 2.19911 -0.0828002
511.8 2.19911 -0.0637984
512 2.19911 -0.0239124
512.2 2.19911 0.00464808
512.4 2.19911 0.00221871
512.6 2.19911 -0.0224815
512.8 2.19911 -0.0392863
513 2.19911 -0.021363
513.2 2.19911 0.0296845
513.4 2.19911 0.0798561
513.6 2.19911 0.0883662
513.8 2.19911 0.0449436
514 2.19911 -0.0161315
514.2 2.19911 -0.0439871
514.4 2.19911 -0.0185607
514.6 2.19911 0.0295547
514.8 2.19911 0.0491319
515 2.19911 0.0182803
515.2 2.19911 -0.036589
515.4 2.19911 -0.069875
515.6 2.19911 -0.0591863
515.8 2.19911 -0.0172064
516 2.19911 0.030331
516.2 2.19911 0.0670847
516.4 2.19911 0.0857234
516.6 2.19911 0.0788841
516.8 2.19911 0.0454482
517 2.19911 0.00560098
517.2 2.19911 -0.00570546
517.4 2.19911 0.0266259
517.6 2.19911 0.0727829
517.8 2.19911 0.0809012
518 2.19911 0.0311436
518.2 2.19911 -0.0395378
518.4 2.19911 -0.0751809
518.6 2.19911 -0.0605319
518.8 2.19911 -0.0333149
519 2.19911 -0.0354873
519.2 2.19911 -0.0635405
519.4 2.19911 -0.0778705
519.6 2.19911 -0.0562055
519.8 2.19911 -0.0211741
520 2.19911 -0.0077718
520.2 2.19911 -0.0157398
520.4 2.19911 -0.0119417
520.6 2.19911 0.0192034
520.8 2.19911 0.0456396
521 2.19911 0.022898
521.2 2.19911 -0.0458142
521.4 2.19911 -0.102805
521.6 2.19911 -0.0970179
521.8 2.19911 -0.0413942
522 2.19911 0.00381329
522.2 2.19911 0.00208689
522.4 2.19911 -0.0205464
522.6 2.19911 -0.0149841
522.8 2.19911 0.0246556
523 2.19911 0.0514001
523.2 2.19911 0.0239016
523.4 2.19911 -0.0402825
523.6 2.19911 -0.0820802
523.8 2.19911 -0.0665415
524 2.19911 -0.0172503
524.2 2.19911 0.0174512
524.4 2.19911 0.0202001
524.6 2.19911 0.0147556
524.8 2.19911 0.0252842
525 2.19911 0.041658
525.2 2.19911 0.0337229
525.4 2.19911 -0.00770737
525.6 2.19911 -0.0567683
525.8 2.19911 -0.0812062
526 2.19911 -0.0760163
526.2 2.19911 -0.0629581
526.4 2.19911 -0.0614707
526.6 2.19911 -0.0683892
526.8 2.19911 -0.0665512
527 2.19911 -0.0461305
527.2 2.19911 -0.0136953
527.4 2.19911 0.0152331
527.6 2.19911 0.0275152
527.8 2.19911 0.0197748
528 2.19911 0.00239234
528.2 2.19911 -0.00337869
528.4 2.19911 0.0179995
528.6 2.19911 0.054923
528.8 2.19911 0.0691066
529 2.19911 0.030054
529.2 2.19911 -0.046316
529.4 2.19911 -0.10306
529.6 2.19911 -0.0970323
529.8 2.19911 -0.0467466
530 2.19911 -0.0147695
530.2 2.19911 -0.0381475
530.4 2.19911 -0.0854883
530.6 2.19911 -0.0936174
530.8 2.19911 -0.0433103
531 2.19911 0.0155869
531.2 2.19911 0.0207883
531.4 2.19911 -0.0307783
531.6 2.19911 -0.0810146
531.8 2.19911 -0.078368
532 2.19911 -0.0324402
532.2 2.19911 0.00597539
532.4 2.19911 0.00748654
532.6 2.19911 -0.0104635
532.8 2.19911 -0.0194641
533 2.19911 -0.0204147
533.2 2.19911 -0.0321354
533.4 2.19911 -0.049278
533.6 2.19911 -0.0368917
533.8 2.19911 0.0214788
534 2.19911 0.0852305
534.2 2.19911 0.0889371
534.4 2.19911 0.0172093
534.6 2.19911 -0.0686007
534.8 2.19911 -0.0915623
535 2.19911 -0.0404643
535.2 2.19911 0.0235846
535.4 2.19911 0.0418093
535.6 2.19911 0.0219993
535.8 2.19911 0.0165473
536 2.19911 0.0472708
536.2 2.19911 0.0743487
536.4 2.19911 0.048256
536.6 2.19911 -0.0225092
536.8 2.19911 -0.07453
537 2.19911 -0.060235
537.2 2.19911 -0.000521719
537.4 2.19911 0.0423098
537.6 2.19911 0.0343759
537.8 2.19911 -0.00111861
538 2.19911 -0.0227698
538.2 2.19911 -0.0210433
538.4 2.19911 -0.0180927
538.6 2.19911 -0.0269491
538.8 2.19911 -0.0300994
539 2.19911 -0.00532293
539.2 2.19911 0.0388894
539.4 2.19911 0.0675952
539.6 2.19911 0.0585822
539.8 2.19911 0.0265709
540 2.19911 0.00402108
540.2 2.19911 0.00542045
540.4 2.19911 0.0184604
540.6 2.19911 0.0265567
540.8 2.19911 0.0290627
541 2.19911 0.0362523
541.2 2.19911 0.0535559
541.4 2.19911 0.0788706
541.6 2.19911 0.110125
541.8 2.19911 0.142985
542 2.19911 0.158884
542.2 2.19911 0.129347
542.4 2.19911 0.0467685
542.6 2.19911 -0.0508912
542.8 2.19911 -0.101901
543 2.19911 -0.0777947
543.2 2.19911 -0.0146552
543.4 2.19911 0.0230222
543.6 2.19911 0.00969395
543.8 2.19911 -0.0194461
544 2.19911 -0.017357
544.2 2.19911 0.0152568
544.4 2.19911 0.0333058
544.6 2.19911 0.0090586
544.8 2.19911 -0.0265896
545 2.19911 -0.0182575
545.2 2.19911 0.0433273
545.4 2.19911 0.101623
545.6 2.19911 0.0933581
545.8 2.19911 0.0190404
546 2.19911 -0.0569311
546.2 2.19911 -0.0754554
546.4 2.19911 -0.0406539
546.6 2.19911 -0.00403365
546.8 2.19911 -0.00139468
547 2.19911 -0.0195863
547.2 2.19911 -0.0257051
547.4 2.19911 -0.0143297
547.6 2.19911 -0.0125265
547.8 2.19911 -0.0411253
548 2.19911 -0.0850964
548.2 2.19911 -0.11011
548.4 2.19911 -0.102425
548.6 2.19911 -0.082055
548.8 2.19911 -0.0751159
549 2.19911 -0.0814086
549.2 2.19911 -0.076039
549.4 2.19911 -0.0412574
549.6 2.19911 0.00972881
549.8 2.19911 0.0432243
550 2.19911 0.0369085
550.2 2.19911 0.000409848
550.4 2.19911 -0.0338307
550.6 2.19911 -0.0388937
550.8 2.19911 -0.0158572
551 2.19911 0.00800269
551.2 2.19911 0.00468817
551.4 2.19911 -0.0256634
551.6 2.19911 -0.0504305
551.8 2.19911 -0.0355587
552 2.19911 0.0129891
552.2 2.19911 0.0428995
552.4 2.19911 0.00339658
552.6 2.19911 -0.0932101
552.8 2.19911 -0.165402
553 2.19911 -0.132644
553.2 2.19911 0.000359918
553.4 2.19911 0.136068
553.6 2.19911 0.170727
553.8 2.19911 0.091247
554 2.19911 -0.018028
554.2 2.19911 -0.0646013
554.4 2.19911 -0.0367365
554.6 2.19911 0.000718721
554.8 2.19911 -0.0100349
555 2.19911 -0.0562684
555.2 2.19911 -0.0794373
555.4 2.19911 -0.0505995
555.6 2.19911 -0.00417501
555.8 2.19911 0.00577364
556 2.19911 -0.0309355
556.2 2.19911 -0.0721527
556.4 2.19911 -0.0739707
556.6 2.19911 -0.0359553
556.8 2.19911 0.00799888
557 2.19911 0.0317538
557.2 2.19911 0.0372765
557.4 2.19911 0.0361905
557.6 2.19911 0.0274387
557.8 2.19911 0.00318375
558 2.19911 -0.0309336
558.2 2.19911 -0.0562014
558.4 2.19911 -0.0642019
558.6 2.19911 -0.0681029
558.8 2.19911 -0.081196
559 2.19911 -0.0906351
559.2 2.19911 -0.0676479
559.4 2.19911 -0.00857013
559.6 2.19911 0.0464098
559.8 2.19911 0.0497956
560 2.19911 0.00156859
560.2 2.19911 -0.0448324
560.4 2.19911 -0.0390435
560.6 2.19911 0.0107812
560.8 2.19911 0.0500251
561 2.19911 0.0435915
561.2 2.19911 0.0167998
561.4 2.19911 0.0215137
561.6 2.19911 0.0693095
561.8 2.19911 0.114123
562 2.19911 0.106133
562.2 2.19911 0.0520239
562.4 2.19911 0.00866377
562.6 2.19911 0.0179117
562.8 2.19911 0.0598897
563 2.19911 0.0778534
563.2 2.19911 0.0428492
563.4 2.19911 -0.0165817
563.6 2.19911 -0.0484395
563.8 2.19911 -0.0304942
564 2.19911 0.0155944
564.2 2.19911 0.054354
564.4 2.19911 0.0685574
564.6 2.19911 0.0617214
564.8 2.19911 0.0429057
565 2.19911 0.0205691
565.2 2.19911 0.00666162
565.4 2.19911 0.0119187
565.6 2.19911 0.0303055
565.8 2.19911 0.0369908
566 2.19911 0.0139856
566.2 2.19911 -0.0219961
566.4 2.19911 -0.0287657
566.6 2.19911 0.0163706
566.8 2.19911 0.0859355
567 2.19911 0.126325
567.2 2.19911 0.113933
567.4 2.19911 0.0784728
567.6 2.19911 0.0647408
567.8 2.19911 0.0779123
568 2.19911 0.0788591
568.2 2.19911 0.0358073
568.4 2.19911 -0.0306809
568.6 2.19911 -0.0658879
568.8 2.19911 -0.042648
569 2.19911 0.00634067
569.2 2.19911 0.0239104
569.4 2.19911 -0.0093731
569.6 2.19911 -0.0570518
569.8 2.19911 -0.0701276
570 2.19911 -0.0393275
570.2 2.19911 0.000433156
570.4 2.19911 0.0114216
570.6 2.19911 -0.0107216
570.8 2.19911 -0.0415761
571 2.19911 -0.05747
571.2 2.19911 -0.0524849
571.4 2.19911 -0.0314708
571.6 2.19911 0.000476424
571.8 2.19911 0.0355838
572 2.19911 0.0578194
572.2 2.19911 0.051419
572.4 2.19911 0.0180719
572.6 2.19911 -0.0200759
572.8 2.19911 -0.0395709
573 2.19911 -0.0360067
573.2 2.19911 -0.0224858
573.4 2.19911 -0.0107479
573.6 2.19911 -0.000989046
573.8 2.19911 0.00820411
574 2.19911 0.00807946
574.2 2.19911 -0.0124746
574.4 2.19911 -0.047323
574.6 2.19911 -0.0704613
574.8 2.19911 -0.0604824
575 2.19911 -0.0255455
575.2 2.19911 0.00290799
575.4 2.19911 0.00337696
575.6 2.19911 -0.0137925
575.8 2.19911 -0.021364
576 2.19911 -0.00793392
576.2 2.19911 0.011125
576.4 2.19911 0.0155287
576.6 2.19911 0.00458375
576.8 2.19911 -0.00694665
577 2.19911 -0.0136905
577.2 2.19911 -0.0296252
577.4 2.19911 -0.0671088
577.6 2.19911 -0.11097
577.8 2.19911 -0.12365
578 2.19911 -0.0811922
578.2 2.19911 -0.00220797
578.4 2.19911 0.0629471
578.6 2.19911 0.0731055
578.8 2.19911 0.0279222
579 2.19911 -0.0361085
579.2 2.19911 -0.0757296
579.4 2.19911 -0.0690687
579.6 2.19911 -0.0243094
579.8 2.19911 0.0296738
580 2.19911 0.0614255
580.2 2.19911 0.0559563
580.4 2.19911 0.0249818
580.6 2.19911 -0.00130012
580.8 2.19911 0.00113003
581 2.19911 0.0289376
581.2 2.19911 0.0548827
581.4 2.19911 0.054393
581.6 2.19911 0.028924
581.8 2.19911 0.0029531
582 2.19911 0.000178687
582.2 2.19911 0.0245584
582.4 2.19911 0.0617772
582.6 2.19911 0.0920209
582.8 2.19911 0.0985024
583 2.19911 0.0712935
583.2 2.19911 0.0156951
583.4 2.19911 -0.039644
583.6 2.19911 -0.0540319
583.8 2.19911 -0.00951887
584 2.19911 0.0617377
584.2 2.19911 0.0955118
584.4 2.19911 0.053856
584.6 2.19911 -0.0327971
584.8 2.19911 -0.0903471
585 2.19911 -0.0741044
585.2 2.19911 -0.0152999
585.4 2.19911 0.0116907
585.6 2.19911 -0.0312639
585.8 2.19911 -0.105156
586 2.19911 -0.1351
586.2 2.19911 -0.0882657
586.4 2.19911 -0.00456314
586.6 2.19911 0.0488325
586.8 2.19911 0.0450697
587 2.19911 0.0146904
587.2 2.19911 0.00161886
587.4 2.19911 0.0135669
587.6 2.19911 0.0211631
587.8 2.19911 -0.000615138
588 2.19911 -0.0408448
588.2 2.19911 -0.0651652
588.4 2.19911 -0.0535087
588.6 2.19911 -0.0187688
588.8 2.19911 0.0111203
589 2.19911 0.0229382
589.2 2.19911 0.0264859
589.4 2.19911 0.0365194
589.6 2.19911 0.0529003
589.8 2.19911 0.0613371
590 2.19911 0.0506879
590.2 2.19911 0.0251197
590.4 2.19911 -0.00192343
590.6 2.19911 -0.022553
590.8 2.19911 -0.0394811
591 2.19911 -0.0557147
591.2 2.19911 -0.0628397
591.4 2.19911 -0.0445437
591.6 2.19911 0.0052539
591.8 2.19911 0.0691257
592 2.19911 0.114758
592.2 2.19911 0.120478
592.4 2.19911 0.0927688
592.6 2.19911 0.0576477
592.8 2.19911 0.0349082
593 2.19911 0.0227388
593.2 2.19911 0.00782416
593.4 2.19911 -0.0129343
593.6 2.19911 -0.0259354
593.8 2.19911 -0.0174252
594 2.19911 0.00718243
594.2 2.19911 0.0246833
594.4 2.19911 0.0151925
594.6 2.19911 -0.0201419
594.8 2.19911 -0.0617144
595 2.19911 -0.0871253
595.2 2.19911 -0.0828585
595.4 2.19911 -0.0469788
595.6 2.19911 0.00918618
595.8 2.19911 0.0593047
596 2.19911 0.0714606
596.2 2.19911 0.0327838
596.4 2.19911 -0.03204
596.6 2.19911 -0.0748703
596.8 2.19911 -0.0653023
597 2.19911 -0.0173441
597.2 2.19911 0.0294869
597.4 2.19911 0.0539479
597.6 2.19911 0.0688556
597.8 2.19911 0.0901052
598 2.19911 0.10203
598.2 2.19911 0.0713217
598.4 2.19911 -0.00132876
598.6 2.19911 -0.0604163
598.8 2.19911 -0.0457993
599 2.19911 0.0356975
599.2 2.19911 0.105118
599.4 2.19911 0.090711
599.6 2.19911 0.00643568
599.8 2.19911 -0.0629677
600 2.19911 -0.0561738
600.2 2.19911 -0.000383768
600.4 2.19911 0.0286211
600.6 2.19911 0.00129556
600.8 2.19911 -0.0317801
601 2.19911 -0.00701397
601.2 2.19911 0.0678723
601.4 2.19911 0.116976
601.6 2.19911 0.0835755
601.8 2.19911 -0.00389971
602 2.19911 -0.0644722
602.2 2.19911 -0.0533068
602.4 2.19911 -0.000791415
602.6 2.19911 0.0362221
602.8 2.19911 0.0418638
603 2.19911 0.0444254
603.2 2.19911 0.0619901
603.4 2.19911 0.069566
603.6 2.19911 0.032818
603.8 2.19911 -0.0376324
604 2.19911 -0.0849442
604.2 2.19911 -0.0638177
604.4 2.19911 0.0108962
604.6 2.19911 0.0800761
604.8 2.19911 0.0984478
605 2.19911 0.0687996
605.2 2.19911 0.0244619
605.4 2.19911 -0.00747028
605.6 2.19911 -0.020337
605.8 2.19911 -0.018759
606 2.19911 -0.0113883
606.2 2.19911 -0.0121326
606.4 2.19911 -0.0329393
606.6 2.19911 -0.0655618
606.8 2.19911 -0.0789059
607 2.19911 -0.0490409
607.2 2.19911 0.00657908
607.4 2.19911 0.0378427
607.6 2.19911 0.0139453
607.8 2.19911 -0.0399936
608 2.19911 -0.069874
608.2 2.19911 -0.05537
608.4 2.19911 -0.0320975
608.6 2.19911 -0.0434576
608.8 2.19911 -0.0808534
609 2.19911 -0.0887355
609.2 2.19911 -0.031897
609.4 2.19911 0.0564763
609.6 2.19911 0.105848
609.8 2.19911 0.0823509
610 2.19911 0.0191145
610.2 2.19911 -0.0270751
610.4 2.19911 -0.0349708
610.6 2.19911 -0.0254365
610.8 2.19911 -0.0206026
611 2.19911 -0.017223
611.2 2.19911 -0.00476357
611.4 2.19911 0.00876034
611.6 2.19911 0.00792789
611.8 2.19911 0.00192124
612 2.19911 0.0225229
612.2 2.19911 0.0779295
612.4 2.19911 0.122552
612.6 2.19911 0.0962295
612.8 2.19911 -0.00165828
613 2.19911 -0.0946024
613.2 2.19911 -0.102182
613.4 2.19911 -0.0271873
613.6 2.19911 0.0460079
613.8 2.19911 0.0445569
614 2.19911 -0.0148738
614.2 2.19911 -0.0528475
614.4 2.19911 -0.0247051
614.6 2.19911 0.0287262
614.8 2.19911 0.0360721
615 2.19911 -0.0137708
615.2 2.19911 -0.0560596
615.4 2.19911 -0.0288035
615.6 2.19911 0.0497208
615.8 2.19911 0.0979986
616 2.19911 0.0632033
616.2 2.19911 -0.0183104
616.4 2.19911 -0.0610221
616.6 2.19911 -0.0237201
616.8 2.19911 0.0486524
617 2.19911 0.0777779
617.2 2.19911 0.0371325
617.4 2.19911 -0.0242596
617.6 2.19911 -0.040952
617.8 2.19911 -0.00414974
618 2.19911 0.031153
618.2 2.19911 0.0101812
618.4 2.19911 -0.0574262
618.6 2.19911 -0.102993
618.8 2.19911 -0.0690106
619 2.19911 0.02912
619.2 2.19911 0.114417
619.4 2.19911 0.122547
619.6 2.19911 0.063269
619.8 2.19911 0.00642963
620 2.19911 0.00853932
620.2 2.19911 0.0566965
620.4 2.19911 0.0869758
620.6 2.19911 0.0538087
620.8 2.19911 -0.0254129
621 2.19911 -0.0939335
621.2 2.19911 -0.114153
621.4 2.19911 -0.0941731
621.6 2.19911 -0.0610308
621.8 2.19911 -0.0238744
622 2.19911 0.0247585
622.2 2.19911 0.0782832
622.4 2.19911 0.105718
622.6 2.19911 0.083211
622.8 2.19911 0.0287908
623 2.19911 -0.00863942
623.2 2.19911 0.00081873
623.4 2.19911 0.0377856
623.6 2.19911 0.0598331
623.8 2.19911 0.0518528
624 2.19911 0.0390177
624.2 2.19911 0.0492075
624.4 2.19911 0.0748399
624.6 2.19911 0.0823286
624.8 2.19911 0.05476
625 2.19911 0.0124792
625.2 2.19911 -0.0121028
625.4 2.19911 -0.0102045
625.6 2.19911 0.00146117
625.8 2.19911 0.00836033
626 2.19911 0.0137735
626.2 2.19911 0.0237548
626.4 2.19911 0.0289824
626.6 2.19911 0.0139009
626.8 2.19911 -0.0198639
627 2.19911 -0.0529219
627.2 2.19911 -0.0745997
627.4 2.19911 -0.0968767
627.6 2.19911 -0.12937
627.8 2.19911 -0.14763
628 2.19911 -0.107856
628.2 2.19911 -0.00480196
628.4 2.19911 0.0976259
628.6 2.19911 0.115495
628.8 2.19911 0.0318714
629 2.19911 -0.0766067
629.2 2.19911 -0.112117
629.4 2.19911 -0.0530629
629.6 2.19911 0.0292022
629.8 2.19911 0.050005
630 2.19911 -0.00324646
630.2 2.19911 -0.0687189
630.4 2.19911 -0.0820461
630.6 2.19911 -0.0370416
630.8 2.19911 0.0220684
631 2.19911 0.0511082
631.2 2.19911 0.039448
631.4 2.19911 0.00517965
631.6 2.19911 -0.0238274
631.8 2.19911 -0.0226903
632 2.19911 0.0176799
632.2 2.19911 0.0746137
632.4 2.19911 0.0980261
632.6 2.19911 0.0516677
632.8 2.19911 -0.0414854
633 2.19911 -0.107577
633.2 2.19911 -0.0914303
633.4 2.19911 -0.0164963
633.6 2.19911 0.0377237
633.8 2.19911 0.0222198
634 2.19911 -0.0291915
634.2 2.19911 -0.0432372
634.4 2.19911 0.00571466
634.6 2.19911 0.0697461
634.8 2.19911 0.0908299
635 2.19911 0.0706841
635.2 2.19911 0.0598162
635.4 2.19911 0.083505
635.6 2.19911 0.103581
635.8 2.19911 0.0669792
636 2.19911 -0.0212397
636.2 2.19911 -0.0946729
636.4 2.19911 -0.0978342
636.6 2.19911 -0.0448026
636.8 2.19911 0.00482479
637 2.19911 0.0164391
637.2 2.19911 0.00878666
637.4 2.19911 0.0132277
637.6 2.19911 0.0274299
637.8 2.19911 0.0263674
638 2.19911 0.00895402
638.2 2.19911 0.0084511
638.4 2.19911 0.0463621
638.6 2.19911 0.0918201
638.8 2.19911 0.0876248
639 2.19911 0.0177126
639.2 2.19911 -0.066808
639.4 2.19911 -0.0987775
639.6 2.19911 -0.0641561
639.8 2.19911 -0.00892599
640 2.19911 0.0189065
640.2 2.19911 0.0186829
640.4 2.19911 0.0218435
640.6 2.19911 0.0402423
640.8 2.19911 0.0478631
641 2.19911 0.0171565
641.2 2.19911 -0.0393808
641.4 2.19911 -0.0760113
641.6 2.19911 -0.0605695
641.8 2.19911 -0.00624981
642 2.19911 0.0443279
642.2 2.19911 0.0599884
642.4 2.19911 0.0428493
642.6 2.19911 0.0165326
642.8 2.19911 0.00142998
643 2.19911 0.0010937
643.2 2.19911 0.00447082
643.4 2.19911 -0.00280394
643.6 2.19911 -0.0245968
643.8 2.19911 -0.0459932
644 2.19911 -0.0416361
644.2 2.19911 -0.000902022
644.4 2.19911 0.0530192
644.6 2.19911 0.0767575
644.8 2.19911 0.0474991
645 2.19911 -0.0110521
645.2 2.19911 -0.0502523
645.4 2.19911 -0.0464159
645.6 2.19911 -0.0240629
645.8 2.19911 -0.0257527
646 2.19911 -0.0633171
646.2 2.19911 -0.105686
646.4 2.19911 -0.114027
646.6 2.19911 -0.080458
646.8 2.19911 -0.0282605
647 2.19911 0.0180204
647.2 2.19911 0.0523365
647.4 2.19911 0.0782643
647.6 2.19911 0.0931673
647.8 2.19911 0.0903497
648 2.19911 0.0725124
648.2 2.19911 0.0529148
648.4 2.19911 0.0412014
648.6 2.19911 0.0353792
648.8 2.19911 0.031345
649 2.19911 0.032822
649.2 2.19911 0.043317
649.4 2.19911 0.052433
649.6 2.19911 0.0436321
649.8 2.19911 0.0202253
650 2.19911 0.0114428
650.2 2.19911 0.0383963
650.4 2.19911 0.0774439
650.6 2.19911 0.0759948
650.8 2.19911 0.0151307
651 2.19911 -0.0553041
651.2 2.19911 -0.0634621
651.4 2.19911 0.00057575
651.6 2.19911 0.065234
651.8 2.19911 0.0554665
652 2.19911 -0.0187791
652.2 2.19911 -0.0714283
652.4 2.19911 -0.041597
652.6 2.19911 0.0325219
652.8 2.19911 0.0581324
653 2.19911 -0.00127695
653.2 2.19911 -0.08164
653.4 2.19911 -0.0940016
653.6 2.19911 -0.0279028
653.8 2.19911 0.041153
654 2.19911 0.0443799
654.2 2.19911 -0.00230473
654.4 2.19911 -0.0262793
654.6 2.19911 0.00930136
654.8 2.19911 0.0639572
655 2.19911 0.0741379
655.2 2.19911 0.030001
655.4 2.19911 -0.0188527
655.6 2.19911 -0.027852
655.8 2.19911 -0.0077225
656 2.19911 -0.00290203
656.2 2.19911 -0.0328784
656.4 2.19911 -0.0704035
656.6 2.19911 -0.0770322
656.8 2.19911 -0.0469488
657 2.19911 -0.00909505
657.2 2.19911 0.00645017
657.4 2.19911 -0.00462721
657.6 2.19911 -0.0243057
657.8 2.19911 -0.032648
658 2.19911 -0.0231586
658.2 2.19911 -0.00661634
658.4 2.19911 -0.00466033
658.6 2.19911 -0.0322323
658.8 2.19911 -0.0768538
659 2.19911 -0.0988813
659.2 2.19911 -0.0669948
659.4 2.19911 0.000381763
659.6 2.19911 0.040954
659.8 2.19911 0.0115522
660 2.19911 -0.0560015
660.2 2.19911 -0.0788092
660.4 2.19911 -0.0134887
660.6 2.19911 0.0872684
660.8 2.19911 0.126039
661 2.19911 0.0689327
661.2 2.19911 -0.0141035
661.4 2.19911 -0.0292534
661.6 2.19911 0.0321985
661.8 2.19911 0.0856147
662 2.19911 0.0559925
662.2 2.19911 -0.0311475
662.4 2.19911 -0.0808601
662.6 2.19911 -0.0436429
662.8 2.19911 0.0252435
663 2.19911 0.0323443
663.2 2.19911 -0.0429943
663.4 2.19911 -0.125468
663.6 2.19911 -0.13177
663.8 2.19911 -0.0618905
664 2.19911 0.0100703
664.2 2.19911 0.024698
664.4 2.19911 -0.00396159
664.6 2.19911 -0.0213076
664.8 2.19911 -0.00411615
665 2.19911 0.019103
665.2 2.19911 0.0154925
665.4 2.19911 -0.00478021
665.6 2.19911 -0.00124867
665.8 2.19911 0.0436384
666 2.19911 0.0981142
666.2 2.19911 0.112158
666.4 2.19911 0.0687479
666.6 2.19911 -0.000325591
666.8 2.19911 -0.0465044
667 2.19911 -0.0481893
667.2 2.19911 -0.0262074
667.4 2.19911 -0.0215666
667.6 2.19911 -0.0571995
667.8 2.19911 -0.114542
668 2.19911 -0.144666
668.2 2.19911 -0.109563
668.4 2.19911 -0.0211148
668.6 2.19911 0.0612805
668.8 2.19911 0.080785
669 2.19911 0.0364339
669.2 2.19911 -0.0160569
669.4 2.19911 -0.0216879
669.6 2.19911 0.0180099
669.8 2.19911 0.0519468
670 2.19911 0.0396706
670.2 2.19911 -0.00569594
670.4 2.19911 -0.0397073
670.6 2.19911 -0.0411027
670.8 2.19911 -0.0285043
671 2.19911 -0.0226515
671.2 2.19911 -0.0111178
671.4 2.19911 0.031775
671.6 2.19911 0.0954214
671.8 2.19911 0.126888
672 2.19911 0.0884714
672.2 2.19911 0.0111656
672.4 2.19911 -0.0304314
672.6 2.19911 -0.00163071
672.8 2.19911 0.0492419
673 2.19911 0.0450928
673.2 2.19911 -0.0284954
673.4 2.19911 -0.104101
673.6 2.19911 -0.110444
673.8 2.19911 -0.0548674
674 2.19911 -0.0115945
674.2 2.19911 -0.0307516
674.4 2.19911 -0.0783716
674.6 2.19911 -0.0792384
674.8 2.19911 -0.0100602
675 2.19911 0.0687375
675.2 2.19911 0.0798417
675.4 2.19911 0.015967
675.6 2.19911 -0.0523838
675.8 2.19911 -0.0540078
676 2.19911 0.00972858
676.2 2.19911 0.0724229
676.4 2.19911 0.0753568
676.6 2.19911 0.0236001
676.8 2.19911 -0.0277777
677 2.19911 -0.0320929
677.2 2.19911 0.00925259
677.4 2.19911 0.0580071
677.6 2.19911 0.078454
677.8 2.19911 0.0634174
678 2.19911 0.0297661
678.2 2.19911 -0.00215422
678.4 2.19911 -0.0232493
678.6 2.19911 -0.0357418
678.8 2.19911 -0.0442972
679 2.19911 -0.0480752
679.2 2.19911 -0.039957
679.4 2.19911 -0.0130726
679.6 2.19911 0.0304925
679.8 2.19911 0.0763213
680 2.19911 0.103766
680.2 2.19911 0.0989962
680.4 2.19911 0.0659137
680.6 2.19911 0.0260402
680.8 2.19911 0.00485807
681 2.19911 0.0124838
681.2 2.19911 0.0335164
681.4 2.19911 0.0381574
681.6 2.19911 0.00953212
681.8 2.19911 -0.0366936
682 2.19911 -0.063191
682.2 2.19911 -0.0474465
682.4 2.19911 -0.00803697
682.6 2.19911 0.0108939
682.8 2.19911 -0.0144092
683 2.19911 -0.0597504
683.2 2.19911 -0.076938
683.4 2.19911 -0.0452416
683.6 2.19911 0.0077312
683.8 2.19911 0.0399151
684 2.19911 0.042205
684.2 2.19911 0.0419555
684.4 2.19911 0.0593663
684.6 2.19911 0.0742076
684.8 2.19911 0.0485934
685 2.19911 -0.0204647
685.2 2.19911 -0.0864708
685.4 2.19911 -0.100647
685.6 2.19911 -0.0671501
685.8 2.19911 -0.039362
686 2.19911 -0.0602816
686.2 2.19911 -0.115976
686.4 2.19911 -0.153531
686.6 2.19911 -0.137462
686.8 2.19911 -0.0791918
687 2.19911 -0.0160242
687.2 2.19911 0.0231799
687.4 2.19911 0.0263533
687.6 2.19911 -0.0104495
687.8 2.19911 -0.0778928
688 2.19911 -0.138647
688.2 2.19911 -0.141155
688.4 2.19911 -0.0689107
688.6 2.19911 0.0282279
688.8 2.19911 0.0731725
689 2.19911 0.0415687
689.2 2.19911 -0.00907462
689.4 2.19911 -0.00562935
689.6 2.19911 0.0503955
689.8 2.19911 0.07903
690 2.19911 0.0169723
690.2 2.19911 -0.0977643
690.4 2.19911 -0.156608
690.6 2.19911 -0.0965006
690.8 2.19911 0.0318292
691 2.19911 0.120448
691.2 2.19911 0.116921
691.4 2.19911 0.0637116
691.6 2.19911 0.0300362
691.8 2.19911 0.029302
692 2.19911 0.0201479
692.2 2.19911 -0.0240443
692.4 2.19911 -0.0737179
692.6 2.19911 -0.0799047
692.8 2.19911 -0.0350689
693 2.19911 0.0206958
693.2 2.19911 0.0491276
693.4 2.19911 0.0501533
693.6 2.19911 0.0434191
693.8 2.19911 0.0312883
694 2.19911 -0.00103665
694.2 2.19911 -0.0526087
694.4 2.19911 -0.0944998
694.6 2.19911 -0.100359
694.8 2.19911 -0.0774712
695 2.19911 -0.0532904
695.2 2.19911 -0.03665
695.4 2.19911 -0.0110019
695.6 2.19911 0.0289325
695.8 2.19911 0.0531475
696 2.19911 0.0294279
696.2 2.19911 -0.0238173
696.4 2.19911 -0.042535
696.6 2.19911 0.0110028
696.8 2.19911 0.0940495
697 2.19911 0.121974
697.2 2.19911 0.062509
697.4 2.19911 -0.0271531
697.6 2.19911 -0.0678982
697.8 2.19911 -0.0491689
698 2.19911 -0.0313641
698.2 2.19911 -0.0606852
698.4 2.19911 -0.107362
698.6 2.19911 -0.106579
698.8 2.19911 -0.0468922
699 2.19911 0.0113072
699.2 2.19911 0.0132555
699.4 2.19911 -0.0179347
699.6 2.19911 -0.0117899
699.8 2.19911 0.051727
700 2.19911 0.103786
700.2 2.19911 0.0637736
700.4 2.19911 -0.0580835
700.6 2.19911 -0.159641
700.8 2.19911 -0.153513
701 2.19911 -0.057525
701.2 2.19911 0.0330459
701.4 2.19911 0.0525581
701.6 2.19911 0.0235776
701.8 2.19911 0.00767214
702 2.19911 0.0216076
702.2 2.19911 0.0244182
702.4 2.19911 -0.0164425
702.6 2.19911 -0.0709767
702.8 2.19911 -0.0753824
703 2.19911 -0.00794151
703.2 2.19911 0.0801994
703.4 2.19911 0.115778
703.6 2.19911 0.07667
703.8 2.19911 0.00817667
704 2.19911 -0.0278952
704.2 2.19911 -0.011655
704.4 2.19911 0.0260789
704.6 2.19911 0.042319
704.8 2.19911 0.0224598
705 2.19911 -0.0123264
705.2 2.19911 -0.0285819
705.4 2.19911 -0.010285
705.6 2.19911 0.0274541
705.8 2.19911 0.049213
706 2.19911 0.0277245
706.2 2.19911 -0.0302671
706.4 2.19911 -0.0846122
706.6 2.19911 -0.0933116
706.8 2.19911 -0.0490727
707 2.19911 0.0143907
707.2 2.19911 0.0533118
707.4 2.19911 0.050824
707.6 2.19911 0.0236318
707.8 2.19911 -0.00288813
708 2.19911 -0.0190612
708.2 2.19911 -0.0299985
708.4 2.19911 -0.0388527
708.6 2.19911 -0.0405463
708.8 2.19911 -0.0323435
709 2.19911 -0.0218988
709.2 2.19911 -0.0179756
709.4 2.19911 -0.0162359
709.6 2.19911 -0.00279625
709.8 2.19911 0.0249024
710 2.19911 0.0463382
710.2 2.19911 0.0344971
710.4 2.19911 -0.0141592
710.6 2.19911 -0.0699903
710.8 2.19911 -0.0940416
711 2.19911 -0.0724633
711.2 2.19911 -0.0282462
711.4 2.19911 0.000151957
711.6 2.19911 -0.0071393
711.8 2.19911 -0.0337135
712 2.19911 -0.0394254
712.2 2.19911 0.00543212
712.4 2.19911 0.0892112
712.6 2.19911 0.158138
712.8 2.19911 0.154315
713 2.19911 0.0670636
713.2 2.19911 -0.0485966
713.4 2.19911 -0.112426
713.6 2.19911 -0.0882129
713.8 2.19911 -0.0158717
714 2.19911 0.0284258
714.2 2.19911 0.00583306
714.4 2.19911 -0.0534196
714.6 2.19911 -0.0904231
714.8 2.19911 -0.0813047
715 2.19911 -0.0530062
715.2 2.19911 -0.0401962
715.4 2.19911 -0.0410073
715.6 2.19911 -0.0253023
715.8 2.19911 0.0198786
716 2.19911 0.0682257
716.2 2.19911 0.0829801
716.4 2.19911 0.0583516
716.6 2.19911 0.0217439
716.8 2.19911 -0.00217076
717 2.19911 -0.0166106
717.2 2.19911 -0.0372894
717.4 2.19911 -0.0624526
717.6 2.19911 -0.0717937
717.8 2.19911 -0.0548826
718 2.19911 -0.0279494
718.2 2.19911 -0.0146465
718.4 2.19911 -0.0171164
718.6 2.19911 -0.0172931
718.8 2.19911 -0.0054283
719 2.19911 0.00603999
719.2 2.19911 0.00408847
719.4 2.19911 0.000192615
719.6 2.19911 0.0179046
719.8 2.19911 0.0543653
720 2.19911 0.0703492
720.2 2.19911 0.0329759
720.4 2.19911 -0.0364139
720.6 2.19911 -0.0739557
720.8 2.19911 -0.0409859
721 2.19911 0.0289605
721.2 2.19911 0.0629854
721.4 2.19911 0.0284484
721.6 2.19911 -0.0311015
721.8 2.19911 -0.044713
722 2.19911 0.00893246
722.2 2.19911 0.0812177
722.4 2.19911 0.106833
722.6 2.19911 0.0663311
722.8 2.19911 -0.00593577
723 2.19911 -0.0629112
723.2 2.19911 -0.081745
723.4 2.19911 -0.0651985
723.6 2.19911 -0.025755
723.8 2.19911 0.0199326
724 2.19911 0.0492172
724.2 2.19911 0.0442012
724.4 2.19911 0.0111698
724.6 2.19911 -0.019102
724.8 2.19911 -0.0201785
725 2.19911 0.00233448
725.2 2.19911 0.0189098
725.4 2.19911 0.0121233
725.6 2.19911 -0.00373993
725.8 2.19911 -0.00347149
726 2.19911 0.0157457
726.2 2.19911 0.0312691
726.4 2.19911 0.024134
726.6 2.19911 0.000602426
726.8 2.19911 -0.0204644
727 2.19911 -0.0329302
727.2 2.19911 -0.0448633
727.4 2.19911 -0.0569631
727.6 2.19911 -0.0545459
727.8 2.19911 -0.0300874
728 2.19911 -0.00461078
728.2 2.19911 -0.0100393
728.4 2.19911 -0.04699
728.6 2.19911 -0.074129
728.8 2.19911 -0.0525214
729 2.19911 0.00431597
729.2 2.19911 0.0402496
729.4 2.19911 0.0222341
729.6 2.19911 -0.015829
729.8 2.19911 -0.0090607
730 2.19911 0.0604356
730.2 2.19911 0.13579
730.4 2.19911 0.143848
730.6 2.19911 0.073969
730.8 2.19911 -0.0122216
731 2.19911 -0.0469417
731.2 2.19911 -0.020305
731.4 2.19911 0.0247799
731.6 2.19911 0.047272
731.8 2.19911 0.042351
732 2.19911 0.0257715
732.2 2.19911 0.00583212
732.4 2.19911 -0.0153049
732.6 2.19911 -0.0235706
732.8 2.19911 7.62713e-05
733 2.19911 0.0464654
733.2 2.19911 0.0680275
733.4 2.19911 0.0225137
733.6 2.19911 -0.0713063
733.8 2.19911 -0.138008
734 2.19911 -0.117938
734.2 2.19911 -0.0315357
734.4 2.19911 0.040487
734.6 2.19911 0.0423309
734.8 2.19911 -0.00148628
735 2.19911 -0.0211665
735.2 2.19911 0.0166372
735.4 2.19911 0.0744566
735.6 2.19911 0.0910023
735.8 2.19911 0.0493979
736 2.19911 -0.0102724
736.2 2.19911 -0.0392816
736.4 2.19911 -0.0276362
736.6 2.19911 -0.00147715
736.8 2.19911 0.0135704
737 2.19911 0.0146027
737.2 2.19911 0.0116919
737.4 2.19911 0.0106925
737.6 2.19911 0.0124206
737.8 2.19911 0.0201121
738 2.19911 0.0360413
738.2 2.19911 0.0515451
738.4 2.19911 0.0516662
738.6 2.19911 0.0354593
738.8 2.19911 0.0237063
739 2.19911 0.0354436
739.2 2.19911 0.0576659
739.4 2.19911 0.0509804
739.6 2.19911 -0.00594771
739.8 2.19911 -0.0832955
740 2.19911 -0.122921
740.2 2.19911 -0.0975765
740.4 2.19911 -0.0392424
740.6 2.19911 -0.00248345
740.8 2.19911 -0.00539715
741 2.19911 -0.0176696
741.2 2.19911 -0.00691382
741.4 2.19911 0.0170463
741.6 2.19911 0.0168166
741.8 2.19911 -0.0178583
742 2.19911 -0.0468888
742.2 2.19911 -0.0223286
742.4 2.19911 0.0518586
742.6 2.19911 0.116499
742.8 2.19911 0.118671
743 2.19911 0.067947
743.2 2.19911 0.0225866
743.4 2.19911 0.0220726
743.6 2.19911 0.0449175
743.8 2.19911 0.0392459
744 2.19911 -0.0123888
744.2 2.19911 -0.0707402
744.4 2.19911 -0.0851728
744.6 2.19911 -0.0521121
744.8 2.19911 -0.018506
745 2.19911 -0.0275483
745.2 2.19911 -0.0695067
745.4 2.19911 -0.0931724
745.6 2.19911 -0.0638181
745.8 2.19911 -0.00281831
746 2.19911 0.0329964
746.2 2.19911 0.00815617
746.4 2.19911 -0.0587565
746.6 2.19911 -0.116799
746.8 2.19911 -0.131146
747 2.19911 -0.107507
747.2 2.19911 -0.0738472
747.4 2.19911 -0.046391
747.6 2.19911 -0.018561
747.8 2.19911 0.0197543
748 2.19911 0.0599402
748.2 2.19911 0.0776855
748.4 2.19911 0.058229
748.6 2.19911 0.014736
748.8 2.19911 -0.0217921
749 2.19911 -0.0307391
749.2 2.19911 -0.0186778
749.4 2.19911 -0.00814536
749.6 2.19911 -0.0127467
749.8 2.19911 -0.0261365
750 2.19911 -0.0343076
750.2 2.19911 -0.0334965
750.4 2.19911 -0.0315299
750.6 2.19911 -0.0330339
750.8 2.19911 -0.0300654
751 2.19911 -0.0125942
751.2 2.19911 0.013833
751.4 2.19911 0.0285012
751.6 2.19911 0.0186438
751.8 2.19911 -0.00104805
752 2.19911 -0.000375591
752.2 2.19911 0.0299974
752.4 2.19911 0.0582597
752.6 2.19911 0.0369599
752.8 2.19911 -0.0454221
753 2.19911 -0.141017
753.2 2.19911 -0.17871
753.4 2.19911 -0.129669
753.6 2.19911 -0.0369894
753.8 2.19911 0.0233483
754 2.19911 0.0129331
754.2 2.19911 -0.0366679
754.4 2.19911 -0.0610092
754.6 2.19911 -0.028996
754.8 2.19911 0.0300817
755 2.19911 0.0629455
755.2 2.19911 0.0495694
755.4 2.19911 0.0196256
755.6 2.19911 0.0142277
755.8 2.19911 0.0385794
756 2.19911 0.0577302
756.2 2.19911 0.0372269
756.4 2.19911 -0.018417
756.6 2.19911 -0.0707764
756.8 2.19911 -0.0871835
757 2.19911 -0.0698999
757.2 2.19911 -0.0468464
757.4 2.19911 -0.0401111
757.6 2.19911 -0.0485911
757.8 2.19911 -0.0574353
758 2.19911 -0.0547124
758.2 2.19911 -0.0351742
758.4 2.19911 0.00380262
758.6 2.19911 0.0573973
758.8 2.19911 0.102822
759 2.19911 0.106227
759.2 2.19911 0.054911
759.4 2.19911 -0.0168974
759.6 2.19911 -0.0481926
759.8 2.19911 -0.01011
760 2.19911 0.0568509
760.2 2.19911 0.076677
760.4 2.19911 0.0168134
760.6 2.19911 -0.071947
760.8 2.19911 -0.104316
761 2.19911 -0.049754
761.2 2.19911 0.0351935
761.4 2.19911 0.0693509
761.6 2.19911 0.0345334
761.8 2.19911 -0.0107106
762 2.19911 -0.00491359
762.2 2.19911 0.0425728
762.4 2.19911 0.0650382
762.6 2.19911 0.0224748
762.8 2.19911 -0.0444743
763 2.19911 -0.0560513
763.2 2.19911 0.0159068
763.4 2.19911 0.11231
763.6 2.19911 0.146672
763.8 2.19911 0.0927648
764 2.19911 0.00460388
764.2 2.19911 -0.0464484
764.4 2.19911 -0.0426071
764.6 2.19911 -0.0235002
764.8 2.19911 -0.0294377
765 2.19911 -0.0546094
765.2 2.19911 -0.0592819
765.4 2.19911 -0.0196038
765.6 2.19911 0.0431842
765.8 2.19911 0.0822213
766 2.19911 0.0681165
766.2 2.19911 0.0135629
766.4 2.19911 -0.0388197
766.6 2.19911 -0.05077
766.8 2.19911 -0.0176725
767 2.19911 0.0275407
767.2 2.19911 0.0401252
767.4 2.19911 0.00244006
767.6 2.19911 -0.0565669
767.8 2.19911 -0.0848255
768 2.19911 -0.0577537
768.2 2.19911 -0.00658124
768.4 2.19911 0.0108436
768.6 2.19911 -0.0284773
768.8 2.19911 -0.0851283
769 2.19911 -0.0973466
769.2 2.19911 -0.0470801
769.4 2.19911 0.0219068
769.6 2.19911 0.0533662
769.8 2.19911 0.0365006
770 2.19911 0.00615422
770.2 2.19911 -0.00768861
770.4 2.19911 -0.0126089
770.6 2.19911 -0.0279454
770.8 2.19911 -0.0413228
771 2.19911 -0.0149088
771.2 2.19911 0.0581585
771.4 2.19911 0.122313
771.6 2.19911 0.107974
771.8 2.19911 0.0145204
772 2.19911 -0.0727459
772.2 2.19911 -0.0648274
772.4 2.19911 0.0340797
772.6 2.19911 0.125146
772.8 2.19911 0.115268
773 2.19911 0.0103666
773.2 2.19911 -0.0975575
773.4 2.19911 -0.129558
773.6 2.19911 -0.0927077
773.8 2.19911 -0.0538227
774 2.19911 -0.0567375
774.2 2.19911 -0.0804896
774.4 2.19911 -0.0766489
774.6 2.19911 -0.0310844
774.8 2.19911 0.0218639
775 2.19911 0.0393989
775.2 2.19911 0.0118166
775.4 2.19911 -0.0366535
775.6 2.19911 -0.0762189
775.8 2.19911 -0.0923193
776 2.19911 -0.0848576
776.2 2.19911 -0.0610736
776.4 2.19911 -0.0338686
776.6 2.19911 -0.0185157
776.8 2.19911 -0.0207722
777 2.19911 -0.0285092
777.2 2.19911 -0.0228254
777.4 2.19911 -0.00106249
777.6 2.19911 0.0162112
777.8 2.19911 0.00671381
778 2.19911 -0.026684
778.2 2.19911 -0.0561128
778.4 2.19911 -0.0571305
778.6 2.19911 -0.032754
778.8 2.19911 -0.00669098
779 2.19911 0.0030457
779.2 2.19911 -0.0016013
779.4 2.19911 -0.00922762
779.6 2.19911 -0.0154457
779.8 2.19911 -0.0238033
780 2.19911 -0.0343614
780.2 2.19911 -0.0393369
780.4 2.19911 -0.0324706
780.6 2.19911 -0.0182508
780.8 2.19911 -0.0079961
781 2.19911 -0.00873031
781.2 2.19911 -0.0191101
781.4 2.19911 -0.0343724
781.6 2.19911 -0.0496441
781.8 2.19911 -0.0575363
782 2.19911 -0.0492559
782.2 2.19911 -0.0246491
782.4 2.19911 0.00161864
782.6 2.19911 0.0128263
782.8 2.19911 0.0125216
783 2.19911 0.026573
783.2 2.19911 0.0732877
783.4 2.19911 0.131736
783.6 2.19911 0.150571
783.8 2.19911 0.0977108
784 2.19911 8.22018e-05
784.2 2.19911 -0.0736585
784.4 2.19911 -0.074562
784.6 2.19911 -0.0164229
784.8 2.19911 0.0428559
785 2.19911 0.0584176
785.2 2.19911 0.0343597
785.4 2.19911 0.00723509
785.6 2.19911 0.00310786
785.8 2.19911 0.0143735
786 2.19911 0.0130445
786.2 2.19911 -0.0200339
786.4 2.19911 -0.0774555
786.6 2.19911 -0.128847
786.8 2.19911 -0.140417
787 2.19911 -0.099713
787.2 2.19911 -0.0308394
787.4 2.19911 0.0171191
787.6 2.19911 0.00855019
787.8 2.19911 -0.0438693
788 2.19911 -0.0865624
788.2 2.19911 -0.0756598
788.4 2.19911 -0.0215117
788.6 2.19911 0.0229612
788.8 2.19911 0.0201423
789 2.19911 -0.0129944
789.2 2.19911 -0.0290543
789.4 2.19911 -0.00835896
789.6 2.19911 0.019309
789.8 2.19911 0.014318
790 2.19911 -0.0227671
790.2 2.19911 -0.0526889
790.4 2.19911 -0.0464767
790.6 2.19911 -0.0186658
790.8 2.19911 -0.00479153
791 2.19911 -0.0161832
791.2 2.19911 -0.0311418
791.4 2.19911 -0.029715
791.6 2.19911 -0.0206323
791.8 2.19911 -0.0232643
792 2.19911 -0.0331439
792.2 2.19911 -0.0241855
792.4 2.19911 0.0113512
792.6 2.19911 0.041907
792.8 2.19911 0.0313742
793 2.19911 -0.010217
793.2 2.19911 -0.0290102
793.4 2.19911 0.0115573
793.6 2.19911 0.0838147
793.8 2.19911 0.124644
794 2.19911 0.107968
794.2 2.19911 0.0724473
794.4 2.19911 0.0692675
794.6 2.19911 0.0954737
794.8 2.19911 0.0971666
795 2.19911 0.0393154
795.2 2.19911 -0.0444594
795.4 2.19911 -0.0846174
795.6 2.19911 -0.052212
795.8 2.19911 0.0109407
796 2.19911 0.0398505
796.2 2.19911 0.012599
796.4 2.19911 -0.0375433
796.6 2.19911 -0.0659818
796.8 2.19911 -0.0583206
797 2.19911 -0.0293653
797.2 2.19911 0.00197877
797.4 2.19911 0.0252092
797.6 2.19911 0.0343484
797.8 2.19911 0.0293702
798 2.19911 0.0250998
798.2 2.19911 0.0438154
798.4 2.19911 0.0855771
798.6 2.19911 0.112339
798.8 2.19911 0.0802195
799 2.19911 -0.00489543
799.2 2.19911 -0.0759907
799.4 2.19911 -0.0654028
799.6 2.19911 0.0218468
799.8 2.19911 0.106393
800 2.19911 0.112435
800.2 2.19911 0.0427196
800.4 2.19911 -0.0301239
800.6 2.19911 -0.0415312
800.8 2.19911 0.00543716
801 2.19911 0.0561912
801.2 2.19911 0.0649351
801.4 2.19911 0.0295332
801.6 2.19911 -0.0230465
801.8 2.19911 -0.065927
802 2.19911 -0.0820227
802.2 2.19911 -0.0626936
802.4 2.19911 -0.0161001
802.6 2.19911 0.0249519
802.8 2.19911 0.0234474
803 2.19911 -0.0212527
803.2 2.19911 -0.0622943
803.4 2.19911 -0.0516964
803.6 2.19911 0.000918155
803.8 2.19911 0.0313215
804 2.19911 -0.007194
804.2 2.19911 -0.0829376
804.4 2.19911 -0.113616
804.6 2.19911 -0.0575928
804.8 2.19911 0.0362936
805 2.19911 0.0800534
805.2 2.19911 0.0406892
805.4 2.19911 -0.0309554
805.6 2.19911 -0.0643617
805.8 2.19911 -0.0448323
806 2.19911 -0.0132175
806.2 2.19911 -0.0024881
806.4 2.19911 0.00137615
806.6 2.19911 0.0270906
806.8 2.19911 0.0652062
807 2.19911 0.0710286
807.2 2.19911 0.0227514
807.4 2.19911 -0.0424374
807.6 2.19911 -0.0658407
807.8 2.19911 -0.0351525
808 2.19911 0.00166938
808.2 2.19911 -0.00520386
808.4 2.19911 -0.0478566
808.6 2.19911 -0.0716744
808.8 2.19911 -0.0412132
809 2.19911 0.020139
809.2 2.19911 0.0612167
809.4 2.19911 0.0617163
809.6 2.19911 0.0458791
809.8 2.19911 0.040347
810 2.19911 0.0355956
810.2 2.19911 0.00106743
810.4 2.19911 -0.0677154
810.6 2.19911 -0.132938
810.8 2.19911 -0.151532
811 2.19911 -0.119644
811.2 2.19911 -0.0710507
811.4 2.19911 -0.0346268
811.6 2.19911 -0.00683358
811.8 2.19911 0.027415
812 2.19911 0.0569915
812.2 2.19911 0.0453399
812.4 2.19911 -0.0241761
812.6 2.19911 -0.113202
812.8 2.19911 -0.153334
813 2.19911 -0.11078
813.2 2.19911 -0.020744
813.4 2.19911 0.0485512
813.6 2.19911 0.0625082
813.8 2.19911 0.0439295
814 2.19911 0.0324329
814.2 2.19911 0.0340458
814.4 2.19911 0.0235439
814.6 2.19911 -0.00760004
814.8 2.19911 -0.0258636
815 2.19911 0.00613693
815.2 2.19911 0.0717185
815.4 2.19911 0.102264
815.6 2.19911 0.0515483
815.8 2.19911 -0.0406116
816 2.19911 -0.0791741
816.2 2.19911 -0.0168759
816.4 2.19911 0.0863222
816.6 2.19911 0.123085
816.8 2.19911 0.0566259
817 2.19911 -0.0384905
817.2 2.19911 -0.0628434
817.4 2.19911 -0.00683511
817.6 2.19911 0.0420835
817.8 2.19911 0.00863442
818 2.19911 -0.076159
818.2 2.19911 -0.110139
818.4 2.19911 -0.0431774
818.6 2.19911 0.0604596
818.8 2.19911 0.0958742
819 2.19911 0.0375989
819.2 2.19911 -0.0367424
819.4 2.19911 -0.0430618
819.6 2.19911 0.0132306
819.8 2.19911 0.0544879
820 2.19911 0.0299469
820.2 2.19911 -0.0292626
820.4 2.19911 -0.0592797
820.6 2.19911 -0.0424459
820.8 2.19911 -0.0141
821 2.19911 -0.00112886
821.2 2.19911 0.0135229
821.4 2.19911 0.0508155
821.6 2.19911 0.0839265
821.8 2.19911 0.0600634
822 2.19911 -0.0234494
822.2 2.19911 -0.0941618
822.4 2.19911 -0.0792731
822.6 2.19911 0.00524896
822.8 2.19911 0.067818
823 2.19911 0.0488291
823.2 2.19911 -0.00818507
823.4 2.19911 -0.0138539
823.6 2.19911 0.0504764
823.8 2.19911 0.103773
824 2.19911 0.0624358
824.2 2.19911 -0.0555515
824.4 2.19911 -0.147693
824.6 2.19911 -0.141899
824.8 2.19911 -0.0681598
825 2.19911 -0.00796516
825.2 2.19911 0.00303911
825.4 2.19911 -0.00392561
825.6 2.19911 0.00278346
825.8 2.19911 0.00510146
826 2.19911 -0.0287387
826.2 2.19911 -0.080397
826.4 2.19911 -0.0904192
826.6 2.19911 -0.0373246
826.8 2.19911 0.02182
827 2.19911 0.015016
827.2 2.19911 -0.0508545
827.4 2.19911 -0.0904677
827.6 2.19911 -0.0432969
827.8 2.19911 0.0472875
828 2.19911 0.0816364
828.2 2.19911 0.023176
828.4 2.19911 -0.0577341
828.6 2.19911 -0.069311
828.8 2.19911 -0.00677798
829 2.19911 0.0478322
829.2 2.19911 0.0283831
829.4 2.19911 -0.0394536
829.6 2.19911 -0.0766289
829.8 2.19911 -0.0464594
830 2.19911 0.0110469
830.2 2.19911 0.0363159
830.4 2.19911 0.0165481
830.6 2.19911 -0.0168752
830.8 2.19911 -0.038729
831 2.19911 -0.0526082
831.2 2.19911 -0.0648387
831.4 2.19911 -0.0614795
831.6 2.19911 -0.028698
831.8 2.19911 0.0155541
832 2.19911 0.0323669
832.2 2.19911 0.00764841
832.4 2.19911 -0.0299095
832.6 2.19911 -0.0462102
832.8 2.19911 -0.0438719
833 2.19911 -0.0496201
833.2 2.19911 -0.0650965
833.4 2.19911 -0.054822
833.6 2.19911 0.00390918
833.8 2.19911 0.0754449
834 2.19911 0.0943334
834.2 2.19911 0.0417724
834.4 2.19911 -0.0269372
834.6 2.19911 -0.0438857
834.8 2.19911 -0.00469556
835 2.19911 0.0354928
835.2 2.19911 0.0372873
835.4 2.19911 0.0232146
835.6 2.19911 0.0366525
835.8 2.19911 0.0748073
836 2.19911 0.0909319
836.2 2.19911 0.063136
836.4 2.19911 0.0311964
836.6 2.19911 0.043734
836.8 2.19911 0.0843325
837 2.19911 0.0827519
837.2 2.19911 0.00738019
837.4 2.19911 -0.0803442
837.6 2.19911 -0.089735
837.8 2.19911 -0.0110015
838 2.19911 0.0674859
838.2 2.19911 0.0621845
838.4 2.19911 -0.00723244
838.6 2.19911 -0.0456521
838.8 2.19911 -0.000154548
839 2.19911 0.0797464
839.2 2.19911 0.109578
839.4 2.19911 0.0737099
839.6 2.19911 0.0342553
839.8 2.19911 0.0424797
840 2.19911 0.0742138
840.2 2.19911 0.070326
840.4 2.19911 0.0208431
840.6 2.19911 -0.0225813
840.8 2.19911 -0.0185495
841 2.19911 0.0102214
841.2 2.19911 0.0145501
841.4 2.19911 -0.00731051
841.6 2.19911 -0.00630556
841.8 2.19911 0.0421365
842 2.19911 0.0893882
842.2 2.19911 0.0669938
842.4 2.19911 -0.0203791
842.6 2.19911 -0.0866764
842.8 2.19911 -0.0619115
843 2.19911 0.021893
843.2 2.19911 0.0644981
843.4 2.19911 0.0125529
843.6 2.19911 -0.0828886
843.8 2.19911 -0.131695
844 2.19911 -0.106806
844.2 2.19911 -0.0610377
844.4 2.19911 -0.050058
844.6 2.19911 -0.0671847
844.8 2.19911 -0.0666834
845 2.19911 -0.0314251
845.2 2.19911 0.00872677
845.4 2.19911 0.0242533
845.6 2.19911 0.025233
845.8 2.19911 0.0378625
846 2.19911 0.0574452
846.2 2.19911 0.0505031
846.4 2.19911 0.00618547
846.6 2.19911 -0.0372406
846.8 2.19911 -0.0342942
847 2.19911 0.00974584
847.2 2.19911 0.0438971
847.4 2.19911 0.0367158
847.6 2.19911 0.0158272
847.8 2.19911 0.0272251
848 2.19911 0.0669658
848.2 2.19911 0.0777314
848.4 2.19911 0.0199441
848.6 2.19911 -0.0722714
848.8 2.19911 -0.124286
849 2.19911 -0.104257
849.2 2.19911 -0.0545479
849.4 2.19911 -0.034457
849.6 2.19911 -0.0487475
849.8 2.19911 -0.0502448
850 2.19911 -0.00794218
850.2 2.19911 0.04865
850.4 2.19911 0.0635695
850.6 2.19911 0.0213297
850.8 2.19911 -0.0357841
851 2.19911 -0.0559357
851.2 2.19911 -0.0297418
851.4 2.19911 0.0108511
851.6 2.19911 0.0333114
851.8 2.19911 0.0315228
852 2.19911 0.0173348
852.2 2.19911 0.00276831
852.4 2.19911 -0.00225692
852.6 2.19911 0.0131621
852.8 2.19911 0.0503269
853 2.19911 0.0875598
853.2 2.19911 0.091896
853.4 2.19911 0.0530617
853.6 2.19911 -0.000469873
853.8 2.19911 -0.0289321
854 2.19911 -0.0224965
854.2 2.19911 -0.00611481
854.4 2.19911 -0.00345137
854.6 2.19911 -0.00979377
854.8 2.19911 -0.0100578
855 2.19911 -0.0123603
855.2 2.19911 -0.0416817
855.4 2.19911 -0.0937191
855.6 2.19911 -0.114297
855.8 2.19911 -0.0490024
856 2.19911 0.083938
856.2 2.19911 0.189283
856.4 2.19911 0.180289
856.6 2.19911 0.0663926
856.8 2.19911 -0.056056
857 2.19911 -0.100889
857.2 2.19911 -0.0696539
857.4 2.19911 -0.0284908
857.6 2.19911 -0.0231457
857.8 2.19911 -0.0360651
858 2.19911 -0.0269711
858.2 2.19911 0.00636791
858.4 2.19911 0.026643
858.6 2.19911 0.0102648
858.8 2.19911 -0.0195572
859 2.19911 -0.0230964
859.2 2.19911 0.00442464
859.4 2.19911 0.0283344
859.6 2.19911 0.0208499
859.8 2.19911 -0.00418287
860 2.19911 -0.0125643
860.2 2.19911 0.00337954
860.4 2.19911 0.0150463
860.6 2.19911 -0.00300503
860.8 2.19911 -0.0372129
861 2.19911 -0.049918
861.2 2.19911 -0.0262149
861.4 2.19911 0.00670419
861.6 2.19911 0.0117433
861.8 2.19911 -0.0140254
862 2.19911 -0.0355965
862.2 2.19911 -0.0190288
862.4 2.19911 0.0320213
862.6 2.19911 0.0793782
862.8 2.19911 0.0842931
863 2.19911 0.0365306
863.2 2.19911 -0.0419164
863.4 2.19911 -0.112619
863.6 2.19911 -0.141477
863.8 2.19911 -0.116263
864 2.19911 -0.0540963
864.2 2.19911 0.00939381
864.4 2.19911 0.0465892
864.6 2.19911 0.0579836
864.8 2.19911 0.0643933
865 2.19911 0.0790703
865.2 2.19911 0.0928762
865.4 2.19911 0.0909192
865.6 2.19911 0.0781501
865.8 2.19911 0.0771853
866 2.19911 0.0973672
866.2 2.19911 0.115428
866.4 2.19911 0.0983043
866.6 2.19911 0.0445159
866.8 2.19911 -0.00836584
867 2.19911 -0.02354
867.2 2.19911 -0.00537225
867.4 2.19911 0.0107544
867.6 2.19911 0.00708083
867.8 2.19911 0.0076058
868 2.19911 0.0436332
868.2 2.19911 0.102417
868.4 2.19911 0.127227
868.6 2.19911 0.0767588
868.8 2.19911 -0.0231342
869 2.19911 -0.0974464
869.2 2.19911 -0.0922343
869.4 2.19911 -0.0202205
869.6 2.19911 0.0625979
869.8 2.19911 0.114004
870 2.19911 0.130786
870.2 2.19911 0.12712
870.4 2.19911 0.1081
870.6 2.19911 0.0744345
870.8 2.19911 0.0409998
871 2.19911 0.030966
871.2 2.19911 0.0463583
871.4 2.19911 0.0578579
871.6 2.19911 0.0366818
871.8 2.19911 -0.00715971
872 2.19911 -0.0319241
872.2 2.19911 -0.0136873
872.4 2.19911 0.0222064
872.6 2.19911 0.0301863
872.8 2.19911 0.000450998
873 2.19911 -0.0285477
873.2 2.19911 -0.0185326
873.4 2.19911 0.0197507
873.6 2.19911 0.0401878
873.8 2.19911 0.0210256
874 2.19911 -0.00620177
874.2 2.19911 0.00266357
874.4 2.19911 0.0450657
874.6 2.19911 0.0715487
874.8 2.19911 0.0485479
875 2.19911 0.00537259
875.2 2.19911 0.00244323
875.4 2.19911 0.0553148
875.6 2.19911 0.1081
875.8 2.19911 0.093491
876 2.19911 0.0112463
876.2 2.19911 -0.0674189
876.4 2.19911 -0.0764179
876.6 2.19911 -0.0245129
876.8 2.19911 0.0196224
877 2.19911 0.0051215
877.2 2.19911 -0.0504231
877.4 2.19911 -0.0891266
877.6 2.19911 -0.0785737
877.8 2.19911 -0.0388117
878 2.19911 -0.00964815
878.2 2.19911 -0.00678992
878.4 2.19911 -0.0170635
878.6 2.19911 -0.0261877
878.8 2.19911 -0.0355523
879 2.19911 -0.0490641
879.2 2.19911 -0.0561286
879.4 2.19911 -0.0399967
879.6 2.19911 -0.00200641
879.8 2.19911 0.0327879
880 2.19911 0.039761
880.2 2.19911 0.0209465
880.4 2.19911 0.00175403
880.6 2.19911 0.00286486
880.8 2.19911 0.0205748
881 2.19911 0.0356765
881.2 2.19911 0.0364254
881.4 2.19911 0.0287479
881.6 2.19911 0.0267868
881.8 2.19911 0.038792
882 2.19911 0.0617166
882.2 2.19911 0.0833614
882.4 2.19911 0.0873993
882.6 2.19911 0.0633322
882.8 2.19911 0.0204851
883 2.19911 -0.0088904
883.2 2.19911 0.00743627
883.4 2.19911 0.0658785
883.6 2.19911 0.117909
883.8 2.19911 0.10984
884 2.19911 0.0391136
884.2 2.19911 -0.0341951
884.4 2.19911 -0.0426142
884.6 2.19911 0.0190956
884.8 2.19911 0.0851047
885 2.19911 0.0835916
885.2 2.19911 0.00881634
885.4 2.19911 -0.0756473
885.6 2.19911 -0.102766
885.8 2.19911 -0.0641675
886 2.19911 -0.00606461
886.2 2.19911 0.0262797
886.4 2.19911 0.029029
886.6 2.19911 0.0263466
886.8 2.19911 0.030814
887 2.19911 0.0292533
887.2 2.19911 0.00555652
887.4 2.19911 -0.0345658
887.6 2.19911 -0.0685205
887.8 2.19911 -0.0812261
888 2.19911 -0.0761811
888.2 2.19911 -0.0634853
888.4 2.19911 -0.0466084
888.6 2.19911 -0.0271225
888.8 2.19911 -0.0159203
889 2.19911 -0.0271576
889.2 2.19911 -0.0562114
889.4 2.19911 -0.0718383
889.6 2.19911 -0.042087
889.8 2.19911 0.0281148
890 2.19911 0.0906451
890.2 2.19911 0.0929681
890.4 2.19911 0.0264109
890.6 2.19911 -0.0642132
890.8 2.19911 -0.119204
891 2.19911 -0.112447
891.2 2.19911 -0.0662517
891.4 2.19911 -0.024571
891.6 2.19911 -0.014987
891.8 2.19911 -0.0326613
892 2.19911 -0.0530845
892.2 2.19911 -0.0556773
892.4 2.19911 -0.0375523
892.6 2.19911 -0.0103031
892.8 2.19911 0.0131737
893 2.19911 0.0292469
893.2 2.19911 0.0429957
893.4 2.19911 0.057655
893.6 2.19911 0.0654121
893.8 2.19911 0.0514666
894 2.19911 0.0102864
894.2 2.19911 -0.0423533
894.4 2.19911 -0.0776328
894.6 2.19911 -0.0780303
894.8 2.19911 -0.0539587
895 2.19911 -0.0340322
895.2 2.19911 -0.0374592
895.4 2.19911 -0.0568246
895.6 2.19911 -0.0684926
895.8 2.19911 -0.0576673
896 2.19911 -0.0304273
896.2 2.19911 -0.00240461
896.4 2.19911 0.0187675
896.6 2.19911 0.0352445
896.8 2.19911 0.0457909
897 2.19911 0.0389517
897.2 2.19911 0.00590961
897.4 2.19911 -0.0412003
897.6 2.19911 -0.0712781
897.8 2.19911 -0.0609907
898 2.19911 -0.0194261
898.2 2.19911 0.0184658
898.4 2.19911 0.0263771
898.6 2.19911 0.0125678
898.8 2.19911 0.00717378
899 2.19911 0.0236072
899.2 2.19911 0.0387741
899.4 2.19911 0.01921
899.6 2.19911 -0.0328554
899.8 2.19911 -0.068744
900 2.19911 -0.0391192
900.2 2.19911 0.0474293
900.4 2.19911 0.12127
900.6 2.19911 0.118231
900.8 2.19911 0.0501454
901 2.19911 -0.000956384
901.2 2.19911 0.0317508
901.4 2.19911 0.122894
901.6 2.19911 0.174706
901.8 2.19911 0.120128
902 2.19911 -0.000498765
902.2 2.19911 -0.076544
902.4 2.19911 -0.0427142
902.6 2.19911 0.0522958
902.8 2.19911 0.100547
903 2.19911 0.0519141
903.2 2.19911 -0.0361001
903.4 2.19911 -0.0686547
903.6 2.19911 -0.0199194
903.8 2.19911 0.0456153
904 2.19911 0.0547404
904.2 2.19911 0.0095947
904.4 2.19911 -0.023103
904.6 2.19911 0.00211962
904.8 2.19911 0.0551604
905 2.19911 0.0695331
905.2 2.19911 0.0226184
905.4 2.19911 -0.0401131
905.6 2.19911 -0.0600531
905.8 2.19911 -0.0283469
906 2.19911 0.0148096
906.2 2.19911 0.0318228
906.4 2.19911 0.0212419
906.6 2.19911 0.000304839
906.8 2.19911 -0.0255147
907 2.19911 -0.0592334
907.2 2.19911 -0.0869867
907.4 2.19911 -0.0790889
907.6 2.19911 -0.0273148
907.8 2.19911 0.0318751
908 2.19911 0.0495784
908.2 2.19911 0.0209001
908.4 2.19911 -0.00677294
908.6 2.19911 0.00867026
908.8 2.19911 0.0486124
909 2.19911 0.0522349
909.2 2.19911 -0.0087597
909.4 2.19911 -0.0901872
909.6 2.19911 -0.121876
909.8 2.19911 -0.0863385
910 2.19911 -0.0350508
910.2 2.19911 -0.0248432
910.4 2.19911 -0.0538328
910.6 2.19911 -0.0731023
910.8 2.19911 -0.053121
911 2.19911 -0.0181971
911.2 2.19911 -0.00914169
911.4 2.19911 -0.0280772
911.6 2.19911 -0.0384959
911.8 2.19911 -0.0168036
912 2.19911 0.0162962
912.2 2.19911 0.0258344
912.4 2.19911 0.0105873
912.6 2.19911 0.00158945
912.8 2.19911 0.0132039
913 2.19911 0.0169406
913.2 2.19911 -0.0199209
913.4 2.19911 -0.0787927
913.6 2.19911 -0.0964373
913.8 2.19911 -0.0370882
914 2.19911 0.0557469
914.2 2.19911 0.0978526
914.4 2.19911 0.0557076
914.6 2.19911 -0.0153181
914.8 2.19911 -0.0329368
915 2.19911 0.0209854
915.2 2.19911 0.0844871
915.4 2.19911 0.0902754
915.6 2.19911 0.0415724
915.8 2.19911 0.00301157
916 2.19911 0.022861
916.2 2.19911 0.0784838
916.4 2.19911 0.103707
916.6 2.19911 0.0612153
916.8 2.19911 -0.0207205
917 2.19911 -0.0792364
917.2 2.19911 -0.075077
917.4 2.19911 -0.0201987
917.6 2.19911 0.0400465
917.8 2.19911 0.0628917
918 2.19911 0.0330966
918.2 2.19911 -0.0305256
918.4 2.19911 -0.0849373
918.6 2.19911 -0.0878366
918.8 2.19911 -0.0289008
919 2.19911 0.0564096
919.2 2.19911 0.109593
919.4 2.19911 0.0951725
919.6 2.19911 0.0292387
919.8 2.19911 -0.0368725
920 2.19911 -0.0605614
920.2 2.19911 -0.037587
920.4 2.19911 0.00533521
920.6 2.19911 0.0382319
920.8 2.19911 0.0466823
921 2.19911 0.0328765
921.2 2.19911 0.0104709
921.4 2.19911 -0.000102136
921.6 2.19911 0.0181153
921.8 2.19911 0.0621668
922 2.19911 0.10335
922.2 2.19911 0.107315
922.4 2.19911 0.0665281
922.6 2.19911 0.0105754
922.8 2.19911 -0.0208656
923 2.19911 -0.0150481
923.2 2.19911 0.00661235
923.4 2.19911 0.0169007
923.6 2.19911 0.011227
923.8 2.19911 0.00426314
924 2.19911 0.00505874
924.2 2.19911 0.0060789
924.4 2.19911 -0.00144404
924.6 2.19911 -0.0114853
924.8 2.19911 -0.0120592
925 2.19911 -0.00646127
925.2 2.19911 -0.0131189
925.4 2.19911 -0.0384171
925.6 2.19911 -0.0586493
925.8 2.19911 -0.0421892
926 2.19911 0.00912664
926.2 2.19911 0.0523243
926.4 2.19911 0.0468582
926.6 2.19911 0.00198438
926.8 2.19911 -0.0307774
927 2.19911 -0.0156633
927.2 2.19911 0.0254837
927.4 2.19911 0.0384859
927.6 2.19911 0.000687037
927.8 2.19911 -0.0517386
928 2.19911 -0.0644058
928.2 2.19911 -0.0246685
928.4 2.19911 0.0282161
928.6 2.19911 0.0494847
928.8 2.19911 0.0332718
929 2.19911 0.00643215
929.2 2.19911 -0.0100634
929.4 2.19911 -0.0186885
929.6 2.19911 -0.0251887
929.8 2.19911 -0.0187471
930 2.19911 0.0125979
930.2 2.19911 0.0515837
930.4 2.19911 0.0559466
930.6 2.19911 0.00471871
930.8 2.19911 -0.0670514
931 2.19911 -0.0946247
931.2 2.19911 -0.0494294
931.4 2.19911 0.0297869
931.6 2.19911 0.0781406
931.8 2.19911 0.0715257
932 2.19911 0.0428955
932.2 2.19911 0.0340733
932.4 2.19911 0.0454824
932.6 2.19911 0.0439747
932.8 2.19911 0.0127224
933 2.19911 -0.0245538
933.2 2.19911 -0.0358547
933.4 2.19911 -0.0251097
933.6 2.19911 -0.0280994
933.8 2.19911 -0.0639901
934 2.19911 -0.105908
934.2 2.19911 -0.110734
934.4 2.19911 -0.0716602
934.6 2.19911 -0.0264173
934.8 2.19911 -0.0102931
935 2.19911 -0.0144005
935.2 2.19911 -0.00269589
935.4 2.19911 0.0347745
935.6 2.19911 0.0632952
935.8 2.19911 0.0464763
936 2.19911 -0.00305829
936.2 2.19911 -0.031991
936.4 2.19911 -0.00740389
936.6 2.19911 0.0436597
936.8 2.19911 0.0657426
937 2.19911 0.039246
937.2 2.19911 -0.000893252
937.4 2.19911 -0.0136899
937.6 2.19911 -0.00543542
937.8 2.19911 -0.0204129
938 2.19911 -0.080333
938.2 2.19911 -0.147691
938.4 2.19911 -0.159583
938.6 2.19911 -0.0941336
938.8 2.19911 0.00535515
939 2.19911 0.0718058
939.2 2.19911 0.0728853
939.4 2.19911 0.0276909
939.6 2.19911 -0.0229404
939.8 2.19911 -0.0513683
940 2.19911 -0.0523723
940.2 2.19911 -0.0344388
940.4 2.19911 -0.0123329
940.6 2.19911 -0.00185658
940.8 2.19911 -0.00815446
941 2.19911 -0.0160247
941.2 2.19911 -0.00182553
941.4 2.19911 0.0367331
941.6 2.19911 0.0681459
941.8 2.19911 0.0561498
942 2.19911 0.00295205
942.2 2.19911 -0.0467494
942.4 2.19911 -0.0531273
942.6 2.19911 -0.0268181
942.8 2.19911 -0.0158537
943 2.19911 -0.0473132
943.2 2.19911 -0.0951918
943.4 2.19911 -0.115551
943.6 2.19911 -0.103997
943.8 2.19911 -0.0996003
944 2.19911 -0.127571
944.2 2.19911 -0.155295
944.4 2.19911 -0.124676
944.6 2.19911 -0.0267187
944.8 2.19911 0.0755568
945 2.19911 0.110448
945.2 2.19911 0.0752597
945.4 2.19911 0.0341722
945.6 2.19911 0.0386
945.8 2.19911 0.0673948
946 2.19911 0.0592533
946.2 2.19911 -0.00456843
946.4 2.19911 -0.0706873
946.6 2.19911 -0.0736369
946.8 2.19911 -0.0116118
947 2.19911 0.0526331
947.2 2.19911 0.0629467
947.4 2.19911 0.0260558
947.6 2.19911 -0.00825111
947.8 2.19911 -0.00882178
948 2.19911 0.010353
948.2 2.19911 0.0202452
948.4 2.19911 0.0133957
948.6 2.19911 0.000396567
948.8 2.19911 -0.01661
949 2.19911 -0.046248
949.2 2.19911 -0.0819106
949.4 2.19911 -0.0927102
949.6 2.19911 -0.0573518
949.8 2.19911 -0.00172657
950 2.19911 0.0165912
950.2 2.19911 -0.0287092
950.4 2.19911 -0.094729
950.6 2.19911 -0.108254
950.8 2.19911 -0.0438193
951 2.19911 0.0463773
951.2 2.19911 0.0848904
951.4 2.19911 0.0454344
951.6 2.19911 -0.0280057
951.8 2.19911 -0.0716223
952 2.19911 -0.0598419
952.2 2.19911 -0.0144624
952.4 2.19911 0.0288224
952.6 2.19911 0.0501091
952.8 2.19911 0.0475707
953 2.19911 0.0283954
953.2 2.19911 0.00700436
953.4 2.19911 0.00306831
953.6 2.19911 0.026431
953.8 2.19911 0.0613776
954 2.19911 0.0759802
954.2 2.19911 0.0550174
954.4 2.19911 0.0194729
954.6 2.19911 0.00532285
954.8 2.19911 0.0234471
955 2.19911 0.0483845
955.2 2.19911 0.0491916
955.4 2.19911 0.0235549
955.6 2.19911 -0.00604118
955.8 2.19911 -0.0244627
956 2.19911 -0.0385983
956.2 2.19911 -0.05602
956.4 2.19911 -0.0614246
956.6 2.19911 -0.0303569
956.8 2.19911 0.0321576
957 2.19911 0.0800541
957.2 2.19911 0.0657303
957.4 2.19911 -0.00958127
957.6 2.19911 -0.092555
957.8 2.19911 -0.12702
958 2.19911 -0.101564
958.2 2.19911 -0.0480047
958.4 2.19911 -0.00128347
958.6 2.19911 0.0295728
958.8 2.19911 0.05359
959 2.19911 0.0742636
959.2 2.19911 0.0827173
959.4 2.19911 0.0700849
959.6 2.19911 0.0381105
959.8 2.19911 -0.00299008
960 2.19911 -0.0399423
960.2 2.19911 -0.0580725
960.4 2.19911 -0.0467158
960.6 2.19911 -0.0122912
960.8 2.19911 0.0180512
961 2.19911 0.0190695
961.2 2.19911 -0.000694772
961.4 2.19911 -0.0004214
961.6 2.19911 0.0461576
961.8 2.19911 0.107321
962 2.19911 0.112958
962.2 2.19911 0.0296192
962.4 2.19911 -0.0904627
962.6 2.19911 -0.150602
962.8 2.19911 -0.105336
963 2.19911 -0.0064922
963.2 2.19911 0.052963
963.4 2.19911 0.0354207
963.6 2.19911 -0.0115446
963.8 2.19911 -0.0196435
964 2.19911 0.0215921
964.2 2.19911 0.0606885
964.4 2.19911 0.0498964
964.6 2.19911 -0.00298322
964.8 2.19911 -0.0528102
965 2.19911 -0.071866
965.2 2.19911 -0.0713446
965.4 2.19911 -0.0719728
965.6 2.19911 -0.0720375
965.8 2.19911 -0.0554253
966 2.19911 -0.0222546
966.2 2.19911 0.00456051
966.4 2.19911 0.00615209
966.6 2.19911 -0.0102344
966.8 2.19911 -0.0237981
967 2.19911 -0.0276112
967.2 2.19911 -0.0317753
967.4 2.19911 -0.0397116
967.6 2.19911 -0.0349552
967.8 2.19911 -0.00142398
968 2.19911 0.0488353
968.2 2.19911 0.0809683
968.4 2.19911 0.0739128
968.6 2.19911 0.0436448
968.8 2.19911 0.0237756
969 2.19911 0.0283318
969.2 2.19911 0.0420301
969.4 2.19911 0.045336
969.6 2.19911 0.037138
969.8 2.19911 0.0269992
970 2.19911 0.015127
970.2 2.19911 -0.00575252
970.4 2.19911 -0.0289701
970.6 2.19911 -0.0301958
970.8 2.19911 0.00301186
971 2.19911 0.0449343
971.2 2.19911 0.0520018
971.4 2.19911 0.015097
971.6 2.19911 -0.0209308
971.8 2.19911 -0.00449933
972 2.19911 0.0578249
972.2 2.19911 0.0984446
972.4 2.19911 0.0600932
972.6 2.19911 -0.0369803
972.8 2.19911 -0.111729
973 2.19911 -0.107055
973.2 2.19911 -0.0481048
973.4 2.19911 -0.00897743
973.6 2.19911 -0.0284818
973.8 2.19911 -0.0714908
974 2.19911 -0.0760282
974.2 2.19911 -0.0278287
974.4 2.19911 0.0230711
974.6 2.19911 0.0189881
974.8 2.19911 -0.0417245
975 2.19911 -0.10258
975.2 2.19911 -0.106483
975.4 2.19911 -0.0502514
975.6 2.19911 0.016398
975.8 2.19911 0.0400111
976 2.19911 0.00955014
976.2 2.19911 -0.040343
976.4 2.19911 -0.0655953
976.6 2.19911 -0.0512947
976.8 2.19911 -0.0186263
977 2.19911 0.00223829
977.2 2.19911 0.00440259
977.4 2.19911 0.00829044
977.6 2.19911 0.0328728
977.8 2.19911 0.0659572
978 2.19911 0.0703276
978.2 2.19911 0.02495
978.4 2.19911 -0.0433714
978.6 2.19911 -0.0790894
978.8 2.19911 -0.0542876
979 2.19911 -0.00167181
979.2 2.19911 0.016365
979.4 2.19911 -0.0269745
979.6 2.19911 -0.0944051
979.8 2.19911 -0.124345
980 2.19911 -0.0932465
980.2 2.19911 -0.0321221
980.4 2.19911 0.0149695
980.6 2.19911 0.0353483
980.8 2.19911 0.0444178
981 2.19911 0.0497049
981.2 2.19911 0.0377066
981.4 2.19911 0.00229529
981.6 2.19911 -0.0288327
981.8 2.19911 -0.0155122
982 2.19911 0.0445638
982.2 2.19911 0.101206
982.4 2.19911 0.0999633
982.6 2.19911 0.0409827
982.8 2.19911 -0.0227411
983 2.19911 -0.0475615
983.2 2.19911 -0.0472481
983.4 2.19911 -0.0675439
983.6 2.19911 -0.118978
983.8 2.19911 -0.153612
984 2.19911 -0.118958
984.2 2.19911 -0.0268839
984.4 2.19911 0.0477223
984.6 2.19911 0.0425216
984.8 2.19911 -0.0266553
985 2.19911 -0.0843284
985.2 2.19911 -0.0766231
985.4 2.19911 -0.0244137
985.6 2.19911 0.00731771
985.8 2.19911 -0.0154759
986 2.19911 -0.0610874
986.2 2.19911 -0.0712653
986.4 2.19911 -0.0264293
986.6 2.19911 0.0339748
986.8 2.19911 0.0529115
987 2.19911 0.0113348
987.2 2.19911 -0.0567879
987.4 2.19911 -0.098868
987.6 2.19911 -0.0896235
987.8 2.19911 -0.0472574
988 2.19911 -0.0112979
988.2 2.19911 -0.00610591
988.4 2.19911 -0.0217847
988.6 2.19911 -0.0267322
988.8 2.19911 0.000411948
989 2.19911 0.0480909
989.2 2.19911 0.0801943
989.4 2.19911 0.0697249
989.6 2.19911 0.0261025
989.8 2.19911 -0.0125419
990 2.19911 -0.0163586
990.2 2.19911 0.00717669
990.4 2.19911 0.0236354
990.6 2.19911 0.0108015
990.8 2.19911 -0.0165698
991 2.19911 -0.0245978
991.2 2.19911 -0.00125063
991.4 2.19911 0.0263534
991.6 2.19911 0.0194966
991.8 2.19911 -0.0289671
992 2.19911 -0.08309
992.2 2.19911 -0.096937
992.4 2.19911 -0.0575582
992.6 2.19911 0.00526612
992.8 2.19911 0.0483199
993 2.19911 0.0498152
993.2 2.19911 0.0182022
993.4 2.19911 -0.0242151
993.6 2.19911 -0.0581554
993.8 2.19911 -0.0704549
994 2.19911 -0.0525632
994.2 2.19911 -0.00738322
994.4 2.19911 0.0425433
994.6 2.19911 0.0641525
994.8 2.19911 0.041591
995 2.19911 -0.00411514
995.2 2.19911 -0.0301246
995.4 2.19911 -0.0131304
995.6 2.19911 0.0249631
995.8 2.19911 0.0381184
996 2.19911 0.00571303
996.2 2.19911 -0.0417256
996.4 2.19911 -0.0518009
996.6 2.19911 -0.00700089
996.8 2.19911 0.0511853
997 2.19911 0.0594152
997.2 2.19911 -0.00372894
997.4 2.19911 -0.0918857
997.6 2.19911 -0.130633
997.8 2.19911 -0.08561
998 2.19911 0.00553916
998.2 2.19911 0.0660209
998.4 2.19911 0.0463998
998.6 2.19911 -0.0342215
998.8 2.19911 -0.105285
999 2.19911 -0.102281
999.2 2.19911 -0.0178319
999.4 2.19911 0.0923668
999.6 2.19911 0.151419
999.8 2.19911 0.119138
1000 2.19911 0.0222365
0.2 2.51327 0.00817888
0.4 2.51327 0.0717539
0.6 2.51327 0.0435554
0.8 2.51327 -0.00729606
1 2.51327 0.00720577
1.2 2.51327 0.0784771
1.4 2.51327 0.115185
1.6 2.51327 0.0658856
1.8 2.51327 -0.0114294
2 2.51327 -0.0236422
2.2 2.51327 0.0373029
2.4 2.51327 0.0853165
2.6 2.51327 0.0531054
2.8 2.51327 -0.0206894
3 2.51327 -0.0427703
3.2 2.51327 0.0134572
3.4 2.51327 0.0746627
3.6 2.51327 0.0643753
3.8 2.51327 0.00279719
4 2.51327 -0.0196629
4.2 2.51327 0.0398574
4.4 2.51327 0.119421
4.6 2.51327 0.128046
4.8 2.51327 0.0574262
5 2.51327 -0.00999837
5.2 2.51327 -0.00270924
5.4 2.51327 0.0574371
5.6 2.51327 0.0895831
5.8 2.51327 0.054045
6 2.51327 -0.00725733
6.2 2.51327 -0.0307882
6.4 2.51327 -0.0070861
6.6 2.51327 0.0203274
6.8 2.51327 0.0188939
7 2.51327 0.00436107
7.2 2.51327 0.00823014
7.4 2.51327 0.027497
7.6 2.51327 0.0265261
7.8 2.51327 -0.0138844
8 2.51327 -0.0671967
8.2 2.51327 -0.0892738
8.4 2.51327 -0.0669276
8.6 2.51327 -0.0282882
8.8 2.51327 -0.008521
9 2.51327 -0.016217
9.2 2.51327 -0.0349077
9.4 2.51327 -0.0463036
9.6 2.51327 -0.0433592
9.8 2.51327 -0.0267088
10 2.51327 -0.0014105
10.2 2.51327 0.0199476
10.4 2.51327 0.0216228
10.6 2.51327 0.0019298
10.8 2.51327 -0.0171461
11 2.51327 -0.00804307
11.2 2.51327 0.0309085
11.4 2.51327 0.0682436
11.6 2.51327 0.0695615
11.8 2.51327 0.0332145
12 2.51327 -0.00857622
12.2 2.51327 -0.0228714
12.4 2.51327 -0.00510838
12.6 2.51327 0.0240817
12.8 2.51327 0.0422914
13 2.51327 0.0396213
13.2 2.51327 0.0160084
13.4 2.51327 -0.0229382
13.6 2.51327 -0.0634959
13.8 2.51327 -0.0868081
14 2.51327 -0.0852508
14.2 2.51327 -0.0749753
14.4 2.51327 -0.0821571
14.6 2.51327 -0.1116
14.8 2.51327 -0.134944
15 2.51327 -0.118135
15.2 2.51327 -0.0600434
15.4 2.51327 0.00290651
15.6 2.51327 0.0325303
15.8 2.51327 0.0241164
16 2.51327 0.00345541
16.2 2.51327 -0.00429845
16.4 2.51327 0.00558565
16.6 2.51327 0.0253516
16.8 2.51327 0.048426
17 2.51327 0.0670483
17.2 2.51327 0.0653219
17.4 2.51327 0.0311449
17.6 2.51327 -0.0205261
17.8 2.51327 -0.0487828
18 2.51327 -0.0246308
18.2 2.51327 0.0332942
18.4 2.51327 0.0723251
18.6 2.51327 0.0603921
18.8 2.51327 0.0203316
19 2.51327 0.00268823
19.2 2.51327 0.0286297
19.4 2.51327 0.0697059
19.6 2.51327 0.0844281
19.8 2.51327 0.0632382
20 2.51327 0.0295773
20.2 2.51327 0.00531722
20.4 2.51327 -0.00918902
20.6 2.51327 -0.0194763
20.8 2.51327 -0.0187575
21 2.51327 -0.000505995
21.2 2.51327 0.0172877
21.4 2.51327 0.0015874
21.6 2.51327 -0.0517169
21.8 2.51327 -0.0959145
22 2.51327 -0.0747846
22.2 2.51327 0.011344
22.4 2.51327 0.0951238
22.6 2.51327 0.108785
22.8 2.51327 0.0555337
23 2.51327 0.00272524
23.2 2.51327 0.0043998
23.4 2.51327 0.0435617
23.6 2.51327 0.058478
23.8 2.51327 0.0162265
24 2.51327 -0.0543006
24.2 2.51327 -0.101221
24.4 2.51327 -0.1049
24.6 2.51327 -0.084924
24.8 2.51327 -0.0636381
25 2.51327 -0.0422823
25.2 2.51327 -0.0162215
25.4 2.51327 0.00429414
25.6 2.51327 0.00564838
25.8 2.51327 -0.00151871
26 2.51327 0.0144772
26.2 2.51327 0.0661803
26.4 2.51327 0.121145
26.6 2.51327 0.131937
26.8 2.51327 0.0919817
27 2.51327 0.0474698
27.2 2.51327 0.0454079
27.4 2.51327 0.0782461
27.6 2.51327 0.092898
27.8 2.51327 0.0537603
28 2.51327 -0.0167959
28.2 2.51327 -0.0675482
28.4 2.51327 -0.0773198
28.6 2.51327 -0.0699689
28.8 2.51327 -0.0720668
29 2.51327 -0.0741067
29.2 2.51327 -0.0481839
29.4 2.51327 0.00293896
29.6 2.51327 0.0351801
29.8 2.51327 0.0120886
30 2.51327 -0.0455843
30.2 2.51327 -0.0758696
30.4 2.51327 -0.044417
30.6 2.51327 0.0144318
30.8 2.51327 0.0356132
31 2.51327 -0.00191333
31.2 2.51327 -0.0509453
31.4 2.51327 -0.0510464
31.6 2.51327 0.00128882
31.8 2.51327 0.0485556
32 2.51327 0.0377395
32.2 2.51327 -0.0213588
32.4 2.51327 -0.0711147
32.6 2.51327 -0.0737189
32.8 2.51327 -0.0504759
33 2.51327 -0.0476613
33.2 2.51327 -0.0723158
33.4 2.51327 -0.0779502
33.6 2.51327 -0.02135
33.8 2.51327 0.0748397
34 2.51327 0.13137
34.2 2.51327 0.0916063
34.4 2.51327 -0.0139092
34.6 2.51327 -0.0917633
34.8 2.51327 -0.0771481
35 2.51327 0.00430117
35.2 2.51327 0.0693492
35.4 2.51327 0.0655878
35.6 2.51327 0.0175436
35.8 2.51327 -0.0144976
36 2.51327 -0.00666288
36.2 2.51327 0.011715
36.4 2.51327 0.00906032
36.6 2.51327 -0.00233723
36.8 2.51327 0.0124154
37 2.51327 0.0514204
37.2 2.51327 0.0627851
37.4 2.51327 0.00558988
37.6 2.51327 -0.0871827
37.8 2.51327 -0.129846
38 2.51327 -0.0762608
38.2 2.51327 0.0231255
38.4 2.51327 0.0723021
38.6 2.51327 0.034233
38.8 2.51327 -0.0328323
39 2.51327 -0.0494896
39.2 2.51327 -0.00944593
39.4 2.51327 0.0196289
39.6 2.51327 -0.0136453
39.8 2.51327 -0.0772982
40 2.51327 -0.0955392
40.2 2.51327 -0.0437969
40.4 2.51327 0.0211129
40.6 2.51327 0.0333996
40.8 2.51327 0.00114347
41 2.51327 -0.0057066
41.2 2.51327 0.0524448
41.4 2.51327 0.128702
41.6 2.51327 0.141648
41.8 2.51327 0.0731106
42 2.51327 -0.00736639
42.2 2.51327 -0.0206152
42.4 2.51327 0.0354103
42.6 2.51327 0.0905372
42.8 2.51327 0.086402
43 2.51327 0.0367343
43.2 2.51327 -0.00133217
43.4 2.51327 -0.000230797
43.6 2.51327 0.0110529
43.8 2.51327 -0.00902358
44 2.51327 -0.0604424
44.2 2.51327 -0.101302
44.4 2.51327 -0.0942981
44.6 2.51327 -0.042514
44.8 2.51327 0.0192613
45 2.51327 0.0571563
45.2 2.51327 0.0585965
45.4 2.51327 0.0318759
45.6 2.51327 -0.0017627
45.8 2.51327 -0.0183524
46 2.51327 -0.00816655
46.2 2.51327 0.0102804
46.4 2.51327 0.00248564
46.6 2.51327 -0.0432588
46.8 2.51327 -0.0911887
47 2.51327 -0.0865942
47.2 2.51327 -0.0171623
47.4 2.51327 0.0629898
47.6 2.51327 0.0845483
47.8 2.51327 0.0391486
48 2.51327 -0.00811575
48.2 2.51327 0.00961061
48.4 2.51327 0.0842706
48.6 2.51327 0.140542
48.8 2.51327 0.119976
49 2.51327 0.044014
49.2 2.51327 -0.0154418
49.4 2.51327 -0.0191712
49.6 2.51327 0.00162695
49.8 2.51327 -0.00780619
50 2.51327 -0.0575758
50.2 2.51327 -0.106082
50.4 2.51327 -0.115257
50.6 2.51327 -0.0937985
50.8 2.51327 -0.0767719
51 2.51327 -0.0749223
51.2 2.51327 -0.0627824
51.4 2.51327 -0.0191486
51.6 2.51327 0.0366664
51.8 2.51327 0.0626598
52 2.51327 0.0437936
52.2 2.51327 0.00944757
52.4 2.51327 -0.00338584
52.6 2.51327 0.00656818
52.8 2.51327 0.00984259
53 2.51327 -0.00897454
53.2 2.51327 -0.0262762
53.4 2.51327 -0.00782569
53.6 2.51327 0.0448957
53.8 2.51327 0.0895124
54 2.51327 0.0871812
54.2 2.51327 0.0442836
54.4 2.51327 0.00296081
54.6 2.51327 -0.00625977
54.8 2.51327 0.00639422
55 2.51327 0.00958364
55.2 2.51327 -0.00906204
55.4 2.51327 -0.0311067
55.6 2.51327 -0.0338939
55.8 2.51327 -0.0193208
56 2.51327 -0.00966811
56.2 2.51327 -0.0181045
56.4 2.51327 -0.0314908
56.6 2.51327 -0.0261552
56.8 2.51327 0.00280978
57 2.51327 0.0331008
57.2 2.51327 0.0369411
57.4 2.51327 0.00903751
57.6 2.51327 -0.0277955
57.8 2.51327 -0.0427878
58 2.51327 -0.0221657
58.2 2.51327 0.0219716
58.4 2.51327 0.0615394
58.6 2.51327 0.0698568
58.8 2.51327 0.036048
59 2.51327 -0.0275726
59.2 2.51327 -0.0878582
59.4 2.51327 -0.106528
59.6 2.51327 -0.0657374
59.8 2.51327 0.0134204
60 2.51327 0.0795249
60.2 2.51327 0.0875394
60.4 2.51327 0.0361859
60.6 2.51327 -0.029064
60.8 2.51327 -0.054682
61 2.51327 -0.026358
61.2 2.51327 0.0197437
61.4 2.51327 0.0331397
61.6 2.51327 -0.00287344
61.8 2.51327 -0.0583318
62 2.51327 -0.0892319
62.2 2.51327 -0.0794376
62.4 2.51327 -0.0490955
62.6 2.51327 -0.0258178
62.8 2.51327 -0.0146988
63 2.51327 -4.48789e-05
63.2 2.51327 0.0276768
63.4 2.51327 0.0543898
63.6 2.51327 0.0550996
63.8 2.51327 0.0209114
64 2.51327 -0.0302368
64.2 2.51327 -0.0686
64.4 2.51327 -0.0749021
64.6 2.51327 -0.0491984
64.8 2.51327 -0.00575168
65 2.51327 0.0342474
65.2 2.51327 0.0487643
65.4 2.51327 0.0263391
65.6 2.51327 -0.019462
65.8 2.51327 -0.0509002
66 2.51327 -0.0339445
66.2 2.51327 0.0263394
66.4 2.51327 0.0814434
66.6 2.51327 0.0795415
66.8 2.51327 0.0150116
67 2.51327 -0.0638274
67.2 2.51327 -0.0989441
67.4 2.51327 -0.0735085
67.6 2.51327 -0.0179237
67.8 2.51327 0.0296438
68 2.51327 0.0595826
68.2 2.51327 0.0850351
68.4 2.51327 0.109321
68.6 2.51327 0.11362
68.8 2.51327 0.0826875
69 2.51327 0.034378
69.2 2.51327 0.0105506
69.4 2.51327 0.0341786
69.6 2.51327 0.0818208
69.8 2.51327 0.105845
70 2.51327 0.0829808
70.2 2.51327 0.0347313
70.4 2.51327 -0.00138664
70.6 2.51327 -0.0133548
70.8 2.51327 -0.0204386
71 2.51327 -0.0410093
71.2 2.51327 -0.0664582
71.4 2.51327 -0.0742972
71.6 2.51327 -0.0607554
71.8 2.51327 -0.0469281
72 2.51327 -0.0478276
72.2 2.51327 -0.0461396
72.4 2.51327 -0.0120118
72.6 2.51327 0.0487948
72.8 2.51327 0.0815396
73 2.51327 0.0349841
73.2 2.51327 -0.0702392
73.4 2.51327 -0.14099
73.6 2.51327 -0.0969235
73.8 2.51327 0.040135
74 2.51327 0.153759
74.2 2.51327 0.142504
74.4 2.51327 0.0233079
74.6 2.51327 -0.0820371
74.8 2.51327 -0.0686088
75 2.51327 0.0469566
75.2 2.51327 0.148106
75.4 2.51327 0.141539
75.6 2.51327 0.0498245
75.8 2.51327 -0.0220365
76 2.51327 -0.00319936
76.2 2.51327 0.0725924
76.4 2.51327 0.114117
76.6 2.51327 0.0764664
76.8 2.51327 0.00406251
77 2.51327 -0.0279265
77.2 2.51327 0.00109721
77.4 2.51327 0.0425554
77.6 2.51327 0.0433564
77.8 2.51327 0.00791806
78 2.51327 -0.0135131
78.2 2.51327 0.0101556
78.4 2.51327 0.052972
78.6 2.51327 0.0634506
78.8 2.51327 0.0242133
79 2.51327 -0.0302646
79.2 2.51327 -0.0537615
79.4 2.51327 -0.0359472
79.6 2.51327 -0.00566276
79.8 2.51327 0.00567565
80 2.51327 -0.00602966
80.2 2.51327 -0.0234143
80.4 2.51327 -0.0322358
80.6 2.51327 -0.0319528
80.8 2.51327 -0.0262251
81 2.51327 -0.0143088
81.2 2.51327 0.00303623
81.4 2.51327 0.015349
81.6 2.51327 0.00932196
81.8 2.51327 -0.0144268
82 2.51327 -0.0370095
82.2 2.51327 -0.0380687
82.4 2.51327 -0.0153147
82.6 2.51327 0.0158015
82.8 2.51327 0.0403277
83 2.51327 0.0567486
83.2 2.51327 0.0707039
83.4 2.51327 0.0816134
83.6 2.51327 0.0821442
83.8 2.51327 0.0704883
84 2.51327 0.056041
84.2 2.51327 0.0475567
84.4 2.51327 0.0385057
84.6 2.51327 0.0119085
84.8 2.51327 -0.0362816
85 2.51327 -0.0823656
85.2 2.51327 -0.0906148
85.4 2.51327 -0.0477063
85.6 2.51327 0.0198065
85.8 2.51327 0.0661177
86 2.51327 0.0670438
86.2 2.51327 0.0415176
86.4 2.51327 0.0320865
86.6 2.51327 0.0625254
86.8 2.51327 0.112946
87 2.51327 0.136926
87.2 2.51327 0.106181
87.4 2.51327 0.0413564
87.6 2.51327 -0.0022571
87.8 2.51327 0.0150536
88 2.51327 0.0764571
88.2 2.51327 0.1184
88.4 2.51327 0.0873549
88.6 2.51327 -0.00792293
88.8 2.51327 -0.101054
89 2.51327 -0.128761
89.2 2.51327 -0.0893955
89.4 2.51327 -0.0400861
89.6 2.51327 -0.0352066
89.8 2.51327 -0.0704131
90 2.51327 -0.0910112
90.2 2.51327 -0.054406
90.4 2.51327 0.0216382
90.6 2.51327 0.0764234
90.8 2.51327 0.068722
91 2.51327 0.0161422
91.2 2.51327 -0.0277566
91.4 2.51327 -0.028906
91.6 2.51327 -0.000120008
91.8 2.51327 0.0227117
92 2.51327 0.0213961
92.2 2.51327 0.00737008
92.4 2.51327 -0.000416452
92.6 2.51327 0.00200952
92.8 2.51327 0.00682902
93 2.51327 0.0117306
93.2 2.51327 0.0230228
93.4 2.51327 0.0397538
93.6 2.51327 0.0437087
93.8 2.51327 0.0152627
94 2.51327 -0.0392327
94.2 2.51327 -0.0825031
94.4 2.51327 -0.0759308
94.6 2.51327 -0.0164402
94.8 2.51327 0.0574182
95 2.51327 0.0974172
95.2 2.51327 0.0845295
95.4 2.51327 0.0386686
95.6 2.51327 -0.00526961
95.8 2.51327 -0.0277135
96 2.51327 -0.032948
96.2 2.51327 -0.0343848
96.4 2.51327 -0.0377241
96.6 2.51327 -0.0398986
96.8 2.51327 -0.0403128
97 2.51327 -0.0468608
97.2 2.51327 -0.0669788
97.4 2.51327 -0.0933777
97.6 2.51327 -0.102902
97.8 2.51327 -0.0746437
98 2.51327 -0.0120621
98.2 2.51327 0.0536022
98.4 2.51327 0.0851935
98.6 2.51327 0.068461
98.8 2.51327 0.0215354
99 2.51327 -0.0228588
99.2 2.51327 -0.0440806
99.4 2.51327 -0.0441457
99.6 2.51327 -0.0365385
99.8 2.51327 -0.0301151
100 2.51327 -0.0256052
100.2 2.51327 -0.0229237
100.4 2.51327 -0.0242783
100.6 2.51327 -0.0275168
100.8 2.51327 -0.021999
101 2.51327 0.0010379
101.2 2.51327 0.0323637
101.4 2.51327 0.0451447
101.6 2.51327 0.0184934
101.8 2.51327 -0.0383698
102 2.51327 -0.0896366
102.2 2.51327 -0.103476
102.4 2.51327 -0.0778963
102.6 2.51327 -0.0353584
102.8 2.51327 0.00413813
103 2.51327 0.0382498
103.2 2.51327 0.070654
103.4 2.51327 0.0931661
103.6 2.51327 0.0893105
103.8 2.51327 0.0564025
104 2.51327 0.0156912
104.2 2.51327 -0.00662435
104.4 2.51327 -0.00650184
104.6 2.51327 -0.00357514
104.8 2.51327 -0.0145778
105 2.51327 -0.032085
105.2 2.51327 -0.0353411
105.4 2.51327 -0.0182295
105.6 2.51327 0.00293125
105.8 2.51327 0.0120204
106 2.51327 0.015068
106.2 2.51327 0.030534
106.4 2.51327 0.0599819
106.6 2.51327 0.0801126
106.8 2.51327 0.0707138
107 2.51327 0.0436615
107.2 2.51327 0.0322676
107.4 2.51327 0.0502464
107.6 2.51327 0.0722153
107.8 2.51327 0.0642329
108 2.51327 0.028715
108.2 2.51327 0.00549166
108.4 2.51327 0.023431
108.6 2.51327 0.0615192
108.8 2.51327 0.0708875
109 2.51327 0.0344273
109.2 2.51327 -0.00917261
109.4 2.51327 -0.00950843
109.6 2.51327 0.0347402
109.8 2.51327 0.0725667
110 2.51327 0.0603029
110.2 2.51327 0.0127733
110.4 2.51327 -0.0152348
110.6 2.51327 0.00642123
110.8 2.51327 0.0504921
111 2.51327 0.0680293
111.2 2.51327 0.0457665
111.4 2.51327 0.0163761
111.6 2.51327 0.014778
111.8 2.51327 0.037926
112 2.51327 0.0539658
112.2 2.51327 0.0415216
112.4 2.51327 0.00800295
112.6 2.51327 -0.0276238
112.8 2.51327 -0.0545184
113 2.51327 -0.0656589
113.2 2.51327 -0.0479104
113.4 2.51327 0.00376674
113.6 2.51327 0.0609165
113.8 2.51327 0.0711571
114 2.51327 0.0126164
114.2 2.51327 -0.065005
114.4 2.51327 -0.0755503
114.6 2.51327 0.0131607
114.8 2.51327 0.131463
115 2.51327 0.167259
115.2 2.51327 0.0791307
115.4 2.51327 -0.0578527
115.6 2.51327 -0.125436
115.8 2.51327 -0.0764218
116 2.51327 0.0301579
116.2 2.51327 0.100431
116.4 2.51327 0.0963124
116.6 2.51327 0.0513792
116.8 2.51327 0.0143269
117 2.51327 -0.0014756
117.2 2.51327 -0.0114169
117.4 2.51327 -0.024644
117.6 2.51327 -0.0346216
117.8 2.51327 -0.0392574
118 2.51327 -0.0494935
118.2 2.51327 -0.0683529
118.4 2.51327 -0.0744394
118.6 2.51327 -0.0439292
118.8 2.51327 0.0115351
119 2.51327 0.045848
119.2 2.51327 0.0280384
119.4 2.51327 -0.0176686
119.6 2.51327 -0.0360077
119.8 2.51327 -0.00535695
120 2.51327 0.0355849
120.2 2.51327 0.0340881
120.4 2.51327 -0.0130384
120.6 2.51327 -0.0567073
120.8 2.51327 -0.0559339
121 2.51327 -0.0252946
121.2 2.51327 -0.0122398
121.4 2.51327 -0.0371087
121.6 2.51327 -0.0734719
121.8 2.51327 -0.0900856
122 2.51327 -0.0944133
122.2 2.51327 -0.118206
122.4 2.51327 -0.165273
122.6 2.51327 -0.193863
122.8 2.51327 -0.161674
123 2.51327 -0.0788405
123.2 2.51327 -0.00182374
123.4 2.51327 0.0251996
123.6 2.51327 0.010577
123.8 2.51327 -0.00753073
124 2.51327 -0.011594
124.2 2.51327 -0.0177597
124.4 2.51327 -0.0407573
124.6 2.51327 -0.0634306
124.8 2.51327 -0.054089
125 2.51327 -0.00904605
125.2 2.51327 0.0359184
125.4 2.51327 0.0412871
125.6 2.51327 0.00423893
125.8 2.51327 -0.0412828
126 2.51327 -0.0590893
126.2 2.51327 -0.038253
126.4 2.51327 0.00902998
126.6 2.51327 0.0630523
126.8 2.51327 0.104012
127 2.51327 0.114485
127.2 2.51327 0.090338
127.4 2.51327 0.0523102
127.6 2.51327 0.035454
127.8 2.51327 0.0563083
128 2.51327 0.0919297
128.2 2.51327 0.0994167
128.4 2.51327 0.0585935
128.6 2.51327 -0.00872516
128.8 2.51327 -0.0623603
129 2.51327 -0.0801455
129.2 2.51327 -0.0675319
129.4 2.51327 -0.0401625
129.6 2.51327 -0.0101648
129.8 2.51327 0.0100129
130 2.51327 0.00608023
130.2 2.51327 -0.0216858
130.4 2.51327 -0.0452797
130.6 2.51327 -0.0295689
130.8 2.51327 0.0261455
131 2.51327 0.0779223
131.2 2.51327 0.0818453
131.4 2.51327 0.0459597
131.6 2.51327 0.0227041
131.8 2.51327 0.0445957
132 2.51327 0.0815137
132.2 2.51327 0.0772479
132.4 2.51327 0.0232463
132.6 2.51327 -0.0246831
132.8 2.51327 -0.012313
133 2.51327 0.0455104
133.2 2.51327 0.0827971
133.4 2.51327 0.0645025
133.6 2.51327 0.0274546
133.8 2.51327 0.0266787
134 2.51327 0.0576901
134.2 2.51327 0.0595069
134.4 2.51327 -0.00166489
134.6 2.51327 -0.0772883
134.8 2.51327 -0.0876304
135 2.51327 -0.0204831
135.2 2.51327 0.0474346
135.4 2.51327 0.0375923
135.6 2.51327 -0.0396894
135.8 2.51327 -0.101166
136 2.51327 -0.0905913
136.2 2.51327 -0.0381367
136.4 2.51327 -0.0117679
136.6 2.51327 -0.0305622
136.8 2.51327 -0.0511051
137 2.51327 -0.0358657
137.2 2.51327 -0.00605867
137.4 2.51327 -0.00912467
137.6 2.51327 -0.0491687
137.8 2.51327 -0.077037
138 2.51327 -0.0534418
138.2 2.51327 0.000838778
138.4 2.51327 0.0345723
138.6 2.51327 0.0333108
138.8 2.51327 0.0320363
139 2.51327 0.0574732
139.2 2.51327 0.0823159
139.4 2.51327 0.0586773
139.6 2.51327 -0.0108702
139.8 2.51327 -0.0618922
140 2.51327 -0.0387423
140.2 2.51327 0.0386515
140.4 2.51327 0.0957583
140.6 2.51327 0.0861181
140.8 2.51327 0.0347084
141 2.51327 -0.00410363
141.2 2.51327 -0.0116637
141.4 2.51327 -0.01092
141.6 2.51327 -0.0181683
141.8 2.51327 -0.0169445
142 2.51327 0.0090115
142.2 2.51327 0.0365325
142.4 2.51327 0.0223345
142.6 2.51327 -0.0378949
142.8 2.51327 -0.0916943
143 2.51327 -0.085508
143.2 2.51327 -0.0277822
143.4 2.51327 0.0209361
143.6 2.51327 0.0195142
143.8 2.51327 -0.0105841
144 2.51327 -0.0221725
144.2 2.51327 -0.00695618
144.4 2.51327 -0.00277262
144.6 2.51327 -0.037429
144.8 2.51327 -0.0866303
145 2.51327 -0.101794
145.2 2.51327 -0.0692562
145.4 2.51327 -0.0232103
145.6 2.51327 0.000441167
145.8 2.51327 0.00446522
146 2.51327 0.0137123
146.2 2.51327 0.0316948
146.4 2.51327 0.0351572
146.6 2.51327 0.0135437
146.8 2.51327 -0.00618883
147 2.51327 0.0104986
147.2 2.51327 0.059385
147.4 2.51327 0.0992636
147.6 2.51327 0.10154
147.8 2.51327 0.0806317
148 2.51327 0.0641966
148.2 2.51327 0.0472462
148.4 2.51327 -0.000679947
148.6 2.51327 -0.0804113
148.8 2.51327 -0.138784
149 2.51327 -0.120602
149.2 2.51327 -0.0389762
149.4 2.51327 0.0288171
149.6 2.51327 0.0247452
149.8 2.51327 -0.0252709
150 2.51327 -0.0454669
150.2 2.51327 -0.00225802
150.4 2.51327 0.0581618
150.6 2.51327 0.0695941
150.8 2.51327 0.0249148
151 2.51327 -0.0224026
151.2 2.51327 -0.0280351
151.4 2.51327 -0.00351562
151.6 2.51327 0.0152775
151.8 2.51327 0.0249841
152 2.51327 0.0537676
152.2 2.51327 0.105055
152.4 2.51327 0.131188
152.6 2.51327 0.0856785
152.8 2.51327 -0.00727405
153 2.51327 -0.062596
153.2 2.51327 -0.0257575
153.4 2.51327 0.0593431
153.6 2.51327 0.0920581
153.8 2.51327 0.0241525
154 2.51327 -0.086984
154.2 2.51327 -0.13994
154.4 2.51327 -0.0932406
154.6 2.51327 0.00206811
154.8 2.51327 0.0652681
155 2.51327 0.0630614
155.2 2.51327 0.0200304
155.4 2.51327 -0.0281174
155.6 2.51327 -0.0688444
155.8 2.51327 -0.0997934
156 2.51327 -0.10413
156.2 2.51327 -0.060468
156.4 2.51327 0.0220329
156.6 2.51327 0.0945273
156.8 2.51327 0.107352
157 2.51327 0.0577817
157.2 2.51327 -0.00736686
157.4 2.51327 -0.0380885
157.6 2.51327 -0.0267449
157.8 2.51327 -0.00692889
158 2.51327 -0.0121941
158.2 2.51327 -0.040981
158.4 2.51327 -0.0616446
158.6 2.51327 -0.0474853
158.8 2.51327 -0.0041963
159 2.51327 0.0359512
159.2 2.51327 0.0450757
159.4 2.51327 0.0252704
159.6 2.51327 0.00486064
159.8 2.51327 0.00923722
160 2.51327 0.0345202
160.2 2.51327 0.0505941
160.4 2.51327 0.0314617
160.6 2.51327 -0.017766
160.8 2.51327 -0.0657865
161 2.51327 -0.0868475
161.2 2.51327 -0.0844313
161.4 2.51327 -0.081194
161.6 2.51327 -0.0883431
161.8 2.51327 -0.0912831
162 2.51327 -0.0683547
162.2 2.51327 -0.0197835
162.4 2.51327 0.0275832
162.6 2.51327 0.0449096
162.8 2.51327 0.0272801
163 2.51327 -0.00556449
163.2 2.51327 -0.0298863
163.4 2.51327 -0.036129
163.6 2.51327 -0.0306511
163.8 2.51327 -0.0269502
164 2.51327 -0.0364465
164.2 2.51327 -0.0606142
164.4 2.51327 -0.085586
164.6 2.51327 -0.0878017
164.8 2.51327 -0.0544843
165 2.51327 -0.00201333
165.2 2.51327 0.0328669
165.4 2.51327 0.0276094
165.6 2.51327 -0.00236549
165.8 2.51327 -0.0221266
166 2.51327 -0.0200765
166.2 2.51327 -0.0224906
166.4 2.51327 -0.057517
166.6 2.51327 -0.111074
166.8 2.51327 -0.133408
167 2.51327 -0.0948669
167.2 2.51327 -0.0241102
167.4 2.51327 0.021661
167.6 2.51327 0.0212066
167.8 2.51327 0.00877981
168 2.51327 0.0233624
168.2 2.51327 0.0525975
168.4 2.51327 0.0461677
168.6 2.51327 -0.0147611
168.8 2.51327 -0.0811481
169 2.51327 -0.0854665
169.2 2.51327 -0.0217645
169.4 2.51327 0.041947
169.6 2.51327 0.0383703
169.8 2.51327 -0.0238217
170 2.51327 -0.0721464
170.2 2.51327 -0.0530807
170.4 2.51327 0.0129516
170.6 2.51327 0.0635015
170.8 2.51327 0.0659256
171 2.51327 0.0417474
171.2 2.51327 0.0245002
171.4 2.51327 0.0153718
171.6 2.51327 -0.00598288
171.8 2.51327 -0.0379345
172 2.51327 -0.0469841
172.2 2.51327 -0.00968231
172.4 2.51327 0.0484768
172.6 2.51327 0.0725079
172.8 2.51327 0.0377858
173 2.51327 -0.0205616
173.2 2.51327 -0.0452344
173.4 2.51327 -0.0189435
173.6 2.51327 0.0188616
173.8 2.51327 0.0174308
174 2.51327 -0.0296413
174.2 2.51327 -0.0777698
174.4 2.51327 -0.0773327
174.6 2.51327 -0.0230557
174.8 2.51327 0.0407341
175 2.51327 0.0610893
175.2 2.51327 0.0241432
175.4 2.51327 -0.0331443
175.6 2.51327 -0.057473
175.8 2.51327 -0.0292739
176 2.51327 0.0187391
176.2 2.51327 0.0354977
176.4 2.51327 0.00683071
176.6 2.51327 -0.0270029
176.8 2.51327 -0.0164105
177 2.51327 0.0350731
177.2 2.51327 0.0647206
177.4 2.51327 0.017436
177.6 2.51327 -0.0850253
177.8 2.51327 -0.155996
178 2.51327 -0.132777
178.2 2.51327 -0.0452167
178.4 2.51327 0.0165779
178.6 2.51327 0.00161679
178.8 2.51327 -0.0489605
179 2.51327 -0.055701
179.2 2.51327 0.00347996
179.4 2.51327 0.0684562
179.6 2.51327 0.069165
179.8 2.51327 0.00674104
180 2.51327 -0.0502832
180.2 2.51327 -0.0442096
180.4 2.51327 0.0131586
180.6 2.51327 0.0622988
180.8 2.51327 0.0614443
181 2.51327 0.0192119
181.2 2.51327 -0.0283561
181.4 2.51327 -0.0536844
181.6 2.51327 -0.0476168
181.8 2.51327 -0.0131219
182 2.51327 0.0325922
182.2 2.51327 0.0561267
182.4 2.51327 0.0315286
182.6 2.51327 -0.0232341
182.8 2.51327 -0.0482209
183 2.51327 -0.000611754
183.2 2.51327 0.0880758
183.4 2.51327 0.132539
183.6 2.51327 0.0833065
183.8 2.51327 -0.0137221
184 2.51327 -0.0627725
184.2 2.51327 -0.0217322
184.4 2.51327 0.0553307
184.6 2.51327 0.0845326
184.8 2.51327 0.0453787
185 2.51327 -0.0088242
185.2 2.51327 -0.0259017
185.4 2.51327 -0.0138502
185.6 2.51327 -0.0129228
185.8 2.51327 -0.0284356
186 2.51327 -0.0208682
186.2 2.51327 0.0332918
186.4 2.51327 0.0969632
186.6 2.51327 0.111736
186.8 2.51327 0.0739068
187 2.51327 0.0445705
187.2 2.51327 0.0731523
187.4 2.51327 0.129044
187.6 2.51327 0.132077
187.8 2.51327 0.0498826
188 2.51327 -0.0562439
188.2 2.51327 -0.0948771
188.4 2.51327 -0.04331
188.6 2.51327 0.0322607
188.8 2.51327 0.0526187
189 2.51327 0.00558429
189.2 2.51327 -0.0549154
189.4 2.51327 -0.0745336
189.6 2.51327 -0.0479101
189.8 2.51327 -0.00867334
190 2.51327 0.00934187
190.2 2.51327 -0.00645754
190.4 2.51327 -0.0479473
190.6 2.51327 -0.0891638
190.8 2.51327 -0.0931654
191 2.51327 -0.0394649
191.2 2.51327 0.042954
191.4 2.51327 0.0844492
191.6 2.51327 0.0392907
191.8 2.51327 -0.0558637
192 2.51327 -0.106757
192.2 2.51327 -0.0586746
192.4 2.51327 0.0394638
192.6 2.51327 0.0848555
192.8 2.51327 0.034916
193 2.51327 -0.0454627
193.2 2.51327 -0.060813
193.4 2.51327 0.00385869
193.6 2.51327 0.0692481
193.8 2.51327 0.0592863
194 2.51327 -0.00927238
194.2 2.51327 -0.0516618
194.4 2.51327 -0.0195503
194.6 2.51327 0.0434923
194.8 2.51327 0.0590276
195 2.51327 0.00879037
195.2 2.51327 -0.0474654
195.4 2.51327 -0.0465217
195.6 2.51327 0.00633703
195.8 2.51327 0.0509922
196 2.51327 0.0459937
196.2 2.51327 0.00928944
196.4 2.51327 -0.0158575
196.6 2.51327 -0.0180751
196.8 2.51327 -0.0263238
197 2.51327 -0.0657774
197.2 2.51327 -0.121129
197.4 2.51327 -0.15155
197.6 2.51327 -0.135775
197.8 2.51327 -0.0937498
198 2.51327 -0.0638644
198.2 2.51327 -0.064686
198.4 2.51327 -0.0804194
198.6 2.51327 -0.0792217
198.8 2.51327 -0.0429
199 2.51327 0.0178817
199.2 2.51327 0.0732793
199.4 2.51327 0.100493
199.6 2.51327 0.105072
199.8 2.51327 0.115961
200 2.51327 0.153793
200.2 2.51327 0.202072
200.4 2.51327 0.216435
200.6 2.51327 0.170231
200.8 2.51327 0.0891635
201 2.51327 0.0310199
201.2 2.51327 0.0265497
201.4 2.51327 0.0473326
201.6 2.51327 0.0407138
201.8 2.51327 -0.00668922
202 2.51327 -0.0526133
202.2 2.51327 -0.0508431
202.4 2.51327 -0.00844123
202.6 2.51327 0.0221086
202.8 2.51327 0.00617753
203 2.51327 -0.0333382
203.2 2.51327 -0.0491596
203.4 2.51327 -0.0320845
203.6 2.51327 -0.0217883
203.8 2.51327 -0.0512613
204 2.51327 -0.0964538
204.2 2.51327 -0.0983789
204.4 2.51327 -0.0341373
204.6 2.51327 0.049487
204.8 2.51327 0.0820823
205 2.51327 0.0420758
205.2 2.51327 -0.0268824
205.4 2.51327 -0.0681168
205.6 2.51327 -0.0667024
205.8 2.51327 -0.0474418
206 2.51327 -0.0316041
206.2 2.51327 -0.0131204
206.4 2.51327 0.0206433
206.6 2.51327 0.0598537
206.8 2.51327 0.0776837
207 2.51327 0.0626076
207.2 2.51327 0.0335255
207.4 2.51327 0.0179876
207.6 2.51327 0.0219124
207.8 2.51327 0.0274466
208 2.51327 0.017425
208.2 2.51327 -0.00630557
208.4 2.51327 -0.0297354
208.6 2.51327 -0.0437405
208.8 2.51327 -0.0487476
209 2.51327 -0.0474818
209.2 2.51327 -0.0421486
209.4 2.51327 -0.0396551
209.6 2.51327 -0.0508299
209.8 2.51327 -0.0774969
210 2.51327 -0.10382
210.2 2.51327 -0.108846
210.4 2.51327 -0.0892265
210.6 2.51327 -0.0627515
210.8 2.51327 -0.0449827
211 2.51327 -0.0282989
211.2 2.51327 0.00587875
211.4 2.51327 0.0531774
211.6 2.51327 0.0755515
211.8 2.51327 0.0360877
212 2.51327 -0.0546179
212.2 2.51327 -0.135616
212.4 2.51327 -0.146846
212.6 2.51327 -0.0840561
212.8 2.51327 -0.000575572
213 2.51327 0.0446066
213.2 2.51327 0.0374937
213.4 2.51327 0.00972543
213.6 2.51327 -0.00331552
213.8 2.51327 0.00239887
214 2.51327 0.00567706
214.2 2.51327 -0.00673865
214.4 2.51327 -0.0212573
214.6 2.51327 -0.0138563
214.8 2.51327 0.0179801
215 2.51327 0.0450855
215.2 2.51327 0.0328834
215.4 2.51327 -0.0199655
215.6 2.51327 -0.0708554
215.8 2.51327 -0.0667893
216 2.51327 0.00525965
216.2 2.51327 0.100203
216.4 2.51327 0.151258
216.6 2.51327 0.129837
216.8 2.51327 0.070649
217 2.51327 0.0355541
217.2 2.51327 0.0522146
217.4 2.51327 0.0905584
217.6 2.51327 0.099887
217.8 2.51327 0.0643752
218 2.51327 0.0169047
218.2 2.51327 5.11731e-05
218.4 2.51327 0.0213277
218.6 2.51327 0.0509855
218.8 2.51327 0.057899
219 2.51327 0.0382373
219.2 2.51327 0.00865646
219.4 2.51327 -0.0173745
219.6 2.51327 -0.0366349
219.8 2.51327 -0.0441517
220 2.51327 -0.0290041
220.2 2.51327 0.00936309
220.4 2.51327 0.047419
220.6 2.51327 0.0532198
220.8 2.51327 0.0200112
221 2.51327 -0.0230113
221.2 2.51327 -0.0404293
221.4 2.51327 -0.0284165
221.6 2.51327 -0.0157703
221.8 2.51327 -0.0269701
222 2.51327 -0.0521182
222.2 2.51327 -0.0592267
222.4 2.51327 -0.0319824
222.6 2.51327 0.0127163
222.8 2.51327 0.0447597
223 2.51327 0.0498919
223.2 2.51327 0.0343091
223.4 2.51327 0.00817423
223.6 2.51327 -0.0232319
223.8 2.51327 -0.0503975
224 2.51327 -0.0539825
224.2 2.51327 -0.0212479
224.4 2.51327 0.0315407
224.6 2.51327 0.0633373
224.8 2.51327 0.0430357
225 2.51327 -0.0203856
225.2 2.51327 -0.0855097
225.4 2.51327 -0.115163
225.6 2.51327 -0.103428
225.8 2.51327 -0.0704329
226 2.51327 -0.0394823
226.2 2.51327 -0.0226192
226.4 2.51327 -0.0203481
226.6 2.51327 -0.0244458
226.8 2.51327 -0.0207444
227 2.51327 0.000197298
227.2 2.51327 0.0281296
227.4 2.51327 0.0354609
227.6 2.51327 0.00646979
227.8 2.51327 -0.0352442
228 2.51327 -0.0417863
228.2 2.51327 0.00562718
228.4 2.51327 0.0639472
228.6 2.51327 0.0650672
228.8 2.51327 -0.0075823
229 2.51327 -0.0891817
229.2 2.51327 -0.0941737
229.4 2.51327 -0.00785415
229.6 2.51327 0.0933006
229.8 2.51327 0.119173
230 2.51327 0.0575238
230.2 2.51327 -0.0205879
230.4 2.51327 -0.0425774
230.6 2.51327 -0.00756689
230.8 2.51327 0.0275466
231 2.51327 0.022266
231.2 2.51327 -0.00554066
231.4 2.51327 -0.0137827
231.6 2.51327 0.00518689
231.8 2.51327 0.0173291
232 2.51327 -0.00346875
232.2 2.51327 -0.0359058
232.4 2.51327 -0.0338144
232.6 2.51327 0.016405
232.8 2.51327 0.0738667
233 2.51327 0.0841789
233.2 2.51327 0.0367507
233.4 2.51327 -0.0246835
233.6 2.51327 -0.0468162
233.8 2.51327 -0.0168658
234 2.51327 0.0309574
234.2 2.51327 0.0518681
234.4 2.51327 0.029785
234.6 2.51327 -0.0138718
234.8 2.51327 -0.04183
235 2.51327 -0.0305971
235.2 2.51327 0.0132227
235.4 2.51327 0.0582594
235.6 2.51327 0.0711359
235.8 2.51327 0.0417101
236 2.51327 -0.00884661
236.2 2.51327 -0.0462762
236.4 2.51327 -0.0533293
236.6 2.51327 -0.043156
236.8 2.51327 -0.0421845
237 2.51327 -0.0609341
237.2 2.51327 -0.0852384
237.4 2.51327 -0.0974411
237.6 2.51327 -0.101649
237.8 2.51327 -0.120651
238 2.51327 -0.164519
238.2 2.51327 -0.206319
238.4 2.51327 -0.197349
238.6 2.51327 -0.113194
238.8 2.51327 0.0140234
239 2.51327 0.113176
239.2 2.51327 0.130135
239.4 2.51327 0.0720339
239.6 2.51327 -0.00196888
239.8 2.51327 -0.035282
240 2.51327 -0.022077
240.2 2.51327 -0.00306129
240.4 2.51327 -0.0151568
240.6 2.51327 -0.0487953
240.8 2.51327 -0.0594121
241 2.51327 -0.02166
241.2 2.51327 0.0343997
241.4 2.51327 0.0497388
241.6 2.51327 0.00106957
241.8 2.51327 -0.0677263
242 2.51327 -0.0872409
242.2 2.51327 -0.0359708
242.4 2.51327 0.0348815
242.6 2.51327 0.0546388
242.8 2.51327 0.0069081
243 2.51327 -0.0569043
243.2 2.51327 -0.0766338
243.4 2.51327 -0.0459988
243.6 2.51327 -0.0102259
243.8 2.51327 -0.00869698
244 2.51327 -0.0340192
244.2 2.51327 -0.0518792
244.4 2.51327 -0.0487088
244.6 2.51327 -0.0443368
244.8 2.51327 -0.0575613
245 2.51327 -0.0749017
245.2 2.51327 -0.0661519
245.4 2.51327 -0.0261272
245.6 2.51327 0.0139701
245.8 2.51327 0.0226385
246 2.51327 0.00614522
246.2 2.51327 -0.000450389
246.4 2.51327 0.0221664
246.6 2.51327 0.0543781
246.8 2.51327 0.0645529
247 2.51327 0.0501672
247.2 2.51327 0.0397084
247.4 2.51327 0.0535215
247.6 2.51327 0.0747743
247.8 2.51327 0.0684982
248 2.51327 0.0255557
248.2 2.51327 -0.0225262
248.4 2.51327 -0.0352549
248.6 2.51327 -0.0035121
248.8 2.51327 0.0453989
249 2.51327 0.076971
249.2 2.51327 0.0758782
249.4 2.51327 0.0461887
249.6 2.51327 -0.00149466
249.8 2.51327 -0.05388
250 2.51327 -0.0914954
250.2 2.51327 -0.0950905
250.4 2.51327 -0.0627464
250.6 2.51327 -0.0160016
250.8 2.51327 0.018291
251 2.51327 0.032545
251.2 2.51327 0.0405959
251.4 2.51327 0.0557005
251.6 2.51327 0.0728887
251.8 2.51327 0.0773747
252 2.51327 0.065902
252.2 2.51327 0.0516739
252.4 2.51327 0.0469431
252.6 2.51327 0.047464
252.8 2.51327 0.0392319
253 2.51327 0.0169731
253.2 2.51327 -0.0107162
253.4 2.51327 -0.0339017
253.6 2.51327 -0.0509349
253.8 2.51327 -0.0615603
254 2.51327 -0.0576644
254.2 2.51327 -0.0316735
254.4 2.51327 0.00486174
254.6 2.51327 0.0217061
254.8 2.51327 -0.00144033
255 2.51327 -0.0488682
255.2 2.51327 -0.080575
255.4 2.51327 -0.0732064
255.6 2.51327 -0.0430139
255.8 2.51327 -0.0227378
256 2.51327 -0.0209737
256.2 2.51327 -0.0152646
256.4 2.51327 0.0126879
256.6 2.51327 0.0461539
256.8 2.51327 0.0491096
257 2.51327 0.0112912
257.2 2.51327 -0.0340798
257.4 2.51327 -0.0439033
257.6 2.51327 -0.0103539
257.8 2.51327 0.0360841
258 2.51327 0.065779
258.2 2.51327 0.0794504
258.4 2.51327 0.0925096
258.6 2.51327 0.100461
258.8 2.51327 0.0775236
259 2.51327 0.0152938
259.2 2.51327 -0.0497046
259.4 2.51327 -0.0638917
259.6 2.51327 -0.016104
259.8 2.51327 0.0406571
260 2.51327 0.0376515
260.2 2.51327 -0.0384343
260.4 2.51327 -0.128224
260.6 2.51327 -0.156709
260.8 2.51327 -0.105152
261 2.51327 -0.0248298
261.2 2.51327 0.0171031
261.4 2.51327 0.000348822
261.6 2.51327 -0.0389515
261.8 2.51327 -0.0534449
262 2.51327 -0.0325518
262.2 2.51327 -0.00611737
262.4 2.51327 -0.00723192
262.6 2.51327 -0.0371335
262.8 2.51327 -0.0667534
263 2.51327 -0.0684693
263.2 2.51327 -0.0423999
263.4 2.51327 -0.011506
263.6 2.51327 0.00554108
263.8 2.51327 0.0119035
264 2.51327 0.0216588
264.2 2.51327 0.0350606
264.4 2.51327 0.0320323
264.6 2.51327 -0.00444553
264.8 2.51327 -0.0605032
265 2.51327 -0.0952247
265.2 2.51327 -0.0791222
265.4 2.51327 -0.0280417
265.6 2.51327 0.00830792
265.8 2.51327 -0.0039748
266 2.51327 -0.0470996
266.2 2.51327 -0.0702943
266.4 2.51327 -0.0442906
266.6 2.51327 0.00826941
266.8 2.51327 0.0397174
267 2.51327 0.02988
267.2 2.51327 0.0041753
267.4 2.51327 -0.0008314
267.6 2.51327 0.0190671
267.8 2.51327 0.0351321
268 2.51327 0.0260354
268.2 2.51327 0.00732842
268.4 2.51327 0.012797
268.6 2.51327 0.0505996
268.8 2.51327 0.0888181
269 2.51327 0.0896835
269.2 2.51327 0.0525766
269.4 2.51327 0.0150179
269.6 2.51327 0.0103091
269.8 2.51327 0.0313193
270 2.51327 0.0415616
270.2 2.51327 0.0193663
270.4 2.51327 -0.016076
270.6 2.51327 -0.0254722
270.8 2.51327 0.00780178
271 2.51327 0.0598352
271.2 2.51327 0.0898787
271.4 2.51327 0.0775888
271.6 2.51327 0.035955
271.8 2.51327 -0.0073108
272 2.51327 -0.0351738
272.2 2.51327 -0.0482968
272.4 2.51327 -0.0538183
272.6 2.51327 -0.0539935
272.8 2.51327 -0.0467674
273 2.51327 -0.0328749
273.2 2.51327 -0.0179199
273.4 2.51327 -0.00723979
273.6 2.51327 -0.00128553
273.8 2.51327 0.0028906
274 2.51327 0.00756116
274.2 2.51327 0.0136619
274.4 2.51327 0.0227101
274.6 2.51327 0.0352167
274.8 2.51327 0.0450087
275 2.51327 0.0384297
275.2 2.51327 0.00562811
275.4 2.51327 -0.0439611
275.6 2.51327 -0.0811242
275.8 2.51327 -0.0793261
276 2.51327 -0.0420566
276.2 2.51327 -0.00479392
276.4 2.51327 -0.00331957
276.6 2.51327 -0.0371752
276.8 2.51327 -0.0676898
277 2.51327 -0.0566081
277.2 2.51327 -0.00654073
277.4 2.51327 0.0406273
277.6 2.51327 0.0470203
277.8 2.51327 0.0166057
278 2.51327 -0.0138912
278.2 2.51327 -0.0192165
278.4 2.51327 -0.0126957
278.6 2.51327 -0.0244985
278.8 2.51327 -0.0581255
279 2.51327 -0.0791759
279.2 2.51327 -0.052511
279.4 2.51327 0.0144292
279.6 2.51327 0.0736998
279.8 2.51327 0.0834507
280 2.51327 0.0471726
280.2 2.51327 0.00311887
280.4 2.51327 -0.020225
280.6 2.51327 -0.03021
280.8 2.51327 -0.0512558
281 2.51327 -0.0891543
281.2 2.51327 -0.122577
281.4 2.51327 -0.128948
281.6 2.51327 -0.110115
281.8 2.51327 -0.0873013
282 2.51327 -0.0747889
282.2 2.51327 -0.065756
282.4 2.51327 -0.0447582
282.6 2.51327 -0.00815554
282.8 2.51327 0.0317688
283 2.51327 0.0593815
283.2 2.51327 0.0666029
283.4 2.51327 0.0528586
283.6 2.51327 0.0224236
283.8 2.51327 -0.0130386
284 2.51327 -0.0347298
284.2 2.51327 -0.0297006
284.4 2.51327 -0.00703657
284.6 2.51327 0.00606494
284.8 2.51327 -0.00737332
285 2.51327 -0.03037
285.2 2.51327 -0.0251271
285.4 2.51327 0.0243713
285.6 2.51327 0.0868608
285.8 2.51327 0.109249
286 2.51327 0.0710562
286.2 2.51327 0.00921058
286.4 2.51327 -0.016531
286.6 2.51327 0.016895
286.8 2.51327 0.0737605
287 2.51327 0.0967835
287.2 2.51327 0.0629406
287.4 2.51327 0.00126874
287.6 2.51327 -0.0400763
287.8 2.51327 -0.0381674
288 2.51327 -0.00800296
288.2 2.51327 0.0199271
288.4 2.51327 0.0264982
288.6 2.51327 0.010548
288.8 2.51327 -0.0201713
289 2.51327 -0.0553574
289.2 2.51327 -0.0809073
289.4 2.51327 -0.0813668
289.6 2.51327 -0.0521646
289.8 2.51327 -0.00969571
290 2.51327 0.0168091
290.2 2.51327 0.00871071
290.4 2.51327 -0.0256798
290.6 2.51327 -0.0595775
290.8 2.51327 -0.072568
291 2.51327 -0.0660278
291.2 2.51327 -0.0543048
291.4 2.51327 -0.0442896
291.6 2.51327 -0.0278564
291.8 2.51327 0.00485283
292 2.51327 0.0486321
292.2 2.51327 0.0841716
292.4 2.51327 0.0966458
292.6 2.51327 0.0903078
292.8 2.51327 0.0821322
293 2.51327 0.0826353
293.2 2.51327 0.0869115
293.4 2.51327 0.0852966
293.6 2.51327 0.0778181
293.8 2.51327 0.0720462
294 2.51327 0.0671437
294.2 2.51327 0.0480749
294.4 2.51327 0.00328712
294.6 2.51327 -0.0531546
294.8 2.51327 -0.0861189
295 2.51327 -0.0732405
295.2 2.51327 -0.031731
295.4 2.51327 -0.00358404
295.6 2.51327 -0.0107699
295.8 2.51327 -0.030744
296 2.51327 -0.0231159
296.2 2.51327 0.0209929
296.4 2.51327 0.0648943
296.6 2.51327 0.066465
296.8 2.51327 0.026703
297 2.51327 -0.0107715
297.2 2.51327 -0.0095503
297.4 2.51327 0.0189642
297.6 2.51327 0.0318838
297.8 2.51327 0.00711938
298 2.51327 -0.0317162
298.2 2.51327 -0.0463529
298.4 2.51327 -0.0308764
298.6 2.51327 -0.0167623
298.8 2.51327 -0.0316064
299 2.51327 -0.0640221
299.2 2.51327 -0.0775069
299.4 2.51327 -0.0544798
299.6 2.51327 -0.0161539
299.8 2.51327 0.00335163
300 2.51327 -0.00559797
300.2 2.51327 -0.0229251
300.4 2.51327 -0.0253599
300.6 2.51327 -0.00791502
300.8 2.51327 0.0212769
301 2.51327 0.0549564
301.2 2.51327 0.0850221
301.4 2.51327 0.0927654
301.6 2.51327 0.0579996
301.8 2.51327 -0.0126339
302 2.51327 -0.075171
302.2 2.51327 -0.0819284
302.4 2.51327 -0.0310869
302.6 2.51327 0.0259194
302.8 2.51327 0.0351009
303 2.51327 -0.00405564
303.2 2.51327 -0.0408658
303.4 2.51327 -0.0316121
303.6 2.51327 0.0136778
303.8 2.51327 0.0479008
304 2.51327 0.042646
304.2 2.51327 0.0149596
304.4 2.51327 -0.00206115
304.6 2.51327 -0.00171019
304.8 2.51327 -0.00471617
305 2.51327 -0.0229945
305.2 2.51327 -0.038994
305.4 2.51327 -0.0296128
305.6 2.51327 -0.000870396
305.8 2.51327 0.0167887
306 2.51327 0.0097909
306.2 2.51327 0.00427351
306.4 2.51327 0.0353137
306.6 2.51327 0.0968515
306.8 2.51327 0.136582
307 2.51327 0.109067
307.2 2.51327 0.0286452
307.4 2.51327 -0.0394705
307.6 2.51327 -0.0421376
307.8 2.51327 0.0126475
308 2.51327 0.0692475
308.2 2.51327 0.0792807
308.4 2.51327 0.0389375
308.6 2.51327 -0.0200058
308.8 2.51327 -0.0619201
309 2.51327 -0.0671356
309.2 2.51327 -0.0339469
309.4 2.51327 0.0222006
309.6 2.51327 0.0703733
309.8 2.51327 0.0797135
310 2.51327 0.047002
310.2 2.51327 0.00649589
310.4 2.51327 0.000112015
310.6 2.51327 0.0321508
310.8 2.51327 0.0610033
311 2.51327 0.0446365
311.2 2.51327 -0.00868471
311.4 2.51327 -0.0464769
311.6 2.51327 -0.0332983
311.8 2.51327 0.00409255
312 2.51327 0.00570491
312.2 2.51327 -0.0478665
312.4 2.51327 -0.104783
312.6 2.51327 -0.0969665
312.8 2.51327 -0.021117
313 2.51327 0.0500683
313.2 2.51327 0.0448629
313.4 2.51327 -0.0276229
313.6 2.51327 -0.0872143
313.8 2.51327 -0.0722241
314 2.51327 -0.00690172
314.2 2.51327 0.0296432
314.4 2.51327 -0.00493721
314.6 2.51327 -0.0707785
314.8 2.51327 -0.0964072
315 2.51327 -0.0623986
315.2 2.51327 -0.0192694
315.4 2.51327 -0.0224251
315.6 2.51327 -0.0653237
315.8 2.51327 -0.0904428
316 2.51327 -0.0613674
316.2 2.51327 -0.00689109
316.4 2.51327 0.0145461
316.6 2.51327 -0.0160428
316.8 2.51327 -0.0597563
317 2.51327 -0.0704997
317.2 2.51327 -0.0485324
317.4 2.51327 -0.0317016
317.6 2.51327 -0.0408358
317.8 2.51327 -0.0530664
318 2.51327 -0.0372219
318.2 2.51327 -0.00207465
318.4 2.51327 0.0101136
318.6 2.51327 -0.0196018
318.8 2.51327 -0.053914
319 2.51327 -0.039024
319.2 2.51327 0.0267024
319.4 2.51327 0.0814746
319.6 2.51327 0.0667007
319.8 2.51327 -0.0049797
320 2.51327 -0.0625581
320.2 2.51327 -0.0568675
320.4 2.51327 -0.0130123
320.6 2.51327 0.00672198
320.8 2.51327 -0.0181432
321 2.51327 -0.0427664
321.2 2.51327 -0.0164282
321.4 2.51327 0.0502303
321.6 2.51327 0.0938091
321.8 2.51327 0.0713528
322 2.51327 0.00874958
322.2 2.51327 -0.0319432
322.4 2.51327 -0.0225482
322.6 2.51327 0.0084165
322.8 2.51327 0.0200156
323 2.51327 0.00754046
323.2 2.51327 -0.00369557
323.4 2.51327 -0.00076023
323.6 2.51327 0.00200698
323.8 2.51327 -0.00594429
324 2.51327 -0.00523848
324.2 2.51327 0.0289212
324.4 2.51327 0.0806348
324.6 2.51327 0.0950749
324.8 2.51327 0.0404194
325 2.51327 -0.0427125
325.2 2.51327 -0.0744003
325.4 2.51327 -0.0230581
325.6 2.51327 0.0546301
325.8 2.51327 0.0738287
326 2.51327 0.0156524
326.2 2.51327 -0.0539304
326.4 2.51327 -0.0608115
326.6 2.51327 -0.00293981
326.8 2.51327 0.0575209
327 2.51327 0.0714534
327.2 2.51327 0.0503111
327.4 2.51327 0.0319341
327.6 2.51327 0.0207417
327.8 2.51327 -0.0128933
328 2.51327 -0.0752294
328.2 2.51327 -0.118331
328.4 2.51327 -0.0888998
328.6 2.51327 -0.000878652
328.8 2.51327 0.065774
329 2.51327 0.0514462
329.2 2.51327 -0.0112389
329.4 2.51327 -0.0312034
329.6 2.51327 0.0344667
329.8 2.51327 0.12536
330 2.51327 0.141836
330.2 2.51327 0.0565674
330.4 2.51327 -0.0541719
330.6 2.51327 -0.0941871
330.8 2.51327 -0.0485309
331 2.51327 0.0101398
331.2 2.51327 0.00985241
331.4 2.51327 -0.042862
331.6 2.51327 -0.0795619
331.8 2.51327 -0.05201
332 2.51327 0.0171166
332.2 2.51327 0.0654036
332.4 2.51327 0.0590893
332.6 2.51327 0.0215382
332.8 2.51327 0.000116113
333 2.51327 0.016949
333.2 2.51327 0.0544133
333.4 2.51327 0.0788918
333.6 2.51327 0.0702484
333.8 2.51327 0.0322915
334 2.51327 -0.013798
334.2 2.51327 -0.0418209
334.4 2.51327 -0.0348264
334.6 2.51327 0.00199545
334.8 2.51327 0.0411566
335 2.51327 0.0531811
335.2 2.51327 0.0329705
335.4 2.51327 0.00443064
335.6 2.51327 -0.0052361
335.8 2.51327 0.00528947
336 2.51327 0.0124336
336.2 2.51327 -0.00196058
336.4 2.51327 -0.0280213
336.6 2.51327 -0.0414853
336.8 2.51327 -0.0366412
337 2.51327 -0.0357064
337.2 2.51327 -0.0596944
337.4 2.51327 -0.095594
337.6 2.51327 -0.103731
337.8 2.51327 -0.0624362
338 2.51327 0.000678263
338.2 2.51327 0.0314474
338.4 2.51327 0.00594866
338.6 2.51327 -0.0409509
338.8 2.51327 -0.050252
339 2.51327 -0.00279098
339.2 2.51327 0.0562995
339.4 2.51327 0.0617442
339.6 2.51327 -0.0029153
339.8 2.51327 -0.0838427
340 2.51327 -0.107704
340.2 2.51327 -0.0545405
340.4 2.51327 0.0214688
340.6 2.51327 0.0458435
340.8 2.51327 -0.00207318
341 2.51327 -0.0702201
341.2 2.51327 -0.0893706
341.4 2.51327 -0.0447163
341.6 2.51327 0.0124454
341.8 2.51327 0.0247826
342 2.51327 -0.00564433
342.2 2.51327 -0.0207595
342.4 2.51327 0.0229529
342.6 2.51327 0.0959897
342.8 2.51327 0.119613
343 2.51327 0.0511311
343.2 2.51327 -0.0632288
343.4 2.51327 -0.130339
343.6 2.51327 -0.104737
343.8 2.51327 -0.0323645
344 2.51327 0.00384486
344.2 2.51327 -0.0264247
344.4 2.51327 -0.0765135
344.6 2.51327 -0.0856597
344.8 2.51327 -0.0491549
345 2.51327 -0.0130451
345.2 2.51327 -0.00710443
345.4 2.51327 -0.00578607
345.6 2.51327 0.0320212
345.8 2.51327 0.0979007
346 2.51327 0.132788
346.2 2.51327 0.0977558
346.4 2.51327 0.0282338
346.6 2.51327 -0.00310299
346.8 2.51327 0.024862
347 2.51327 0.0519931
347.2 2.51327 0.0102708
347.4 2.51327 -0.0852854
347.6 2.51327 -0.143671
347.8 2.51327 -0.102859
348 2.51327 -0.00921264
348.2 2.51327 0.0296916
348.4 2.51327 -0.029979
348.6 2.51327 -0.112621
348.8 2.51327 -0.10688
349 2.51327 0.00520978
349.2 2.51327 0.124074
349.4 2.51327 0.142638
349.6 2.51327 0.0638457
349.8 2.51327 -0.00803773
350 2.51327 0.0119013
350.2 2.51327 0.0973024
350.4 2.51327 0.147781
350.6 2.51327 0.104459
350.8 2.51327 0.00967951
351 2.51327 -0.0481303
351.2 2.51327 -0.0305476
351.4 2.51327 0.0222328
351.6 2.51327 0.0490382
351.8 2.51327 0.0334343
352 2.51327 0.00651007
352.2 2.51327 -0.000330005
352.4 2.51327 0.0117189
352.6 2.51327 0.021237
352.8 2.51327 0.0152549
353 2.51327 -0.0034664
353.2 2.51327 -0.0284595
353.4 2.51327 -0.0545363
353.6 2.51327 -0.0707209
353.8 2.51327 -0.0622596
354 2.51327 -0.0295768
354.2 2.51327 0.00140187
354.4 2.51327 0.00139705
354.6 2.51327 -0.0270225
354.8 2.51327 -0.0468229
355 2.51327 -0.0275211
355.2 2.51327 0.0165356
355.4 2.51327 0.0402879
355.6 2.51327 0.0215439
355.8 2.51327 -0.0113221
356 2.51327 -0.0142013
356.2 2.51327 0.0171431
356.4 2.51327 0.0415822
356.6 2.51327 0.0267758
356.8 2.51327 -0.00575672
357 2.51327 -0.00680504
357.2 2.51327 0.0300923
357.4 2.51327 0.0439351
357.6 2.51327 -0.0295064
357.8 2.51327 -0.169847
358 2.51327 -0.266511
358.2 2.51327 -0.217668
358.4 2.51327 -0.0380579
358.6 2.51327 0.140453
358.8 2.51327 0.183995
359 2.51327 0.0772838
359.2 2.51327 -0.0675596
359.4 2.51327 -0.118375
359.6 2.51327 -0.039581
359.8 2.51327 0.0895001
360 2.51327 0.159412
360.2 2.51327 0.127387
360.4 2.51327 0.0378003
360.6 2.51327 -0.0374882
360.8 2.51327 -0.0667061
361 2.51327 -0.0687577
361.2 2.51327 -0.0711652
361.4 2.51327 -0.073444
361.6 2.51327 -0.0569933
361.8 2.51327 -0.0218007
362 2.51327 0.00217791
362.2 2.51327 -0.011961
362.4 2.51327 -0.0495668
362.6 2.51327 -0.0617439
362.8 2.51327 -0.0172987
363 2.51327 0.0581964
363.2 2.51327 0.104614
363.4 2.51327 0.0898658
363.6 2.51327 0.0425138
363.8 2.51327 0.0166454
364 2.51327 0.0300796
364.2 2.51327 0.0485566
364.4 2.51327 0.0327763
364.6 2.51327 -0.0108234
364.8 2.51327 -0.0378776
365 2.51327 -0.0211888
365.2 2.51327 0.0167578
365.4 2.51327 0.033392
365.6 2.51327 0.0179009
365.8 2.51327 -0.0015187
366 2.51327 -0.00177628
366.2 2.51327 0.000636611
366.4 2.51327 -0.0276923
366.6 2.51327 -0.0868605
366.8 2.51327 -0.13372
367 2.51327 -0.128038
367.2 2.51327 -0.0762365
367.4 2.51327 -0.0178365
367.6 2.51327 0.0237099
367.8 2.51327 0.057264
368 2.51327 0.0877464
368.2 2.51327 0.0855513
368.4 2.51327 0.0174328
368.6 2.51327 -0.0930071
368.8 2.51327 -0.161647
369 2.51327 -0.122401
369.2 2.51327 -0.00422715
369.4 2.51327 0.089785
369.6 2.51327 0.0869107
369.8 2.51327 0.0152821
370 2.51327 -0.0391123
370.2 2.51327 -0.0329556
370.4 2.51327 -0.00192934
370.6 2.51327 0.00323576
370.8 2.51327 -0.0104522
371 2.51327 0.00653147
371.2 2.51327 0.0665146
371.4 2.51327 0.111703
371.6 2.51327 0.0786901
371.8 2.51327 -0.0192789
372 2.51327 -0.0997416
372.2 2.51327 -0.102615
372.4 2.51327 -0.0526425
372.6 2.51327 -0.0166003
372.8 2.51327 -0.0147558
373 2.51327 -0.00240761
373.2 2.51327 0.0572609
373.4 2.51327 0.129429
373.6 2.51327 0.141929
373.8 2.51327 0.0764673
374 2.51327 -0.0017799
374.2 2.51327 -0.0178136
374.4 2.51327 0.027246
374.6 2.51327 0.0653011
374.8 2.51327 0.0510159
375 2.51327 0.0162047
375.2 2.51327 0.0211666
375.4 2.51327 0.0694093
375.6 2.51327 0.098259
375.8 2.51327 0.0578132
376 2.51327 -0.0236831
376.2 2.51327 -0.0720695
376.4 2.51327 -0.0560598
376.6 2.51327 -0.0206398
376.8 2.51327 -0.0253021
377 2.51327 -0.0668163
377.2 2.51327 -0.0823604
377.4 2.51327 -0.0263513
377.6 2.51327 0.074111
377.8 2.51327 0.147857
378 2.51327 0.152112
378.2 2.51327 0.104502
378.4 2.51327 0.0504429
378.6 2.51327 0.0171342
378.8 2.51327 0.00523901
379 2.51327 0.00888832
379.2 2.51327 0.0242392
379.4 2.51327 0.038946
379.6 2.51327 0.0321669
379.8 2.51327 -0.00183701
380 2.51327 -0.0371726
380.2 2.51327 -0.0387132
380.4 2.51327 -0.0045461
380.6 2.51327 0.0247978
380.8 2.51327 0.00838378
381 2.51327 -0.0476838
381.2 2.51327 -0.0938493
381.4 2.51327 -0.0887533
381.6 2.51327 -0.0398789
381.8 2.51327 0.0100678
382 2.51327 0.0297488
382.2 2.51327 0.0242194
382.4 2.51327 0.0173121
382.6 2.51327 0.0207877
382.8 2.51327 0.0263908
383 2.51327 0.0214372
383.2 2.51327 0.00328682
383.4 2.51327 -0.0203885
383.6 2.51327 -0.0372282
383.8 2.51327 -0.0338479
384 2.51327 -0.00276223
384.2 2.51327 0.0458791
384.4 2.51327 0.0829327
384.6 2.51327 0.0818375
384.8 2.51327 0.0459337
385 2.51327 0.00741218
385.2 2.51327 -0.00786552
385.4 2.51327 -0.0102853
385.6 2.51327 -0.0312723
385.8 2.51327 -0.077509
386 2.51327 -0.112191
386.2 2.51327 -0.092384
386.4 2.51327 -0.0214076
386.6 2.51327 0.0486554
386.8 2.51327 0.0707169
387 2.51327 0.0501378
387.2 2.51327 0.0302536
387.4 2.51327 0.0370583
387.6 2.51327 0.0527487
387.8 2.51327 0.0475587
388 2.51327 0.0233624
388.2 2.51327 0.00990665
388.4 2.51327 0.0203651
388.6 2.51327 0.0291162
388.8 2.51327 0.0057008
389 2.51327 -0.0378165
389.2 2.51327 -0.0516105
389.4 2.51327 -0.00643548
389.6 2.51327 0.0640331
389.8 2.51327 0.0920713
390 2.51327 0.0472176
390.2 2.51327 -0.0306677
390.4 2.51327 -0.0734066
390.6 2.51327 -0.0533667
390.8 2.51327 -0.00439877
391 2.51327 0.0212546
391.2 2.51327 0.00643195
391.4 2.51327 -0.0235344
391.6 2.51327 -0.038334
391.8 2.51327 -0.0368568
392 2.51327 -0.0420439
392.2 2.51327 -0.0675967
392.4 2.51327 -0.0955329
392.6 2.51327 -0.0886671
392.8 2.51327 -0.026827
393 2.51327 0.0660348
393.2 2.51327 0.130334
393.4 2.51327 0.113878
393.6 2.51327 0.0172929
393.8 2.51327 -0.0988132
394 2.51327 -0.158012
394.2 2.51327 -0.128785
394.4 2.51327 -0.0468335
394.6 2.51327 0.0223551
394.8 2.51327 0.0416681
395 2.51327 0.0231432
395.2 2.51327 -0.0023277
395.4 2.51327 -0.0221422
395.6 2.51327 -0.0412681
395.8 2.51327 -0.0541013
396 2.51327 -0.0374453
396.2 2.51327 0.018107
396.4 2.51327 0.0802858
396.6 2.51327 0.0974624
396.8 2.51327 0.0543228
397 2.51327 -0.00595988
397.2 2.51327 -0.0259613
397.4 2.51327 0.00416246
397.6 2.51327 0.0413529
397.8 2.51327 0.0462928
398 2.51327 0.0302475
398.2 2.51327 0.0335658
398.4 2.51327 0.0661692
398.6 2.51327 0.0899155
398.8 2.51327 0.0674826
399 2.51327 0.0138007
399.2 2.51327 -0.0193739
399.4 2.51327 -0.00812883
399.6 2.51327 0.0137549
399.8 2.51327 0.000605578
400 2.51327 -0.0415299
400.2 2.51327 -0.0573061
400.4 2.51327 -0.0115405
400.6 2.51327 0.0602923
400.8 2.51327 0.0855344
401 2.51327 0.0340466
401.2 2.51327 -0.0497088
401.4 2.51327 -0.0965065
401.6 2.51327 -0.0816351
401.8 2.51327 -0.0358884
402 2.51327 0.0016076
402.2 2.51327 0.0226696
402.4 2.51327 0.0396355
402.6 2.51327 0.0542709
402.8 2.51327 0.0550116
403 2.51327 0.0412029
403.2 2.51327 0.0304418
403.4 2.51327 0.0322545
403.6 2.51327 0.0269237
403.8 2.51327 -0.0116282
404 2.51327 -0.0718679
404.2 2.51327 -0.101341
404.4 2.51327 -0.061157
404.6 2.51327 0.02207
404.8 2.51327 0.0742984
405 2.51327 0.0497224
405.2 2.51327 -0.020642
405.4 2.51327 -0.0640825
405.6 2.51327 -0.0450583
405.8 2.51327 0.002419
406 2.51327 0.0222959
406.2 2.51327 0.0038365
406.4 2.51327 -0.0104599
406.6 2.51327 0.0178987
406.8 2.51327 0.0716843
407 2.51327 0.0929672
407.2 2.51327 0.0472835
407.4 2.51327 -0.0352617
407.6 2.51327 -0.0868932
407.8 2.51327 -0.0676496
408 2.51327 -0.0022296
408.2 2.51327 0.0464402
408.4 2.51327 0.0371851
408.6 2.51327 -0.0154822
408.8 2.51327 -0.0632067
409 2.51327 -0.0751745
409.2 2.51327 -0.0652984
409.4 2.51327 -0.068793
409.6 2.51327 -0.0957395
409.8 2.51327 -0.115093
410 2.51327 -0.0897757
410.2 2.51327 -0.0241997
410.4 2.51327 0.033319
410.6 2.51327 0.0419508
410.8 2.51327 0.0163189
411 2.51327 0.0116021
411.2 2.51327 0.057713
411.4 2.51327 0.118925
411.6 2.51327 0.130577
411.8 2.51327 0.0727789
412 2.51327 -0.00650224
412.2 2.51327 -0.047459
412.4 2.51327 -0.0448067
412.6 2.51327 -0.0424627
412.8 2.51327 -0.0662505
413 2.51327 -0.0852821
413.2 2.51327 -0.0560563
413.4 2.51327 0.00767956
413.6 2.51327 0.0372294
413.8 2.51327 -0.00888751
414 2.51327 -0.0843368
414.2 2.51327 -0.100844
414.4 2.51327 -0.0337928
414.6 2.51327 0.0419621
414.8 2.51327 0.0368402
415 2.51327 -0.0455611
415.2 2.51327 -0.108562
415.4 2.51327 -0.0732489
415.6 2.51327 0.0311186
415.8 2.51327 0.102468
416 2.51327 0.0804838
416.2 2.51327 0.00365643
416.4 2.51327 -0.0488853
416.6 2.51327 -0.0478284
416.8 2.51327 -0.0263808
417 2.51327 -0.0161042
417.2 2.51327 -0.0030976
417.4 2.51327 0.0377487
417.6 2.51327 0.086224
417.8 2.51327 0.0852215
418 2.51327 0.0107965
418.2 2.51327 -0.0876846
418.4 2.51327 -0.134531
418.6 2.51327 -0.107544
418.8 2.51327 -0.0542166
419 2.51327 -0.0292349
419.2 2.51327 -0.0345712
419.4 2.51327 -0.0320263
419.6 2.51327 -0.00113932
419.8 2.51327 0.0370454
420 2.51327 0.0544621
420.2 2.51327 0.0528498
420.4 2.51327 0.0516354
420.6 2.51327 0.0509256
420.8 2.51327 0.0299451
421 2.51327 -0.0131788
421.2 2.51327 -0.0401959
421.4 2.51327 -0.0107065
421.6 2.51327 0.0626001
421.8 2.51327 0.115214
422 2.51327 0.0955159
422.2 2.51327 0.0187492
422.4 2.51327 -0.0519633
422.6 2.51327 -0.0712885
422.8 2.51327 -0.046289
423 2.51327 -0.010551
423.2 2.51327 0.015764
423.4 2.51327 0.0295873
423.6 2.51327 0.0246385
423.8 2.51327 -0.00756708
424 2.51327 -0.052799
424.2 2.51327 -0.0717005
424.4 2.51327 -0.040892
424.6 2.51327 0.0110847
424.8 2.51327 0.0299142
425 2.51327 0.00199481
425.2 2.51327 -0.0241441
425.4 2.51327 0.00189225
425.6 2.51327 0.0622284
425.8 2.51327 0.0856369
426 2.51327 0.0371539
426.2 2.51327 -0.0311327
426.4 2.51327 -0.0406113
426.6 2.51327 0.0124782
426.8 2.51327 0.0466005
427 2.51327 -0.00271727
427.2 2.51327 -0.0936074
427.4 2.51327 -0.120038
427.6 2.51327 -0.0409225
427.8 2.51327 0.0635751
428 2.51327 0.0834595
428.2 2.51327 0.00879154
428.4 2.51327 -0.0620063
428.6 2.51327 -0.0460622
428.8 2.51327 0.0227445
429 2.51327 0.0411448
429.2 2.51327 -0.028482
429.4 2.51327 -0.106197
429.6 2.51327 -0.0919014
429.8 2.51327 0.00957999
430 2.51327 0.0912754
430.2 2.51327 0.0709578
430.4 2.51327 -0.0136635
430.6 2.51327 -0.0554523
430.8 2.51327 -0.0077987
431 2.51327 0.0643532
431.2 2.51327 0.0684976
431.4 2.51327 -0.00404384
431.6 2.51327 -0.0720178
431.8 2.51327 -0.0618294
432 2.51327 0.0126702
432.2 2.51327 0.0760245
432.4 2.51327 0.0784107
432.6 2.51327 0.0370623
432.8 2.51327 -0.00412442
433 2.51327 -0.0308823
433.2 2.51327 -0.0589397
433.4 2.51327 -0.0904028
433.6 2.51327 -0.0948493
433.8 2.51327 -0.0449664
434 2.51327 0.039625
434.2 2.51327 0.099871
434.4 2.51327 0.0926374
434.6 2.51327 0.0324909
434.8 2.51327 -0.0247597
435 2.51327 -0.0360016
435.2 2.51327 -0.00503096
435.4 2.51327 0.0317442
435.6 2.51327 0.0451197
435.8 2.51327 0.0363723
436 2.51327 0.0273884
436.2 2.51327 0.0345095
436.4 2.51327 0.0524973
436.6 2.51327 0.0601402
436.8 2.51327 0.0395058
437 2.51327 -0.00795059
437.2 2.51327 -0.0608847
437.4 2.51327 -0.0928486
437.6 2.51327 -0.0897663
437.8 2.51327 -0.0562783
438 2.51327 -0.00890657
438.2 2.51327 0.0339631
438.4 2.51327 0.0567575
438.6 2.51327 0.0489679
438.8 2.51327 0.0117026
439 2.51327 -0.0358471
439.2 2.51327 -0.0635149
439.4 2.51327 -0.0529489
439.6 2.51327 -0.015807
439.8 2.51327 0.0148469
440 2.51327 0.0147973
440.2 2.51327 -0.0109873
440.4 2.51327 -0.0393731
440.6 2.51327 -0.0561175
440.8 2.51327 -0.0654395
441 2.51327 -0.0735162
441.2 2.51327 -0.0723141
441.4 2.51327 -0.0486087
441.6 2.51327 -0.00632159
441.8 2.51327 0.0306712
442 2.51327 0.0428795
442.2 2.51327 0.0357139
442.4 2.51327 0.0282813
442.6 2.51327 0.0254225
442.8 2.51327 0.0127068
443 2.51327 -0.0170005
443.2 2.51327 -0.0433803
443.4 2.51327 -0.038767
443.6 2.51327 -0.00684902
443.8 2.51327 0.0143223
444 2.51327 -0.00181532
444.2 2.51327 -0.0302264
444.4 2.51327 -0.0172071
444.6 2.51327 0.0521128
444.8 2.51327 0.12282
445 2.51327 0.121535
445.2 2.51327 0.0375354
445.4 2.51327 -0.0593753
445.6 2.51327 -0.0875831
445.8 2.51327 -0.0324186
446 2.51327 0.0497844
446.2 2.51327 0.0978413
446.4 2.51327 0.100825
446.6 2.51327 0.0863079
446.8 2.51327 0.0728395
447 2.51327 0.0531338
447.2 2.51327 0.021332
447.4 2.51327 -0.00489273
447.6 2.51327 -0.00426013
447.8 2.51327 0.0143081
448 2.51327 0.0160081
448.2 2.51327 -0.0170152
448.4 2.51327 -0.0599417
448.6 2.51327 -0.0736486
448.8 2.51327 -0.0528688
449 2.51327 -0.032032
449.2 2.51327 -0.0408776
449.4 2.51327 -0.0675579
449.6 2.51327 -0.0765771
449.8 2.51327 -0.055959
450 2.51327 -0.030415
450.2 2.51327 -0.0246736
450.4 2.51327 -0.02935
450.6 2.51327 -0.017826
450.8 2.51327 0.00915288
451 2.51327 0.0160563
451.2 2.51327 -0.0209226
451.4 2.51327 -0.0727506
451.6 2.51327 -0.0818499
451.8 2.51327 -0.0292386
452 2.51327 0.0380686
452.2 2.51327 0.0583187
452.4 2.51327 0.0263994
452.6 2.51327 -0.00193734
452.8 2.51327 0.0200377
453 2.51327 0.0702305
453.2 2.51327 0.0816285
453.4 2.51327 0.0228835
453.6 2.51327 -0.0599524
453.8 2.51327 -0.0898878
454 2.51327 -0.0404237
454.2 2.51327 0.0391927
454.4 2.51327 0.0783115
454.6 2.51327 0.0544173
454.8 2.51327 0.00474182
455 2.51327 -0.0219247
455.2 2.51327 -0.0133086
455.4 2.51327 0.00583242
455.6 2.51327 0.00921144
455.8 2.51327 -0.00459508
456 2.51327 -0.0182701
456.2 2.51327 -0.0183964
456.4 2.51327 -0.0073282
456.6 2.51327 0.00351972
456.8 2.51327 0.00664543
457 2.51327 0.00445017
457.2 2.51327 0.00526578
457.4 2.51327 0.0141406
457.6 2.51327 0.0256817
457.8 2.51327 0.0262317
458 2.51327 0.00705596
458.2 2.51327 -0.0218471
458.4 2.51327 -0.0338688
458.6 2.51327 -0.007729
458.8 2.51327 0.0498013
459 2.51327 0.105239
459.2 2.51327 0.125375
459.4 2.51327 0.103637
459.6 2.51327 0.0599179
459.8 2.51327 0.0180257
460 2.51327 -0.0123751
460.2 2.51327 -0.0330694
460.4 2.51327 -0.0455454
460.6 2.51327 -0.0489991
460.8 2.51327 -0.0470324
461 2.51327 -0.0465681
461.2 2.51327 -0.0458377
461.4 2.51327 -0.030574
461.6 2.51327 0.00817402
461.8 2.51327 0.0531984
462 2.51327 0.0696766
462.2 2.51327 0.0433201
462.4 2.51327 0.00562717
462.6 2.51327 0.00839422
462.8 2.51327 0.0670541
463 2.51327 0.135501
463.2 2.51327 0.146586
463.4 2.51327 0.0792872
463.6 2.51327 -0.0195218
463.8 2.51327 -0.081178
464 2.51327 -0.0776892
464.2 2.51327 -0.0354752
464.4 2.51327 0.00399305
464.6 2.51327 0.0237275
464.8 2.51327 0.0294404
465 2.51327 0.0237771
465.2 2.51327 0.00018316
465.4 2.51327 -0.0360538
465.6 2.51327 -0.0569469
465.8 2.51327 -0.0373455
466 2.51327 0.0101915
466.2 2.51327 0.0401345
466.4 2.51327 0.021959
466.6 2.51327 -0.0230337
466.8 2.51327 -0.0436474
467 2.51327 -0.0178456
467.2 2.51327 0.020786
467.4 2.51327 0.0227922
467.6 2.51327 -0.0171085
467.8 2.51327 -0.0521832
468 2.51327 -0.0392481
468.2 2.51327 0.00787878
468.4 2.51327 0.0317681
468.6 2.51327 -0.00188729
468.8 2.51327 -0.0614951
469 2.51327 -0.0814442
469.2 2.51327 -0.0340194
469.4 2.51327 0.0383332
469.6 2.51327 0.0655475
469.8 2.51327 0.0204073
470 2.51327 -0.0563656
470.2 2.51327 -0.0976636
470.4 2.51327 -0.0710886
470.6 2.51327 -0.000483432
470.8 2.51327 0.0630934
471 2.51327 0.0840382
471.2 2.51327 0.0603255
471.4 2.51327 0.0135609
471.6 2.51327 -0.0287745
471.8 2.51327 -0.0445809
472 2.51327 -0.0245543
472.2 2.51327 0.0210723
472.4 2.51327 0.0641964
472.6 2.51327 0.0766763
472.8 2.51327 0.0539149
473 2.51327 0.0206463
473.2 2.51327 0.0084792
473.4 2.51327 0.0247069
473.6 2.51327 0.0447663
473.8 2.51327 0.0381659
474 2.51327 0.00212748
474.2 2.51327 -0.0326644
474.4 2.51327 -0.0314452
474.6 2.51327 0.00981107
474.8 2.51327 0.0596793
475 2.51327 0.0809779
475.2 2.51327 0.0641384
475.4 2.51327 0.0318242
475.6 2.51327 0.0132374
475.8 2.51327 0.0168103
476 2.51327 0.0277131
476.2 2.51327 0.0281259
476.4 2.51327 0.015587
476.6 2.51327 0.00110914
476.8 2.51327 -0.00644961
477 2.51327 -0.00950743
477.2 2.51327 -0.0149208
477.4 2.51327 -0.0220786
477.6 2.51327 -0.0219876
477.8 2.51327 -0.00873479
478 2.51327 0.011064
478.2 2.51327 0.0231634
478.4 2.51327 0.0204108
478.6 2.51327 0.0110585
478.8 2.51327 0.0113195
479 2.51327 0.0296993
479.2 2.51327 0.0586484
479.4 2.51327 0.0805471
479.6 2.51327 0.080818
479.8 2.51327 0.0562305
480 2.51327 0.014045
480.2 2.51327 -0.0333301
480.4 2.51327 -0.0726183
480.6 2.51327 -0.0925629
480.8 2.51327 -0.0877125
481 2.51327 -0.0621627
481.2 2.51327 -0.0284883
481.4 2.51327 -9.6199e-05
481.6 2.51327 0.0173907
481.8 2.51327 0.0272578
482 2.51327 0.034014
482.2 2.51327 0.035554
482.4 2.51327 0.0253048
482.6 2.51327 0.00336075
482.8 2.51327 -0.0165942
483 2.51327 -0.0162784
483.2 2.51327 0.0076859
483.4 2.51327 0.0342677
483.6 2.51327 0.0334384
483.8 2.51327 -0.00402884
484 2.51327 -0.0521276
484.2 2.51327 -0.0696107
484.4 2.51327 -0.0389109
484.6 2.51327 0.0149032
484.8 2.51327 0.0470656
485 2.51327 0.0368308
485.2 2.51327 0.00655041
485.4 2.51327 -0.00466534
485.6 2.51327 0.0156148
485.8 2.51327 0.0409088
486 2.51327 0.0387944
486.2 2.51327 0.011466
486.4 2.51327 -0.00367345
486.6 2.51327 0.0239853
486.8 2.51327 0.080817
487 2.51327 0.119474
487.2 2.51327 0.106641
487.4 2.51327 0.0553398
487.6 2.51327 0.00733905
487.8 2.51327 -0.0111021
488 2.51327 -0.0090246
488.2 2.51327 -0.00748019
488.4 2.51327 -0.00740555
488.6 2.51327 0.00922101
488.8 2.51327 0.0478181
489 2.51327 0.0830017
489.2 2.51327 0.0818971
489.4 2.51327 0.0439
489.6 2.51327 0.00698507
489.8 2.51327 0.00819569
490 2.51327 0.0415074
490.2 2.51327 0.0630155
490.4 2.51327 0.0403555
490.6 2.51327 -0.0082606
490.8 2.51327 -0.0299501
491 2.51327 0.00764507
491.2 2.51327 0.0802228
491.4 2.51327 0.12691
491.6 2.51327 0.1055
491.8 2.51327 0.0290809
492 2.51327 -0.0468121
492.2 2.51327 -0.0701353
492.4 2.51327 -0.0309904
492.6 2.51327 0.0343884
492.8 2.51327 0.0722419
493 2.51327 0.0508861
493.2 2.51327 -0.0151698
493.4 2.51327 -0.0745769
493.6 2.51327 -0.0795308
493.8 2.51327 -0.0277869
494 2.51327 0.0320392
494.2 2.51327 0.0430137
494.4 2.51327 -0.00569379
494.6 2.51327 -0.0669776
494.8 2.51327 -0.0817842
495 2.51327 -0.0374184
495.2 2.51327 0.0232241
495.4 2.51327 0.0502478
495.6 2.51327 0.0379271
495.8 2.51327 0.0215576
496 2.51327 0.0277526
496.2 2.51327 0.0404536
496.4 2.51327 0.0239504
496.6 2.51327 -0.0269965
496.8 2.51327 -0.0739038
497 2.51327 -0.0765877
497.2 2.51327 -0.0395265
497.4 2.51327 -0.00559653
497.6 2.51327 -0.00495131
497.8 2.51327 -0.0225629
498 2.51327 -0.0237476
498.2 2.51327 -0.00356461
498.4 2.51327 0.00447424
498.6 2.51327 -0.0268098
498.8 2.51327 -0.076556
499 2.51327 -0.0925456
499.2 2.51327 -0.0498143
499.4 2.51327 0.0181807
499.6 2.51327 0.0536621
499.8 2.51327 0.0336119
500 2.51327 -0.0137837
500.2 2.51327 -0.0487917
500.4 2.51327 -0.0626079
500.6 2.51327 -0.0727031
500.8 2.51327 -0.0857815
501 2.51327 -0.0835339
501.2 2.51327 -0.0514346
501.4 2.51327 -0.00921405
501.6 2.51327 0.00396234
501.8 2.51327 -0.0233492
502 2.51327 -0.0551086
502.2 2.51327 -0.0457141
502.4 2.51327 0.00605881
502.6 2.51327 0.0525375
502.8 2.51327 0.0499871
503 2.51327 0.00776212
503.2 2.51327 -0.0239458
503.4 2.51327 -0.012935
503.6 2.51327 0.018316
503.8 2.51327 0.0189894
504 2.51327 -0.0330755
504.2 2.51327 -0.107724
504.4 2.51327 -0.15379
504.6 2.51327 -0.14639
504.8 2.51327 -0.101603
505 2.51327 -0.0531386
505.2 2.51327 -0.0233353
505.4 2.51327 -0.0141422
505.6 2.51327 -0.0142545
505.8 2.51327 -0.0076149
506 2.51327 0.0186225
506.2 2.51327 0.0620474
506.4 2.51327 0.0976954
506.6 2.51327 0.0926149
506.8 2.51327 0.0387481
507 2.51327 -0.028663
507.2 2.51327 -0.0551793
507.4 2.51327 -0.017721
507.6 2.51327 0.0496692
507.8 2.51327 0.0851386
508 2.51327 0.0559876
508.2 2.51327 -0.0143207
508.4 2.51327 -0.0733287
508.6 2.51327 -0.0880494
508.8 2.51327 -0.064942
509 2.51327 -0.0302083
509.2 2.51327 -0.00191985
509.4 2.51327 0.0156522
509.6 2.51327 0.0203813
509.8 2.51327 0.00819014
510 2.51327 -0.0165289
510.2 2.51327 -0.0352303
510.4 2.51327 -0.0297746
510.6 2.51327 -0.00394212
510.8 2.51327 0.0153674
511 2.51327 0.0032737
511.2 2.51327 -0.0368927
511.4 2.51327 -0.0744943
511.6 2.51327 -0.0792233
511.8 2.51327 -0.0479066
512 2.51327 -0.00600828
512.2 2.51327 0.0151764
512.4 2.51327 0.00446962
512.6 2.51327 -0.0206402
512.8 2.51327 -0.0284009
513 2.51327 0.000396064
513.2 2.51327 0.0528944
513.4 2.51327 0.0900523
513.6 2.51327 0.078267
513.8 2.51327 0.0220792
514 2.51327 -0.0346362
514.2 2.51327 -0.0462236
514.4 2.51327 -0.00851168
514.6 2.51327 0.0363639
514.8 2.51327 0.0410772
515 2.51327 -0.00118189
515.2 2.51327 -0.0527141
515.4 2.51327 -0.070321
515.6 2.51327 -0.0433679
515.8 2.51327 0.00606278
516 2.51327 0.050998
516.2 2.51327 0.0784433
516.4 2.51327 0.0841474
516.6 2.51327 0.0642886
516.8 2.51327 0.0239732
517 2.51327 -0.0115302
517.2 2.51327 -0.011067
517.4 2.51327 0.0275646
517.6 2.51327 0.0644645
517.8 2.51327 0.0527782
518 2.51327 -0.0102021
518.2 2.51327 -0.0757012
518.4 2.51327 -0.0939346
518.6 2.51327 -0.0665781
518.8 2.51327 -0.0399231
519 2.51327 -0.0477691
519.2 2.51327 -0.0735417
519.4 2.51327 -0.0763813
519.6 2.51327 -0.0452834
519.8 2.51327 -0.0113804
520 2.51327 -0.00466787
520.2 2.51327 -0.0142344
520.4 2.51327 -0.00625771
520.6 2.51327 0.0238244
520.8 2.51327 0.036835
521 2.51327 -0.00227405
521.2 2.51327 -0.0727078
521.4 2.51327 -0.111837
521.6 2.51327 -0.0838397
521.8 2.51327 -0.0207846
522 2.51327 0.0150523
522.2 2.51327 0.00277089
522.4 2.51327 -0.0185935
522.6 2.51327 -0.00523558
522.8 2.51327 0.0331621
523 2.51327 0.0448784
523.2 2.51327 0.00213906
523.4 2.51327 -0.0610531
523.6 2.51327 -0.0855775
523.8 2.51327 -0.0526724
524 2.51327 3.03953e-05
524.2 2.51327 0.0262881
524.4 2.51327 0.0209899
524.6 2.51327 0.0139963
524.8 2.51327 0.0236158
525 2.51327 0.0322164
525.2 2.51327 0.0120966
525.4 2.51327 -0.0355657
525.6 2.51327 -0.0789065
525.8 2.51327 -0.0907531
526 2.51327 -0.0758912
526.2 2.51327 -0.0599295
526.4 2.51327 -0.0578907
526.6 2.51327 -0.06095
526.8 2.51327 -0.0517891
527 2.51327 -0.0253439
527.2 2.51327 0.00741956
527.4 2.51327 0.0305011
527.6 2.51327 0.0340171
527.8 2.51327 0.0196229
528 2.51327 0.00173842
528.2 2.51327 0.000899452
528.4 2.51327 0.0254736
528.6 2.51327 0.0552502
528.8 2.51327 0.0517481
529 2.51327 -0.00327567
529.2 2.51327 -0.0790134
529.4 2.51327 -0.117027
529.6 2.51327 -0.0900959
529.8 2.51327 -0.0346148
530 2.51327 -0.0136601
530.2 2.51327 -0.0466939
530.4 2.51327 -0.0870258
530.6 2.51327 -0.0768057
530.8 2.51327 -0.0169466
531 2.51327 0.0314476
531.2 2.51327 0.0173754
531.4 2.51327 -0.0411939
531.6 2.51327 -0.0792056
531.8 2.51327 -0.0589021
532 2.51327 -0.00731328
532.2 2.51327 0.0227905
532.4 2.51327 0.0142383
532.6 2.51327 -0.00614136
532.8 2.51327 -0.0128951
533 2.51327 -0.0135051
533.2 2.51327 -0.0249217
533.4 2.51327 -0.0346282
533.6 2.51327 -0.00946473
533.8 2.51327 0.0527076
534 2.51327 0.100357
534.2 2.51327 0.0773724
534.4 2.51327 -0.00785291
534.6 2.51327 -0.0807075
534.8 2.51327 -0.0768649
535 2.51327 -0.0101477
535.2 2.51327 0.0479671
535.4 2.51327 0.0518684
535.6 2.51327 0.0272377
535.8 2.51327 0.0269062
536 2.51327 0.0574709
536.2 2.51327 0.0704293
536.4 2.51327 0.0276455
536.6 2.51327 -0.0436133
536.8 2.51327 -0.0768503
537 2.51327 -0.0418649
537.2 2.51327 0.0218416
537.4 2.51327 0.0518729
537.6 2.51327 0.0302744
537.8 2.51327 -0.00726104
538 2.51327 -0.0221765
538.2 2.51327 -0.0151702
538.4 2.51327 -0.0113834
538.6 2.51327 -0.0177306
538.8 2.51327 -0.0128658
539 2.51327 0.019339
539.2 2.51327 0.0612247
539.4 2.51327 0.0776796
539.6 2.51327 0.0566028
539.8 2.51327 0.0220156
540 2.51327 0.00547959
540.2 2.51327 0.0134212
540.4 2.51327 0.0283725
540.6 2.51327 0.0356819
540.8 2.51327 0.0387143
541 2.51327 0.0481373
541.2 2.51327 0.0667977
541.4 2.51327 0.090655
541.6 2.51327 0.116441
541.8 2.51327 0.137283
542 2.51327 0.133128
542.2 2.51327 0.0814739
542.4 2.51327 -0.0114769
542.6 2.51327 -0.0974379
542.8 2.51327 -0.120628
543 2.51327 -0.072639
543.2 2.51327 -0.00532718
543.4 2.51327 0.020736
543.6 2.51327 -0.00205378
543.8 2.51327 -0.0274403
544 2.51327 -0.0157906
544.2 2.51327 0.0176021
544.4 2.51327 0.025686
544.6 2.51327 -0.00547546
544.8 2.51327 -0.0334197
545 2.51327 -0.0100293
545.2 2.51327 0.0543
545.4 2.51327 0.0940221
545.6 2.51327 0.0597278
545.8 2.51327 -0.0252085
546 2.51327 -0.0886564
546.2 2.51327 -0.0859305
546.4 2.51327 -0.0406637
546.6 2.51327 -0.0087963
546.8 2.51327 -0.0146737
547 2.51327 -0.034307
547.2 2.51327 -0.036838
547.4 2.51327 -0.0260899
547.6 2.51327 -0.0314853
547.8 2.51327 -0.0655091
548 2.51327 -0.104576
548.2 2.51327 -0.116323
548.4 2.51327 -0.0970431
548.6 2.51327 -0.0729538
548.8 2.51327 -0.0661398
549 2.51327 -0.0684848
549.2 2.51327 -0.0539351
549.4 2.51327 -0.0124859
549.6 2.51327 0.0344688
549.8 2.51327 0.0537881
550 2.51327 0.032645
550.2 2.51327 -0.00933482
550.4 2.51327 -0.0377736
550.6 2.51327 -0.0330613
550.8 2.51327 -0.00612718
551 2.51327 0.0121538
551.2 2.51327 -1.30745e-05
551.4 2.51327 -0.0320683
551.6 2.51327 -0.0477013
551.8 2.51327 -0.02184
552 2.51327 0.0251564
552.2 2.51327 0.0372874
552.4 2.51327 -0.0207612
552.6 2.51327 -0.113843
552.8 2.51327 -0.154112
553 2.51327 -0.082658
553.2 2.51327 0.0628317
553.4 2.51327 0.171696
553.6 2.51327 0.161007
553.8 2.51327 0.0531644
554 2.51327 -0.0508326
554.2 2.51327 -0.0739493
554.4 2.51327 -0.0321239
554.6 2.51327 -0.000367299
554.8 2.51327 -0.0220483
555 2.51327 -0.0660792
555.2 2.51327 -0.0739499
555.4 2.51327 -0.0335261
555.6 2.51327 0.00854387
555.8 2.51327 0.00494357
556 2.51327 -0.0375199
556.2 2.51327 -0.0691855
556.4 2.51327 -0.0552352
556.6 2.51327 -0.00914182
556.8 2.51327 0.0310395
557 2.51327 0.0455464
557.2 2.51327 0.042902
557.4 2.51327 0.0350513
557.6 2.51327 0.0192561
557.8 2.51327 -0.0100079
558 2.51327 -0.0428647
558.2 2.51327 -0.0611782
558.4 2.51327 -0.0622223
558.6 2.51327 -0.06219
558.8 2.51327 -0.070045
559 2.51327 -0.0679298
559.2 2.51327 -0.0314585
559.4 2.51327 0.0307331
559.6 2.51327 0.0724827
559.8 2.51327 0.0566834
560 2.51327 0.00142225
560.2 2.51327 -0.0335714
560.4 2.51327 -0.0109649
560.6 2.51327 0.043277
560.8 2.51327 0.0720676
561 2.51327 0.0549493
561.2 2.51327 0.0303056
561.4 2.51327 0.045127
561.6 2.51327 0.0942171
561.8 2.51327 0.12392
562 2.51327 0.096273
562.2 2.51327 0.0360319
562.4 2.51327 0.00339985
562.6 2.51327 0.0251263
562.8 2.51327 0.0654019
563 2.51327 0.0686192
563.2 2.51327 0.0220003
563.4 2.51327 -0.0329933
563.6 2.51327 -0.0477254
563.8 2.51327 -0.0142613
564 2.51327 0.0354443
564.2 2.51327 0.0670642
564.4 2.51327 0.0707869
564.6 2.51327 0.0557456
564.8 2.51327 0.0329965
565 2.51327 0.0117371
565.2 2.51327 0.00322741
565.4 2.51327 0.0138557
565.6 2.51327 0.031736
565.8 2.51327 0.0318145
566 2.51327 0.00452687
566.2 2.51327 -0.0243448
566.4 2.51327 -0.0147374
566.6 2.51327 0.0419456
566.8 2.51327 0.106006
567 2.51327 0.127138
567.2 2.51327 0.0975071
567.4 2.51327 0.057752
567.6 2.51327 0.0473026
567.8 2.51327 0.0578712
568 2.51327 0.0467094
568.2 2.51327 -0.00610126
568.4 2.51327 -0.0667315
568.6 2.51327 -0.0827652
568.8 2.51327 -0.0439767
569 2.51327 0.00363454
569.2 2.51327 0.00777573
569.4 2.51327 -0.0338602
569.6 2.51327 -0.0744665
569.8 2.51327 -0.0718032
570 2.51327 -0.0316556
570.2 2.51327 0.00408571
570.4 2.51327 0.00439544
570.6 2.51327 -0.0237443
570.8 2.51327 -0.0512315
571 2.51327 -0.0580415
571.2 2.51327 -0.0439569
571.4 2.51327 -0.0169838
571.6 2.51327 0.0161337
571.8 2.51327 0.0458307
572 2.51327 0.0563684
572.2 2.51327 0.0371614
572.4 2.51327 -0.00254037
572.6 2.51327 -0.0373339
572.8 2.51327 -0.0479286
573 2.51327 -0.0369797
573.2 2.51327 -0.020784
573.4 2.51327 -0.00938779
573.6 2.51327 -0.00114549
573.8 2.51327 0.00441383
574 2.51327 -0.00197531
574.2 2.51327 -0.0273717
574.4 2.51327 -0.0594484
574.6 2.51327 -0.0714439
574.8 2.51327 -0.0496304
575 2.51327 -0.011409
575.2 2.51327 0.0107344
575.4 2.51327 0.00344969
575.6 2.51327 -0.0148778
575.8 2.51327 -0.0177683
576 2.51327 -0.00134709
576.2 2.51327 0.0142933
576.4 2.51327 0.0120026
576.6 2.51327 -0.00307934
576.8 2.51327 -0.0153978
577 2.51327 -0.0236192
577.2 2.51327 -0.0428921
577.4 2.51327 -0.0795551
577.6 2.51327 -0.11135
577.8 2.51327 -0.102705
578 2.51327 -0.042402
578.2 2.51327 0.0377334
578.4 2.51327 0.0858303
578.6 2.51327 0.072726
578.8 2.51327 0.0137501
579 2.51327 -0.0469118
579.2 2.51327 -0.0702554
579.4 2.51327 -0.0457682
579.6 2.51327 0.00780357
579.8 2.51327 0.0575289
580 2.51327 0.0759788
580.2 2.51327 0.05757
580.4 2.51327 0.0225013
580.6 2.51327 0.00211113
580.8 2.51327 0.0131734
581 2.51327 0.0431099
581.2 2.51327 0.0620379
581.4 2.51327 0.0516785
581.6 2.51327 0.0223467
581.8 2.51327 0.00152205
582 2.51327 0.00797242
582.2 2.51327 0.0379278
582.4 2.51327 0.0725032
582.6 2.51327 0.0921035
582.8 2.51327 0.08361
583 2.51327 0.0434724
583.2 2.51327 -0.015109
583.4 2.51327 -0.0590537
583.6 2.51327 -0.0533777
583.8 2.51327 0.00443046
584 2.51327 0.0689184
584.2 2.51327 0.0789173
584.4 2.51327 0.0162359
584.6 2.51327 -0.0697715
584.8 2.51327 -0.106068
585 2.51327 -0.0688401
585.2 2.51327 -0.00884172
585.4 2.51327 0.00184667
585.6 2.51327 -0.0532925
585.8 2.51327 -0.117475
586 2.51327 -0.120723
586.2 2.51327 -0.0524082
586.4 2.51327 0.0310425
586.6 2.51327 0.067002
586.8 2.51327 0.0467282
587 2.51327 0.0125405
587.2 2.51327 0.00382946
587.4 2.51327 0.0164614
587.6 2.51327 0.0172003
587.8 2.51327 -0.0110473
588 2.51327 -0.0479679
588.2 2.51327 -0.0595337
588.4 2.51327 -0.035183
588.6 2.51327 0.00380298
588.8 2.51327 0.0299179
589 2.51327 0.0365439
589.2 2.51327 0.0378982
589.4 2.51327 0.0468426
589.6 2.51327 0.0588474
589.8 2.51327 0.0588701
590 2.51327 0.0398689
590.2 2.51327 0.0105367
590.4 2.51327 -0.015049
590.6 2.51327 -0.0315956
590.8 2.51327 -0.0434326
591 2.51327 -0.0520953
591.2 2.51327 -0.0475299
591.4 2.51327 -0.0162177
591.6 2.51327 0.0404709
591.8 2.51327 0.0987895
592 2.51327 0.127668
592.2 2.51327 0.114324
592.4 2.51327 0.0746105
592.6 2.51327 0.0369189
592.8 2.51327 0.0161454
593 2.51327 0.00505054
593.2 2.51327 -0.00972887
593.4 2.51327 -0.0273972
593.6 2.51327 -0.03304
593.8 2.51327 -0.0174875
594 2.51327 0.00752688
594.2 2.51327 0.0176979
594.4 2.51327 -0.000946066
594.6 2.51327 -0.0394231
594.8 2.51327 -0.0745536
595 2.51327 -0.0861899
595.2 2.51327 -0.0664345
595.4 2.51327 -0.019848
595.6 2.51327 0.0364691
595.8 2.51327 0.0741931
596 2.51327 0.0671032
596.2 2.51327 0.0148519
596.4 2.51327 -0.0473169
596.6 2.51327 -0.0726649
596.8 2.51327 -0.043965
597 2.51327 0.0118966
597.2 2.51327 0.0544093
597.4 2.51327 0.0710685
597.6 2.51327 0.0803321
597.8 2.51327 0.0939396
598 2.51327 0.091057
598.2 2.51327 0.0447886
598.4 2.51327 -0.0287787
598.6 2.51327 -0.0681488
598.8 2.51327 -0.028702
599 2.51327 0.0581803
599.2 2.51327 0.106435
599.4 2.51327 0.0645661
599.6 2.51327 -0.0263958
599.8 2.51327 -0.0769624
600 2.51327 -0.047518
600.2 2.51327 0.0124011
600.4 2.51327 0.0292788
600.6 2.51327 -0.00481639
600.8 2.51327 -0.026875
601 2.51327 0.0135752
601.2 2.51327 0.0860862
601.4 2.51327 0.11104
601.6 2.51327 0.0532047
601.8 2.51327 -0.0359981
602 2.51327 -0.0760201
602.2 2.51327 -0.0432962
602.4 2.51327 0.0145628
602.6 2.51327 0.0438097
602.8 2.51327 0.0423343
603 2.51327 0.0430889
603.2 2.51327 0.0560762
603.4 2.51327 0.0508283
603.6 2.51327 0.00207387
603.8 2.51327 -0.0645982
604 2.51327 -0.0902812
604.2 2.51327 -0.0457304
604.4 2.51327 0.0353927
604.6 2.51327 0.0904751
604.8 2.51327 0.0871553
605 2.51327 0.0431761
605.2 2.51327 -0.00338525
605.4 2.51327 -0.0300424
605.6 2.51327 -0.0362729
605.8 2.51327 -0.0303502
606 2.51327 -0.0228022
606.2 2.51327 -0.0270388
606.4 2.51327 -0.0499852
606.6 2.51327 -0.0766084
606.8 2.51327 -0.0757334
607 2.51327 -0.0339757
607.2 2.51327 0.0191873
607.4 2.51327 0.0343865
607.6 2.51327 -0.00405508
607.8 2.51327 -0.0571574
608 2.51327 -0.0737297
608.2 2.51327 -0.0491891
608.4 2.51327 -0.0280622
608.6 2.51327 -0.0446241
608.8 2.51327 -0.0750546
609 2.51327 -0.0633236
609.2 2.51327 0.00802087
609.4 2.51327 0.0891069
609.6 2.51327 0.113098
609.8 2.51327 0.0665523
610 2.51327 -0.00177341
610.2 2.51327 -0.0381779
610.4 2.51327 -0.0351379
610.6 2.51327 -0.0209881
610.8 2.51327 -0.0145439
611 2.51327 -0.00827884
611.2 2.51327 0.00622096
611.4 2.51327 0.017792
611.6 2.51327 0.0147046
611.8 2.51327 0.0124882
612 2.51327 0.0398888
612.2 2.51327 0.0916337
612.4 2.51327 0.114521
612.6 2.51327 0.0612981
612.8 2.51327 -0.0440763
613 2.51327 -0.11528
613.2 2.51327 -0.0905922
613.4 2.51327 -0.00214062
613.6 2.51327 0.056853
613.8 2.51327 0.0338346
614 2.51327 -0.029209
614.2 2.51327 -0.0511787
614.4 2.51327 -0.00911431
614.6 2.51327 0.0389136
614.8 2.51327 0.0298281
615 2.51327 -0.0245359
615.2 2.51327 -0.0509159
615.4 2.51327 -0.00480605
615.6 2.51327 0.072125
615.8 2.51327 0.0969492
616 2.51327 0.0401297
616.2 2.51327 -0.0396577
616.4 2.51327 -0.0600962
616.6 2.51327 -0.00463097
616.8 2.51327 0.0629246
617 2.51327 0.0707398
617.2 2.51327 0.0154131
617.4 2.51327 -0.0401805
617.6 2.51327 -0.0400825
617.8 2.51327 0.00388936
618 2.51327 0.028814
618.2 2.51327 -0.0061583
618.4 2.51327 -0.0708654
618.6 2.51327 -0.0926043
618.8 2.51327 -0.0324765
619 2.51327 0.0704839
619.2 2.51327 0.134243
619.4 2.51327 0.113203
619.6 2.51327 0.0410227
619.8 2.51327 -0.00672496
620 2.51327 0.00989655
620.2 2.51327 0.0577264
620.4 2.51327 0.0701321
620.6 2.51327 0.0181261
620.8 2.51327 -0.0631014
621 2.51327 -0.114929
621.2 2.51327 -0.112545
621.4 2.51327 -0.0762175
621.6 2.51327 -0.0345318
621.8 2.51327 0.00727786
622 2.51327 0.0559225
622.2 2.51327 0.0996302
622.4 2.51327 0.108013
622.6 2.51327 0.0685344
622.8 2.51327 0.0116261
623 2.51327 -0.0140779
623.2 2.51327 0.00782482
623.4 2.51327 0.0458472
623.6 2.51327 0.0594339
623.8 2.51327 0.0449725
624 2.51327 0.0335892
624.2 2.51327 0.0467247
624.4 2.51327 0.0674131
624.6 2.51327 0.0626035
624.8 2.51327 0.0256513
625 2.51327 -0.0153527
625.2 2.51327 -0.0311859
625.4 2.51327 -0.0219619
625.6 2.51327 -0.00844769
625.8 2.51327 -0.00230871
626 2.51327 0.00242059
626.2 2.51327 0.00974402
626.4 2.51327 0.0080838
626.6 2.51327 -0.0147275
626.8 2.51327 -0.0507981
627 2.51327 -0.0795749
627.2 2.51327 -0.0952756
627.4 2.51327 -0.112118
627.6 2.51327 -0.133912
627.8 2.51327 -0.130851
628 2.51327 -0.0674979
628.2 2.51327 0.0413083
628.4 2.51327 0.120457
628.6 2.51327 0.10065
628.8 2.51327 -0.00428598
629 2.51327 -0.100506
629.2 2.51327 -0.104578
629.4 2.51327 -0.0261599
629.6 2.51327 0.0472297
629.8 2.51327 0.0444082
630 2.51327 -0.0209865
630.2 2.51327 -0.0757695
630.4 2.51327 -0.0676519
630.6 2.51327 -0.0101866
630.8 2.51327 0.044343
631 2.51327 0.0589199
631.2 2.51327 0.035053
631.4 2.51327 -0.00175083
631.6 2.51327 -0.0232093
631.8 2.51327 -0.0100631
632 2.51327 0.0364415
632.2 2.51327 0.0842285
632.4 2.51327 0.084859
632.6 2.51327 0.0185502
632.8 2.51327 -0.0728891
633 2.51327 -0.114163
633.2 2.51327 -0.0707511
633.4 2.51327 0.0108059
633.6 2.51327 0.0498109
633.8 2.51327 0.0187486
634 2.51327 -0.0291597
634.2 2.51327 -0.0251473
634.4 2.51327 0.034825
634.6 2.51327 0.0905566
634.8 2.51327 0.0943254
635 2.51327 0.0655133
635.2 2.51327 0.0565691
635.4 2.51327 0.0780093
635.6 2.51327 0.0820185
635.8 2.51327 0.026601
636 2.51327 -0.062861
636.2 2.51327 -0.114967
636.4 2.51327 -0.0913994
636.6 2.51327 -0.0264967
636.8 2.51327 0.017802
637 2.51327 0.0206498
637.2 2.51327 0.0113107
637.4 2.51327 0.0175884
637.6 2.51327 0.0292342
637.8 2.51327 0.0228701
638 2.51327 0.00620327
638.2 2.51327 0.0133911
638.4 2.51327 0.0537699
638.6 2.51327 0.0856615
638.8 2.51327 0.0587333
639 2.51327 -0.0226484
639.2 2.51327 -0.0952149
639.4 2.51327 -0.101676
639.6 2.51327 -0.0490621
639.8 2.51327 0.00657632
640 2.51327 0.0255928
640.2 2.51327 0.0202248
640.4 2.51327 0.0232993
640.6 2.51327 0.0380098
640.8 2.51327 0.034504
641 2.51327 -0.00601695
641.2 2.51327 -0.0591591
641.4 2.51327 -0.0786787
641.6 2.51327 -0.0451677
641.8 2.51327 0.0146791
642 2.51327 0.056217
642.2 2.51327 0.0574484
642.4 2.51327 0.0308463
642.6 2.51327 0.00338696
642.8 2.51327 -0.00821185
643 2.51327 -0.00597488
643.2 2.51327 -0.00369291
643.4 2.51327 -0.0137442
643.6 2.51327 -0.0347395
643.8 2.51327 -0.0480437
644 2.51327 -0.031471
644.2 2.51327 0.0156832
644.4 2.51327 0.0619563
644.6 2.51327 0.0670288
644.8 2.51327 0.0219371
645 2.51327 -0.0375627
645.2 2.51327 -0.0647918
645.4 2.51327 -0.0497591
645.6 2.51327 -0.0273542
645.8 2.51327 -0.03611
646 2.51327 -0.0747262
646.2 2.51327 -0.104888
646.4 2.51327 -0.0937988
646.6 2.51327 -0.0455074
646.8 2.51327 0.010733
647 2.51327 0.0531102
647.2 2.51327 0.0803605
647.4 2.51327 0.0974012
647.6 2.51327 0.101424
647.8 2.51327 0.0881021
648 2.51327 0.0640357
648.2 2.51327 0.0433908
648.4 2.51327 0.0329488
648.6 2.51327 0.0282326
648.8 2.51327 0.0255338
649 2.51327 0.0289025
649.2 2.51327 0.0391778
649.4 2.51327 0.0436509
649.6 2.51327 0.0293694
649.8 2.51327 0.00684586
650 2.51327 0.00597664
650.2 2.51327 0.0374968
650.4 2.51327 0.0672103
650.6 2.51327 0.0472618
650.8 2.51327 -0.0222689
651 2.51327 -0.0790517
651.2 2.51327 -0.062591
651.4 2.51327 0.0115345
651.6 2.51327 0.0608567
651.8 2.51327 0.0281335
652 2.51327 -0.0496865
652.2 2.51327 -0.0821157
652.4 2.51327 -0.0322458
652.6 2.51327 0.0377382
652.8 2.51327 0.0400386
653 2.51327 -0.0333977
653.2 2.51327 -0.100317
653.4 2.51327 -0.0851864
653.6 2.51327 -0.00624228
653.8 2.51327 0.0505648
654 2.51327 0.0345387
654.2 2.51327 -0.0154253
654.4 2.51327 -0.0261919
654.6 2.51327 0.0188055
654.8 2.51327 0.0643003
655 2.51327 0.0548452
655.2 2.51327 0.000244322
655.4 2.51327 -0.0425234
655.6 2.51327 -0.0404873
655.8 2.51327 -0.0185992
656 2.51327 -0.0209568
656.2 2.51327 -0.0544801
656.4 2.51327 -0.083717
656.6 2.51327 -0.0759115
656.8 2.51327 -0.037415
657 2.51327 -0.00253157
657.2 2.51327 0.00401527
657.4 2.51327 -0.0132471
657.6 2.51327 -0.032276
657.8 2.51327 -0.0357404
658 2.51327 -0.0229277
658.2 2.51327 -0.00896569
658.4 2.51327 -0.0145152
658.6 2.51327 -0.0470976
658.8 2.51327 -0.0855154
659 2.51327 -0.0900132
659.2 2.51327 -0.0420956
659.4 2.51327 0.0244022
659.6 2.51327 0.0468772
659.8 2.51327 0.00130529
660 2.51327 -0.0605206
660.2 2.51327 -0.0587125
660.4 2.51327 0.0239585
660.6 2.51327 0.113196
660.8 2.51327 0.120029
661 2.51327 0.0413772
661.2 2.51327 -0.0339779
661.4 2.51327 -0.0267965
661.6 2.51327 0.0411703
661.8 2.51327 0.0752325
662 2.51327 0.0224851
662.2 2.51327 -0.0642687
662.4 2.51327 -0.0907164
662.6 2.51327 -0.0350889
662.8 2.51327 0.0260129
663 2.51327 0.00968187
663.2 2.51327 -0.0749314
663.4 2.51327 -0.138333
663.6 2.51327 -0.114168
663.8 2.51327 -0.0299792
664 2.51327 0.032237
664.2 2.51327 0.0299134
664.4 2.51327 -0.00397009
664.6 2.51327 -0.0145029
664.8 2.51327 0.00775304
665 2.51327 0.026578
665.2 2.51327 0.0165666
665.4 2.51327 -0.00131641
665.6 2.51327 0.0117936
665.8 2.51327 0.0599936
666 2.51327 0.101813
666.2 2.51327 0.0930222
666.4 2.51327 0.0326883
666.6 2.51327 -0.0365094
666.8 2.51327 -0.0696806
667 2.51327 -0.0586626
667.2 2.51327 -0.0347329
667.4 2.51327 -0.0373708
667.6 2.51327 -0.077621
667.8 2.51327 -0.125268
668 2.51327 -0.131402
668.2 2.51327 -0.0722365
668.4 2.51327 0.0225664
668.6 2.51327 0.0884772
668.8 2.51327 0.0824698
669 2.51327 0.0244493
669.2 2.51327 -0.0218383
669.4 2.51327 -0.0134194
669.6 2.51327 0.0299115
669.8 2.51327 0.0524005
670 2.51327 0.026208
670.2 2.51327 -0.0213744
670.4 2.51327 -0.0457463
670.6 2.51327 -0.0366847
670.8 2.51327 -0.0194862
671 2.51327 -0.010412
671.2 2.51327 0.00811596
671.4 2.51327 0.0556409
671.6 2.51327 0.109539
671.8 2.51327 0.116715
672 2.51327 0.0571037
672.2 2.51327 -0.0202722
672.4 2.51327 -0.0440992
672.6 2.51327 -0.0025535
672.8 2.51327 0.0394646
673 2.51327 0.0145749
673.2 2.51327 -0.0662939
673.4 2.51327 -0.124459
673.6 2.51327 -0.104869
673.8 2.51327 -0.0393896
674 2.51327 -0.00639596
674.2 2.51327 -0.0359616
674.4 2.51327 -0.0752247
674.6 2.51327 -0.0548698
674.8 2.51327 0.0242396
675 2.51327 0.0879068
675.2 2.51327 0.0723244
675.4 2.51327 -0.00345245
675.6 2.51327 -0.0584082
675.8 2.51327 -0.0371595
676 2.51327 0.0347066
676.2 2.51327 0.0833724
676.4 2.51327 0.0651002
676.6 2.51327 0.00504719
676.8 2.51327 -0.0362559
677 2.51327 -0.0239584
677.2 2.51327 0.0249787
677.4 2.51327 0.0668922
677.6 2.51327 0.072652
677.8 2.51327 0.0453187
678 2.51327 0.0072686
678.2 2.51327 -0.0221923
678.4 2.51327 -0.0378845
678.6 2.51327 -0.0446418
678.8 2.51327 -0.0470894
679 2.51327 -0.0432632
679.2 2.51327 -0.0263539
679.4 2.51327 0.00751715
679.6 2.51327 0.0518609
679.8 2.51327 0.0896245
680 2.51327 0.10206
680.2 2.51327 0.0816975
680.4 2.51327 0.0397644
680.6 2.51327 0.00110367
680.8 2.51327 -0.0123427
681 2.51327 0.00120552
681.2 2.51327 0.0197644
681.4 2.51327 0.0149667
681.6 2.51327 -0.020858
681.8 2.51327 -0.0632932
682 2.51327 -0.0760642
682.2 2.51327 -0.0479965
682.4 2.51327 -0.00850439
682.6 2.51327 -0.000266553
682.8 2.51327 -0.033768
683 2.51327 -0.0734426
683.2 2.51327 -0.0741724
683.4 2.51327 -0.0296784
683.6 2.51327 0.0222443
683.8 2.51327 0.0437941
684 2.51327 0.0375185
684.2 2.51327 0.0346521
684.4 2.51327 0.047535
684.6 2.51327 0.0487528
684.8 2.51327 0.00653276
685 2.51327 -0.0671856
685.2 2.51327 -0.119763
685.4 2.51327 -0.114136
685.6 2.51327 -0.0722715
685.8 2.51327 -0.0518848
686 2.51327 -0.0823627
686.2 2.51327 -0.133766
686.4 2.51327 -0.151909
686.6 2.51327 -0.114714
686.8 2.51327 -0.0472036
687 2.51327 0.0103622
687.2 2.51327 0.0346613
687.4 2.51327 0.0206318
687.6 2.51327 -0.0285549
687.8 2.51327 -0.0949978
688 2.51327 -0.136686
688.2 2.51327 -0.110749
688.4 2.51327 -0.0212418
688.6 2.51327 0.067521
688.8 2.51327 0.086955
689 2.51327 0.0375314
689.2 2.51327 -0.00895177
689.4 2.51327 0.00766268
689.6 2.51327 0.0610523
689.8 2.51327 0.0660718
690 2.51327 -0.0164823
690.2 2.51327 -0.121359
690.4 2.51327 -0.142264
690.6 2.51327 -0.0483225
690.8 2.51327 0.0809839
691 2.51327 0.141204
691.2 2.51327 0.108147
691.4 2.51327 0.0448618
691.6 2.51327 0.0151513
691.8 2.51327 0.0151376
692 2.51327 -0.000956214
692.2 2.51327 -0.0474474
692.4 2.51327 -0.0846972
692.6 2.51327 -0.0708153
692.8 2.51327 -0.0146195
693 2.51327 0.0367994
693.2 2.51327 0.0528627
693.4 2.51327 0.043554
693.6 2.51327 0.0296993
693.8 2.51327 0.00993237
694 2.51327 -0.0286848
694.2 2.51327 -0.0777708
694.4 2.51327 -0.106138
694.6 2.51327 -0.095562
694.8 2.51327 -0.0629389
695 2.51327 -0.036038
695.2 2.51327 -0.0173535
695.4 2.51327 0.0106411
695.6 2.51327 0.0460911
695.8 2.51327 0.0560288
696 2.51327 0.0192804
696.2 2.51327 -0.0306614
696.4 2.51327 -0.0309657
696.6 2.51327 0.0350285
696.8 2.51327 0.105846
697 2.51327 0.103511
697.2 2.51327 0.0224429
697.4 2.51327 -0.0629395
697.6 2.51327 -0.0842312
697.8 2.51327 -0.0544988
698 2.51327 -0.0413522
698.2 2.51327 -0.0749039
698.4 2.51327 -0.109461
698.6 2.51327 -0.0870213
698.8 2.51327 -0.0176256
699 2.51327 0.0302034
699.2 2.51327 0.0178686
699.4 2.51327 -0.0124494
699.6 2.51327 0.0054723
699.8 2.51327 0.068187
700 2.51327 0.0952001
700.2 2.51327 0.0251745
700.4 2.51327 -0.100165
700.6 2.51327 -0.170768
700.8 2.51327 -0.125207
701 2.51327 -0.013664
701.2 2.51327 0.0628171
701.4 2.51327 0.0605545
701.6 2.51327 0.02328
701.8 2.51327 0.0108337
702 2.51327 0.0242339
702.2 2.51327 0.0174189
702.4 2.51327 -0.0288822
702.6 2.51327 -0.0711974
702.8 2.51327 -0.0518876
703 2.51327 0.028868
703.2 2.51327 0.105685
703.4 2.51327 0.114211
703.6 2.51327 0.0549666
703.8 2.51327 -0.0129924
704 2.51327 -0.0342748
704.2 2.51327 -0.0061445
704.4 2.51327 0.0301784
704.6 2.51327 0.035754
704.8 2.51327 0.00776976
705 2.51327 -0.0248588
705.2 2.51327 -0.0311273
705.4 2.51327 -0.00474407
705.6 2.51327 0.0305369
705.8 2.51327 0.0393
706 2.51327 0.00410371
706.2 2.51327 -0.0558524
706.4 2.51327 -0.0961261
706.6 2.51327 -0.0834566
706.8 2.51327 -0.0256025
707 2.51327 0.0351185
707.2 2.51327 0.0594518
707.4 2.51327 0.0424272
707.6 2.51327 0.00876148
707.8 2.51327 -0.0170022
708 2.51327 -0.0301031
708.2 2.51327 -0.037932
708.4 2.51327 -0.0426883
708.6 2.51327 -0.0392909
708.8 2.51327 -0.0275195
709 2.51327 -0.016593
709.2 2.51327 -0.0130395
709.4 2.51327 -0.00946387
709.6 2.51327 0.00652007
709.8 2.51327 0.0315852
710 2.51327 0.0420481
710.2 2.51327 0.0164282
710.4 2.51327 -0.0378421
710.6 2.51327 -0.0849343
710.8 2.51327 -0.0910836
711 2.51327 -0.0549416
711.2 2.51327 -0.00841471
711.4 2.51327 0.012168
711.6 2.51327 -0.00223578
711.8 2.51327 -0.0254256
712 2.51327 -0.0176412
712.2 2.51327 0.0389186
712.4 2.51327 0.117731
712.6 2.51327 0.160388
712.8 2.51327 0.121729
713 2.51327 0.0139304
713.2 2.51327 -0.0935046
713.4 2.51327 -0.128026
713.6 2.51327 -0.0778121
713.8 2.51327 -0.00217302
714 2.51327 0.0255291
714.2 2.51327 -0.0131696
714.4 2.51327 -0.0715669
714.6 2.51327 -0.0933912
714.8 2.51327 -0.070057
715 2.51327 -0.0378527
715.2 2.51327 -0.0263097
715.4 2.51327 -0.0239876
715.6 2.51327 -0.000942309
715.8 2.51327 0.0457118
716 2.51327 0.0829639
716.2 2.51327 0.0798659
716.4 2.51327 0.042579
716.6 2.51327 0.00352066
716.8 2.51327 -0.0178154
717 2.51327 -0.0307829
717.2 2.51327 -0.0499414
717.4 2.51327 -0.06858
717.6 2.51327 -0.0668364
717.8 2.51327 -0.0414224
718 2.51327 -0.013783
718.2 2.51327 -0.00433477
718.4 2.51327 -0.00825312
718.6 2.51327 -0.00605276
718.8 2.51327 0.00708172
719 2.51327 0.0159031
719.2 2.51327 0.0116602
719.4 2.51327 0.0104768
719.6 2.51327 0.0317724
719.8 2.51327 0.0628122
720 2.51327 0.062666
720.2 2.51327 0.0115492
720.4 2.51327 -0.0536939
720.6 2.51327 -0.0702428
720.8 2.51327 -0.0189368
721 2.51327 0.0487398
721.2 2.51327 0.0636171
721.4 2.51327 0.0148345
721.6 2.51327 -0.0382263
721.8 2.51327 -0.0319829
722 2.51327 0.0327877
722.2 2.51327 0.0942921
722.4 2.51327 0.0953797
722.6 2.51327 0.0359526
722.8 2.51327 -0.0377413
723 2.51327 -0.0813869
723.2 2.51327 -0.0822787
723.4 2.51327 -0.0514308
723.6 2.51327 -0.00561758
723.8 2.51327 0.0365551
724 2.51327 0.0540851
724.2 2.51327 0.0364099
724.4 2.51327 -0.00104651
724.6 2.51327 -0.0251948
724.8 2.51327 -0.0172054
725 2.51327 0.00772831
725.2 2.51327 0.019063
725.4 2.51327 0.00721612
725.6 2.51327 -0.00719626
725.8 2.51327 -0.00200811
726 2.51327 0.0175969
726.2 2.51327 0.0264787
726.4 2.51327 0.0115057
726.6 2.51327 -0.0146263
726.8 2.51327 -0.0332345
727 2.51327 -0.0423744
727.2 2.51327 -0.0510387
727.4 2.51327 -0.0571039
727.6 2.51327 -0.0463481
727.8 2.51327 -0.0179085
728 2.51327 0.00225312
728.2 2.51327 -0.0119221
728.4 2.51327 -0.0484781
728.6 2.51327 -0.0619826
728.8 2.51327 -0.0252852
729 2.51327 0.0325604
729.2 2.51327 0.055106
729.4 2.51327 0.0261914
729.6 2.51327 -0.00583399
729.8 2.51327 0.0173098
730 2.51327 0.0915949
730.2 2.51327 0.147781
730.4 2.51327 0.125181
730.6 2.51327 0.0381166
730.8 2.51327 -0.0400722
731 2.51327 -0.053286
731.2 2.51327 -0.0120296
731.4 2.51327 0.0321438
731.6 2.51327 0.0450822
731.8 2.51327 0.0320088
732 2.51327 0.0118275
732.2 2.51327 -0.00830237
732.4 2.51327 -0.0253883
732.6 2.51327 -0.0247726
732.8 2.51327 0.00616072
733 2.51327 0.0474066
733.2 2.51327 0.0498117
733.4 2.51327 -0.0134891
733.6 2.51327 -0.103714
733.8 2.51327 -0.142853
734 2.51327 -0.0921312
734.2 2.51327 0.00346781
734.4 2.51327 0.0601484
734.6 2.51327 0.0426058
734.8 2.51327 -0.0039261
735 2.51327 -0.0107704
735.2 2.51327 0.0360134
735.4 2.51327 0.0847144
735.6 2.51327 0.0805587
735.8 2.51327 0.0252797
736 2.51327 -0.0307879
736.2 2.51327 -0.0456987
736.4 2.51327 -0.023073
736.6 2.51327 0.00480935
736.8 2.51327 0.0162797
737 2.51327 0.0144402
737.2 2.51327 0.0110616
737.4 2.51327 0.0107845
737.6 2.51327 0.0138318
737.8 2.51327 0.0229465
738 2.51327 0.037996
738.2 2.51327 0.0481468
738.4 2.51327 0.0409188
738.6 2.51327 0.0214179
738.8 2.51327 0.0123207
739 2.51327 0.0258427
739.2 2.51327 0.0404197
739.4 2.51327 0.0185107
739.6 2.51327 -0.0472938
739.8 2.51327 -0.114913
740 2.51327 -0.1302
740.2 2.51327 -0.0838076
740.4 2.51327 -0.0214166
740.6 2.51327 0.00632264
740.8 2.51327 -0.00386248
741 2.51327 -0.014111
741.2 2.51327 0.000802747
741.4 2.51327 0.0210531
741.6 2.51327 0.0116771
741.8 2.51327 -0.0243365
742 2.51327 -0.040149
742.2 2.51327 0.00112967
742.4 2.51327 0.0768445
742.6 2.51327 0.122422
742.8 2.51327 0.0997987
743 2.51327 0.0379091
743.2 2.51327 -0.00178103
743.4 2.51327 0.00549084
743.6 2.51327 0.024109
743.8 2.51327 0.00536901
744 2.51327 -0.0521005
744.2 2.51327 -0.0997074
744.4 2.51327 -0.0956452
744.6 2.51327 -0.053405
744.8 2.51327 -0.0258559
745 2.51327 -0.0446329
745.2 2.51327 -0.0845859
745.4 2.51327 -0.0930568
745.6 2.51327 -0.0498641
745.8 2.51327 0.00871142
746 2.51327 0.0264652
746.2 2.51327 -0.016369
746.4 2.51327 -0.0858002
746.6 2.51327 -0.129445
746.8 2.51327 -0.123878
747 2.51327 -0.0865902
747.2 2.51327 -0.0479462
747.4 2.51327 -0.0191888
747.6 2.51327 0.00961183
747.8 2.51327 0.0456618
748 2.51327 0.0758121
748.2 2.51327 0.0771732
748.4 2.51327 0.0433825
748.6 2.51327 -0.00426341
748.8 2.51327 -0.0346269
749 2.51327 -0.0347701
749.2 2.51327 -0.0190153
749.4 2.51327 -0.0107678
749.6 2.51327 -0.0184696
749.8 2.51327 -0.0312887
750 2.51327 -0.035896
750.2 2.51327 -0.0320505
750.4 2.51327 -0.0286934
750.6 2.51327 -0.028108
750.8 2.51327 -0.0209617
751 2.51327 -0.000377521
751.2 2.51327 0.0233496
751.4 2.51327 0.0298042
751.6 2.51327 0.0131313
751.8 2.51327 -0.00570296
752 2.51327 0.000540013
752.2 2.51327 0.0301251
752.4 2.51327 0.0441471
752.6 2.51327 0.00279015
752.8 2.51327 -0.087053
753 2.51327 -0.165505
753.2 2.51327 -0.169616
753.4 2.51327 -0.0938155
753.6 2.51327 0.00103226
753.8 2.51327 0.0428637
754 2.51327 0.0142941
754.2 2.51327 -0.0357712
754.4 2.51327 -0.0452413
754.6 2.51327 -0.000592012
754.8 2.51327 0.0552578
755 2.51327 0.0725839
755.2 2.51327 0.0463814
755.4 2.51327 0.015699
755.6 2.51327 0.0160241
755.8 2.51327 0.0397765
756 2.51327 0.0472854
756.2 2.51327 0.0129471
756.4 2.51327 -0.045947
756.6 2.51327 -0.0876276
756.8 2.51327 -0.0881164
757 2.51327 -0.0607575
757.2 2.51327 -0.0365754
757.4 2.51327 -0.0322196
757.6 2.51327 -0.0400823
757.8 2.51327 -0.0435531
758 2.51327 -0.0328724
758.2 2.51327 -0.00569662
758.4 2.51327 0.0371683
758.6 2.51327 0.0860197
758.8 2.51327 0.115169
759 2.51327 0.0963564
759.2 2.51327 0.0310775
759.4 2.51327 -0.0351105
759.6 2.51327 -0.0461951
759.8 2.51327 0.0065661
760 2.51327 0.0662708
760.2 2.51327 0.0626593
760.4 2.51327 -0.0125467
760.6 2.51327 -0.0904455
760.8 2.51327 -0.0938154
761 2.51327 -0.0188573
761.2 2.51327 0.0605291
761.4 2.51327 0.073022
761.6 2.51327 0.0251228
761.8 2.51327 -0.0133262
762 2.51327 0.00555607
762.2 2.51327 0.0520152
762.4 2.51327 0.0579148
762.6 2.51327 0.00336168
762.8 2.51327 -0.0533656
763 2.51327 -0.0396759
763.2 2.51327 0.0464404
763.4 2.51327 0.128641
763.6 2.51327 0.130655
763.8 2.51327 0.0529273
764 2.51327 -0.0345221
764.2 2.51327 -0.0685063
764.4 2.51327 -0.0508459
764.6 2.51327 -0.0302055
764.8 2.51327 -0.0386955
765 2.51327 -0.0583456
765.2 2.51327 -0.0490423
765.4 2.51327 0.000963501
765.6 2.51327 0.0591079
765.8 2.51327 0.0798434
766 2.51327 0.0467369
766.2 2.51327 -0.0141969
766.4 2.51327 -0.0572742
766.6 2.51327 -0.0532719
766.8 2.51327 -0.011391
767 2.51327 0.0277495
767.2 2.51327 0.0246175
767.4 2.51327 -0.0238796
767.6 2.51327 -0.0776434
767.8 2.51327 -0.0881944
768 2.51327 -0.0471387
768.2 2.51327 0.00135231
768.4 2.51327 0.0038994
768.6 2.51327 -0.0442739
768.8 2.51327 -0.0910289
769 2.51327 -0.0816155
769.2 2.51327 -0.0176664
769.4 2.51327 0.0455708
769.6 2.51327 0.0596312
769.8 2.51327 0.030121
770 2.51327 -0.00136945
770.2 2.51327 -0.0116339
770.4 2.51327 -0.0153001
770.6 2.51327 -0.0282644
770.8 2.51327 -0.0313759
771 2.51327 0.00826633
771.2 2.51327 0.0809248
771.4 2.51327 0.122327
771.6 2.51327 0.0779206
771.8 2.51327 -0.0252324
772 2.51327 -0.0911172
772.2 2.51327 -0.0519016
772.4 2.51327 0.0548586
772.6 2.51327 0.11949
772.8 2.51327 0.0721996
773 2.51327 -0.0478464
773.2 2.51327 -0.138747
773.4 2.51327 -0.141552
773.6 2.51327 -0.0888119
773.8 2.51327 -0.0523752
774 2.51327 -0.0607828
774.2 2.51327 -0.0790829
774.4 2.51327 -0.0622178
774.6 2.51327 -0.0106441
774.8 2.51327 0.0332497
775 2.51327 0.0332166
775.2 2.51327 -0.0074091
775.4 2.51327 -0.0571499
775.6 2.51327 -0.0882138
775.8 2.51327 -0.0921862
776 2.51327 -0.0742419
776.2 2.51327 -0.0450077
776.4 2.51327 -0.0187137
776.6 2.51327 -0.00839731
776.8 2.51327 -0.0144396
777 2.51327 -0.0209808
777.2 2.51327 -0.0117073
777.4 2.51327 0.00933636
777.6 2.51327 0.0187982
777.8 2.51327 3.03783e-05
778 2.51327 -0.0353018
778.2 2.51327 -0.0569476
778.4 2.51327 -0.0472374
778.6 2.51327 -0.0179274
778.8 2.51327 0.00509492
779 2.51327 0.00865241
779.2 2.51327 -9.54717e-05
779.4 2.51327 -0.0090347
779.6 2.51327 -0.0157407
779.8 2.51327 -0.0241113
780 2.51327 -0.0326014
780.2 2.51327 -0.0332437
780.4 2.51327 -0.0225663
780.6 2.51327 -0.00806013
780.8 2.51327 -0.000980207
781 2.51327 -0.00560237
781.2 2.51327 -0.0180176
781.4 2.51327 -0.0323994
781.6 2.51327 -0.0434514
781.8 2.51327 -0.0439898
782 2.51327 -0.0277272
782.2 2.51327 0.000969971
782.4 2.51327 0.0252726
782.6 2.51327 0.0323885
782.8 2.51327 0.0324024
783 2.51327 0.051451
783.2 2.51327 0.0983766
783.4 2.51327 0.142016
783.6 2.51327 0.133491
783.8 2.51327 0.0578609
784 2.51327 -0.040579
784.2 2.51327 -0.0927675
784.4 2.51327 -0.0676691
784.6 2.51327 0.00117534
784.8 2.51327 0.0516088
785 2.51327 0.0510067
785.2 2.51327 0.0179154
785.4 2.51327 -0.00787461
785.6 2.51327 -0.00822487
785.8 2.51327 0.000701674
786 2.51327 -0.00941834
786.2 2.51327 -0.0500215
786.4 2.51327 -0.104787
786.6 2.51327 -0.140424
786.8 2.51327 -0.129372
787 2.51327 -0.0718579
787.2 2.51327 -0.0026557
787.4 2.51327 0.0299075
787.6 2.51327 0.00399443
787.8 2.51327 -0.0517408
788 2.51327 -0.0805886
788.2 2.51327 -0.0522019
788.4 2.51327 0.00628712
788.6 2.51327 0.0392941
788.8 2.51327 0.0227274
789 2.51327 -0.0125663
789.2 2.51327 -0.0204838
789.4 2.51327 0.00518588
789.6 2.51327 0.0263363
789.8 2.51327 0.0103271
790 2.51327 -0.0290955
790.2 2.51327 -0.0497348
790.4 2.51327 -0.0330008
790.6 2.51327 -0.00380006
790.8 2.51327 0.00405438
791 2.51327 -0.0109981
791.2 2.51327 -0.0228199
791.4 2.51327 -0.0167719
791.6 2.51327 -0.00721591
791.8 2.51327 -0.0106872
792 2.51327 -0.0163047
792.2 2.51327 0.000522971
792.4 2.51327 0.0376476
792.6 2.51327 0.0585902
792.8 2.51327 0.0367495
793 2.51327 -0.00325252
793.2 2.51327 -0.00647181
793.4 2.51327 0.0473132
793.6 2.51327 0.114478
793.8 2.51327 0.135068
794 2.51327 0.101515
794.2 2.51327 0.0640443
794.4 2.51327 0.0652316
794.6 2.51327 0.0857317
794.8 2.51327 0.0698916
795 2.51327 -0.000336951
795.2 2.51327 -0.0754745
795.4 2.51327 -0.0909208
795.6 2.51327 -0.039183
795.8 2.51327 0.0228352
796 2.51327 0.0360812
796.2 2.51327 -0.00306153
796.4 2.51327 -0.050219
796.6 2.51327 -0.0650529
796.8 2.51327 -0.0442348
797 2.51327 -0.00904493
797.2 2.51327 0.0218326
797.4 2.51327 0.0404281
797.6 2.51327 0.0436857
797.8 2.51327 0.0357155
798 2.51327 0.0339865
798.2 2.51327 0.0563567
798.4 2.51327 0.0927382
798.6 2.51327 0.100995
798.8 2.51327 0.0488208
799 2.51327 -0.0383995
799.2 2.51327 -0.0872326
799.4 2.51327 -0.0475082
799.6 2.51327 0.0491538
799.8 2.51327 0.114521
800 2.51327 0.0911312
800.2 2.51327 0.00841128
800.4 2.51327 -0.0525953
800.6 2.51327 -0.0430845
800.8 2.51327 0.0126298
801 2.51327 0.0537584
801.2 2.51327 0.0452058
801.4 2.51327 -0.0013323
801.6 2.51327 -0.0531407
801.8 2.51327 -0.0853684
802 2.51327 -0.0860044
802.2 2.51327 -0.0533761
802.4 2.51327 -0.00375476
802.6 2.51327 0.0270313
802.8 2.51327 0.0105063
803 2.51327 -0.0388427
803.2 2.51327 -0.0683399
803.4 2.51327 -0.0424108
803.6 2.51327 0.010807
803.8 2.51327 0.0246213
804 2.51327 -0.0284979
804.2 2.51327 -0.0966305
804.4 2.51327 -0.100666
804.6 2.51327 -0.024373
804.8 2.51327 0.0630073
805 2.51327 0.0803868
805.2 2.51327 0.0207851
805.4 2.51327 -0.0483194
805.6 2.51327 -0.0645651
805.8 2.51327 -0.0326358
806 2.51327 -0.000864668
806.2 2.51327 0.00654083
806.4 2.51327 0.011957
806.6 2.51327 0.038959
806.8 2.51327 0.0676495
807 2.51327 0.0550495
807.2 2.51327 -0.0048806
807.4 2.51327 -0.0631113
807.6 2.51327 -0.0683426
807.8 2.51327 -0.0272456
808 2.51327 0.0036942
808.2 2.51327 -0.0138374
808.4 2.51327 -0.0549353
808.6 2.51327 -0.0631783
808.8 2.51327 -0.0183394
809 2.51327 0.0420195
809.2 2.51327 0.0689286
809.4 2.51327 0.0554951
809.6 2.51327 0.0334443
809.8 2.51327 0.0240722
810 2.51327 0.0104971
810.2 2.51327 -0.034259
810.4 2.51327 -0.102574
810.6 2.51327 -0.150861
810.8 2.51327 -0.144863
811 2.51327 -0.0954272
811.2 2.51327 -0.0421405
811.4 2.51327 -0.0079796
811.6 2.51327 0.0170094
811.8 2.51327 0.0454744
812 2.51327 0.0603548
812.2 2.51327 0.0286929
812.4 2.51327 -0.0507121
812.6 2.51327 -0.126684
812.8 2.51327 -0.136305
813 2.51327 -0.0673349
813.2 2.51327 0.0271572
813.4 2.51327 0.0809855
813.6 2.51327 0.0766873
813.8 2.51327 0.049934
814 2.51327 0.0377642
814.2 2.51327 0.0367873
814.4 2.51327 0.0210421
814.6 2.51327 -0.00875452
814.8 2.51327 -0.0148444
815 2.51327 0.02858
815.2 2.51327 0.0880321
815.4 2.51327 0.0947822
815.6 2.51327 0.0246611
815.8 2.51327 -0.0603828
816 2.51327 -0.0697831
816.2 2.51327 0.0137821
816.4 2.51327 0.106429
816.6 2.51327 0.110293
816.8 2.51327 0.0220097
817 2.51327 -0.0635445
817.2 2.51327 -0.0621512
817.4 2.51327 0.00403575
817.6 2.51327 0.0374128
817.8 2.51327 -0.0140814
818 2.51327 -0.0916723
818.2 2.51327 -0.0956997
818.4 2.51327 -0.00716533
818.6 2.51327 0.0862539
818.8 2.51327 0.0913049
819 2.51327 0.015088
819.2 2.51327 -0.0491104
819.4 2.51327 -0.0344333
819.6 2.51327 0.0268079
819.8 2.51327 0.0524598
820 2.51327 0.0119905
820.2 2.51327 -0.0453277
820.4 2.51327 -0.0599558
820.6 2.51327 -0.0313283
820.8 2.51327 -0.00169146
821 2.51327 0.00995955
821.2 2.51327 0.0263887
821.4 2.51327 0.0607777
821.6 2.51327 0.0775778
821.8 2.51327 0.0329233
822 2.51327 -0.0539576
822.2 2.51327 -0.102377
822.4 2.51327 -0.0593921
822.6 2.51327 0.0311154
822.8 2.51327 0.0741372
823 2.51327 0.0353114
823.2 2.51327 -0.0191355
823.4 2.51327 -0.00812409
823.6 2.51327 0.0582964
823.8 2.51327 0.0870873
824 2.51327 0.0166033
824.2 2.51327 -0.103784
824.4 2.51327 -0.16707
824.6 2.51327 -0.127668
824.8 2.51327 -0.0419712
825 2.51327 0.00887777
825.2 2.51327 0.00834369
825.4 2.51327 -0.00180166
825.6 2.51327 0.0028575
825.8 2.51327 -0.00308641
826 2.51327 -0.0431932
826.2 2.51327 -0.0859745
826.4 2.51327 -0.0759013
826.6 2.51327 -0.0126034
826.8 2.51327 0.0344884
827 2.51327 0.00818196
827.2 2.51327 -0.0587038
827.4 2.51327 -0.0766189
827.6 2.51327 -0.0100659
827.8 2.51327 0.0728503
828 2.51327 0.0788572
828.2 2.51327 0.0022083
828.4 2.51327 -0.0681288
828.6 2.51327 -0.0555705
828.8 2.51327 0.0151345
829 2.51327 0.0535572
829.2 2.51327 0.0145298
829.4 2.51327 -0.0529251
829.6 2.51327 -0.071251
829.8 2.51327 -0.0255539
830 2.51327 0.0290184
830.2 2.51327 0.0393358
830.4 2.51327 0.00860774
830.6 2.51327 -0.025377
830.8 2.51327 -0.0427241
831 2.51327 -0.0517437
831.2 2.51327 -0.0568196
831.4 2.51327 -0.0431809
831.6 2.51327 -0.0040714
831.8 2.51327 0.0347365
832 2.51327 0.0376104
832.2 2.51327 0.00324991
832.4 2.51327 -0.0321379
832.6 2.51327 -0.0403929
832.8 2.51327 -0.0335899
833 2.51327 -0.0375325
833.2 2.51327 -0.0451029
833.4 2.51327 -0.0204057
833.6 2.51327 0.0453636
833.8 2.51327 0.104141
834 2.51327 0.0979566
834.2 2.51327 0.0305698
834.4 2.51327 -0.0299857
834.6 2.51327 -0.0273789
834.8 2.51327 0.0214822
835 2.51327 0.055598
835.2 2.51327 0.0490936
835.4 2.51327 0.0365772
835.6 2.51327 0.0556083
835.8 2.51327 0.0896146
836 2.51327 0.0915591
836.2 2.51327 0.0546812
836.4 2.51327 0.0278816
836.6 2.51327 0.0480938
836.8 2.51327 0.0810389
837 2.51327 0.0588079
837.2 2.51327 -0.0260985
837.4 2.51327 -0.0954625
837.6 2.51327 -0.0729604
837.8 2.51327 0.0197042
838 2.51327 0.082336
838.2 2.51327 0.0535533
838.4 2.51327 -0.0176917
838.6 2.51327 -0.0349211
838.8 2.51327 0.0281674
839 2.51327 0.101043
839.2 2.51327 0.108271
839.4 2.51327 0.0592188
839.6 2.51327 0.0248724
839.8 2.51327 0.0408673
840 2.51327 0.0666182
840.2 2.51327 0.0481594
840.4 2.51327 -0.006029
840.6 2.51327 -0.0383485
840.8 2.51327 -0.0214086
841 2.51327 0.0082005
841.2 2.51327 0.00632695
841.4 2.51327 -0.0138521
841.6 2.51327 -0.00230812
841.8 2.51327 0.0484642
842 2.51327 0.0782639
842.2 2.51327 0.0324227
842.4 2.51327 -0.0583117
842.6 2.51327 -0.101792
842.8 2.51327 -0.052254
843 2.51327 0.0305729
843.2 2.51327 0.0477275
843.4 2.51327 -0.0254382
843.6 2.51327 -0.115037
843.8 2.51327 -0.138325
844 2.51327 -0.0936074
844.2 2.51327 -0.0463422
844.4 2.51327 -0.0412458
844.6 2.51327 -0.0558382
844.8 2.51327 -0.0445185
845 2.51327 -0.00296543
845.2 2.51327 0.0325797
845.4 2.51327 0.0399647
845.6 2.51327 0.0376303
845.8 2.51327 0.0486952
846 2.51327 0.0602364
846.2 2.51327 0.0406434
846.4 2.51327 -0.00817375
846.6 2.51327 -0.0409728
846.8 2.51327 -0.0224705
847 2.51327 0.0256648
847.2 2.51327 0.0500327
847.4 2.51327 0.0331605
847.6 2.51327 0.0137542
847.8 2.51327 0.0305111
848 2.51327 0.063506
848.2 2.51327 0.0537548
848.4 2.51327 -0.0198836
848.6 2.51327 -0.10529
848.8 2.51327 -0.132031
849 2.51327 -0.0902314
849.2 2.51327 -0.0367615
849.4 2.51327 -0.0231811
849.6 2.51327 -0.0372199
849.8 2.51327 -0.028281
850 2.51327 0.0206715
850.2 2.51327 0.0677022
850.4 2.51327 0.0627726
850.6 2.51327 0.00860857
850.8 2.51327 -0.0424014
851 2.51327 -0.0462594
851.2 2.51327 -0.00896636
851.4 2.51327 0.0305659
851.6 2.51327 0.0447876
851.8 2.51327 0.0357408
852 2.51327 0.0190574
852.2 2.51327 0.00670579
852.4 2.51327 0.00745087
852.6 2.51327 0.0288281
852.8 2.51327 0.0655987
853 2.51327 0.0915975
853.2 2.51327 0.0785777
853.4 2.51327 0.0284192
853.6 2.51327 -0.0225363
853.8 2.51327 -0.0394035
854 2.51327 -0.0241678
854.2 2.51327 -0.00721712
854.4 2.51327 -0.0072512
854.6 2.51327 -0.0137355
854.8 2.51327 -0.0135671
855 2.51327 -0.019331
855.2 2.51327 -0.051365
855.4 2.51327 -0.0929089
855.6 2.51327 -0.0867039
855.8 2.51327 0.0036127
856 2.51327 0.133755
856.2 2.51327 0.202399
856.4 2.51327 0.14758
856.6 2.51327 0.0127076
856.8 2.51327 -0.0950893
857 2.51327 -0.109837
857.2 2.51327 -0.0602905
857.4 2.51327 -0.0195433
857.6 2.51327 -0.0193061
857.8 2.51327 -0.0291425
858 2.51327 -0.012587
858.2 2.51327 0.0205988
858.4 2.51327 0.03122
858.6 2.51327 0.00698634
858.8 2.51327 -0.0195703
859 2.51327 -0.0136923
859.2 2.51327 0.0168359
859.4 2.51327 0.0334887
859.6 2.51327 0.0176711
859.8 2.51327 -0.00721425
860 2.51327 -0.00939154
860.2 2.51327 0.00845715
860.4 2.51327 0.0139614
860.6 2.51327 -0.0100206
860.8 2.51327 -0.0403184
861 2.51327 -0.0412224
861.2 2.51327 -0.00964618
861.4 2.51327 0.0197504
861.6 2.51327 0.0158124
861.8 2.51327 -0.0120771
862 2.51327 -0.0246145
862.2 2.51327 0.00331191
862.4 2.51327 0.0551939
862.6 2.51327 0.0885158
862.8 2.51327 0.0722377
863 2.51327 0.00928311
863.2 2.51327 -0.0688124
863.4 2.51327 -0.12263
863.6 2.51327 -0.125535
863.8 2.51327 -0.077257
864 2.51327 -0.00473026
864.2 2.51327 0.0550433
864.4 2.51327 0.0818621
864.6 2.51327 0.0851833
864.8 2.51327 0.0881098
865 2.51327 0.0993087
865.2 2.51327 0.10604
865.4 2.51327 0.0965369
865.6 2.51327 0.0812966
865.8 2.51327 0.0820461
866 2.51327 0.1
866.2 2.51327 0.106599
866.4 2.51327 0.074997
866.6 2.51327 0.0163466
866.8 2.51327 -0.0269563
867 2.51327 -0.0271089
867.2 2.51327 -0.000894316
867.4 2.51327 0.0148206
867.6 2.51327 0.0117479
867.8 2.51327 0.0196286
868 2.51327 0.0615086
868.2 2.51327 0.111198
868.4 2.51327 0.111815
868.6 2.51327 0.0402692
868.8 2.51327 -0.0576393
869 2.51327 -0.105692
869.2 2.51327 -0.0690279
869.4 2.51327 0.0187887
869.6 2.51327 0.0966669
869.8 2.51327 0.132129
870 2.51327 0.132732
870.2 2.51327 0.115992
870.4 2.51327 0.0869416
870.6 2.51327 0.048859
870.8 2.51327 0.019128
871 2.51327 0.0166456
871.2 2.51327 0.0340688
871.4 2.51327 0.0385278
871.6 2.51327 0.00954849
871.8 2.51327 -0.031578
872 2.51327 -0.0431735
872.2 2.51327 -0.0140602
872.4 2.51327 0.0198749
872.6 2.51327 0.0178575
872.8 2.51327 -0.0154245
873 2.51327 -0.0353737
873.2 2.51327 -0.01373
873.4 2.51327 0.0252952
873.6 2.51327 0.0359645
873.8 2.51327 0.0102872
874 2.51327 -0.0110273
874.2 2.51327 0.00829924
874.4 2.51327 0.0505358
874.6 2.51327 0.0638818
874.8 2.51327 0.0296321
875 2.51327 -0.00907105
875.2 2.51327 0.00228613
875.4 2.51327 0.0587775
875.6 2.51327 0.0938872
875.8 2.51327 0.0540494
876 2.51327 -0.0365835
876.2 2.51327 -0.098674
876.4 2.51327 -0.0832752
876.6 2.51327 -0.0224934
876.8 2.51327 0.0102956
877 2.51327 -0.0189335
877.2 2.51327 -0.0744391
877.4 2.51327 -0.0978346
877.6 2.51327 -0.0713831
877.8 2.51327 -0.0272858
878 2.51327 -0.00390586
878.2 2.51327 -0.00762849
878.4 2.51327 -0.0199993
878.6 2.51327 -0.0284533
878.8 2.51327 -0.0364977
879 2.51327 -0.0460859
879.2 2.51327 -0.0447195
879.4 2.51327 -0.0195532
879.6 2.51327 0.0205588
879.8 2.51327 0.047957
880 2.51327 0.0442997
880.2 2.51327 0.0206263
880.4 2.51327 0.00480651
880.6 2.51327 0.0117826
880.8 2.51327 0.0310552
881 2.51327 0.0425724
881.2 2.51327 0.0391944
881.4 2.51327 0.0310121
881.6 2.51327 0.0319016
881.8 2.51327 0.0464525
882 2.51327 0.0677865
882.2 2.51327 0.0820612
882.4 2.51327 0.07497
882.6 2.51327 0.0422095
882.8 2.51327 0.000458973
883 2.51327 -0.0165836
883.2 2.51327 0.0139491
883.4 2.51327 0.0737936
883.6 2.51327 0.108654
883.8 2.51327 0.0768029
884 2.51327 -0.00343067
884.2 2.51327 -0.0627771
884.4 2.51327 -0.0473646
884.6 2.51327 0.0238198
884.8 2.51327 0.0745218
885 2.51327 0.0473138
885.2 2.51327 -0.0387651
885.4 2.51327 -0.109588
885.6 2.51327 -0.11068
885.8 2.51327 -0.0546713
886 2.51327 0.00322782
886.2 2.51327 0.0255457
886.4 2.51327 0.0202345
886.6 2.51327 0.0142241
886.8 2.51327 0.0147378
887 2.51327 0.0055245
887.2 2.51327 -0.0250212
887.4 2.51327 -0.0647006
887.6 2.51327 -0.0903263
887.8 2.51327 -0.0922003
888 2.51327 -0.0788018
888.2 2.51327 -0.0610313
888.4 2.51327 -0.0416814
888.6 2.51327 -0.0233786
888.8 2.51327 -0.0175199
889 2.51327 -0.0337847
889.2 2.51327 -0.0598835
889.4 2.51327 -0.062526
889.6 2.51327 -0.0191479
889.8 2.51327 0.0508281
890 2.51327 0.0938126
890.2 2.51327 0.0683105
890.4 2.51327 -0.0149346
890.6 2.51327 -0.0998329
890.8 2.51327 -0.132597
891 2.51327 -0.10388
891.2 2.51327 -0.0490667
891.4 2.51327 -0.0124251
891.6 2.51327 -0.0119731
891.8 2.51327 -0.0332007
892 2.51327 -0.0489915
892.2 2.51327 -0.0431254
892.4 2.51327 -0.0188789
892.6 2.51327 0.00912881
892.8 2.51327 0.0292707
893 2.51327 0.0408316
893.2 2.51327 0.0498795
893.4 2.51327 0.0577939
893.6 2.51327 0.0550474
893.8 2.51327 0.029212
894 2.51327 -0.0186789
894.2 2.51327 -0.0673789
894.4 2.51327 -0.0896389
894.6 2.51327 -0.0764808
894.8 2.51327 -0.046651
895 2.51327 -0.0294106
895.2 2.51327 -0.0368778
895.4 2.51327 -0.0543437
895.6 2.51327 -0.0577625
895.8 2.51327 -0.0382241
896 2.51327 -0.00733454
896.2 2.51327 0.0188749
896.4 2.51327 0.0355764
896.6 2.51327 0.0461341
896.8 2.51327 0.048185
897 2.51327 0.0311115
897.2 2.51327 -0.00823997
897.4 2.51327 -0.0512598
897.6 2.51327 -0.0671813
897.8 2.51327 -0.0418729
898 2.51327 0.00499202
898.2 2.51327 0.0366387
898.4 2.51327 0.0352726
898.6 2.51327 0.0185398
898.8 2.51327 0.0164346
899 2.51327 0.0334893
899.2 2.51327 0.0408712
899.4 2.51327 0.0118954
899.6 2.51327 -0.0374734
899.8 2.51327 -0.0542234
900 2.51327 -0.00293519
900.2 2.51327 0.0869402
900.4 2.51327 0.140016
900.6 2.51327 0.110285
900.8 2.51327 0.0347249
901 2.51327 0.000604362
901.2 2.51327 0.0524919
901.4 2.51327 0.137967
901.6 2.51327 0.157709
901.8 2.51327 0.0728123
902 2.51327 -0.0470803
902.2 2.51327 -0.0925648
902.4 2.51327 -0.0296731
902.6 2.51327 0.0645461
902.8 2.51327 0.0864948
903 2.51327 0.0168309
903.2 2.51327 -0.0643089
903.4 2.51327 -0.0713666
903.6 2.51327 -0.00680558
903.8 2.51327 0.0505043
904 2.51327 0.0412877
904.2 2.51327 -0.00914601
904.4 2.51327 -0.0297109
904.6 2.51327 0.00705433
904.8 2.51327 0.0540059
905 2.51327 0.0493529
905.2 2.51327 -0.00920852
905.4 2.51327 -0.06421
905.6 2.51327 -0.0658814
905.8 2.51327 -0.0231469
906 2.51327 0.0165065
906.2 2.51327 0.0228237
906.4 2.51327 0.00411968
906.6 2.51327 -0.0201782
906.8 2.51327 -0.0463915
907 2.51327 -0.075566
907.2 2.51327 -0.0903515
907.4 2.51327 -0.0654536
907.6 2.51327 -0.00547106
907.8 2.51327 0.0452003
908 2.51327 0.0458738
908.2 2.51327 0.00851816
908.4 2.51327 -0.0136736
908.6 2.51327 0.00860445
908.8 2.51327 0.041088
909 2.51327 0.0252391
909.2 2.51327 -0.0474933
909.4 2.51327 -0.118333
909.6 2.51327 -0.125398
909.8 2.51327 -0.0733307
910 2.51327 -0.0246744
910.2 2.51327 -0.025388
910.4 2.51327 -0.0561124
910.6 2.51327 -0.065138
910.8 2.51327 -0.0359191
911 2.51327 -0.00312324
911.2 2.51327 -0.00222369
911.4 2.51327 -0.0227877
911.6 2.51327 -0.0258624
911.8 2.51327 0.00174213
912 2.51327 0.0307091
912.2 2.51327 0.0307324
912.4 2.51327 0.011265
912.6 2.51327 0.00464196
912.8 2.51327 0.0157128
913 2.51327 0.0109502
913.2 2.51327 -0.0322424
913.4 2.51327 -0.0809073
913.6 2.51327 -0.0738255
913.8 2.51327 0.00347049
914 2.51327 0.08887
914.2 2.51327 0.104565
914.4 2.51327 0.0433202
914.6 2.51327 -0.0217398
914.8 2.51327 -0.0183308
915 2.51327 0.0461035
915.2 2.51327 0.0975858
915.4 2.51327 0.0826916
915.6 2.51327 0.0267964
915.8 2.51327 -0.00075902
916 2.51327 0.0312976
916.2 2.51327 0.082038
916.4 2.51327 0.0863015
916.6 2.51327 0.0255712
916.8 2.51327 -0.0550328
917 2.51327 -0.0934345
917.2 2.51327 -0.0662224
917.4 2.51327 -0.00143931
917.6 2.51327 0.0509017
917.8 2.51327 0.0556892
918 2.51327 0.0111649
918.2 2.51327 -0.0526367
918.4 2.51327 -0.0904117
918.6 2.51327 -0.0693043
918.8 2.51327 0.00463034
919 2.51327 0.0842585
919.2 2.51327 0.114239
919.4 2.51327 0.0755233
919.6 2.51327 0.000699987
919.8 2.51327 -0.0553128
920 2.51327 -0.0601795
920.2 2.51327 -0.0233771
920.4 2.51327 0.0217724
920.6 2.51327 0.0477873
920.8 2.51327 0.0469564
921 2.51327 0.0275663
921.2 2.51327 0.00664722
921.4 2.51327 0.00383637
921.6 2.51327 0.030017
921.8 2.51327 0.0735968
922 2.51327 0.102011
922.2 2.51327 0.0872956
922.4 2.51327 0.0345774
922.6 2.51327 -0.0189733
922.8 2.51327 -0.0382777
923 2.51327 -0.022189
923.2 2.51327 0.00105519
923.4 2.51327 0.00740258
923.6 2.51327 -0.000797797
923.8 2.51327 -0.006878
924 2.51327 -0.00524419
924.2 2.51327 -0.00567899
924.4 2.51327 -0.0144396
924.6 2.51327 -0.0226832
924.8 2.51327 -0.0205298
925 2.51327 -0.0156366
925.2 2.51327 -0.0254672
925.4 2.51327 -0.0491298
925.6 2.51327 -0.0586124
925.8 2.51327 -0.0292341
926 2.51327 0.0241903
926.2 2.51327 0.0546042
926.4 2.51327 0.0329994
926.6 2.51327 -0.0156966
926.8 2.51327 -0.0378124
927 2.51327 -0.0117449
927.2 2.51327 0.0265464
927.4 2.51327 0.0255299
927.6 2.51327 -0.0208563
927.8 2.51327 -0.0650794
928 2.51327 -0.0596226
928.2 2.51327 -0.00901029
928.4 2.51327 0.0387378
928.6 2.51327 0.0461373
928.8 2.51327 0.020206
929 2.51327 -0.00751284
929.2 2.51327 -0.0206112
929.4 2.51327 -0.0257364
929.6 2.51327 -0.0273635
929.8 2.51327 -0.0139789
930 2.51327 0.0201874
930.2 2.51327 0.0502865
930.4 2.51327 0.0372431
930.6 2.51327 -0.0243062
930.8 2.51327 -0.086236
931 2.51327 -0.0890215
931.2 2.51327 -0.0246039
931.4 2.51327 0.0528332
931.6 2.51327 0.0832168
931.8 2.51327 0.060336
932 2.51327 0.0278205
932.2 2.51327 0.021458
932.4 2.51327 0.0300563
932.6 2.51327 0.0193397
932.8 2.51327 -0.0176014
933 2.51327 -0.0503985
933.2 2.51327 -0.0531624
933.4 2.51327 -0.0405475
933.6 2.51327 -0.0487937
933.8 2.51327 -0.0857191
934 2.51327 -0.115779
934.2 2.51327 -0.10191
934.4 2.51327 -0.0517818
934.6 2.51327 -0.00900228
934.8 2.51327 -1.31879e-05
935 2.51327 -0.00482659
935.2 2.51327 0.0112128
935.4 2.51327 0.0465635
935.6 2.51327 0.0615286
935.8 2.51327 0.0301881
936 2.51327 -0.0202645
936.2 2.51327 -0.0360963
936.4 2.51327 -6.90219e-05
936.6 2.51327 0.0467192
936.8 2.51327 0.05244
937 2.51327 0.0136713
937.2 2.51327 -0.025649
937.4 2.51327 -0.0324637
937.6 2.51327 -0.0259151
937.8 2.51327 -0.0498153
938 2.51327 -0.110846
938.2 2.51327 -0.159841
938.4 2.51327 -0.141315
938.6 2.51327 -0.0546578
938.8 2.51327 0.0420114
939 2.51327 0.086244
939.2 2.51327 0.0633276
939.4 2.51327 0.00656227
939.6 2.51327 -0.0413694
939.8 2.51327 -0.0596025
940 2.51327 -0.0504919
940.2 2.51327 -0.0271961
940.4 2.51327 -0.00589195
940.6 2.51327 0.000106446
940.8 2.51327 -0.00860825
941 2.51327 -0.0129981
941.2 2.51327 0.00664113
941.4 2.51327 0.0430326
941.6 2.51327 0.0603899
941.8 2.51327 0.0309929
942 2.51327 -0.028603
942.2 2.51327 -0.0693446
942.4 2.51327 -0.0628617
942.6 2.51327 -0.0343518
942.8 2.51327 -0.0325314
943 2.51327 -0.0708871
943.2 2.51327 -0.112648
943.4 2.51327 -0.119102
943.6 2.51327 -0.099261
943.8 2.51327 -0.0949448
944 2.51327 -0.118823
944.2 2.51327 -0.127584
944.4 2.51327 -0.0718469
944.6 2.51327 0.0353223
944.8 2.51327 0.120219
945 2.51327 0.125479
945.2 2.51327 0.0726037
945.4 2.51327 0.0331859
945.6 2.51327 0.0431556
945.8 2.51327 0.0644343
946 2.51327 0.039497
946.2 2.51327 -0.0304121
946.4 2.51327 -0.0810071
946.6 2.51327 -0.0596759
946.8 2.51327 0.0125751
947 2.51327 0.0652916
947.2 2.51327 0.0565016
947.4 2.51327 0.0112253
947.6 2.51327 -0.0177115
947.8 2.51327 -0.0105668
948 2.51327 0.00886711
948.2 2.51327 0.013025
948.4 2.51327 0.000978958
948.6 2.51327 -0.0147716
948.8 2.51327 -0.0339147
949 2.51327 -0.0631023
949.2 2.51327 -0.0901369
949.4 2.51327 -0.0848733
949.6 2.51327 -0.0379136
949.8 2.51327 0.0129113
950 2.51327 0.0139293
950.2 2.51327 -0.0417853
950.4 2.51327 -0.0964433
950.6 2.51327 -0.0842959
950.8 2.51327 -0.00375458
951 2.51327 0.0771071
951.2 2.51327 0.0892224
951.4 2.51327 0.0296841
951.6 2.51327 -0.0423711
951.8 2.51327 -0.0682586
952 2.51327 -0.0389056
952.2 2.51327 0.0124549
952.4 2.51327 0.0503285
952.6 2.51327 0.061314
952.8 2.51327 0.0496212
953 2.51327 0.0263968
953.2 2.51327 0.00791626
953.4 2.51327 0.0113842
953.6 2.51327 0.0392141
953.8 2.51327 0.0690897
954 2.51327 0.0711366
954.2 2.51327 0.040428
954.4 2.51327 0.00592314
954.6 2.51327 0.000136193
954.8 2.51327 0.0227984
955 2.51327 0.0422678
955.2 2.51327 0.0328029
955.4 2.51327 0.00150419
955.6 2.51327 -0.0263839
955.8 2.51327 -0.0403629
956 2.51327 -0.0505005
956.2 2.51327 -0.0612408
956.4 2.51327 -0.0545504
956.6 2.51327 -0.0123659
956.8 2.51327 0.048108
957 2.51327 0.0768876
957.2 2.51327 0.0387568
957.4 2.51327 -0.0458892
957.6 2.51327 -0.115731
957.8 2.51327 -0.124644
958 2.51327 -0.0784438
958.2 2.51327 -0.0177863
958.4 2.51327 0.0258769
958.6 2.51327 0.050736
958.8 2.51327 0.068203
959 2.51327 0.0798894
959.2 2.51327 0.0764992
959.4 2.51327 0.052499
959.6 2.51327 0.01391
959.8 2.51327 -0.0267123
960 2.51327 -0.0559895
960.2 2.51327 -0.0615476
960.4 2.51327 -0.0384079
960.6 2.51327 -4.78073e-05
960.8 2.51327 0.0245681
961 2.51327 0.0178158
961.2 2.51327 -0.00128994
961.4 2.51327 0.00816475
961.6 2.51327 0.0583844
961.8 2.51327 0.103826
962 2.51327 0.0797408
962.2 2.51327 -0.0227348
962.4 2.51327 -0.131012
962.6 2.51327 -0.155227
962.8 2.51327 -0.0794124
963 2.51327 0.0214667
963.2 2.51327 0.0601106
963.4 2.51327 0.0245803
963.6 2.51327 -0.0209004
963.8 2.51327 -0.0164681
964 2.51327 0.0281188
964.2 2.51327 0.0539241
964.4 2.51327 0.0254503
964.6 2.51327 -0.0335359
964.8 2.51327 -0.0755248
965 2.51327 -0.0828684
965.2 2.51327 -0.0748401
965.4 2.51327 -0.0704812
965.6 2.51327 -0.0634877
965.8 2.51327 -0.0395588
966 2.51327 -0.00529031
966.2 2.51327 0.0147554
966.4 2.51327 0.00810794
966.6 2.51327 -0.0110893
966.8 2.51327 -0.0222483
967 2.51327 -0.0232259
967.2 2.51327 -0.0253596
967.4 2.51327 -0.0283615
967.6 2.51327 -0.0146359
967.8 2.51327 0.0253589
968 2.51327 0.0714132
968.2 2.51327 0.0893354
968.4 2.51327 0.0684404
968.6 2.51327 0.0339858
968.8 2.51327 0.0182715
969 2.51327 0.0265526
969.2 2.51327 0.0381484
969.4 2.51327 0.0361398
969.6 2.51327 0.0241765
969.8 2.51327 0.0122658
970 2.51327 -0.00119512
970.2 2.51327 -0.0216839
970.4 2.51327 -0.0383302
970.6 2.51327 -0.0283581
970.8 2.51327 0.0108724
971 2.51327 0.0457436
971.2 2.51327 0.0383895
971.4 2.51327 -0.00465043
971.6 2.51327 -0.0309937
971.8 2.51327 -0.00100199
972 2.51327 0.058844
972.2 2.51327 0.0765674
972.4 2.51327 0.0139557
972.6 2.51327 -0.0851937
972.8 2.51327 -0.137284
973 2.51327 -0.106637
973.2 2.51327 -0.0405649
973.4 2.51327 -0.0129922
973.6 2.51327 -0.0429367
973.8 2.51327 -0.07996
974 2.51327 -0.0684154
974.2 2.51327 -0.0134859
974.4 2.51327 0.0253527
974.6 2.51327 0.0020847
974.8 2.51327 -0.064662
975 2.51327 -0.110774
975.2 2.51327 -0.091613
975.4 2.51327 -0.0237352
975.6 2.51327 0.0347097
975.8 2.51327 0.0394422
976 2.51327 -0.00380001
976.2 2.51327 -0.0511784
976.4 2.51327 -0.0634269
976.6 2.51327 -0.0378939
976.8 2.51327 -0.00344527
977 2.51327 0.0126066
977.2 2.51327 0.0115746
977.4 2.51327 0.0169444
977.6 2.51327 0.0414279
977.8 2.51327 0.0648075
978 2.51327 0.0515906
978.2 2.51327 -0.00617632
978.4 2.51327 -0.0697276
978.6 2.51327 -0.0867589
978.8 2.51327 -0.0467636
979 2.51327 0.00317734
979.2 2.51327 0.00491679
979.4 2.51327 -0.0493189
979.6 2.51327 -0.108261
979.8 2.51327 -0.115527
980 2.51327 -0.0653528
980.2 2.51327 -0.000466533
980.4 2.51327 0.0386253
980.6 2.51327 0.0494273
980.8 2.51327 0.0511961
981 2.51327 0.0484101
981.2 2.51327 0.0276853
981.4 2.51327 -0.00961793
981.6 2.51327 -0.0306024
981.8 2.51327 -0.00306043
982 2.51327 0.058908
982.2 2.51327 0.09806
982.4 2.51327 0.0720013
982.6 2.51327 0.000260429
982.8 2.51327 -0.0581471
983 2.51327 -0.0718741
983.2 2.51327 -0.0684952
983.4 2.51327 -0.09125
983.6 2.51327 -0.135617
983.8 2.51327 -0.147273
984 2.51327 -0.088184
984.2 2.51327 0.00793037
984.4 2.51327 0.0615968
984.6 2.51327 0.0301249
984.8 2.51327 -0.046583
985 2.51327 -0.0892192
985.2 2.51327 -0.0626987
985.4 2.51327 -0.00759721
985.6 2.51327 0.0113188
985.8 2.51327 -0.0223051
986 2.51327 -0.0626647
986.2 2.51327 -0.0565321
986.4 2.51327 -0.0023115
986.6 2.51327 0.0490941
986.8 2.51327 0.0472954
987 2.51327 -0.00904384
987.2 2.51327 -0.0740016
987.4 2.51327 -0.0985633
987.6 2.51327 -0.0716097
987.8 2.51327 -0.0229919
988 2.51327 0.00758215
988.2 2.51327 0.00523044
988.4 2.51327 -0.010756
988.6 2.51327 -0.00827777
988.8 2.51327 0.0252935
989 2.51327 0.068894
989.2 2.51327 0.0858703
989.4 2.51327 0.0592083
989.6 2.51327 0.00992248
989.8 2.51327 -0.0217815
990 2.51327 -0.0154147
990.2 2.51327 0.0105169
990.4 2.51327 0.0203051
990.6 2.51327 0.000861452
990.8 2.51327 -0.0244853
991 2.51327 -0.0241289
991.2 2.51327 0.00306051
991.4 2.51327 0.0230887
991.6 2.51327 0.00329774
991.8 2.51327 -0.0496636
992 2.51327 -0.0923656
992.2 2.51327 -0.0857635
992.4 2.51327 -0.0319584
992.6 2.51327 0.029585
992.8 2.51327 0.0585266
993 2.51327 0.0438916
993.2 2.51327 0.00330627
993.4 2.51327 -0.0382007
993.6 2.51327 -0.0632628
993.8 2.51327 -0.0623671
994 2.51327 -0.0322679
994.2 2.51327 0.0172755
994.4 2.51327 0.0594045
994.6 2.51327 0.0648726
994.8 2.51327 0.0292638
995 2.51327 -0.0165563
995.2 2.51327 -0.0315017
995.4 2.51327 -0.00494425
995.6 2.51327 0.0301595
995.8 2.51327 0.0303934
996 2.51327 -0.0105355
996.2 2.51327 -0.0512914
996.4 2.51327 -0.0449303
996.6 2.51327 0.00849205
996.8 2.51327 0.0557812
997 2.51327 0.0412057
997.2 2.51327 -0.0353479
997.4 2.51327 -0.11261
997.6 2.51327 -0.122596
997.8 2.51327 -0.0537429
998 2.51327 0.037315
998.2 2.51327 0.0753462
998.4 2.51327 0.0314366
998.6 2.51327 -0.0534682
998.8 2.51327 -0.103702
999 2.51327 -0.070308
999.2 2.51327 0.0302404
999.4 2.51327 0.128546
999.6 2.51327 0.154715
999.8 2.51327 0.0911232
1000 2.51327 -0.014292
0.2 2.82743 0.0563203
0.4 2.82743 0.0943484
0.6 2.82743 0.0470439
0.8 2.82743 0.00269009
1 2.82743 0.032998
1.2 2.82743 0.100933
1.4 2.82743 0.112964
1.6 2.82743 0.0449318
1.8 2.82743 -0.024166
2 2.82743 -0.014039
2.2 2.82743 0.0533304
2.4 2.82743 0.0834944
2.6 2.82743 0.0328895
2.8 2.82743 -0.0353006
3 2.82743 -0.0343205
3.2 2.82743 0.0336114
3.4 2.82743 0.0816149
3.6 2.82743 0.0521594
3.8 2.82743 -0.00828737
4 2.82743 -0.0103074
4.2 2.82743 0.0614697
4.4 2.82743 0.126046
4.6 2.82743 0.106209
4.8 2.82743 0.0235192
5 2.82743 -0.029735
5.2 2.82743 -0.00273006
5.4 2.82743 0.0579158
5.6 2.82743 0.0716588
5.8 2.82743 0.021056
6 2.82743 -0.036184
6.2 2.82743 -0.04421
6.4 2.82743 -0.0117859
6.6 2.82743 0.0117368
6.8 2.82743 0.00400238
7 2.82743 -0.00989943
7.2 2.82743 -0.00263583
7.4 2.82743 0.0128321
7.6 2.82743 0.000900947
7.8 2.82743 -0.0457666
8 2.82743 -0.0912616
8.2 2.82743 -0.0962264
8.4 2.82743 -0.0610983
8.6 2.82743 -0.0218249
8.8 2.82743 -0.00919343
9 2.82743 -0.0223396
9.2 2.82743 -0.0400368
9.4 2.82743 -0.0457386
9.6 2.82743 -0.0362205
9.8 2.82743 -0.0151289
10 2.82743 0.0100143
10.2 2.82743 0.0256945
10.4 2.82743 0.0196384
10.6 2.82743 -0.00282291
10.8 2.82743 -0.0160717
11 2.82743 0.00193071
11.2 2.82743 0.0422052
11.4 2.82743 0.0687411
11.6 2.82743 0.0544972
11.8 2.82743 0.0101184
12 2.82743 -0.0271662
12.2 2.82743 -0.0307207
12.4 2.82743 -0.00619686
12.6 2.82743 0.0209246
12.8 2.82743 0.0304992
13 2.82743 0.0175321
13.2 2.82743 -0.0138737
13.4 2.82743 -0.0547413
13.6 2.82743 -0.0895249
13.8 2.82743 -0.101946
14 2.82743 -0.0913389
14.2 2.82743 -0.0789067
14.4 2.82743 -0.0874054
14.6 2.82743 -0.1122
14.8 2.82743 -0.120358
15 2.82743 -0.0851459
15.2 2.82743 -0.0184713
15.4 2.82743 0.03776
15.6 2.82743 0.0527681
15.8 2.82743 0.0339098
16 2.82743 0.0121575
16.2 2.82743 0.00873463
16.4 2.82743 0.0222452
16.6 2.82743 0.0421828
16.8 2.82743 0.0613671
17 2.82743 0.0712193
17.2 2.82743 0.057425
17.4 2.82743 0.0151835
17.6 2.82743 -0.0320245
17.8 2.82743 -0.0439212
18 2.82743 -0.00443867
18.2 2.82743 0.0539489
18.4 2.82743 0.0787551
18.6 2.82743 0.0526869
18.8 2.82743 0.0120219
19 2.82743 0.00492202
19.2 2.82743 0.0380776
19.4 2.82743 0.0733365
19.6 2.82743 0.0740129
19.8 2.82743 0.0423099
20 2.82743 0.00700321
20.2 2.82743 -0.0137904
20.4 2.82743 -0.0242054
20.6 2.82743 -0.0295708
20.8 2.82743 -0.0228497
21 2.82743 -0.00240596
21.2 2.82743 0.00901701
21.4 2.82743 -0.0161947
21.6 2.82743 -0.0680348
21.8 2.82743 -0.09297
22 2.82743 -0.0473448
22.2 2.82743 0.0462062
22.4 2.82743 0.111917
22.6 2.82743 0.0979786
22.8 2.82743 0.0315
23 2.82743 -0.013725
23.2 2.82743 6.39888e-05
23.4 2.82743 0.0371413
23.6 2.82743 0.0358804
23.8 2.82743 -0.0195179
24 2.82743 -0.0864041
24.2 2.82743 -0.116151
24.4 2.82743 -0.102345
24.6 2.82743 -0.0722582
24.8 2.82743 -0.046067
25 2.82743 -0.0214649
25.2 2.82743 0.00488001
25.4 2.82743 0.0212979
25.6 2.82743 0.0189301
25.8 2.82743 0.0150044
26 2.82743 0.0389921
26.2 2.82743 0.091573
26.4 2.82743 0.132231
26.6 2.82743 0.121113
26.8 2.82743 0.068469
27 2.82743 0.0275802
27.2 2.82743 0.0341598
27.4 2.82743 0.0641808
27.6 2.82743 0.062542
27.8 2.82743 0.00845696
28 2.82743 -0.0614794
28.2 2.82743 -0.0979744
28.4 2.82743 -0.0932906
28.6 2.82743 -0.0789978
28.8 2.82743 -0.0765251
29 2.82743 -0.0694693
29.2 2.82743 -0.034176
29.4 2.82743 0.0151346
29.6 2.82743 0.0321939
29.8 2.82743 -0.00555533
30 2.82743 -0.0613664
30.2 2.82743 -0.074309
30.4 2.82743 -0.0285102
30.6 2.82743 0.0262332
30.8 2.82743 0.030254
31 2.82743 -0.0173509
31.2 2.82743 -0.0578262
31.4 2.82743 -0.0411663
31.6 2.82743 0.0158186
31.8 2.82743 0.0487877
32 2.82743 0.0189664
32.2 2.82743 -0.0449334
32.4 2.82743 -0.0824982
32.6 2.82743 -0.0704594
32.8 2.82743 -0.0432524
33 2.82743 -0.0432605
33.2 2.82743 -0.0630146
33.4 2.82743 -0.0515914
33.6 2.82743 0.0191679
33.8 2.82743 0.107072
34 2.82743 0.132555
34.2 2.82743 0.0626808
34.4 2.82743 -0.0462179
34.6 2.82743 -0.0990851
34.8 2.82743 -0.0556295
35 2.82743 0.0327092
35.2 2.82743 0.0806396
35.4 2.82743 0.0562544
35.6 2.82743 0.00302815
35.8 2.82743 -0.0201214
36 2.82743 -0.00452566
36.2 2.82743 0.0122678
36.4 2.82743 0.00575897
36.6 2.82743 -0.00273387
36.8 2.82743 0.0171749
37 2.82743 0.0502485
37.2 2.82743 0.0425875
37.4 2.82743 -0.0289501
37.6 2.82743 -0.11169
37.8 2.82743 -0.12331
38 2.82743 -0.0446712
38.2 2.82743 0.0510256
38.4 2.82743 0.0744224
38.6 2.82743 0.0168502
38.8 2.82743 -0.0455783
39 2.82743 -0.0449163
39.2 2.82743 0.000830108
39.4 2.82743 0.0176647
39.6 2.82743 -0.0270122
39.8 2.82743 -0.0820035
40 2.82743 -0.076803
40.2 2.82743 -0.010461
40.4 2.82743 0.0475146
40.6 2.82743 0.04482
40.8 2.82743 0.0111929
41 2.82743 0.0180474
41.2 2.82743 0.0836356
41.4 2.82743 0.143809
41.6 2.82743 0.12701
41.8 2.82743 0.0423066
42 2.82743 -0.0272168
42.2 2.82743 -0.0177496
42.4 2.82743 0.0466529
42.6 2.82743 0.0879292
42.8 2.82743 0.0640666
43 2.82743 0.00799148
43.2 2.82743 -0.0224414
43.4 2.82743 -0.0144108
43.6 2.82743 -0.00668225
43.8 2.82743 -0.0339757
44 2.82743 -0.0824337
44.2 2.82743 -0.106281
44.4 2.82743 -0.0785805
44.6 2.82743 -0.016067
44.8 2.82743 0.0414677
45 2.82743 0.0653566
45.2 2.82743 0.0521644
45.4 2.82743 0.0174505
45.6 2.82743 -0.0148554
45.8 2.82743 -0.0241225
46 2.82743 -0.00889209
46.2 2.82743 0.00582287
46.4 2.82743 -0.0108792
46.6 2.82743 -0.0578099
46.8 2.82743 -0.0904326
47 2.82743 -0.0622372
47.2 2.82743 0.0187814
47.4 2.82743 0.0871017
47.6 2.82743 0.0851785
47.8 2.82743 0.0285323
48 2.82743 -0.00795362
48.2 2.82743 0.0266799
48.4 2.82743 0.100352
48.6 2.82743 0.132843
48.8 2.82743 0.0854284
49 2.82743 0.00156927
49.2 2.82743 -0.0462127
49.4 2.82743 -0.0374137
49.6 2.82743 -0.0177919
49.8 2.82743 -0.0365746
50 2.82743 -0.0875871
50.2 2.82743 -0.122989
50.4 2.82743 -0.11468
50.6 2.82743 -0.0834355
50.8 2.82743 -0.0640095
51 2.82743 -0.0578819
51.2 2.82743 -0.036464
51.4 2.82743 0.0127368
51.6 2.82743 0.0612373
51.8 2.82743 0.070542
52 2.82743 0.0391029
52.2 2.82743 0.00442252
52.4 2.82743 -0.00221911
52.6 2.82743 0.00972575
52.8 2.82743 0.00927458
53 2.82743 -0.010132
53.2 2.82743 -0.0188109
53.4 2.82743 0.0106659
53.6 2.82743 0.063611
53.8 2.82743 0.0936509
54 2.82743 0.0727786
54.2 2.82743 0.0217167
54.4 2.82743 -0.0144666
54.6 2.82743 -0.0151367
54.8 2.82743 -0.000683574
55 2.82743 -0.00191801
55.2 2.82743 -0.0227747
55.4 2.82743 -0.0399708
55.6 2.82743 -0.0352205
55.8 2.82743 -0.0177316
56 2.82743 -0.0106458
56.2 2.82743 -0.0207845
56.4 2.82743 -0.0298104
56.6 2.82743 -0.0169628
56.8 2.82743 0.0144451
57 2.82743 0.0378087
57.2 2.82743 0.0301975
57.4 2.82743 -0.00397057
57.6 2.82743 -0.0363003
57.8 2.82743 -0.0393711
58 2.82743 -0.00861073
58.2 2.82743 0.0359305
58.4 2.82743 0.0645823
58.6 2.82743 0.0560185
58.8 2.82743 0.00878496
59 2.82743 -0.0559349
59.2 2.82743 -0.101896
59.4 2.82743 -0.0970397
59.6 2.82743 -0.0372778
59.8 2.82743 0.0434326
60 2.82743 0.0919098
60.2 2.82743 0.0754846
60.4 2.82743 0.0105664
60.6 2.82743 -0.0488927
60.8 2.82743 -0.057394
61 2.82743 -0.0177004
61.2 2.82743 0.0237319
61.4 2.82743 0.0220566
61.6 2.82743 -0.0241406
61.8 2.82743 -0.0749755
62 2.82743 -0.0904193
62.2 2.82743 -0.0664592
62.4 2.82743 -0.030883
62.6 2.82743 -0.00874678
62.8 2.82743 0.0015576
63 2.82743 0.0172547
63.2 2.82743 0.0427967
63.4 2.82743 0.0597832
63.6 2.82743 0.0464365
63.8 2.82743 0.00282817
64 2.82743 -0.0464143
64.2 2.82743 -0.0726001
64.4 2.82743 -0.0635127
64.6 2.82743 -0.0268503
64.8 2.82743 0.0185095
65 2.82743 0.0507489
65.2 2.82743 0.0518308
65.4 2.82743 0.0187911
65.6 2.82743 -0.0260603
65.8 2.82743 -0.0438996
66 2.82743 -0.0112391
66.2 2.82743 0.0517492
66.4 2.82743 0.0909928
66.6 2.82743 0.0659015
66.8 2.82743 -0.00989867
67 2.82743 -0.0782669
67.2 2.82743 -0.0893609
67.4 2.82743 -0.0436503
67.6 2.82743 0.0183065
67.8 2.82743 0.0616359
68 2.82743 0.0849826
68.2 2.82743 0.103691
68.4 2.82743 0.117294
68.6 2.82743 0.106686
68.8 2.82743 0.0647463
69 2.82743 0.0181562
69.2 2.82743 0.00674484
69.4 2.82743 0.0401891
69.6 2.82743 0.0834321
69.8 2.82743 0.0910454
70 2.82743 0.0531639
70.2 2.82743 0.00159837
70.4 2.82743 -0.0284709
70.6 2.82743 -0.0346332
70.8 2.82743 -0.040569
71 2.82743 -0.0598269
71.2 2.82743 -0.078069
71.4 2.82743 -0.0749681
71.6 2.82743 -0.0541411
71.8 2.82743 -0.0388853
72 2.82743 -0.0378263
72.2 2.82743 -0.0283081
72.4 2.82743 0.0132537
72.6 2.82743 0.0677329
72.8 2.82743 0.0776388
73 2.82743 0.00952097
73.2 2.82743 -0.0916172
73.4 2.82743 -0.128573
73.6 2.82743 -0.0473695
73.8 2.82743 0.0955816
74 2.82743 0.176001
74.2 2.82743 0.122091
74.4 2.82743 -0.0096861
74.6 2.82743 -0.0875068
74.8 2.82743 -0.0360005
75 2.82743 0.0894705
75.2 2.82743 0.163683
75.4 2.82743 0.121669
75.6 2.82743 0.0198872
75.8 2.82743 -0.0322772
76 2.82743 0.00934664
76.2 2.82743 0.084486
76.4 2.82743 0.103607
76.6 2.82743 0.0468194
76.8 2.82743 -0.0226042
77 2.82743 -0.0363555
77.2 2.82743 0.0044239
77.4 2.82743 0.0404534
77.6 2.82743 0.0292955
77.8 2.82743 -0.00792371
78 2.82743 -0.0189032
78.2 2.82743 0.0133173
78.4 2.82743 0.0503476
78.6 2.82743 0.0449518
78.8 2.82743 -0.00436387
79 2.82743 -0.0534303
79.2 2.82743 -0.0621093
79.4 2.82743 -0.0337652
79.6 2.82743 -0.00391358
79.8 2.82743 0.000992908
80 2.82743 -0.0145593
80.2 2.82743 -0.0301002
80.4 2.82743 -0.0341982
80.6 2.82743 -0.0294553
80.8 2.82743 -0.0201338
81 2.82743 -0.00583633
81.2 2.82743 0.0106987
81.4 2.82743 0.0180006
81.6 2.82743 0.00613118
81.8 2.82743 -0.018305
82 2.82743 -0.0339319
82.2 2.82743 -0.0246002
82.4 2.82743 0.00504627
82.6 2.82743 0.0364801
82.8 2.82743 0.0571271
83 2.82743 0.068879
83.2 2.82743 0.0777455
83.4 2.82743 0.0817638
83.6 2.82743 0.0743521
83.8 2.82743 0.056826
84 2.82743 0.0399715
84.2 2.82743 0.0297783
84.4 2.82743 0.016489
84.6 2.82743 -0.0146997
84.8 2.82743 -0.0603517
85 2.82743 -0.0917883
85.2 2.82743 -0.078307
85.4 2.82743 -0.0195764
85.6 2.82743 0.0479419
85.8 2.82743 0.0810138
86 2.82743 0.0684292
86.2 2.82743 0.0403976
86.4 2.82743 0.0384588
86.6 2.82743 0.0742761
86.8 2.82743 0.1168
87 2.82743 0.121032
87.2 2.82743 0.0726546
87.4 2.82743 0.00632341
87.6 2.82743 -0.0225157
87.8 2.82743 0.0102781
88 2.82743 0.0699905
88.2 2.82743 0.0901614
88.4 2.82743 0.0338085
88.6 2.82743 -0.0684284
88.8 2.82743 -0.143247
89 2.82743 -0.142065
89.2 2.82743 -0.0852764
89.4 2.82743 -0.0381129
89.6 2.82743 -0.0425332
89.8 2.82743 -0.0760255
90 2.82743 -0.0802051
90.2 2.82743 -0.0272759
90.4 2.82743 0.047874
90.6 2.82743 0.083575
90.8 2.82743 0.0547701
91 2.82743 -0.00430445
91.2 2.82743 -0.0387665
91.4 2.82743 -0.0272939
91.6 2.82743 0.00521597
91.8 2.82743 0.022557
92 2.82743 0.0148751
92.2 2.82743 -0.000306639
92.4 2.82743 -0.00544061
92.6 2.82743 -0.000900924
92.8 2.82743 0.00436441
93 2.82743 0.00963743
93.2 2.82743 0.0206014
93.4 2.82743 0.0326173
93.6 2.82743 0.0264865
93.8 2.82743 -0.0108735
94 2.82743 -0.0631139
94.2 2.82743 -0.0899255
94.4 2.82743 -0.0621007
94.6 2.82743 0.00815227
94.8 2.82743 0.0741451
95 2.82743 0.0934468
95.2 2.82743 0.0610491
95.4 2.82743 0.00715278
95.6 2.82743 -0.0335154
95.8 2.82743 -0.0486055
96 2.82743 -0.048534
96.2 2.82743 -0.0474977
96.4 2.82743 -0.0490244
96.6 2.82743 -0.0493113
96.8 2.82743 -0.0491398
97 2.82743 -0.0565464
97.2 2.82743 -0.075417
97.4 2.82743 -0.0937487
97.6 2.82743 -0.0882618
97.8 2.82743 -0.0452491
98 2.82743 0.021648
98.2 2.82743 0.0764846
98.4 2.82743 0.0876365
98.6 2.82743 0.052767
98.8 2.82743 -0.000923722
99 2.82743 -0.0406339
99.2 2.82743 -0.052569
99.4 2.82743 -0.0453973
99.6 2.82743 -0.0344137
99.8 2.82743 -0.0267718
100 2.82743 -0.0217496
100.2 2.82743 -0.0190648
100.4 2.82743 -0.0201051
100.6 2.82743 -0.0208801
100.8 2.82743 -0.0108927
101 2.82743 0.0141896
101.2 2.82743 0.0396784
101.4 2.82743 0.0391061
101.6 2.82743 0.000207889
101.8 2.82743 -0.0574086
102 2.82743 -0.0954534
102.2 2.82743 -0.0900299
102.4 2.82743 -0.0499775
102.6 2.82743 -0.00230669
102.8 2.82743 0.0357908
103 2.82743 0.0655271
103.2 2.82743 0.0900669
103.4 2.82743 0.0996911
103.6 2.82743 0.0812156
103.8 2.82743 0.0395282
104 2.82743 0.000173791
104.2 2.82743 -0.0148077
104.4 2.82743 -0.00954039
104.6 2.82743 -0.00664065
104.8 2.82743 -0.0180078
105 2.82743 -0.0307057
105.2 2.82743 -0.0253915
105.4 2.82743 -0.00251028
105.6 2.82743 0.0185007
105.8 2.82743 0.0255937
106 2.82743 0.0297922
106.2 2.82743 0.0477668
106.4 2.82743 0.0744125
106.6 2.82743 0.0845905
106.8 2.82743 0.0654419
107 2.82743 0.0373026
107.2 2.82743 0.0320662
107.4 2.82743 0.0529984
107.6 2.82743 0.0682114
107.8 2.82743 0.0502218
108 2.82743 0.0135071
108.2 2.82743 -1.01794e-06
108.4 2.82743 0.0267285
108.6 2.82743 0.0608051
108.8 2.82743 0.0567299
109 2.82743 0.0131073
109.2 2.82743 -0.0220547
109.4 2.82743 -0.00739395
109.6 2.82743 0.041062
109.8 2.82743 0.0671935
110 2.82743 0.0406899
110.2 2.82743 -0.00753289
110.4 2.82743 -0.0225956
110.6 2.82743 0.0102898
110.8 2.82743 0.0515111
111 2.82743 0.0564276
111.2 2.82743 0.0260679
111.4 2.82743 -2.75482e-05
111.6 2.82743 0.00576246
111.8 2.82743 0.0293365
112 2.82743 0.0370493
112.2 2.82743 0.0152814
112.4 2.82743 -0.0212013
112.6 2.82743 -0.0525427
112.8 2.82743 -0.0701439
113 2.82743 -0.0683369
113.2 2.82743 -0.0373195
113.4 2.82743 0.0191875
113.6 2.82743 0.0650523
113.8 2.82743 0.0537607
114 2.82743 -0.0164214
114.2 2.82743 -0.0801166
114.4 2.82743 -0.0603302
114.6 2.82743 0.0450329
114.8 2.82743 0.14475
115 2.82743 0.138559
115.2 2.82743 0.0214858
115.4 2.82743 -0.105871
115.6 2.82743 -0.135584
115.8 2.82743 -0.0548473
116 2.82743 0.0531597
116.2 2.82743 0.100482
116.4 2.82743 0.0726454
116.6 2.82743 0.0186312
116.8 2.82743 -0.0159234
117 2.82743 -0.027899
117.2 2.82743 -0.0363859
117.4 2.82743 -0.0476887
117.6 2.82743 -0.0542153
117.8 2.82743 -0.0564453
118 2.82743 -0.0651781
118.2 2.82743 -0.0783448
118.4 2.82743 -0.0724037
118.6 2.82743 -0.0313906
118.8 2.82743 0.0217214
119 2.82743 0.04056
119.2 2.82743 0.00835146
119.4 2.82743 -0.0369306
119.6 2.82743 -0.0431361
119.8 2.82743 -0.00558769
120 2.82743 0.0263774
120.2 2.82743 0.00862726
120.4 2.82743 -0.0446054
120.6 2.82743 -0.0789479
120.8 2.82743 -0.0659358
121 2.82743 -0.0344671
121.2 2.82743 -0.0311624
121.4 2.82743 -0.0633368
121.6 2.82743 -0.096828
121.8 2.82743 -0.106467
122 2.82743 -0.108686
122.2 2.82743 -0.132607
122.4 2.82743 -0.170219
122.6 2.82743 -0.175614
122.8 2.82743 -0.11903
123 2.82743 -0.0281531
123.2 2.82743 0.0368086
123.4 2.82743 0.0449134
123.6 2.82743 0.0192225
123.8 2.82743 -0.000440392
124 2.82743 -0.00476226
124.2 2.82743 -0.0138411
124.4 2.82743 -0.0366762
124.6 2.82743 -0.0504413
124.8 2.82743 -0.0284874
125 2.82743 0.0206673
125.2 2.82743 0.0557631
125.4 2.82743 0.0455262
125.6 2.82743 0.000924929
125.8 2.82743 -0.0380453
126 2.82743 -0.0407626
126.2 2.82743 -0.00640032
126.4 2.82743 0.0460782
126.6 2.82743 0.0951425
126.8 2.82743 0.122582
127 2.82743 0.11614
127.2 2.82743 0.0800853
127.4 2.82743 0.0414471
127.6 2.82743 0.0323602
127.8 2.82743 0.0578644
128 2.82743 0.0856618
128.2 2.82743 0.075844
128.4 2.82743 0.0213224
128.6 2.82743 -0.0455885
128.8 2.82743 -0.0858447
129 2.82743 -0.0866123
129.2 2.82743 -0.0612841
129.4 2.82743 -0.0279254
129.6 2.82743 0.00156175
129.8 2.82743 0.0157256
130 2.82743 0.00465523
130.2 2.82743 -0.0233829
130.4 2.82743 -0.0363243
130.6 2.82743 -0.00650045
130.8 2.82743 0.0526593
131 2.82743 0.0918841
131.2 2.82743 0.0786032
131.4 2.82743 0.0370486
131.6 2.82743 0.0214786
131.8 2.82743 0.0493752
132 2.82743 0.0777724
132.2 2.82743 0.0572108
132.4 2.82743 -0.00173317
132.6 2.82743 -0.0358779
132.8 2.82743 -0.0059588
133 2.82743 0.0533357
133.2 2.82743 0.0753584
133.4 2.82743 0.0435079
133.6 2.82743 0.00785805
133.8 2.82743 0.0146216
134 2.82743 0.0414921
134.2 2.82743 0.0266868
134.4 2.82743 -0.0434637
134.6 2.82743 -0.104647
134.8 2.82743 -0.0883182
135 2.82743 -0.00991502
135.2 2.82743 0.0422036
135.4 2.82743 0.008358
135.6 2.82743 -0.0736795
135.8 2.82743 -0.116148
136 2.82743 -0.0842267
136.2 2.82743 -0.0280915
136.4 2.82743 -0.0118747
136.6 2.82743 -0.0361017
136.8 2.82743 -0.0498803
137 2.82743 -0.0272212
137.2 2.82743 -0.00140788
137.4 2.82743 -0.014387
137.6 2.82743 -0.0543102
137.8 2.82743 -0.0676632
138 2.82743 -0.0290698
138.2 2.82743 0.0261542
138.4 2.82743 0.0495126
138.6 2.82743 0.0408369
138.8 2.82743 0.0402738
139 2.82743 0.0640267
139.2 2.82743 0.0754596
139.4 2.82743 0.0353394
139.6 2.82743 -0.0349685
139.8 2.82743 -0.0662314
140 2.82743 -0.0210568
140.2 2.82743 0.0584881
140.4 2.82743 0.0963437
140.6 2.82743 0.0653046
140.8 2.82743 0.00748847
141 2.82743 -0.0245588
141.2 2.82743 -0.0250266
141.4 2.82743 -0.0222968
141.6 2.82743 -0.0271674
141.8 2.82743 -0.020093
142 2.82743 0.00770234
142.2 2.82743 0.0255103
142.4 2.82743 -0.00320293
142.6 2.82743 -0.0658766
142.8 2.82743 -0.103289
143 2.82743 -0.07561
143.2 2.82743 -0.0109963
143.4 2.82743 0.026637
143.6 2.82743 0.0115018
143.8 2.82743 -0.0208141
144 2.82743 -0.0265152
144.2 2.82743 -0.0106781
144.4 2.82743 -0.0146152
144.6 2.82743 -0.0543947
144.8 2.82743 -0.0945241
145 2.82743 -0.0910459
145.2 2.82743 -0.0454692
145.4 2.82743 0.000371635
145.6 2.82743 0.017462
145.8 2.82743 0.0182837
146 2.82743 0.0274234
146.2 2.82743 0.0415976
146.4 2.82743 0.0372903
146.6 2.82743 0.0127657
146.8 2.82743 0.000401488
147 2.82743 0.0270141
147.2 2.82743 0.0753796
147.4 2.82743 0.101846
147.6 2.82743 0.0883581
147.8 2.82743 0.0586238
148 2.82743 0.037389
148.2 2.82743 0.0124418
148.4 2.82743 -0.0429795
148.6 2.82743 -0.115921
148.8 2.82743 -0.148288
149 2.82743 -0.100953
149.2 2.82743 -0.0101177
149.4 2.82743 0.0427579
149.6 2.82743 0.0201233
149.8 2.82743 -0.0302814
150 2.82743 -0.0345113
150.2 2.82743 0.0192232
150.4 2.82743 0.070186
150.6 2.82743 0.0618491
150.8 2.82743 0.00787282
151 2.82743 -0.0312897
151.2 2.82743 -0.0235217
151.4 2.82743 0.00646145
151.6 2.82743 0.0241575
151.8 2.82743 0.0349395
152 2.82743 0.0657692
152.2 2.82743 0.108251
152.4 2.82743 0.11105
152.6 2.82743 0.0440199
152.8 2.82743 -0.0472765
153 2.82743 -0.0779041
153.2 2.82743 -0.0191963
153.4 2.82743 0.0602104
153.6 2.82743 0.0643333
153.8 2.82743 -0.0247048
154 2.82743 -0.125827
154.2 2.82743 -0.14521
154.4 2.82743 -0.0707746
154.6 2.82743 0.0257195
154.8 2.82743 0.0687076
155 2.82743 0.0448224
155.2 2.82743 -0.0081318
155.4 2.82743 -0.0549883
155.6 2.82743 -0.0879189
155.8 2.82743 -0.105049
156 2.82743 -0.0900353
156.2 2.82743 -0.0298341
156.4 2.82743 0.0534772
156.6 2.82743 0.106939
156.8 2.82743 0.0928326
157 2.82743 0.0270531
157.2 2.82743 -0.0352688
157.4 2.82743 -0.0526265
157.6 2.82743 -0.0323943
157.8 2.82743 -0.0144272
158 2.82743 -0.0253512
158.2 2.82743 -0.0528578
158.4 2.82743 -0.0627436
158.6 2.82743 -0.0364197
158.8 2.82743 0.0100272
159 2.82743 0.0417923
159.2 2.82743 0.0384614
159.4 2.82743 0.0121844
159.6 2.82743 -0.00572023
159.8 2.82743 0.00343323
160 2.82743 0.0264049
160.2 2.82743 0.0309801
160.4 2.82743 -0.000954676
160.6 2.82743 -0.0539919
160.8 2.82743 -0.0942425
161 2.82743 -0.102972
161.2 2.82743 -0.0920785
161.4 2.82743 -0.0852002
161.6 2.82743 -0.0876524
161.8 2.82743 -0.0809431
162 2.82743 -0.0477682
162.2 2.82743 0.00295504
162.4 2.82743 0.040838
162.6 2.82743 0.0428085
162.8 2.82743 0.0136355
163 2.82743 -0.0217669
163.2 2.82743 -0.0418783
163.4 2.82743 -0.0429501
163.6 2.82743 -0.0356269
163.8 2.82743 -0.0339367
164 2.82743 -0.0463492
164.2 2.82743 -0.0694713
164.4 2.82743 -0.0860336
164.6 2.82743 -0.0748576
164.8 2.82743 -0.0318435
165 2.82743 0.0183625
165.2 2.82743 0.039947
165.4 2.82743 0.020972
165.6 2.82743 -0.0133968
165.8 2.82743 -0.0297494
166 2.82743 -0.0264445
166.2 2.82743 -0.0343484
166.4 2.82743 -0.073195
166.6 2.82743 -0.117092
166.8 2.82743 -0.117327
167 2.82743 -0.060188
167.2 2.82743 0.0114641
167.4 2.82743 0.0438472
167.6 2.82743 0.0319181
167.8 2.82743 0.0187828
168 2.82743 0.0348525
168.2 2.82743 0.0549931
168.4 2.82743 0.0315865
168.6 2.82743 -0.0362384
168.8 2.82743 -0.0880351
169 2.82743 -0.0680415
169.2 2.82743 0.00561362
169.4 2.82743 0.0555943
169.6 2.82743 0.0311503
169.8 2.82743 -0.0352202
170 2.82743 -0.0664908
170.2 2.82743 -0.0275935
170.4 2.82743 0.0414626
170.6 2.82743 0.0779367
170.8 2.82743 0.0644792
171 2.82743 0.0337328
171.2 2.82743 0.0161648
171.4 2.82743 0.00546086
171.6 2.82743 -0.0174844
171.8 2.82743 -0.0433265
172 2.82743 -0.0382724
172.2 2.82743 0.00890448
172.4 2.82743 0.0606631
172.6 2.82743 0.0655973
172.8 2.82743 0.0164823
173 2.82743 -0.0387325
173.2 2.82743 -0.0483924
173.4 2.82743 -0.0126819
173.6 2.82743 0.0190638
173.8 2.82743 0.00422453
174 2.82743 -0.0467995
174.2 2.82743 -0.0820452
174.4 2.82743 -0.0617014
174.6 2.82743 0.00209306
174.8 2.82743 0.0565507
175 2.82743 0.0569515
175.2 2.82743 0.00673114
175.4 2.82743 -0.0464228
175.6 2.82743 -0.0546744
175.8 2.82743 -0.0147297
176 2.82743 0.029606
176.2 2.82743 0.0326469
176.4 2.82743 -0.00368558
176.6 2.82743 -0.0305702
176.8 2.82743 -0.00850345
177 2.82743 0.040544
177.2 2.82743 0.0494609
177.4 2.82743 -0.0183477
177.6 2.82743 -0.117466
177.8 2.82743 -0.159056
178 2.82743 -0.104595
178.2 2.82743 -0.00980878
178.4 2.82743 0.0350726
178.6 2.82743 0.00350801
178.8 2.82743 -0.0430189
179 2.82743 -0.0316755
179.2 2.82743 0.0353297
179.4 2.82743 0.0854621
179.6 2.82743 0.0627392
179.8 2.82743 -0.00778326
180 2.82743 -0.0508558
180.2 2.82743 -0.0253243
180.4 2.82743 0.0367668
180.6 2.82743 0.072642
180.8 2.82743 0.0541196
181 2.82743 0.00404066
181.2 2.82743 -0.038322
181.4 2.82743 -0.0509369
181.6 2.82743 -0.0318358
181.8 2.82743 0.00958503
182 2.82743 0.0510903
182.2 2.82743 0.0605966
182.4 2.82743 0.0237656
182.6 2.82743 -0.0273841
182.8 2.82743 -0.032831
183 2.82743 0.0311504
183.2 2.82743 0.112478
183.4 2.82743 0.127943
183.6 2.82743 0.0541926
183.8 2.82743 -0.0394949
184 2.82743 -0.0625616
184.2 2.82743 -0.00106087
184.4 2.82743 0.0710504
184.6 2.82743 0.0786862
184.8 2.82743 0.0256125
185 2.82743 -0.0238517
185.2 2.82743 -0.0286711
185.4 2.82743 -0.0113125
185.6 2.82743 -0.0106399
185.8 2.82743 -0.0203376
186 2.82743 0.000445951
186.2 2.82743 0.0609661
186.4 2.82743 0.112925
186.6 2.82743 0.107042
186.8 2.82743 0.0599098
187 2.82743 0.0383162
187.2 2.82743 0.0740515
187.4 2.82743 0.117147
187.6 2.82743 0.0923729
187.8 2.82743 -0.00618133
188 2.82743 -0.0990739
188.2 2.82743 -0.10653
188.4 2.82743 -0.0350067
188.6 2.82743 0.033766
188.8 2.82743 0.0329074
189 2.82743 -0.0259015
189.2 2.82743 -0.0785912
189.4 2.82743 -0.0808725
189.6 2.82743 -0.0432718
189.8 2.82743 -0.00587774
190 2.82743 0.00221831
190.2 2.82743 -0.0226304
190.4 2.82743 -0.0644968
190.6 2.82743 -0.0936354
190.8 2.82743 -0.0776546
191 2.82743 -0.0104549
191.2 2.82743 0.0645563
191.4 2.82743 0.0798275
191.6 2.82743 0.0120331
191.8 2.82743 -0.0792103
192 2.82743 -0.101781
192.2 2.82743 -0.0292017
192.4 2.82743 0.0643933
192.6 2.82743 0.082161
192.8 2.82743 0.012396
193 2.82743 -0.05927
193.2 2.82743 -0.0500695
193.4 2.82743 0.0247697
193.6 2.82743 0.0741312
193.8 2.82743 0.0415151
194 2.82743 -0.0300587
194.2 2.82743 -0.0543213
194.4 2.82743 -0.00661557
194.6 2.82743 0.0502328
194.8 2.82743 0.0456214
195 2.82743 -0.0146251
195.2 2.82743 -0.0597063
195.4 2.82743 -0.0402969
195.6 2.82743 0.0173839
195.8 2.82743 0.0492028
196 2.82743 0.0283557
196.2 2.82743 -0.0133585
196.4 2.82743 -0.0346115
196.6 2.82743 -0.035435
196.8 2.82743 -0.0488311
197 2.82743 -0.0912478
197.2 2.82743 -0.137354
197.4 2.82743 -0.147922
197.6 2.82743 -0.113867
197.8 2.82743 -0.0651733
198 2.82743 -0.0386176
198.2 2.82743 -0.0424903
198.4 2.82743 -0.0527354
198.6 2.82743 -0.0386136
198.8 2.82743 0.00928832
199 2.82743 0.0717771
199.2 2.82743 0.117993
199.4 2.82743 0.132432
199.6 2.82743 0.129398
199.8 2.82743 0.138911
200 2.82743 0.172812
200.2 2.82743 0.204942
200.4 2.82743 0.192723
200.6 2.82743 0.124218
200.8 2.82743 0.0391443
201 2.82743 -0.006543
201.2 2.82743 0.00140608
201.4 2.82743 0.0212938
201.6 2.82743 0.00503285
201.8 2.82743 -0.0445769
202 2.82743 -0.077693
202.2 2.82743 -0.058953
202.4 2.82743 -0.0119189
202.6 2.82743 0.00860652
202.8 2.82743 -0.0178041
203 2.82743 -0.0554299
203.2 2.82743 -0.0609315
203.4 2.82743 -0.039244
203.6 2.82743 -0.0345867
203.8 2.82743 -0.0678129
204 2.82743 -0.101591
204.2 2.82743 -0.0814065
204.4 2.82743 -0.00446678
204.6 2.82743 0.0685568
204.8 2.82743 0.0755087
205 2.82743 0.0166612
205.2 2.82743 -0.0512667
205.4 2.82743 -0.0778098
205.6 2.82743 -0.062626
205.8 2.82743 -0.0370551
206 2.82743 -0.0182833
206.2 2.82743 0.00373958
206.4 2.82743 0.0381753
206.6 2.82743 0.0697339
206.8 2.82743 0.0735352
207 2.82743 0.0470913
207.2 2.82743 0.0155611
207.4 2.82743 0.00335555
207.6 2.82743 0.00850331
207.8 2.82743 0.00986044
208 2.82743 -0.00582022
208.2 2.82743 -0.0313877
208.4 2.82743 -0.0518823
208.6 2.82743 -0.0609169
208.8 2.82743 -0.0613596
209 2.82743 -0.0568545
209.2 2.82743 -0.0505548
209.4 2.82743 -0.050082
209.6 2.82743 -0.0640876
209.8 2.82743 -0.0892855
210 2.82743 -0.106823
210.2 2.82743 -0.0993145
210.4 2.82743 -0.0706613
210.6 2.82743 -0.0416642
210.8 2.82743 -0.0238097
211 2.82743 -0.00514274
211.2 2.82743 0.029506
211.4 2.82743 0.067176
211.6 2.82743 0.0682007
211.8 2.82743 0.0081463
212 2.82743 -0.0846962
212.2 2.82743 -0.143996
212.4 2.82743 -0.123945
212.6 2.82743 -0.042281
212.8 2.82743 0.0373855
213 2.82743 0.0648746
213.2 2.82743 0.0431037
213.4 2.82743 0.0123082
213.6 2.82743 0.00306323
213.8 2.82743 0.0103308
214 2.82743 0.0108221
214.2 2.82743 -0.0029193
214.4 2.82743 -0.0125025
214.6 2.82743 0.00241909
214.8 2.82743 0.0351649
215 2.82743 0.0524414
215.2 2.82743 0.0273513
215.4 2.82743 -0.0273371
215.6 2.82743 -0.0621717
215.8 2.82743 -0.0334507
216 2.82743 0.0524178
216.2 2.82743 0.137746
216.4 2.82743 0.162198
216.6 2.82743 0.117429
216.8 2.82743 0.05354
217 2.82743 0.0290652
217.2 2.82743 0.0546014
217.4 2.82743 0.0876403
217.6 2.82743 0.0819538
217.8 2.82743 0.0367628
218 2.82743 -0.00635411
218.2 2.82743 -0.0110409
218.4 2.82743 0.0171415
218.6 2.82743 0.0425196
218.8 2.82743 0.0394093
219 2.82743 0.0127669
219.2 2.82743 -0.0173423
219.4 2.82743 -0.0392937
219.6 2.82743 -0.0515549
219.8 2.82743 -0.04944
220 2.82743 -0.0249911
220.2 2.82743 0.0155819
220.4 2.82743 0.0446838
220.6 2.82743 0.035813
220.8 2.82743 -0.00603371
221 2.82743 -0.0452772
221.2 2.82743 -0.0522807
221.4 2.82743 -0.0343491
221.6 2.82743 -0.0239654
221.8 2.82743 -0.0382719
222 2.82743 -0.0586913
222.2 2.82743 -0.0540964
222.4 2.82743 -0.0177813
222.6 2.82743 0.0256263
222.8 2.82743 0.0474852
223 2.82743 0.0407992
223.2 2.82743 0.0170385
223.4 2.82743 -0.012535
223.6 2.82743 -0.0421264
223.8 2.82743 -0.0609649
224 2.82743 -0.0518937
224.2 2.82743 -0.0105828
224.4 2.82743 0.0376985
224.6 2.82743 0.0520982
224.8 2.82743 0.0132034
225 2.82743 -0.0562718
225.2 2.82743 -0.110976
225.4 2.82743 -0.121746
225.6 2.82743 -0.0941728
225.8 2.82743 -0.0543355
226 2.82743 -0.0242801
226.2 2.82743 -0.0115477
226.4 2.82743 -0.0123582
226.6 2.82743 -0.0158481
226.8 2.82743 -0.00849678
227 2.82743 0.0142178
227.2 2.82743 0.0366013
227.4 2.82743 0.0324569
227.6 2.82743 -0.00379
227.8 2.82743 -0.0392721
228 2.82743 -0.0303934
228.2 2.82743 0.0245379
228.4 2.82743 0.0703312
228.6 2.82743 0.0480938
228.8 2.82743 -0.0342857
229 2.82743 -0.0980007
229.2 2.82743 -0.0715673
229.4 2.82743 0.0297996
229.6 2.82743 0.114596
229.8 2.82743 0.10831
230 2.82743 0.0280633
230.2 2.82743 -0.0424194
230.4 2.82743 -0.044949
230.6 2.82743 -0.000912355
230.8 2.82743 0.027238
231 2.82743 0.0123114
231.2 2.82743 -0.0150839
231.4 2.82743 -0.0159172
231.6 2.82743 0.0052876
231.8 2.82743 0.0109928
232 2.82743 -0.0146028
232.2 2.82743 -0.0399129
232.4 2.82743 -0.0232647
232.6 2.82743 0.0330066
232.8 2.82743 0.0785987
233 2.82743 0.0676943
233.2 2.82743 0.00804053
233.4 2.82743 -0.0470013
233.6 2.82743 -0.0519945
233.8 2.82743 -0.0106578
234 2.82743 0.0334851
234.2 2.82743 0.0405735
234.4 2.82743 0.00738208
234.6 2.82743 -0.0354987
234.8 2.82743 -0.0519905
235 2.82743 -0.0282103
235.2 2.82743 0.0187476
235.4 2.82743 0.053767
235.6 2.82743 0.0493153
235.8 2.82743 0.00647533
236 2.82743 -0.0457603
236.2 2.82743 -0.0749704
236.4 2.82743 -0.0731036
236.6 2.82743 -0.0607674
236.8 2.82743 -0.0632863
237 2.82743 -0.0841087
237.2 2.82743 -0.104874
237.4 2.82743 -0.111284
237.6 2.82743 -0.113098
237.8 2.82743 -0.132015
238 2.82743 -0.168918
238.2 2.82743 -0.189323
238.4 2.82743 -0.149822
238.6 2.82743 -0.043852
238.8 2.82743 0.0798768
239 2.82743 0.150192
239.2 2.82743 0.131209
239.4 2.82743 0.0520912
239.6 2.82743 -0.0201057
239.8 2.82743 -0.0397989
240 2.82743 -0.0184754
240.2 2.82743 -0.00315081
240.4 2.82743 -0.0214165
240.6 2.82743 -0.0512279
240.8 2.82743 -0.048277
241 2.82743 -0.00148614
241.2 2.82743 0.0465783
241.4 2.82743 0.0418935
241.6 2.82743 -0.0192534
241.8 2.82743 -0.0791123
242 2.82743 -0.0760709
242.2 2.82743 -0.0111738
242.4 2.82743 0.0505224
242.6 2.82743 0.0477816
242.8 2.82743 -0.0134449
243 2.82743 -0.0702321
243.2 2.82743 -0.0724346
243.4 2.82743 -0.0322608
243.6 2.82743 -0.00145668
243.8 2.82743 -0.00945561
244 2.82743 -0.0367893
244.2 2.82743 -0.0489024
244.4 2.82743 -0.0409835
244.6 2.82743 -0.0369808
244.8 2.82743 -0.0496984
245 2.82743 -0.0590197
245.2 2.82743 -0.0383372
245.4 2.82743 0.00671146
245.6 2.82743 0.0403384
245.8 2.82743 0.0389871
246 2.82743 0.0199303
246.2 2.82743 0.018942
246.4 2.82743 0.0454831
246.6 2.82743 0.0724291
246.8 2.82743 0.0723651
247 2.82743 0.0526869
247.2 2.82743 0.044269
247.4 2.82743 0.0591992
247.6 2.82743 0.0728216
247.8 2.82743 0.0538731
248 2.82743 0.00535017
248.2 2.82743 -0.0343525
248.4 2.82743 -0.0311371
248.6 2.82743 0.0109096
248.8 2.82743 0.0569823
249 2.82743 0.0756459
249.2 2.82743 0.0597502
249.4 2.82743 0.0197087
249.6 2.82743 -0.0306696
249.8 2.82743 -0.0763529
250 2.82743 -0.0985669
250.2 2.82743 -0.0837185
250.4 2.82743 -0.0386497
250.6 2.82743 0.0100906
250.8 2.82743 0.0388036
251 2.82743 0.047227
251.2 2.82743 0.0525884
251.4 2.82743 0.0650929
251.6 2.82743 0.0759251
251.8 2.82743 0.0716147
252 2.82743 0.0538482
252.2 2.82743 0.037891
252.4 2.82743 0.0326702
252.6 2.82743 0.0299279
252.8 2.82743 0.0162676
253 2.82743 -0.00937264
253.2 2.82743 -0.03587
253.4 2.82743 -0.0544985
253.6 2.82743 -0.0653551
253.8 2.82743 -0.0679975
254 2.82743 -0.0548876
254.2 2.82743 -0.0231902
254.4 2.82743 0.00973974
254.6 2.82743 0.0146514
254.8 2.82743 -0.0187634
255 2.82743 -0.0645659
255.2 2.82743 -0.083248
255.4 2.82743 -0.0624553
255.6 2.82743 -0.0278559
255.8 2.82743 -0.0102734
256 2.82743 -0.00947203
256.2 2.82743 5.47485e-05
256.4 2.82743 0.0294698
256.6 2.82743 0.0546569
256.8 2.82743 0.0435096
257 2.82743 -0.0013205
257.2 2.82743 -0.0390082
257.4 2.82743 -0.033192
257.6 2.82743 0.0102151
257.8 2.82743 0.0544869
258 2.82743 0.0753884
258.2 2.82743 0.0808016
258.4 2.82743 0.0855182
258.6 2.82743 0.0803874
258.8 2.82743 0.042264
259 2.82743 -0.0255063
259.2 2.82743 -0.0784656
259.4 2.82743 -0.0716138
259.6 2.82743 -0.0137407
259.8 2.82743 0.0310382
260 2.82743 0.00515041
260.2 2.82743 -0.0808165
260.4 2.82743 -0.154577
260.6 2.82743 -0.15226
260.8 2.82743 -0.079252
261 2.82743 -0.00076626
261.2 2.82743 0.0237686
261.4 2.82743 -0.00679735
261.6 2.82743 -0.0452255
261.8 2.82743 -0.0497327
262 2.82743 -0.0231208
262.2 2.82743 -0.00149614
262.4 2.82743 -0.0116694
262.6 2.82743 -0.0440718
262.8 2.82743 -0.065856
263 2.82743 -0.0557768
263.2 2.82743 -0.0231468
263.4 2.82743 0.00614355
263.6 2.82743 0.0179997
263.8 2.82743 0.0207195
264 2.82743 0.0276333
264.2 2.82743 0.0343029
264.4 2.82743 0.0201333
264.6 2.82743 -0.0242236
264.8 2.82743 -0.0755992
265 2.82743 -0.0932932
265.2 2.82743 -0.0601924
265.4 2.82743 -0.00573875
265.6 2.82743 0.0195991
265.8 2.82743 -0.00446978
266 2.82743 -0.046101
266.2 2.82743 -0.0548881
266.4 2.82743 -0.0157745
266.6 2.82743 0.0360912
266.8 2.82743 0.0553561
267 2.82743 0.035225
267.2 2.82743 0.00998932
267.4 2.82743 0.0115585
267.6 2.82743 0.0334063
267.8 2.82743 0.0438852
268 2.82743 0.0297083
268.2 2.82743 0.0143049
268.4 2.82743 0.0280511
268.6 2.82743 0.0674836
268.8 2.82743 0.0947421
269 2.82743 0.0796982
269.2 2.82743 0.0350546
269.4 2.82743 0.00266884
269.6 2.82743 0.0068597
269.8 2.82743 0.029005
270 2.82743 0.0318108
270.2 2.82743 0.00394867
270.4 2.82743 -0.0262447
270.6 2.82743 -0.0223604
270.8 2.82743 0.0198559
271 2.82743 0.0671677
271.2 2.82743 0.0813239
271.4 2.82743 0.0530105
271.6 2.82743 0.00433536
271.8 2.82743 -0.0362049
272 2.82743 -0.0567
272.2 2.82743 -0.0624257
272.4 2.82743 -0.0615547
272.6 2.82743 -0.0556921
272.8 2.82743 -0.0432178
273 2.82743 -0.0263441
273.2 2.82743 -0.0112198
273.4 2.82743 -0.00199173
273.6 2.82743 0.00249541
273.8 2.82743 0.00576284
274 2.82743 0.00976372
274.2 2.82743 0.0150889
274.4 2.82743 0.0227265
274.6 2.82743 0.0316818
274.8 2.82743 0.0341517
275 2.82743 0.0176512
275.2 2.82743 -0.0220508
275.4 2.82743 -0.0688366
275.6 2.82743 -0.0925964
275.8 2.82743 -0.0749329
276 2.82743 -0.0308019
276.2 2.82743 0.000276393
276.4 2.82743 -0.00915409
276.6 2.82743 -0.0454287
276.8 2.82743 -0.0652524
277 2.82743 -0.039753
277.2 2.82743 0.0142723
277.4 2.82743 0.0505956
277.6 2.82743 0.0411349
277.8 2.82743 0.0030101
278 2.82743 -0.0242873
278.2 2.82743 -0.024313
278.4 2.82743 -0.0185866
278.6 2.82743 -0.0341943
278.8 2.82743 -0.0642394
279 2.82743 -0.0706573
279.2 2.82743 -0.0284174
279.4 2.82743 0.0403659
279.6 2.82743 0.0840139
279.8 2.82743 0.0720654
280 2.82743 0.0227501
280.2 2.82743 -0.0217247
280.4 2.82743 -0.0407908
280.6 2.82743 -0.0499866
280.8 2.82743 -0.0725637
281 2.82743 -0.106847
281.2 2.82743 -0.128225
281.4 2.82743 -0.119553
281.6 2.82743 -0.090521
281.8 2.82743 -0.06413
282 2.82743 -0.049871
282.2 2.82743 -0.0366033
282.4 2.82743 -0.0103437
282.6 2.82743 0.0274818
282.8 2.82743 0.0616948
283 2.82743 0.0782705
283.2 2.82743 0.0729864
283.4 2.82743 0.0489142
283.6 2.82743 0.013528
283.8 2.82743 -0.0192549
284 2.82743 -0.0320035
284.2 2.82743 -0.0181008
284.4 2.82743 0.00650868
284.6 2.82743 0.0147093
284.8 2.82743 -0.00204657
285 2.82743 -0.0187662
285.2 2.82743 -0.000603995
285.4 2.82743 0.0551761
285.6 2.82743 0.107168
285.8 2.82743 0.107672
286 2.82743 0.0537664
286.2 2.82743 -0.00501011
286.4 2.82743 -0.0143632
286.6 2.82743 0.0304877
286.8 2.82743 0.0809671
287 2.82743 0.0846229
287.2 2.82743 0.0351366
287.4 2.82743 -0.0264359
287.6 2.82743 -0.0546165
287.8 2.82743 -0.0389027
288 2.82743 -0.00414217
288.2 2.82743 0.0186461
288.4 2.82743 0.0161689
288.6 2.82743 -0.00688576
288.8 2.82743 -0.0395568
289 2.82743 -0.0701026
289.2 2.82743 -0.0847075
289.4 2.82743 -0.0717444
289.6 2.82743 -0.033773
289.8 2.82743 0.00713474
290 2.82743 0.0231146
290.2 2.82743 0.00390008
290.4 2.82743 -0.0336165
290.6 2.82743 -0.0610021
290.8 2.82743 -0.0634096
291 2.82743 -0.0485291
291.2 2.82743 -0.0318936
291.4 2.82743 -0.017305
291.6 2.82743 0.00494893
291.8 2.82743 0.0414996
292 2.82743 0.0823838
292.2 2.82743 0.107882
292.4 2.82743 0.108414
292.6 2.82743 0.0940719
292.8 2.82743 0.0827149
293 2.82743 0.0810568
293.2 2.82743 0.0810131
293.4 2.82743 0.07384
293.6 2.82743 0.0620512
293.8 2.82743 0.0527535
294 2.82743 0.042097
294.2 2.82743 0.0151453
294.4 2.82743 -0.0333078
294.6 2.82743 -0.0820458
294.8 2.82743 -0.0971881
295 2.82743 -0.0675391
295.2 2.82743 -0.021248
295.4 2.82743 0.000574684
295.6 2.82743 -0.0121361
295.8 2.82743 -0.0274763
296 2.82743 -0.00945836
296.2 2.82743 0.0373562
296.4 2.82743 0.0697479
296.6 2.82743 0.0545181
296.8 2.82743 0.00763793
297 2.82743 -0.0230365
297.2 2.82743 -0.0120126
297.4 2.82743 0.0163803
297.6 2.82743 0.0193011
297.8 2.82743 -0.0132199
298 2.82743 -0.0484874
298.2 2.82743 -0.0528124
298.4 2.82743 -0.0320751
298.6 2.82743 -0.0218366
298.8 2.82743 -0.0413188
299 2.82743 -0.0691525
299.2 2.82743 -0.0698121
299.4 2.82743 -0.0366045
299.6 2.82743 0.00119843
299.8 2.82743 0.0128635
300 2.82743 -0.00140134
300.2 2.82743 -0.0163106
300.4 2.82743 -0.0118756
300.6 2.82743 0.0108448
300.8 2.82743 0.040721
301 2.82743 0.0697554
301.2 2.82743 0.0886085
301.4 2.82743 0.0793176
301.6 2.82743 0.0292907
301.8 2.82743 -0.0430235
302 2.82743 -0.0893252
302.2 2.82743 -0.0730157
302.4 2.82743 -0.010771
302.6 2.82743 0.0382329
302.8 2.82743 0.0313607
303 2.82743 -0.0135637
303.2 2.82743 -0.0402525
303.4 2.82743 -0.0172219
303.6 2.82743 0.0302688
303.8 2.82743 0.0536861
304 2.82743 0.0365702
304.2 2.82743 0.00604337
304.4 2.82743 -0.00704938
304.6 2.82743 -0.00447918
304.8 2.82743 -0.00902447
305 2.82743 -0.0262896
305.2 2.82743 -0.0345127
305.4 2.82743 -0.0160051
305.6 2.82743 0.0146654
305.8 2.82743 0.0273347
306 2.82743 0.0180929
306.2 2.82743 0.0190211
306.4 2.82743 0.0573127
306.6 2.82743 0.112642
306.8 2.82743 0.129823
307 2.82743 0.0786241
307.2 2.82743 -0.0071989
307.4 2.82743 -0.0587333
307.6 2.82743 -0.0388423
307.8 2.82743 0.0245897
308 2.82743 0.0703412
308.2 2.82743 0.0612514
308.4 2.82743 0.0090231
308.6 2.82743 -0.0472998
308.8 2.82743 -0.0750945
309 2.82743 -0.0627282
309.2 2.82743 -0.0170361
309.4 2.82743 0.0399238
309.6 2.82743 0.0760926
309.8 2.82743 0.0681963
310 2.82743 0.0256356
310.2 2.82743 -0.0108133
310.4 2.82743 -0.00658942
310.6 2.82743 0.0279707
310.8 2.82743 0.0455264
311 2.82743 0.0147929
311.2 2.82743 -0.0403079
311.4 2.82743 -0.0653957
311.6 2.82743 -0.040155
311.8 2.82743 -0.00584026
312 2.82743 -0.0178632
312.2 2.82743 -0.0758286
312.4 2.82743 -0.116383
312.6 2.82743 -0.0840494
312.8 2.82743 -0.000240934
313 2.82743 0.0532599
313.2 2.82743 0.0227861
313.4 2.82743 -0.056419
313.6 2.82743 -0.0986859
313.8 2.82743 -0.0630565
314 2.82743 0.0031647
314.2 2.82743 0.0212562
314.4 2.82743 -0.028973
314.6 2.82743 -0.0899826
314.8 2.82743 -0.0967481
315 2.82743 -0.0512088
315.2 2.82743 -0.0143428
315.4 2.82743 -0.0297496
315.6 2.82743 -0.0725595
315.8 2.82743 -0.0831251
316 2.82743 -0.0413216
316.2 2.82743 0.00944212
316.4 2.82743 0.0151827
316.6 2.82743 -0.0255608
316.8 2.82743 -0.0642081
317 2.82743 -0.0627828
317.2 2.82743 -0.0354179
317.4 2.82743 -0.0221425
317.6 2.82743 -0.0336063
317.8 2.82743 -0.0400557
318 2.82743 -0.0170258
318.2 2.82743 0.0156285
318.4 2.82743 0.0167593
318.6 2.82743 -0.018296
318.8 2.82743 -0.0426177
319 2.82743 -0.0119649
319.2 2.82743 0.0554239
319.4 2.82743 0.0911152
319.6 2.82743 0.0528784
319.8 2.82743 -0.0244402
320 2.82743 -0.0665035
320.2 2.82743 -0.0426064
320.4 2.82743 0.00414918
320.6 2.82743 0.0143936
320.8 2.82743 -0.0143244
321 2.82743 -0.0280964
321.2 2.82743 0.0117331
321.4 2.82743 0.0759967
321.6 2.82743 0.0994183
321.8 2.82743 0.056932
322 2.82743 -0.00818687
322.2 2.82743 -0.0356918
322.4 2.82743 -0.0139338
322.6 2.82743 0.0174688
322.8 2.82743 0.0223417
323 2.82743 0.00676554
323.2 2.82743 -0.00163348
323.4 2.82743 0.003886
323.6 2.82743 0.0061311
323.8 2.82743 -0.000211318
324 2.82743 0.00763977
324.2 2.82743 0.0465203
324.4 2.82743 0.088684
324.6 2.82743 0.0811201
324.8 2.82743 0.011139
325 2.82743 -0.0636008
325.2 2.82743 -0.0695529
325.4 2.82743 -0.000930413
325.6 2.82743 0.0680408
325.8 2.82743 0.0631638
326 2.82743 -0.00740319
326.2 2.82743 -0.0644743
326.4 2.82743 -0.04817
326.6 2.82743 0.0196868
326.8 2.82743 0.0698458
327 2.82743 0.0668766
327.2 2.82743 0.036721
327.4 2.82743 0.0162511
327.6 2.82743 0.000871029
327.8 2.82743 -0.0380283
328 2.82743 -0.0940501
328.2 2.82743 -0.113741
328.4 2.82743 -0.0589553
328.6 2.82743 0.033686
328.8 2.82743 0.0807337
329 2.82743 0.0451338
329.2 2.82743 -0.0164176
329.4 2.82743 -0.0158454
329.6 2.82743 0.0617903
329.8 2.82743 0.135187
330 2.82743 0.116148
330.2 2.82743 0.00983408
330.4 2.82743 -0.0891394
330.6 2.82743 -0.0993652
330.8 2.82743 -0.035997
331 2.82743 0.0158239
331.2 2.82743 4.36568e-05
331.4 2.82743 -0.0535298
331.6 2.82743 -0.0724467
331.8 2.82743 -0.0262707
332 2.82743 0.0441082
332.2 2.82743 0.0768464
332.4 2.82743 0.0545296
332.6 2.82743 0.0140575
332.8 2.82743 0.0011095
333 2.82743 0.0256209
333.2 2.82743 0.0605449
333.4 2.82743 0.0729986
333.6 2.82743 0.0508661
333.8 2.82743 0.00628269
334 2.82743 -0.0357655
334.2 2.82743 -0.0514154
334.4 2.82743 -0.0313452
334.6 2.82743 0.0104687
334.8 2.82743 0.0431442
335 2.82743 0.0428036
335.2 2.82743 0.0144503
335.4 2.82743 -0.0130037
335.6 2.82743 -0.0171184
335.8 2.82743 -0.00513503
336 2.82743 -0.00290226
336.2 2.82743 -0.022304
336.4 2.82743 -0.046968
336.6 2.82743 -0.0543734
336.8 2.82743 -0.0464223
337 2.82743 -0.0481874
337.2 2.82743 -0.0735958
337.4 2.82743 -0.100663
337.6 2.82743 -0.0913529
337.8 2.82743 -0.0374635
338 2.82743 0.0216415
338.2 2.82743 0.0355988
338.4 2.82743 -0.00246414
338.6 2.82743 -0.0449662
338.8 2.82743 -0.0387463
339 2.82743 0.016277
339.2 2.82743 0.0629114
339.4 2.82743 0.0448591
339.6 2.82743 -0.0321053
339.8 2.82743 -0.100995
340 2.82743 -0.098501
340.2 2.82743 -0.0287243
340.4 2.82743 0.0397088
340.6 2.82743 0.0417262
340.8 2.82743 -0.0198327
341 2.82743 -0.0792077
341.2 2.82743 -0.0766177
341.4 2.82743 -0.0189195
341.6 2.82743 0.0321019
341.8 2.82743 0.0302903
342 2.82743 -0.003417
342.2 2.82743 -0.00726588
342.4 2.82743 0.0451305
342.6 2.82743 0.105655
342.8 2.82743 0.0987269
343 2.82743 0.00672714
343.2 2.82743 -0.102195
343.4 2.82743 -0.139696
343.6 2.82743 -0.0873241
343.8 2.82743 -0.0121867
344 2.82743 0.00830014
344.2 2.82743 -0.0329184
344.4 2.82743 -0.075248
344.6 2.82743 -0.0669177
344.8 2.82743 -0.0211084
345 2.82743 0.0117841
345.2 2.82743 0.013936
345.4 2.82743 0.020233
345.6 2.82743 0.0638081
345.8 2.82743 0.120719
346 2.82743 0.131038
346.2 2.82743 0.0746236
346.4 2.82743 0.0042811
346.6 2.82743 -0.0131478
346.8 2.82743 0.0205325
347 2.82743 0.0338817
347.2 2.82743 -0.0247329
347.4 2.82743 -0.114695
347.6 2.82743 -0.14266
347.8 2.82743 -0.0738401
348 2.82743 0.0187547
348.2 2.82743 0.0335345
348.4 2.82743 -0.0399518
348.6 2.82743 -0.103832
348.8 2.82743 -0.0627511
349 2.82743 0.0638247
349.2 2.82743 0.159608
349.4 2.82743 0.140477
349.6 2.82743 0.0459728
349.8 2.82743 -0.00983203
350 2.82743 0.0321245
350.2 2.82743 0.115082
350.4 2.82743 0.137644
350.6 2.82743 0.0682556
350.8 2.82743 -0.0267673
351 2.82743 -0.0630035
351.2 2.82743 -0.0258877
351.4 2.82743 0.0280079
351.6 2.82743 0.0428971
351.8 2.82743 0.0182806
352 2.82743 -0.00737257
352.2 2.82743 -0.00859578
352.4 2.82743 0.00480388
352.6 2.82743 0.0100081
352.8 2.82743 -0.00144201
353 2.82743 -0.0229906
353.2 2.82743 -0.0470767
353.4 2.82743 -0.067722
353.6 2.82743 -0.0737275
353.8 2.82743 -0.0543027
354 2.82743 -0.0174377
354.2 2.82743 0.00756078
354.4 2.82743 -0.00171604
354.6 2.82743 -0.03132
354.8 2.82743 -0.0414752
355 2.82743 -0.0121283
355.2 2.82743 0.03026
355.4 2.82743 0.0415967
355.6 2.82743 0.0132033
355.8 2.82743 -0.0167187
356 2.82743 -0.0100944
356.2 2.82743 0.0230584
356.4 2.82743 0.0375356
356.6 2.82743 0.0126229
356.8 2.82743 -0.0183218
357 2.82743 -0.0113513
357.2 2.82743 0.0222086
357.4 2.82743 0.0149343
357.6 2.82743 -0.0779477
357.8 2.82743 -0.206787
358 2.82743 -0.254893
358.2 2.82743 -0.15108
358.4 2.82743 0.0468358
358.6 2.82743 0.191844
358.8 2.82743 0.178671
359 2.82743 0.0388894
359.2 2.82743 -0.0923165
359.4 2.82743 -0.10191
359.6 2.82743 0.00531092
359.8 2.82743 0.125758
360 2.82743 0.159998
360.2 2.82743 0.094975
360.4 2.82743 -0.00425877
360.6 2.82743 -0.0685306
360.8 2.82743 -0.0821413
361 2.82743 -0.0744593
361.2 2.82743 -0.0707901
361.4 2.82743 -0.0649062
361.6 2.82743 -0.0399816
361.8 2.82743 -0.00372892
362 2.82743 0.011939
362.2 2.82743 -0.0101581
362.4 2.82743 -0.0432751
362.6 2.82743 -0.0389537
362.8 2.82743 0.0187829
363 2.82743 0.0895227
363.2 2.82743 0.115085
363.4 2.82743 0.0806964
363.6 2.82743 0.0291138
363.8 2.82743 0.0109067
364 2.82743 0.0286583
364.2 2.82743 0.040174
364.4 2.82743 0.0145816
364.6 2.82743 -0.0283391
364.8 2.82743 -0.0431908
365 2.82743 -0.0155782
365.2 2.82743 0.0209825
365.4 2.82743 0.0273983
365.6 2.82743 0.00492791
365.8 2.82743 -0.0135463
366 2.82743 -0.012443
366.2 2.82743 -0.0155961
366.4 2.82743 -0.05117
366.6 2.82743 -0.106338
366.8 2.82743 -0.133873
367 2.82743 -0.104902
367.2 2.82743 -0.0405408
367.4 2.82743 0.0167238
367.6 2.82743 0.0510636
367.8 2.82743 0.0756648
368 2.82743 0.091003
368.2 2.82743 0.0661518
368.4 2.82743 -0.0185878
368.6 2.82743 -0.12047
368.8 2.82743 -0.154319
369 2.82743 -0.0794327
369.2 2.82743 0.0456119
369.4 2.82743 0.114474
369.6 2.82743 0.0808774
369.8 2.82743 0.000316619
370 2.82743 -0.0406482
370.2 2.82743 -0.0200221
370.4 2.82743 0.0119461
370.6 2.82743 0.0121812
370.8 2.82743 0.00198922
371 2.82743 0.0283761
371.2 2.82743 0.0857709
371.4 2.82743 0.108301
371.6 2.82743 0.0494231
371.8 2.82743 -0.052507
372 2.82743 -0.110677
372.2 2.82743 -0.0862153
372.4 2.82743 -0.0252289
372.6 2.82743 0.00738224
372.8 2.82743 0.00884341
373 2.82743 0.0301038
373.2 2.82743 0.0933018
373.4 2.82743 0.148635
373.6 2.82743 0.131977
373.8 2.82743 0.0502001
374 2.82743 -0.0184585
374.2 2.82743 -0.0136714
374.4 2.82743 0.039049
374.6 2.82743 0.0664791
374.8 2.82743 0.0409902
375 2.82743 0.00977212
375.2 2.82743 0.0255987
375.4 2.82743 0.07208
375.6 2.82743 0.0816531
375.8 2.82743 0.0228063
376 2.82743 -0.0563819
376.2 2.82743 -0.0845711
376.4 2.82743 -0.0518968
376.6 2.82743 -0.0166807
376.8 2.82743 -0.0281589
377 2.82743 -0.0637025
377.2 2.82743 -0.0575047
377.4 2.82743 0.0175196
377.6 2.82743 0.114894
377.8 2.82743 0.163928
378 2.82743 0.139978
378.2 2.82743 0.0771507
378.4 2.82743 0.0228438
378.6 2.82743 -0.00358019
378.8 2.82743 -0.00812568
379 2.82743 0.000823871
379.2 2.82743 0.0172173
379.4 2.82743 0.0266559
379.6 2.82743 0.0114586
379.8 2.82743 -0.0253175
380 2.82743 -0.0524454
380.2 2.82743 -0.0412919
380.4 2.82743 -0.00318861
380.6 2.82743 0.0163925
380.8 2.82743 -0.0128543
381 2.82743 -0.0691591
381.2 2.82743 -0.0992693
381.4 2.82743 -0.0741014
381.6 2.82743 -0.0162311
381.8 2.82743 0.0283926
382 2.82743 0.0374951
382.2 2.82743 0.025748
382.4 2.82743 0.0180837
382.6 2.82743 0.0211668
382.8 2.82743 0.0233362
383 2.82743 0.0135852
383.2 2.82743 -0.00681371
383.4 2.82743 -0.0276461
383.6 2.82743 -0.036458
383.8 2.82743 -0.0225655
384 2.82743 0.0156293
384.2 2.82743 0.0614498
384.4 2.82743 0.0847704
384.6 2.82743 0.0669416
384.8 2.82743 0.0222203
385 2.82743 -0.0141322
385.2 2.82743 -0.0240172
385.4 2.82743 -0.0263719
385.6 2.82743 -0.0502389
385.8 2.82743 -0.0910104
386 2.82743 -0.106609
386.2 2.82743 -0.0645311
386.4 2.82743 0.0147826
386.6 2.82743 0.0738054
386.8 2.82743 0.0775771
387 2.82743 0.0472883
387.2 2.82743 0.0289387
387.4 2.82743 0.0381057
387.6 2.82743 0.0488604
387.8 2.82743 0.0357484
388 2.82743 0.00985906
388.2 2.82743 0.00122293
388.4 2.82743 0.0136647
388.6 2.82743 0.016312
388.8 2.82743 -0.0132299
389 2.82743 -0.050719
389.2 2.82743 -0.047203
389.4 2.82743 0.00995503
389.6 2.82743 0.0721614
389.8 2.82743 0.0763466
390 2.82743 0.0131029
390.2 2.82743 -0.0617148
390.4 2.82743 -0.0849208
390.6 2.82743 -0.0482123
390.8 2.82743 0.00128654
391 2.82743 0.01559
391.2 2.82743 -0.00858498
391.4 2.82743 -0.0382157
391.6 2.82743 -0.0473793
391.8 2.82743 -0.0431855
392 2.82743 -0.0496532
392.2 2.82743 -0.0731303
392.4 2.82743 -0.0888697
392.6 2.82743 -0.0629595
392.8 2.82743 0.0112783
393 2.82743 0.0964152
393.2 2.82743 0.132047
393.4 2.82743 0.0818709
393.6 2.82743 -0.0308548
393.8 2.82743 -0.133704
394 2.82743 -0.159649
394.2 2.82743 -0.100521
394.4 2.82743 -0.00996415
394.6 2.82743 0.0474454
394.8 2.82743 0.0495345
395 2.82743 0.0211188
395.2 2.82743 -0.00571596
395.4 2.82743 -0.0232372
395.6 2.82743 -0.0373987
395.8 2.82743 -0.0398794
396 2.82743 -0.0101931
396.2 2.82743 0.050007
396.4 2.82743 0.10005
396.6 2.82743 0.0950507
396.8 2.82743 0.0378857
397 2.82743 -0.0172362
397.2 2.82743 -0.0211218
397.4 2.82743 0.018218
397.6 2.82743 0.0506038
397.8 2.82743 0.0466642
398 2.82743 0.0297964
398.2 2.82743 0.0382786
398.4 2.82743 0.0691818
398.6 2.82743 0.0792109
398.8 2.82743 0.0422798
399 2.82743 -0.0123596
399.2 2.82743 -0.033874
399.4 2.82743 -0.0135984
399.6 2.82743 0.00484063
399.8 2.82743 -0.0156636
400 2.82743 -0.0533602
400.2 2.82743 -0.0518544
400.4 2.82743 0.00631726
400.6 2.82743 0.0693392
400.8 2.82743 0.0698918
401 2.82743 0.000505424
401.2 2.82743 -0.0782544
401.4 2.82743 -0.103145
401.6 2.82743 -0.0682914
401.8 2.82743 -0.0158611
402 2.82743 0.0185361
402.2 2.82743 0.034891
402.4 2.82743 0.0473827
402.6 2.82743 0.0551253
402.8 2.82743 0.0475993
403 2.82743 0.0290888
403.2 2.82743 0.0179575
403.4 2.82743 0.0176576
403.6 2.82743 0.00472956
403.8 2.82743 -0.0395138
404 2.82743 -0.0913712
404.2 2.82743 -0.098045
404.4 2.82743 -0.0377449
404.6 2.82743 0.0442245
404.8 2.82743 0.0745223
405 2.82743 0.0285119
405.2 2.82743 -0.0429331
405.4 2.82743 -0.0690366
405.6 2.82743 -0.0340094
405.8 2.82743 0.013548
406 2.82743 0.023144
406.2 2.82743 0.000295355
406.4 2.82743 -0.00669155
406.6 2.82743 0.0288115
406.8 2.82743 0.0747355
407 2.82743 0.0741661
407.2 2.82743 0.0105388
407.4 2.82743 -0.0693048
407.6 2.82743 -0.0994358
407.8 2.82743 -0.05889
408 2.82743 0.00970137
408.2 2.82743 0.0428008
408.4 2.82743 0.0148688
408.6 2.82743 -0.0437007
408.8 2.82743 -0.0827583
409 2.82743 -0.0828338
409.2 2.82743 -0.0683671
409.4 2.82743 -0.0727198
409.6 2.82743 -0.0951313
409.8 2.82743 -0.0991785
410 2.82743 -0.0565623
410.2 2.82743 0.0135991
410.4 2.82743 0.05929
410.6 2.82743 0.0526152
410.8 2.82743 0.0238108
411 2.82743 0.0278029
411.2 2.82743 0.0776727
411.4 2.82743 0.123877
411.6 2.82743 0.10842
411.8 2.82743 0.0324855
412 2.82743 -0.0437184
412.2 2.82743 -0.0695592
412.4 2.82743 -0.057259
412.6 2.82743 -0.0547486
412.8 2.82743 -0.0758839
413 2.82743 -0.0814922
413.2 2.82743 -0.0384337
413.4 2.82743 0.0220827
413.6 2.82743 0.0314666
413.8 2.82743 -0.0294741
414 2.82743 -0.0949768
414.2 2.82743 -0.0854262
414.4 2.82743 -0.00530329
414.6 2.82743 0.0551511
414.8 2.82743 0.024449
415 2.82743 -0.062315
415.2 2.82743 -0.10069
415.4 2.82743 -0.0375903
415.6 2.82743 0.0676424
415.8 2.82743 0.112016
416 2.82743 0.0623031
416.2 2.82743 -0.0195964
416.4 2.82743 -0.0578111
416.6 2.82743 -0.0425049
416.8 2.82743 -0.0168652
417 2.82743 -0.00575834
417.2 2.82743 0.0113215
417.4 2.82743 0.0522883
417.6 2.82743 0.0858275
417.8 2.82743 0.05944
418 2.82743 -0.0298638
418.2 2.82743 -0.117569
418.4 2.82743 -0.136537
418.6 2.82743 -0.0875895
418.8 2.82743 -0.0306888
419 2.82743 -0.0119046
419.2 2.82743 -0.0182063
419.4 2.82743 -0.00903309
419.6 2.82743 0.0259505
419.8 2.82743 0.0587958
420 2.82743 0.0662046
420.2 2.82743 0.0576682
420.4 2.82743 0.0523472
420.6 2.82743 0.0452937
420.8 2.82743 0.0175687
421 2.82743 -0.0230807
421.2 2.82743 -0.0348516
421.4 2.82743 0.0102947
421.6 2.82743 0.0817795
421.8 2.82743 0.112131
422 2.82743 0.0671528
422.2 2.82743 -0.0174192
422.4 2.82743 -0.0750308
422.6 2.82743 -0.0743647
422.8 2.82743 -0.0371677
423 2.82743 -6.98933e-05
423.2 2.82743 0.0214461
423.4 2.82743 0.027485
423.6 2.82743 0.0132765
423.8 2.82743 -0.024085
424 2.82743 -0.0629471
424.2 2.82743 -0.0654943
424.4 2.82743 -0.0219942
424.6 2.82743 0.0270497
424.8 2.82743 0.0325696
425 2.82743 -0.00129045
425.2 2.82743 -0.0180366
425.4 2.82743 0.0190914
425.6 2.82743 0.0733305
425.8 2.82743 0.0748752
426 2.82743 0.0114441
426.2 2.82743 -0.0485849
426.4 2.82743 -0.0386403
426.6 2.82743 0.0184914
426.8 2.82743 0.0345313
427 2.82743 -0.0309785
427.2 2.82743 -0.11032
427.4 2.82743 -0.103928
427.6 2.82743 -0.00485634
427.8 2.82743 0.0849551
428 2.82743 0.0727929
428.2 2.82743 -0.0153637
428.4 2.82743 -0.0695655
428.6 2.82743 -0.0322491
428.8 2.82743 0.0338104
429 2.82743 0.0298122
429.2 2.82743 -0.049888
429.4 2.82743 -0.107019
429.6 2.82743 -0.0613219
429.8 2.82743 0.0473971
430 2.82743 0.104252
430.2 2.82743 0.0555162
430.4 2.82743 -0.0305739
430.6 2.82743 -0.0499148
430.8 2.82743 0.013328
431 2.82743 0.0739705
431.2 2.82743 0.0532938
431.4 2.82743 -0.0276406
431.6 2.82743 -0.0774399
431.8 2.82743 -0.0423227
432 2.82743 0.0383491
432.2 2.82743 0.0853335
432.4 2.82743 0.0664629
432.6 2.82743 0.0153266
432.8 2.82743 -0.0242484
433 2.82743 -0.0467157
433.2 2.82743 -0.0696661
433.4 2.82743 -0.0890995
433.6 2.82743 -0.0737026
433.8 2.82743 -0.00804627
434 2.82743 0.0738105
434.2 2.82743 0.112341
434.4 2.82743 0.0806744
434.6 2.82743 0.0114251
434.8 2.82743 -0.0361354
435 2.82743 -0.0311201
435.2 2.82743 0.00812933
435.4 2.82743 0.0411568
435.6 2.82743 0.0457686
435.8 2.82743 0.0319723
436 2.82743 0.0236369
436.2 2.82743 0.0319958
436.4 2.82743 0.0457923
436.6 2.82743 0.0430766
436.8 2.82743 0.0115925
437 2.82743 -0.0394232
437.2 2.82743 -0.0847233
437.4 2.82743 -0.100755
437.6 2.82743 -0.0808917
437.8 2.82743 -0.0368114
438 2.82743 0.0117246
438.2 2.82743 0.046892
438.4 2.82743 0.0562493
438.6 2.82743 0.034654
438.8 2.82743 -0.00991098
439 2.82743 -0.0535223
439.2 2.82743 -0.0682332
439.4 2.82743 -0.0450353
439.6 2.82743 -0.00496672
439.8 2.82743 0.0178512
440 2.82743 0.00712333
440.2 2.82743 -0.0234483
440.4 2.82743 -0.0490899
440.6 2.82743 -0.0600325
440.8 2.82743 -0.0637606
441 2.82743 -0.0650206
441.2 2.82743 -0.0542442
441.4 2.82743 -0.0219406
441.6 2.82743 0.0214553
441.8 2.82743 0.0506315
442 2.82743 0.0522592
442.2 2.82743 0.0385561
442.4 2.82743 0.0285833
442.6 2.82743 0.0224699
442.8 2.82743 0.00520111
443 2.82743 -0.024361
443.2 2.82743 -0.0419105
443.4 2.82743 -0.0259294
443.6 2.82743 0.00894141
443.8 2.82743 0.0229761
444 2.82743 0.00144597
444.2 2.82743 -0.0192084
444.4 2.82743 0.00917019
444.6 2.82743 0.081903
444.8 2.82743 0.132655
445 2.82743 0.10091
445.2 2.82743 0.00258885
445.4 2.82743 -0.079276
445.6 2.82743 -0.0768786
445.8 2.82743 -0.00160739
446 2.82743 0.0775305
446.2 2.82743 0.10827
446.4 2.82743 0.0954712
446.6 2.82743 0.072408
446.8 2.82743 0.0532812
447 2.82743 0.0282783
447.2 2.82743 -0.00434442
447.4 2.82743 -0.0243212
447.6 2.82743 -0.0166067
447.8 2.82743 0.000926873
448 2.82743 -0.00593433
448.2 2.82743 -0.0439439
448.4 2.82743 -0.0799739
448.6 2.82743 -0.0802039
448.8 2.82743 -0.0520796
449 2.82743 -0.034441
449.2 2.82743 -0.0481429
449.4 2.82743 -0.0711537
449.6 2.82743 -0.0695333
449.8 2.82743 -0.0417558
450 2.82743 -0.0176523
450.2 2.82743 -0.0157326
450.4 2.82743 -0.0191402
450.6 2.82743 -0.00414466
450.8 2.82743 0.019188
451 2.82743 0.0145289
451.2 2.82743 -0.0292844
451.4 2.82743 -0.0714016
451.6 2.82743 -0.0598114
451.8 2.82743 0.00498264
452 2.82743 0.0642157
452.2 2.82743 0.0661175
452.4 2.82743 0.025688
452.6 2.82743 0.00488153
452.8 2.82743 0.0354645
453 2.82743 0.0779999
453.2 2.82743 0.0681073
453.4 2.82743 -0.00417522
453.6 2.82743 -0.0765584
453.8 2.82743 -0.0797939
454 2.82743 -0.0114518
454.2 2.82743 0.0636653
454.4 2.82743 0.0822379
454.6 2.82743 0.0418323
454.8 2.82743 -0.00844941
455 2.82743 -0.0251185
455.2 2.82743 -0.00880041
455.4 2.82743 0.00961653
455.6 2.82743 0.00823022
455.8 2.82743 -0.00712839
456 2.82743 -0.0171529
456.2 2.82743 -0.012156
456.4 2.82743 0.00128466
456.6 2.82743 0.0111165
456.8 2.82743 0.0123525
457 2.82743 0.00993505
457.2 2.82743 0.0122258
457.4 2.82743 0.0217133
457.6 2.82743 0.0303837
457.8 2.82743 0.0253433
458 2.82743 0.00296623
458.2 2.82743 -0.0211754
458.4 2.82743 -0.0207192
458.6 2.82743 0.0174493
458.8 2.82743 0.0762601
459 2.82743 0.118884
459.2 2.82743 0.118947
459.4 2.82743 0.0808034
459.6 2.82743 0.0304272
459.8 2.82743 -0.0098692
460 2.82743 -0.0349393
460.2 2.82743 -0.0491139
460.4 2.82743 -0.0544457
460.6 2.82743 -0.0512025
460.8 2.82743 -0.0442812
461 2.82743 -0.039536
461.2 2.82743 -0.0323886
461.4 2.82743 -0.00905469
461.6 2.82743 0.0331347
461.8 2.82743 0.0708989
462 2.82743 0.0727862
462.2 2.82743 0.0372961
462.4 2.82743 0.00538048
462.6 2.82743 0.0225073
462.8 2.82743 0.0857379
463 2.82743 0.137198
463.2 2.82743 0.11853
463.4 2.82743 0.0311243
463.6 2.82743 -0.0634073
463.8 2.82743 -0.102385
464 2.82743 -0.076487
464.2 2.82743 -0.0250984
464.4 2.82743 0.0115488
464.6 2.82743 0.0244318
464.8 2.82743 0.023419
465 2.82743 0.0110765
465.2 2.82743 -0.0168079
465.4 2.82743 -0.0493007
465.6 2.82743 -0.0575725
465.8 2.82743 -0.0258211
466 2.82743 0.0215721
466.2 2.82743 0.0385824
466.4 2.82743 0.00805829
466.6 2.82743 -0.0355744
466.8 2.82743 -0.0434254
467 2.82743 -0.00887636
467.2 2.82743 0.0240654
467.4 2.82743 0.0131419
467.6 2.82743 -0.0305539
467.8 2.82743 -0.0545997
468 2.82743 -0.0282739
468.2 2.82743 0.0184201
468.4 2.82743 0.0278
468.6 2.82743 -0.0173256
468.8 2.82743 -0.0700012
469 2.82743 -0.0690651
469.2 2.82743 -0.00736614
469.4 2.82743 0.0576034
469.6 2.82743 0.0622141
469.8 2.82743 0.00076668
470 2.82743 -0.0705744
470.2 2.82743 -0.0891256
470.4 2.82743 -0.0409417
470.6 2.82743 0.0348203
470.8 2.82743 0.0860405
471 2.82743 0.087606
471.2 2.82743 0.0494939
471.4 2.82743 -0.000319222
471.6 2.82743 -0.0346019
471.8 2.82743 -0.0363468
472 2.82743 -0.0042047
472.2 2.82743 0.0440598
472.4 2.82743 0.0782703
472.6 2.82743 0.0764294
472.8 2.82743 0.0443134
473 2.82743 0.0123498
473.2 2.82743 0.0077525
473.4 2.82743 0.0277069
473.6 2.82743 0.0423732
473.8 2.82743 0.0267069
474 2.82743 -0.011253
474.2 2.82743 -0.036065
474.4 2.82743 -0.0199302
474.6 2.82743 0.0286913
474.8 2.82743 0.0721658
475 2.82743 0.0789027
475.2 2.82743 0.0508123
475.4 2.82743 0.0171277
475.6 2.82743 0.00389528
475.8 2.82743 0.0116382
476 2.82743 0.0212864
476.2 2.82743 0.017496
476.4 2.82743 0.00273014
476.6 2.82743 -0.0102984
476.8 2.82743 -0.0150227
477 2.82743 -0.0162247
477.2 2.82743 -0.0201003
477.4 2.82743 -0.0238247
477.6 2.82743 -0.0184195
477.8 2.82743 -0.00121731
478 2.82743 0.0180228
478.2 2.82743 0.0258371
478.4 2.82743 0.0194964
478.6 2.82743 0.0109249
478.8 2.82743 0.0153702
479 2.82743 0.0363652
479.2 2.82743 0.0617618
479.4 2.82743 0.0735308
479.6 2.82743 0.0609422
479.8 2.82743 0.0260066
480 2.82743 -0.0202141
480.2 2.82743 -0.063951
480.4 2.82743 -0.0928336
480.6 2.82743 -0.0985051
480.8 2.82743 -0.079915
481 2.82743 -0.0454359
481.2 2.82743 -0.00951957
481.4 2.82743 0.0159697
481.6 2.82743 0.0287245
481.8 2.82743 0.0341414
482 2.82743 0.0363741
482.2 2.82743 0.0324262
482.4 2.82743 0.017153
482.6 2.82743 -0.00568531
482.8 2.82743 -0.020424
483 2.82743 -0.0122788
483.2 2.82743 0.0146422
483.4 2.82743 0.0347829
483.6 2.82743 0.0224562
483.8 2.82743 -0.0206091
484 2.82743 -0.060799
484.2 2.82743 -0.0609639
484.4 2.82743 -0.0168408
484.6 2.82743 0.0362044
484.8 2.82743 0.0561125
485 2.82743 0.0349837
485.2 2.82743 0.00490749
485.4 2.82743 0.00192117
485.6 2.82743 0.0270018
485.8 2.82743 0.0474385
486 2.82743 0.0371611
486.2 2.82743 0.009745
486.4 2.82743 0.00495918
486.6 2.82743 0.0425715
486.8 2.82743 0.095978
487 2.82743 0.116991
487.2 2.82743 0.0850428
487.4 2.82743 0.0266
487.6 2.82743 -0.0150969
487.8 2.82743 -0.0231239
488 2.82743 -0.0146161
488.2 2.82743 -0.00966028
488.4 2.82743 -0.00417589
488.6 2.82743 0.0190168
488.8 2.82743 0.0577172
489 2.82743 0.0821358
489.2 2.82743 0.0662521
489.4 2.82743 0.0221612
489.6 2.82743 -0.00754009
489.8 2.82743 0.00470405
490 2.82743 0.0393092
490.2 2.82743 0.0501904
490.4 2.82743 0.017364
490.6 2.82743 -0.0274482
490.8 2.82743 -0.0322596
491 2.82743 0.0194081
491.2 2.82743 0.0876843
491.4 2.82743 0.111892
491.6 2.82743 0.0661222
491.8 2.82743 -0.0183607
492 2.82743 -0.0809721
492.2 2.82743 -0.0808293
492.4 2.82743 -0.0258283
492.6 2.82743 0.036793
492.8 2.82743 0.0565766
493 2.82743 0.0166872
493.2 2.82743 -0.053007
493.4 2.82743 -0.0974301
493.6 2.82743 -0.0805508
493.8 2.82743 -0.0182748
494 2.82743 0.032328
494.2 2.82743 0.02409
494.4 2.82743 -0.0343726
494.6 2.82743 -0.0855496
494.8 2.82743 -0.0792803
495 2.82743 -0.0217997
495.2 2.82743 0.0342245
495.4 2.82743 0.0468093
495.6 2.82743 0.0249201
495.8 2.82743 0.00840841
496 2.82743 0.0151538
496.2 2.82743 0.0205019
496.4 2.82743 -0.00705313
496.6 2.82743 -0.0599689
496.8 2.82743 -0.0944064
497 2.82743 -0.0800215
497.2 2.82743 -0.0358055
497.4 2.82743 -0.00761973
497.6 2.82743 -0.0149785
497.8 2.82743 -0.0327632
498 2.82743 -0.0291079
498.2 2.82743 -0.00974144
498.4 2.82743 -0.0109523
498.6 2.82743 -0.0490522
498.8 2.82743 -0.0912461
499 2.82743 -0.0881973
499.2 2.82743 -0.0317896
499.4 2.82743 0.0313268
499.6 2.82743 0.0478152
499.8 2.82743 0.0111278
500 2.82743 -0.0397053
500.2 2.82743 -0.0684604
500.4 2.82743 -0.0756406
500.6 2.82743 -0.0811417
500.8 2.82743 -0.086977
501 2.82743 -0.0737365
501.2 2.82743 -0.0346206
501.4 2.82743 0.00300084
501.6 2.82743 0.00410438
501.8 2.82743 -0.0290345
502 2.82743 -0.0526601
502.2 2.82743 -0.0297536
502.4 2.82743 0.024714
502.6 2.82743 0.0577518
502.8 2.82743 0.0376559
503 2.82743 -0.010409
503.2 2.82743 -0.0344806
503.4 2.82743 -0.0160034
503.6 2.82743 0.00979494
503.8 2.82743 -0.00491383
504 2.82743 -0.0666633
504.2 2.82743 -0.133489
504.4 2.82743 -0.157504
504.6 2.82743 -0.127596
504.8 2.82743 -0.0710388
505 2.82743 -0.0226679
505.2 2.82743 0.00127952
505.4 2.82743 0.00550867
505.6 2.82743 0.00478559
505.8 2.82743 0.0146918
506 2.82743 0.0435456
506.2 2.82743 0.0821368
506.4 2.82743 0.102244
506.6 2.82743 0.0771352
506.8 2.82743 0.0123667
507 2.82743 -0.0475499
507.2 2.82743 -0.0539939
507.4 2.82743 -0.00183828
507.6 2.82743 0.0608035
507.8 2.82743 0.0753251
508 2.82743 0.0264534
508.2 2.82743 -0.0471145
508.4 2.82743 -0.0925793
508.6 2.82743 -0.0888038
508.8 2.82743 -0.0537107
509 2.82743 -0.0163439
509.2 2.82743 0.00857772
509.4 2.82743 0.0200023
509.6 2.82743 0.0173397
509.8 2.82743 -0.000791449
510 2.82743 -0.025858
510.2 2.82743 -0.0382948
510.4 2.82743 -0.0253956
510.6 2.82743 0.00116835
510.8 2.82743 0.0124452
511 2.82743 -0.00937047
511.2 2.82743 -0.0509255
511.4 2.82743 -0.0782848
511.6 2.82743 -0.0678913
511.8 2.82743 -0.0273257
512 2.82743 0.0124838
512.2 2.82743 0.0242191
512.4 2.82743 0.0062831
512.6 2.82743 -0.0167785
512.8 2.82743 -0.0147354
513 2.82743 0.0221163
513.2 2.82743 0.0709267
513.4 2.82743 0.0914334
513.6 2.82743 0.0605067
513.8 2.82743 -0.00294635
514 2.82743 -0.0497503
514.2 2.82743 -0.0439355
514.4 2.82743 0.00237046
514.6 2.82743 0.0396133
514.8 2.82743 0.0290017
515 2.82743 -0.0205285
515.2 2.82743 -0.0636792
515.4 2.82743 -0.0638833
515.6 2.82743 -0.0233044
515.8 2.82743 0.0287385
516 2.82743 0.0666729
516.2 2.82743 0.082123
516.4 2.82743 0.0743349
516.6 2.82743 0.0434001
516.8 2.82743 0.000151319
517 2.82743 -0.0275326
517.2 2.82743 -0.0153453
517.4 2.82743 0.0258051
517.6 2.82743 0.0498359
517.8 2.82743 0.0194891
518 2.82743 -0.0505491
518.2 2.82743 -0.104454
518.4 2.82743 -0.103493
518.6 2.82743 -0.0661075
518.8 2.82743 -0.0426235
519 2.82743 -0.055375
519.2 2.82743 -0.0763441
519.4 2.82743 -0.0674153
519.6 2.82743 -0.0299289
519.8 2.82743 -0.000472544
520 2.82743 -0.0011071
520.2 2.82743 -0.0113356
520.4 2.82743 3.88209e-05
520.6 2.82743 0.0261132
520.8 2.82743 0.0244249
521 2.82743 -0.0272233
521.2 2.82743 -0.0924841
521.4 2.82743 -0.109922
521.6 2.82743 -0.0624544
521.8 2.82743 0.00185944
522 2.82743 0.024818
522.2 2.82743 0.00318381
522.4 2.82743 -0.0148204
522.6 2.82743 0.00502547
522.8 2.82743 0.0384223
523 2.82743 0.0339637
523.2 2.82743 -0.0198329
523.4 2.82743 -0.0758472
523.6 2.82743 -0.0806976
523.8 2.82743 -0.0336477
524 2.82743 0.0173083
524.2 2.82743 0.0325516
524.4 2.82743 0.019725
524.6 2.82743 0.0118669
524.8 2.82743 0.0196354
525 2.82743 0.0196212
525.2 2.82743 -0.0107136
525.4 2.82743 -0.0599427
525.6 2.82743 -0.0933211
525.8 2.82743 -0.0914163
526 2.82743 -0.0683374
526.2 2.82743 -0.051035
526.4 2.82743 -0.0486434
526.6 2.82743 -0.0475445
526.8 2.82743 -0.0319575
527 2.82743 -0.00207656
527.2 2.82743 0.027808
527.4 2.82743 0.0427835
527.6 2.82743 0.0371892
527.8 2.82743 0.0175504
528 2.82743 0.000913937
528.2 2.82743 0.00508932
528.4 2.82743 0.0304542
528.6 2.82743 0.0501694
528.8 2.82743 0.0293243
529 2.82743 -0.0362846
529.2 2.82743 -0.103976
529.4 2.82743 -0.11954
529.6 2.82743 -0.0743405
529.8 2.82743 -0.0190947
530 2.82743 -0.0112137
530.2 2.82743 -0.0506699
530.4 2.82743 -0.0800446
530.6 2.82743 -0.0524759
530.8 2.82743 0.0110754
531 2.82743 0.0442301
531.2 2.82743 0.012262
531.4 2.82743 -0.0475771
531.6 2.82743 -0.0696435
531.8 2.82743 -0.03367
532 2.82743 0.0185295
532.2 2.82743 0.0373749
532.4 2.82743 0.0195963
532.6 2.82743 -0.00121817
532.8 2.82743 -0.0050639
533 2.82743 -0.00527363
533.2 2.82743 -0.0152685
533.4 2.82743 -0.016589
533.6 2.82743 0.0188889
533.8 2.82743 0.0787769
534 2.82743 0.10566
534.2 2.82743 0.0582343
534.4 2.82743 -0.0321464
534.6 2.82743 -0.084914
534.8 2.82743 -0.0546434
535 2.82743 0.0211622
535.2 2.82743 0.0676542
535.4 2.82743 0.05685
535.6 2.82743 0.0298097
535.8 2.82743 0.0346312
536 2.82743 0.0620452
536.2 2.82743 0.0596157
536.4 2.82743 0.0043289
536.6 2.82743 -0.0604481
536.8 2.82743 -0.0716479
537 2.82743 -0.0193966
537.2 2.82743 0.042067
537.4 2.82743 0.0563583
537.6 2.82743 0.0232095
537.8 2.82743 -0.0126928
538 2.82743 -0.0194125
538.2 2.82743 -0.00781206
538.4 2.82743 -0.00355993
538.6 2.82743 -0.00677666
538.8 2.82743 0.00562712
539 2.82743 0.0421081
539.2 2.82743 0.0775673
539.4 2.82743 0.0801603
539.6 2.82743 0.0490829
539.8 2.82743 0.0153047
540 2.82743 0.00640187
540.2 2.82743 0.0201084
540.4 2.82743 0.0355072
540.6 2.82743 0.0413146
540.8 2.82743 0.0445767
541 2.82743 0.0553102
541.2 2.82743 0.0735012
541.4 2.82743 0.0935654
541.6 2.82743 0.11136
541.8 2.82743 0.118143
542 2.82743 0.0943406
542.2 2.82743 0.0256248
542.4 2.82743 -0.0685984
542.6 2.82743 -0.134447
542.8 2.82743 -0.127548
543 2.82743 -0.0603734
543.2 2.82743 0.00452237
543.4 2.82743 0.0164204
543.6 2.82743 -0.0136004
543.8 2.82743 -0.0327485
544 2.82743 -0.0126785
544.2 2.82743 0.0182244
544.4 2.82743 0.015552
544.6 2.82743 -0.0194736
544.8 2.82743 -0.0369785
545 2.82743 -0.00081957
545.2 2.82743 0.0599575
545.4 2.82743 0.0772176
545.6 2.82743 0.0202509
545.8 2.82743 -0.0669898
546 2.82743 -0.111703
546.2 2.82743 -0.0879939
546.4 2.82743 -0.0366933
546.6 2.82743 -0.0126981
546.8 2.82743 -0.0265161
547 2.82743 -0.0456696
547.2 2.82743 -0.0443653
547.4 2.82743 -0.0352963
547.6 2.82743 -0.0473621
547.8 2.82743 -0.08348
548 2.82743 -0.113819
548.2 2.82743 -0.11115
548.4 2.82743 -0.0821629
548.6 2.82743 -0.0567111
548.8 2.82743 -0.0506896
549 2.82743 -0.0488566
549.2 2.82743 -0.0265515
549.4 2.82743 0.0175079
549.6 2.82743 0.0558347
549.8 2.82743 0.0590867
550 2.82743 0.0251859
550.2 2.82743 -0.0181656
550.4 2.82743 -0.0380191
550.6 2.82743 -0.0239927
550.8 2.82743 0.00420251
551 2.82743 0.0151151
551.2 2.82743 -0.00471321
551.4 2.82743 -0.0353342
551.6 2.82743 -0.0403025
551.8 2.82743 -0.00598329
552 2.82743 0.034861
552.2 2.82743 0.0280256
552.4 2.82743 -0.0428868
552.6 2.82743 -0.123334
552.8 2.82743 -0.127736
553 2.82743 -0.024581
553.2 2.82743 0.119153
553.4 2.82743 0.190518
553.6 2.82743 0.135525
553.8 2.82743 0.00987807
554 2.82743 -0.0786613
554.2 2.82743 -0.0760588
554.4 2.82743 -0.0243671
554.6 2.82743 -0.00141747
554.8 2.82743 -0.0319036
555 2.82743 -0.0694216
555.2 2.82743 -0.0612235
555.4 2.82743 -0.0131708
555.6 2.82743 0.0204263
555.8 2.82743 0.00362946
556 2.82743 -0.0404316
556.2 2.82743 -0.0594461
556.4 2.82743 -0.031093
556.6 2.82743 0.0185665
556.8 2.82743 0.0510415
557 2.82743 0.0548807
557.2 2.82743 0.0443278
557.4 2.82743 0.030481
557.6 2.82743 0.00918853
557.8 2.82743 -0.0222197
558 2.82743 -0.0506001
558.2 2.82743 -0.0601669
558.4 2.82743 -0.0541521
558.6 2.82743 -0.0501892
558.8 2.82743 -0.0520377
559 2.82743 -0.0385753
559.2 2.82743 0.00781041
559.4 2.82743 0.0670278
559.6 2.82743 0.0914609
559.8 2.82743 0.0580226
560 2.82743 0.0011368
560.2 2.82743 -0.0190242
560.4 2.82743 0.0181871
560.6 2.82743 0.0715361
560.8 2.82743 0.0870556
561 2.82743 0.0609279
561.2 2.82743 0.0408449
561.4 2.82743 0.064323
561.6 2.82743 0.109902
561.8 2.82743 0.121587
562 2.82743 0.076989
562.2 2.82743 0.0165135
562.4 2.82743 -0.002197
562.6 2.82743 0.0298816
562.8 2.82743 0.064512
563 2.82743 0.0526684
563.2 2.82743 -0.00100238
563.4 2.82743 -0.0461752
563.6 2.82743 -0.0423397
563.8 2.82743 0.00336732
564 2.82743 0.0518244
564.2 2.82743 0.0732097
564.4 2.82743 0.0660868
564.6 2.82743 0.0443134
564.8 2.82743 0.0198575
565 2.82743 0.00175624
565.2 2.82743 -0.000522752
565.4 2.82743 0.0144364
565.6 2.82743 0.03006
565.8 2.82743 0.023524
566 2.82743 -0.00537509
566.2 2.82743 -0.0243104
566.4 2.82743 0.000733413
566.6 2.82743 0.0634151
566.8 2.82743 0.115699
567 2.82743 0.115506
567.2 2.82743 0.0715368
567.4 2.82743 0.0313782
567.6 2.82743 0.0252342
567.8 2.82743 0.0321655
568 2.82743 0.00998747
568.2 2.82743 -0.0474126
568.4 2.82743 -0.0962497
568.6 2.82743 -0.0915411
568.8 2.82743 -0.0410009
569 2.82743 0.000572581
569.2 2.82743 -0.00911992
569.4 2.82743 -0.055033
569.6 2.82743 -0.0845915
569.8 2.82743 -0.0664502
570 2.82743 -0.0208847
570.2 2.82743 0.00733852
570.4 2.82743 -0.00306092
570.6 2.82743 -0.0344426
570.8 2.82743 -0.055872
571 2.82743 -0.0529317
571.2 2.82743 -0.0311261
571.4 2.82743 -0.000834144
571.6 2.82743 0.0302114
571.8 2.82743 0.0515912
572 2.82743 0.0493995
572.2 2.82743 0.019266
572.4 2.82743 -0.022904
572.6 2.82743 -0.0509374
572.8 2.82743 -0.0515948
573 2.82743 -0.0343326
573.2 2.82743 -0.0170477
573.4 2.82743 -0.0071088
573.6 2.82743 -0.00118978
573.8 2.82743 0.000191486
574 2.82743 -0.0118365
574.2 2.82743 -0.0395896
574.4 2.82743 -0.0657548
574.6 2.82743 -0.0654334
574.8 2.82743 -0.0339205
575 2.82743 0.00384429
575.2 2.82743 0.0175099
575.4 2.82743 0.00318459
575.6 2.82743 -0.0145068
575.8 2.82743 -0.0124334
576 2.82743 0.00537155
576.2 2.82743 0.0160625
576.4 2.82743 0.00730148
576.6 2.82743 -0.0104408
576.8 2.82743 -0.0223417
577 2.82743 -0.0312361
577.2 2.82743 -0.0519608
577.4 2.82743 -0.0842142
577.6 2.82743 -0.100831
577.8 2.82743 -0.0717057
578 2.82743 0.000538502
578.2 2.82743 0.0739812
578.4 2.82743 0.100312
578.6 2.82743 0.0652274
578.8 2.82743 -0.00176787
579 2.82743 -0.0531232
579.2 2.82743 -0.0579038
579.4 2.82743 -0.0179875
579.6 2.82743 0.0391529
579.8 2.82743 0.0797528
580 2.82743 0.0830946
580.2 2.82743 0.0535482
580.4 2.82743 0.0178178
580.6 2.82743 0.00531535
580.8 2.82743 0.0239272
581 2.82743 0.0530629
581.2 2.82743 0.0631205
581.4 2.82743 0.0439052
581.6 2.82743 0.0135818
581.8 2.82743 -5.80246e-05
582 2.82743 0.0149859
582.2 2.82743 0.0475843
582.4 2.82743 0.0761327
582.6 2.82743 0.0831704
582.8 2.82743 0.0605331
583 2.82743 0.0113957
583.2 2.82743 -0.0444339
583.4 2.82743 -0.0726825
583.6 2.82743 -0.0474984
583.8 2.82743 0.017946
584 2.82743 0.0693529
584.2 2.82743 0.0545979
584.4 2.82743 -0.0229734
584.6 2.82743 -0.0999165
584.8 2.82743 -0.111406
585 2.82743 -0.0568376
585.2 2.82743 -0.00151815
585.4 2.82743 -0.00817813
585.6 2.82743 -0.0701048
585.8 2.82743 -0.118295
586 2.82743 -0.0945285
586.2 2.82743 -0.0114204
586.4 2.82743 0.0636095
586.6 2.82743 0.0786129
586.8 2.82743 0.0438127
587 2.82743 0.00916303
587.2 2.82743 0.00566526
587.4 2.82743 0.0177445
587.6 2.82743 0.0115539
587.8 2.82743 -0.020398
588 2.82743 -0.0503954
588.2 2.82743 -0.0480744
588.4 2.82743 -0.0134135
588.6 2.82743 0.0260025
588.8 2.82743 0.0457868
589 2.82743 0.0465728
589.2 2.82743 0.0456011
589.4 2.82743 0.0525806
589.6 2.82743 0.0590342
589.8 2.82743 0.0506407
590 2.82743 0.0251472
590.2 2.82743 -0.00507788
590.4 2.82743 -0.0267015
590.6 2.82743 -0.0375451
590.8 2.82743 -0.0431327
591 2.82743 -0.0433766
591.2 2.82743 -0.0275678
591.4 2.82743 0.0136959
591.6 2.82743 0.0717258
591.8 2.82743 0.118783
592 2.82743 0.12808
592.2 2.82743 0.0969782
592.4 2.82743 0.0491486
592.6 2.82743 0.0125762
592.8 2.82743 -0.00419778
593 2.82743 -0.0131321
593.2 2.82743 -0.0263295
593.4 2.82743 -0.0391781
593.6 2.82743 -0.0369104
593.8 2.82743 -0.0158378
594 2.82743 0.00713455
594.2 2.82743 0.00898033
594.4 2.82743 -0.0169922
594.6 2.82743 -0.0548454
594.8 2.82743 -0.0800949
595 2.82743 -0.0768174
595.2 2.82743 -0.0435071
595.4 2.82743 0.0092254
595.6 2.82743 0.0601821
595.8 2.82743 0.081819
596 2.82743 0.0561775
596.2 2.82743 -0.00453386
596.4 2.82743 -0.0579622
596.6 2.82743 -0.0633468
596.8 2.82743 -0.0183243
597 2.82743 0.0399724
597.2 2.82743 0.0740058
597.4 2.82743 0.0812321
597.6 2.82743 0.0839451
597.8 2.82743 0.0885792
598 2.82743 0.0711712
598.2 2.82743 0.0138711
598.4 2.82743 -0.0534114
598.6 2.82743 -0.0692102
598.8 2.82743 -0.00879517
599 2.82743 0.074968
599.2 2.82743 0.0973326
599.4 2.82743 0.0321004
599.6 2.82743 -0.0566435
599.8 2.82743 -0.0834236
600 2.82743 -0.0342109
600.2 2.82743 0.023972
600.4 2.82743 0.0270704
600.6 2.82743 -0.0104567
600.8 2.82743 -0.0193394
601 2.82743 0.0328358
601.2 2.82743 0.0958733
601.4 2.82743 0.0942339
601.6 2.82743 0.0176262
601.8 2.82743 -0.0645728
602 2.82743 -0.0801266
602.2 2.82743 -0.0290476
602.4 2.82743 0.0284915
602.6 2.82743 0.047109
602.8 2.82743 0.0386609
603 2.82743 0.0375349
603.2 2.82743 0.044673
603.4 2.82743 0.0271154
603.6 2.82743 -0.0288732
603.8 2.82743 -0.0852413
604 2.82743 -0.0867808
604.2 2.82743 -0.0231669
604.4 2.82743 0.0564245
604.6 2.82743 0.0920181
604.8 2.82743 0.0673313
605 2.82743 0.0133263
605.2 2.82743 -0.0309013
605.4 2.82743 -0.0496735
605.6 2.82743 -0.048658
605.8 2.82743 -0.0389705
606 2.82743 -0.0319842
606.2 2.82743 -0.0392982
606.4 2.82743 -0.0621387
606.6 2.82743 -0.080156
606.8 2.82743 -0.0651474
607 2.82743 -0.0155849
607.2 2.82743 0.0299173
607.4 2.82743 0.0275645
607.6 2.82743 -0.0216587
607.8 2.82743 -0.0687262
608 2.82743 -0.0703679
608.2 2.82743 -0.0381931
608.4 2.82743 -0.0212802
608.6 2.82743 -0.0414224
608.8 2.82743 -0.0619093
609 2.82743 -0.0317133
609.2 2.82743 0.0471538
609.4 2.82743 0.113016
609.6 2.82743 0.109276
609.8 2.82743 0.044239
610 2.82743 -0.0224876
610.2 2.82743 -0.0455438
610.4 2.82743 -0.0318656
610.6 2.82743 -0.0144852
610.8 2.82743 -0.00706158
611 2.82743 0.00147563
611.2 2.82743 0.0165965
611.4 2.82743 0.0250821
611.6 2.82743 0.020042
611.8 2.82743 0.0218327
612 2.82743 0.0533503
612.2 2.82743 0.0963683
612.4 2.82743 0.0952807
612.6 2.82743 0.0203665
612.8 2.82743 -0.0821799
613 2.82743 -0.124674
613.2 2.82743 -0.0701344
613.4 2.82743 0.0231159
613.6 2.82743 0.0621329
613.8 2.82743 0.0198004
614 2.82743 -0.0406851
614.2 2.82743 -0.0445002
614.4 2.82743 0.00736862
614.6 2.82743 0.0452917
614.8 2.82743 0.0206643
615 2.82743 -0.0328992
615.2 2.82743 -0.0407883
615.4 2.82743 0.0196618
615.6 2.82743 0.0874693
615.8 2.82743 0.0864099
616 2.82743 0.013128
616.2 2.82743 -0.0571231
616.4 2.82743 -0.0532876
616.6 2.82743 0.0149114
616.8 2.82743 0.0710371
617 2.82743 0.0567774
617.2 2.82743 -0.00781511
617.4 2.82743 -0.0521683
617.6 2.82743 -0.0352894
617.8 2.82743 0.0115479
618 2.82743 0.0236544
618.2 2.82743 -0.0218947
618.4 2.82743 -0.0773677
618.6 2.82743 -0.0731509
618.8 2.82743 0.00723644
619 2.82743 0.104948
619.2 2.82743 0.140929
619.4 2.82743 0.0927785
619.6 2.82743 0.0147608
619.8 2.82743 -0.0192214
620 2.82743 0.0102847
620.2 2.82743 0.0531056
620.4 2.82743 0.046423
620.6 2.82743 -0.0193306
620.8 2.82743 -0.0946129
621 2.82743 -0.124675
621.2 2.82743 -0.0999197
621.4 2.82743 -0.050801
621.6 2.82743 -0.00465256
621.8 2.82743 0.0377175
622 2.82743 0.0816127
622.2 2.82743 0.111224
622.4 2.82743 0.0997358
622.6 2.82743 0.0471489
622.8 2.82743 -0.00667672
623 2.82743 -0.0181383
623.2 2.82743 0.014065
623.4 2.82743 0.0494206
623.6 2.82743 0.0532168
623.8 2.82743 0.0336904
624 2.82743 0.0248726
624.2 2.82743 0.0396683
624.4 2.82743 0.0533874
624.6 2.82743 0.0367504
624.8 2.82743 -0.00596832
625 2.82743 -0.0416819
625.2 2.82743 -0.0472162
625.4 2.82743 -0.0315696
625.6 2.82743 -0.0175296
625.8 2.82743 -0.0127517
626 2.82743 -0.00916932
626.2 2.82743 -0.00522077
626.4 2.82743 -0.013606
626.6 2.82743 -0.0419142
626.8 2.82743 -0.0767592
627 2.82743 -0.0984389
627.2 2.82743 -0.106624
627.4 2.82743 -0.116386
627.6 2.82743 -0.125345
627.8 2.82743 -0.101262
628 2.82743 -0.0205328
628.2 2.82743 0.0833747
628.4 2.82743 0.131498
628.6 2.82743 0.0759531
628.8 2.82743 -0.0400236
629 2.82743 -0.114567
629.2 2.82743 -0.0868018
629.4 2.82743 0.00330383
629.6 2.82743 0.0606334
629.8 2.82743 0.0344644
630 2.82743 -0.0366721
630.2 2.82743 -0.0754031
630.4 2.82743 -0.0466355
630.6 2.82743 0.0176654
630.8 2.82743 0.0622771
631 2.82743 0.0609641
631.2 2.82743 0.0272268
631.4 2.82743 -0.00850998
631.6 2.82743 -0.0203191
631.8 2.82743 0.00354922
632 2.82743 0.0516366
632.2 2.82743 0.085598
632.4 2.82743 0.063386
632.6 2.82743 -0.0163831
632.8 2.82743 -0.0971585
633 2.82743 -0.109574
633.2 2.82743 -0.0431465
633.4 2.82743 0.0370502
633.6 2.82743 0.0570223
633.8 2.82743 0.0134423
634 2.82743 -0.0262733
634.2 2.82743 -0.00459607
634.4 2.82743 0.0605264
634.6 2.82743 0.102503
634.8 2.82743 0.0885874
635 2.82743 0.0539297
635.2 2.82743 0.0477844
635.4 2.82743 0.0648773
635.6 2.82743 0.0524274
635.8 2.82743 -0.0163812
636 2.82743 -0.0983292
636.2 2.82743 -0.124008
636.4 2.82743 -0.0760176
636.6 2.82743 -0.00559739
636.8 2.82743 0.0290368
637 2.82743 0.0228391
637.2 2.82743 0.0127276
637.4 2.82743 0.0202273
637.6 2.82743 0.0281767
637.8 2.82743 0.0171341
638 2.82743 0.00284512
638.2 2.82743 0.0170203
638.4 2.82743 0.0559144
638.6 2.82743 0.0711178
638.8 2.82743 0.0240926
639 2.82743 -0.0607923
639.2 2.82743 -0.114301
639.4 2.82743 -0.0946224
639.6 2.82743 -0.0291652
639.8 2.82743 0.0214349
640 2.82743 0.0297738
640.2 2.82743 0.0197872
640.4 2.82743 0.0224743
640.6 2.82743 0.0320565
640.8 2.82743 0.0177674
641 2.82743 -0.0286015
641.2 2.82743 -0.0731467
641.4 2.82743 -0.0736444
641.6 2.82743 -0.0253446
641.8 2.82743 0.0341711
642 2.82743 0.0626031
642.2 2.82743 0.0492849
642.4 2.82743 0.015824
642.6 2.82743 -0.0100902
642.8 2.82743 -0.0170498
643 2.82743 -0.0124587
643.2 2.82743 -0.0114952
643.4 2.82743 -0.0233391
643.6 2.82743 -0.0414816
643.8 2.82743 -0.0453915
644 2.82743 -0.0182252
644.2 2.82743 0.0307334
644.4 2.82743 0.0648288
644.6 2.82743 0.050739
644.8 2.82743 -0.00577227
645 2.82743 -0.0603965
645.2 2.82743 -0.072989
645.4 2.82743 -0.0482314
645.6 2.82743 -0.0279678
645.8 2.82743 -0.0429332
646 2.82743 -0.0788202
646.2 2.82743 -0.0938233
646.4 2.82743 -0.0643893
646.6 2.82743 -0.00610216
646.8 2.82743 0.0486759
647 2.82743 0.0830012
647.2 2.82743 0.100518
647.4 2.82743 0.107004
647.6 2.82743 0.0997521
647.8 2.82743 0.0772308
648 2.82743 0.0492907
648.2 2.82743 0.0296196
648.4 2.82743 0.0214713
648.6 2.82743 0.0183225
648.8 2.82743 0.0172231
649 2.82743 0.0221539
649.2 2.82743 0.0312038
649.4 2.82743 0.0305962
649.6 2.82743 0.0122317
649.8 2.82743 -0.00720363
650 2.82743 -7.44474e-05
650.2 2.82743 0.0329271
650.4 2.82743 0.0503978
650.6 2.82743 0.0139025
650.8 2.82743 -0.0574886
651 2.82743 -0.0950611
651.2 2.82743 -0.0555931
651.4 2.82743 0.0213641
651.6 2.82743 0.0505224
651.8 2.82743 -0.00195326
652 2.82743 -0.0757302
652.2 2.82743 -0.084765
652.4 2.82743 -0.0197381
652.6 2.82743 0.0392605
652.8 2.82743 0.0180255
653 2.82743 -0.0622495
653.2 2.82743 -0.109173
653.4 2.82743 -0.0680326
653.6 2.82743 0.0160293
653.8 2.82743 0.0550269
654 2.82743 0.0213166
654.2 2.82743 -0.0270361
654.4 2.82743 -0.0235407
654.6 2.82743 0.0264687
654.8 2.82743 0.0583496
655 2.82743 0.0301838
655.2 2.82743 -0.0295363
655.4 2.82743 -0.0620316
655.6 2.82743 -0.0491594
655.8 2.82743 -0.0276553
656 2.82743 -0.0369598
656.2 2.82743 -0.0707492
656.4 2.82743 -0.0888356
656.6 2.82743 -0.0673604
656.8 2.82743 -0.0242188
657 2.82743 0.00427947
657.2 2.82743 0.00118768
657.4 2.82743 -0.0205703
657.6 2.82743 -0.0370867
657.8 2.82743 -0.0353342
658 2.82743 -0.0204527
658.2 2.82743 -0.0104372
658.4 2.82743 -0.022949
658.6 2.82743 -0.0573526
658.8 2.82743 -0.0858066
659 2.82743 -0.0723344
659.2 2.82743 -0.0130755
659.4 2.82743 0.0460336
659.6 2.82743 0.0482119
659.8 2.82743 -0.00906946
660 2.82743 -0.0591158
660.2 2.82743 -0.0328684
660.4 2.82743 0.0590605
660.6 2.82743 0.128045
660.8 2.82743 0.102269
661 2.82743 0.00977163
661.2 2.82743 -0.0505263
661.4 2.82743 -0.0217167
661.6 2.82743 0.0461121
661.8 2.82743 0.0574857
662 2.82743 -0.0132233
662.2 2.82743 -0.0910986
662.4 2.82743 -0.0916929
662.6 2.82743 -0.0231
662.8 2.82743 0.0242362
663 2.82743 -0.0139283
663.2 2.82743 -0.0995341
663.4 2.82743 -0.137657
663.6 2.82743 -0.08539
663.8 2.82743 0.00486649
664 2.82743 0.0512481
664.2 2.82743 0.0322006
664.4 2.82743 -0.0035898
664.6 2.82743 -0.00627855
664.8 2.82743 0.0188632
665 2.82743 0.0314514
665.2 2.82743 0.0160191
665.4 2.82743 0.00227629
665.6 2.82743 0.0236811
665.8 2.82743 0.0704761
666 2.82743 0.0955446
666.2 2.82743 0.0647803
666.4 2.82743 -0.00657119
666.6 2.82743 -0.0691195
666.8 2.82743 -0.0860359
667 2.82743 -0.0633935
667.2 2.82743 -0.0398585
667.4 2.82743 -0.0495171
667.6 2.82743 -0.0904453
667.8 2.82743 -0.12373
668 2.82743 -0.105276
668.2 2.82743 -0.0278389
668.4 2.82743 0.0640387
668.6 2.82743 0.107013
668.8 2.82743 0.0760817
669 2.82743 0.0100715
669.2 2.82743 -0.0254821
669.4 2.82743 -0.00383758
669.6 2.82743 0.0388853
669.8 2.82743 0.0477249
670 2.82743 0.0101798
670.2 2.82743 -0.0349604
670.4 2.82743 -0.0473075
670.6 2.82743 -0.0286755
670.8 2.82743 -0.00856067
671 2.82743 0.00284691
671.2 2.82743 0.026555
671.4 2.82743 0.0740604
671.6 2.82743 0.112935
671.8 2.82743 0.095118
672 2.82743 0.0201462
672.2 2.82743 -0.0497256
672.4 2.82743 -0.0534502
672.6 2.82743 -0.00322642
672.8 2.82743 0.0258244
673 2.82743 -0.0173699
673.2 2.82743 -0.097603
673.4 2.82743 -0.132634
673.6 2.82743 -0.0890289
673.8 2.82743 -0.0200559
674 2.82743 -0.00057137
674.2 2.82743 -0.0376516
674.4 2.82743 -0.0647147
674.6 2.82743 -0.0251301
674.8 2.82743 0.0561666
675 2.82743 0.0984711
675.2 2.82743 0.0577275
675.4 2.82743 -0.0225339
675.6 2.82743 -0.0587153
675.8 2.82743 -0.0166737
676 2.82743 0.0562874
676.2 2.82743 0.0861607
676.4 2.82743 0.0484713
676.6 2.82743 -0.0139996
676.8 2.82743 -0.0411851
677 2.82743 -0.0134788
677.2 2.82743 0.0382596
677.4 2.82743 0.0692295
677.6 2.82743 0.0597385
677.8 2.82743 0.0227838
678 2.82743 -0.0159405
678.2 2.82743 -0.0400579
678.4 2.82743 -0.0488109
678.6 2.82743 -0.0491716
678.8 2.82743 -0.0452718
679 2.82743 -0.0342165
679.2 2.82743 -0.0101711
679.4 2.82743 0.0273709
679.6 2.82743 0.0681527
679.8 2.82743 0.0941556
680 2.82743 0.0903624
680.2 2.82743 0.0564018
680.4 2.82743 0.00972299
680.6 2.82743 -0.023941
680.8 2.82743 -0.0283352
681 2.82743 -0.0101907
681.2 2.82743 0.00407778
681.4 2.82743 -0.00968897
681.6 2.82743 -0.0492065
681.8 2.82743 -0.0836972
682 2.82743 -0.0814918
682.2 2.82743 -0.0438481
682.4 2.82743 -0.00813956
682.6 2.82743 -0.0114011
682.8 2.82743 -0.049821
683 2.82743 -0.0799459
683.2 2.82743 -0.0641464
683.4 2.82743 -0.0112099
683.6 2.82743 0.0345799
683.8 2.82743 0.0433865
684 2.82743 0.0291596
684.2 2.82743 0.0239566
684.4 2.82743 0.0310504
684.6 2.82743 0.0185256
684.8 2.82743 -0.0361673
685 2.82743 -0.10733
685.2 2.82743 -0.141332
685.4 2.82743 -0.116451
685.6 2.82743 -0.0703177
685.8 2.82743 -0.0593279
686 2.82743 -0.0963817
686.2 2.82743 -0.138463
686.4 2.82743 -0.135416
686.6 2.82743 -0.0807374
686.8 2.82743 -0.0105949
687 2.82743 0.0357344
687.2 2.82743 0.0427498
687.4 2.82743 0.0128904
687.6 2.82743 -0.043865
687.8 2.82743 -0.102803
688 2.82743 -0.121346
688.2 2.82743 -0.069502
688.4 2.82743 0.0285065
688.6 2.82743 0.100205
688.8 2.82743 0.0922255
689 2.82743 0.0298201
689.2 2.82743 -0.00795231
689.4 2.82743 0.0202046
689.6 2.82743 0.0657328
689.8 2.82743 0.0466463
690 2.82743 -0.0483238
690.2 2.82743 -0.133074
690.4 2.82743 -0.113993
690.6 2.82743 0.00458575
690.8 2.82743 0.122211
691 2.82743 0.148138
691.2 2.82743 0.0887858
691.4 2.82743 0.0216208
691.6 2.82743 -0.0012164
691.8 2.82743 -0.000508483
692 2.82743 -0.0219667
692.2 2.82743 -0.0662063
692.4 2.82743 -0.0873854
692.6 2.82743 -0.0547942
692.8 2.82743 0.00726099
693 2.82743 0.049301
693.2 2.82743 0.0514235
693.4 2.82743 0.0326915
693.6 2.82743 0.0130724
693.8 2.82743 -0.0123959
694 2.82743 -0.0535253
694.2 2.82743 -0.0953197
694.4 2.82743 -0.107386
694.6 2.82743 -0.0814099
694.8 2.82743 -0.0422452
695 2.82743 -0.0152577
695.2 2.82743 0.00364163
695.4 2.82743 0.0312424
695.6 2.82743 0.058738
695.8 2.82743 0.0534255
696 2.82743 0.00724572
696.2 2.82743 -0.0345041
696.4 2.82743 -0.0163653
696.6 2.82743 0.0556254
696.8 2.82743 0.10728
697 2.82743 0.0749162
697.2 2.82743 -0.0198199
697.4 2.82743 -0.092565
697.6 2.82743 -0.0923189
697.8 2.82743 -0.0544943
698 2.82743 -0.0472927
698.2 2.82743 -0.0817896
698.4 2.82743 -0.100845
698.6 2.82743 -0.0589461
698.8 2.82743 0.0133664
699 2.82743 0.0461433
699.2 2.82743 0.0207329
699.4 2.82743 -0.00574513
699.6 2.82743 0.0221987
699.8 2.82743 0.0779722
700 2.82743 0.0772957
700.2 2.82743 -0.0158887
700.4 2.82743 -0.132441
700.6 2.82743 -0.16518
700.8 2.82743 -0.084646
701 2.82743 0.0315349
701.2 2.82743 0.0864395
701.4 2.82743 0.0626237
701.6 2.82743 0.0207038
701.8 2.82743 0.012935
702 2.82743 0.0244882
702.2 2.82743 0.00871444
702.4 2.82743 -0.0384947
702.6 2.82743 -0.0644485
702.8 2.82743 -0.0233138
703 2.82743 0.0628514
703.2 2.82743 0.120824
703.4 2.82743 0.101463
703.6 2.82743 0.0278827
703.8 2.82743 -0.0328898
704 2.82743 -0.0372992
704.2 2.82743 -3.24454e-05
704.4 2.82743 0.0313238
704.6 2.82743 0.0256892
704.8 2.82743 -0.00768093
705 2.82743 -0.0349578
705.2 2.82743 -0.0306258
705.4 2.82743 0.00126121
705.6 2.82743 0.0306305
705.8 2.82743 0.0255402
706 2.82743 -0.0199188
706.2 2.82743 -0.0759706
706.4 2.82743 -0.0982302
706.6 2.82743 -0.0654319
706.8 2.82743 0.000373748
707 2.82743 0.0524086
707.2 2.82743 0.0597723
707.4 2.82743 0.0298773
707.6 2.82743 -0.00696658
707.8 2.82743 -0.0294518
708 2.82743 -0.038198
708.2 2.82743 -0.0421526
708.4 2.82743 -0.0423453
708.6 2.82743 -0.0341894
708.8 2.82743 -0.0200017
709 2.82743 -0.0096627
709.2 2.82743 -0.00682709
709.4 2.82743 -0.00176559
709.6 2.82743 0.0151982
709.8 2.82743 0.0351762
710 2.82743 0.0336421
710.2 2.82743 -0.00324872
710.4 2.82743 -0.0578207
710.6 2.82743 -0.0915642
710.8 2.82743 -0.0792091
711 2.82743 -0.0320418
711.2 2.82743 0.0122404
711.4 2.82743 0.0229927
711.6 2.82743 0.0028866
711.8 2.82743 -0.0146488
712 2.82743 0.00586955
712.2 2.82743 0.0685951
712.4 2.82743 0.134727
712.6 2.82743 0.146938
712.8 2.82743 0.0772276
713 2.82743 -0.0405661
713.2 2.82743 -0.12926
713.4 2.82743 -0.131094
713.6 2.82743 -0.0597949
713.8 2.82743 0.011738
714 2.82743 0.0201339
714.2 2.82743 -0.0308831
714.4 2.82743 -0.0827087
714.6 2.82743 -0.0872175
714.8 2.82743 -0.0519513
715 2.82743 -0.0189939
715.2 2.82743 -0.00984773
715.4 2.82743 -0.00461988
715.6 2.82743 0.02351
715.8 2.82743 0.0670704
716 2.82743 0.0895804
716.2 2.82743 0.0689345
716.4 2.82743 0.0226388
716.6 2.82743 -0.0150471
716.8 2.82743 -0.031716
717 2.82743 -0.0419421
717.2 2.82743 -0.0577047
717.4 2.82743 -0.067994
717.6 2.82743 -0.0553369
717.8 2.82743 -0.0239074
718 2.82743 0.00173252
718.2 2.82743 0.00640118
718.4 2.82743 0.00141814
718.6 2.82743 0.00578015
718.8 2.82743 0.0188984
719 2.82743 0.0242095
719.2 2.82743 0.0180905
719.4 2.82743 0.0197357
719.6 2.82743 0.0425298
719.8 2.82743 0.0651105
720 2.82743 0.0488483
720.2 2.82743 -0.0110079
720.4 2.82743 -0.065718
720.6 2.82743 -0.059654
720.8 2.82743 0.00496598
721 2.82743 0.0637483
721.2 2.82743 0.0580216
721.4 2.82743 -0.000231541
721.6 2.82743 -0.0416092
721.8 2.82743 -0.0161222
722 2.82743 0.0534338
722.2 2.82743 0.0981363
722.4 2.82743 0.07459
722.6 2.82743 0.00205494
722.8 2.82743 -0.0658524
723 2.82743 -0.0918955
723.2 2.82743 -0.074759
723.4 2.82743 -0.0326289
723.6 2.82743 0.0150697
723.8 2.82743 0.0495995
724 2.82743 0.0536589
724.2 2.82743 0.0250543
724.4 2.82743 -0.0131606
724.6 2.82743 -0.0288213
724.8 2.82743 -0.0125482
725 2.82743 0.0123657
725.2 2.82743 0.0173501
725.4 2.82743 0.00160263
725.6 2.82743 -0.00994819
725.8 2.82743 -0.000348185
726 2.82743 0.0177255
726.2 2.82743 0.0190966
726.4 2.82743 -0.00224887
726.6 2.82743 -0.0284233
726.8 2.82743 -0.0427513
727 2.82743 -0.0476705
727.2 2.82743 -0.0522179
727.4 2.82743 -0.0516551
727.6 2.82743 -0.0336133
727.8 2.82743 -0.00397632
728 2.82743 0.00889645
728.2 2.82743 -0.012638
728.4 2.82743 -0.0452209
728.6 2.82743 -0.0437688
728.8 2.82743 0.00442616
729 2.82743 0.0576173
729.2 2.82743 0.0645683
729.4 2.82743 0.027585
729.6 2.82743 0.00473154
729.8 2.82743 0.0419856
730 2.82743 0.113788
730.2 2.82743 0.145306
730.4 2.82743 0.0942597
730.6 2.82743 -0.00146694
730.8 2.82743 -0.0640002
731 2.82743 -0.0544148
731.2 2.82743 -0.00257654
731.4 2.82743 0.0363612
731.6 2.82743 0.0384794
731.8 2.82743 0.0185334
732 2.82743 -0.00327428
732.2 2.82743 -0.0216243
732.4 2.82743 -0.0329863
732.6 2.82743 -0.0235498
732.8 2.82743 0.0116421
733 2.82743 0.0437074
733.2 2.82743 0.02672
733.4 2.82743 -0.0481714
733.6 2.82743 -0.12597
733.8 2.82743 -0.133714
734 2.82743 -0.0573062
734.2 2.82743 0.038132
734.4 2.82743 0.0739219
734.6 2.82743 0.03871
734.8 2.82743 -0.00598142
735 2.82743 0.000679965
735.2 2.82743 0.051864
735.4 2.82743 0.0866801
735.6 2.82743 0.0622295
735.8 2.82743 -0.00131315
736 2.82743 -0.0482895
736.2 2.82743 -0.0476422
736.4 2.82743 -0.0162515
736.6 2.82743 0.0106252
736.8 2.82743 0.0173954
737 2.82743 0.0128639
737.2 2.82743 0.0093484
737.4 2.82743 0.00982081
737.6 2.82743 0.013889
737.8 2.82743 0.0235347
738 2.82743 0.0362317
738.2 2.82743 0.0400355
738.4 2.82743 0.026166
738.6 2.82743 0.00527973
738.8 2.82743 -0.00027073
739 2.82743 0.0137124
739.2 2.82743 0.0192171
739.4 2.82743 -0.0157708
739.6 2.82743 -0.0840103
739.8 2.82743 -0.135282
740 2.82743 -0.124735
740.2 2.82743 -0.0618346
740.4 2.82743 -0.00149432
740.6 2.82743 0.0145098
740.8 2.82743 -0.00194976
741 2.82743 -0.0091711
741.2 2.82743 0.00844066
741.4 2.82743 0.0229992
741.6 2.82743 0.00539481
741.8 2.82743 -0.0284325
742 2.82743 -0.0294791
742.2 2.82743 0.0244773
742.4 2.82743 0.094308
742.6 2.82743 0.116361
742.8 2.82743 0.071158
743 2.82743 0.00415991
743.2 2.82743 -0.025974
743.4 2.82743 -0.0116284
743.6 2.82743 0.000940559
743.8 2.82743 -0.0290331
744 2.82743 -0.0867122
744.2 2.82743 -0.118915
744.4 2.82743 -0.0967546
744.6 2.82743 -0.0494698
744.8 2.82743 -0.0306748
745 2.82743 -0.0573483
745.2 2.82743 -0.0913849
745.4 2.82743 -0.0838319
745.6 2.82743 -0.0310296
745.8 2.82743 0.019388
746 2.82743 0.0173437
746.2 2.82743 -0.0392916
746.4 2.82743 -0.104445
746.6 2.82743 -0.129419
746.8 2.82743 -0.104485
747 2.82743 -0.0571969
747.2 2.82743 -0.0173518
747.4 2.82743 0.00989168
747.6 2.82743 0.0368439
747.8 2.82743 0.0670992
748 2.82743 0.0842631
748.2 2.82743 0.0691068
748.4 2.82743 0.0242898
748.6 2.82743 -0.0228455
748.8 2.82743 -0.0440721
749 2.82743 -0.0353978
749.2 2.82743 -0.0174913
749.4 2.82743 -0.0123362
749.6 2.82743 -0.0223848
749.8 2.82743 -0.0333781
750 2.82743 -0.0339703
750.2 2.82743 -0.0274672
750.4 2.82743 -0.0230481
750.6 2.82743 -0.0204307
750.8 2.82743 -0.00980629
751 2.82743 0.0118761
751.2 2.82743 0.0305806
751.4 2.82743 0.0281897
751.6 2.82743 0.00633367
751.8 2.82743 -0.00979957
752 2.82743 0.00140273
752.2 2.82743 0.027304
752.4 2.82743 0.0257131
752.6 2.82743 -0.0316522
752.8 2.82743 -0.120162
753 2.82743 -0.173792
753.2 2.82743 -0.143918
753.4 2.82743 -0.0487786
753.6 2.82743 0.0389529
753.8 2.82743 0.0581836
754 2.82743 0.0142558
754.2 2.82743 -0.0313729
754.4 2.82743 -0.025045
754.6 2.82743 0.0278699
754.8 2.82743 0.0750248
755 2.82743 0.0751171
755.2 2.82743 0.0386531
755.4 2.82743 0.0102355
755.6 2.82743 0.016252
755.8 2.82743 0.0370797
756 2.82743 0.0322119
756.2 2.82743 -0.0125999
756.4 2.82743 -0.0689795
756.6 2.82743 -0.0959011
756.8 2.82743 -0.080424
757 2.82743 -0.0456675
757.2 2.82743 -0.0227238
757.4 2.82743 -0.0211744
757.6 2.82743 -0.0276497
757.8 2.82743 -0.0254073
758 2.82743 -0.00781457
758.2 2.82743 0.0243387
758.4 2.82743 0.0668955
758.6 2.82743 0.106222
758.8 2.82743 0.116242
759 2.82743 0.0770534
759.2 2.82743 0.00420178
759.4 2.82743 -0.0498867
759.6 2.82743 -0.0396755
759.8 2.82743 0.0225995
760 2.82743 0.0692039
760.2 2.82743 0.0425081
760.4 2.82743 -0.0406786
760.6 2.82743 -0.100091
760.8 2.82743 -0.0741312
761 2.82743 0.0138853
761.2 2.82743 0.0799396
761.4 2.82743 0.0695449
761.6 2.82743 0.0132529
761.8 2.82743 -0.0146372
762 2.82743 0.0154817
762.2 2.82743 0.0563659
762.4 2.82743 0.0451223
762.6 2.82743 -0.0160805
762.8 2.82743 -0.0570332
763 2.82743 -0.019417
763.2 2.82743 0.0724281
763.4 2.82743 0.132381
763.6 2.82743 0.101849
763.8 2.82743 0.00790891
764 2.82743 -0.070269
764.2 2.82743 -0.0838584
764.4 2.82743 -0.0541072
764.6 2.82743 -0.0339542
764.8 2.82743 -0.0441652
765 2.82743 -0.056371
765.2 2.82743 -0.0340021
765.4 2.82743 0.0214366
765.6 2.82743 0.0692459
765.8 2.82743 0.0696501
766 2.82743 0.0207827
766.2 2.82743 -0.0405668
766.4 2.82743 -0.0701223
766.6 2.82743 -0.0505591
766.8 2.82743 -0.00399423
767 2.82743 0.025242
767.2 2.82743 0.00670027
767.4 2.82743 -0.0478615
767.6 2.82743 -0.0911196
767.8 2.82743 -0.0829302
768 2.82743 -0.0319097
768.2 2.82743 0.00915307
768.4 2.82743 -0.00342629
768.6 2.82743 -0.0557368
768.8 2.82743 -0.0880191
769 2.82743 -0.0578951
769.2 2.82743 0.0134766
769.4 2.82743 0.064774
769.6 2.82743 0.060059
769.8 2.82743 0.0207929
770 2.82743 -0.00875905
770.2 2.82743 -0.0144405
770.4 2.82743 -0.0164936
770.6 2.82743 -0.0258167
770.8 2.82743 -0.0183577
771 2.82743 0.030632
771.2 2.82743 0.0957701
771.4 2.82743 0.110367
771.6 2.82743 0.0402395
771.8 2.82743 -0.0625152
772 2.82743 -0.100569
772.2 2.82743 -0.0338955
772.4 2.82743 0.0702675
772.6 2.82743 0.102138
772.8 2.82743 0.0220635
773 2.82743 -0.101376
773.2 2.82743 -0.166355
773.4 2.82743 -0.139689
773.6 2.82743 -0.0762214
773.8 2.82743 -0.0458012
774 2.82743 -0.0588784
774.2 2.82743 -0.0699351
774.4 2.82743 -0.0416963
774.6 2.82743 0.0108386
774.8 2.82743 0.0413809
775 2.82743 0.0237831
775.2 2.82743 -0.0259094
775.4 2.82743 -0.0720526
775.6 2.82743 -0.0915742
775.8 2.82743 -0.0830292
776 2.82743 -0.0563585
776.2 2.82743 -0.0245365
776.4 2.82743 -0.00172722
776.6 2.82743 0.00254306
776.8 2.82743 -0.00669402
777 2.82743 -0.0113988
777.2 2.82743 0.000556785
777.4 2.82743 0.0188213
777.6 2.82743 0.0195451
777.8 2.82743 -0.00665598
778 2.82743 -0.040464
778.2 2.82743 -0.052208
778.4 2.82743 -0.0327201
778.6 2.82743 -0.00134611
778.8 2.82743 0.0163821
779 2.82743 0.013412
779.2 2.82743 0.00141962
779.4 2.82743 -0.00795736
779.6 2.82743 -0.014495
779.8 2.82743 -0.0220592
780 2.82743 -0.0276501
780.2 2.82743 -0.0238964
780.4 2.82743 -0.010453
780.6 2.82743 0.00291957
780.8 2.82743 0.00613153
781 2.82743 -0.00192619
781.2 2.82743 -0.0151616
781.4 2.82743 -0.027255
781.6 2.82743 -0.0330054
781.8 2.82743 -0.0261369
782 2.82743 -0.00348441
782.2 2.82743 0.0264942
782.4 2.82743 0.0464524
782.6 2.82743 0.0487802
782.8 2.82743 0.0491116
783 2.82743 0.0712919
783.2 2.82743 0.113835
783.4 2.82743 0.138395
783.6 2.82743 0.103344
783.8 2.82743 0.0123475
784 2.82743 -0.0772679
784.2 2.82743 -0.102796
784.4 2.82743 -0.0541521
784.6 2.82743 0.0186585
784.8 2.82743 0.0553098
785 2.82743 0.0386029
785.2 2.82743 -0.00028253
785.4 2.82743 -0.0222131
785.6 2.82743 -0.0187523
785.8 2.82743 -0.0130387
786 2.82743 -0.0309591
786.2 2.82743 -0.075113
786.4 2.82743 -0.121862
786.6 2.82743 -0.138257
786.8 2.82743 -0.105665
787 2.82743 -0.0369693
787.2 2.82743 0.0257884
787.4 2.82743 0.0397685
787.6 2.82743 -0.000952231
787.8 2.82743 -0.0545479
788 2.82743 -0.066726
788.2 2.82743 -0.0236342
788.4 2.82743 0.0334706
788.6 2.82743 0.0517806
788.8 2.82743 0.0230876
789 2.82743 -0.0109083
789.2 2.82743 -0.00990822
789.4 2.82743 0.0182231
789.6 2.82743 0.0307856
789.8 2.82743 0.00532537
790 2.82743 -0.0325757
790.2 2.82743 -0.0419125
790.4 2.82743 -0.0162947
790.6 2.82743 0.0114377
790.8 2.82743 0.0125032
791 2.82743 -0.00473643
791.2 2.82743 -0.0122643
791.4 2.82743 -0.00218709
791.6 2.82743 0.00690661
791.8 2.82743 0.00293607
792 2.82743 0.00213045
792.2 2.82743 0.0251802
792.4 2.82743 0.0602589
792.6 2.82743 0.0695384
792.8 2.82743 0.0385275
793 2.82743 0.00403006
793.2 2.82743 0.0167
793.4 2.82743 0.0784383
793.6 2.82743 0.133934
793.8 2.82743 0.132271
794 2.82743 0.0851243
794.2 2.82743 0.0493718
794.4 2.82743 0.0548111
794.6 2.82743 0.0675975
794.8 2.82743 0.035775
795 2.82743 -0.0399561
795.2 2.82743 -0.0991017
795.4 2.82743 -0.0883243
795.6 2.82743 -0.0223187
795.8 2.82743 0.0324945
796 2.82743 0.0287801
796.2 2.82743 -0.0184225
796.4 2.82743 -0.0579788
796.6 2.82743 -0.0577563
796.8 2.82743 -0.0258192
797 2.82743 0.012161
797.2 2.82743 0.0395496
797.4 2.82743 0.0516897
797.6 2.82743 0.0487465
797.8 2.82743 0.0385644
798 2.82743 0.0395459
798.2 2.82743 0.0633816
798.4 2.82743 0.0908211
798.6 2.82743 0.0797642
798.8 2.82743 0.0126431
799 2.82743 -0.068145
799.2 2.82743 -0.0899357
799.4 2.82743 -0.0249632
799.6 2.82743 0.0716492
799.8 2.82743 0.111438
800 2.82743 0.0609063
800.2 2.82743 -0.0267204
800.4 2.82743 -0.0699185
800.6 2.82743 -0.0404203
800.8 2.82743 0.0185862
801 2.82743 0.0460634
801.2 2.82743 0.0210515
801.4 2.82743 -0.0320671
801.6 2.82743 -0.0780333
801.8 2.82743 -0.0964532
802 2.82743 -0.0815672
802.2 2.82743 -0.0388338
802.4 2.82743 0.00895803
802.6 2.82743 0.0264646
802.8 2.82743 -0.0034633
803 2.82743 -0.0526305
803.2 2.82743 -0.0676959
803.4 2.82743 -0.0289738
803.6 2.82743 0.019638
803.8 2.82743 0.0155111
804 2.82743 -0.0470121
804.2 2.82743 -0.100865
804.4 2.82743 -0.0778614
804.6 2.82743 0.0112328
804.8 2.82743 0.0835535
805 2.82743 0.0728515
805.2 2.82743 -0.00115373
805.4 2.82743 -0.0609537
805.6 2.82743 -0.0584484
805.8 2.82743 -0.0172452
806 2.82743 0.0115727
806.2 2.82743 0.0149296
806.4 2.82743 0.021367
806.6 2.82743 0.0470136
806.8 2.82743 0.0634712
807 2.82743 0.0336818
807.2 2.82743 -0.0320349
807.4 2.82743 -0.0776073
807.6 2.82743 -0.0641545
807.8 2.82743 -0.0166718
808 2.82743 0.00535757
808.2 2.82743 -0.0211167
808.4 2.82743 -0.0566366
808.6 2.82743 -0.0484979
808.8 2.82743 0.00632961
809 2.82743 0.0597867
809.2 2.82743 0.0698937
809.4 2.82743 0.0438416
809.6 2.82743 0.0177351
809.8 2.82743 0.00544088
810 2.82743 -0.0156289
810.2 2.82743 -0.0662322
810.4 2.82743 -0.127392
810.6 2.82743 -0.154016
810.8 2.82743 -0.124013
811 2.82743 -0.0618686
811.2 2.82743 -0.0091052
811.4 2.82743 0.0194488
811.6 2.82743 0.0391874
811.8 2.82743 0.0590822
812 2.82743 0.0578098
812.2 2.82743 0.00923718
812.4 2.82743 -0.072284
812.6 2.82743 -0.127765
812.8 2.82743 -0.105934
813 2.82743 -0.0172993
813.2 2.82743 0.0724001
813.4 2.82743 0.105493
813.6 2.82743 0.0833594
813.8 2.82743 0.0510506
814 2.82743 0.0393988
814.2 2.82743 0.0359279
814.4 2.82743 0.0164805
814.6 2.82743 -0.00905196
814.8 2.82743 -0.00237216
815 2.82743 0.0482253
815.2 2.82743 0.095728
815.4 2.82743 0.0780223
815.6 2.82743 -0.00464033
815.8 2.82743 -0.0742432
816 2.82743 -0.0535614
816.2 2.82743 0.0430909
816.4 2.82743 0.116118
816.6 2.82743 0.0867047
816.8 2.82743 -0.0147607
817 2.82743 -0.0823786
817.2 2.82743 -0.0553751
817.4 2.82743 0.0145115
817.6 2.82743 0.02908
817.8 2.82743 -0.0354186
818 2.82743 -0.098212
818.2 2.82743 -0.0718925
818.4 2.82743 0.0295481
818.6 2.82743 0.103605
818.8 2.82743 0.0777983
819 2.82743 -0.00889974
819.2 2.82743 -0.0566712
819.4 2.82743 -0.0224344
819.6 2.82743 0.0377611
819.8 2.82743 0.0452964
820 2.82743 -0.00713969
820.2 2.82743 -0.0569559
820.4 2.82743 -0.054763
820.6 2.82743 -0.017144
820.8 2.82743 0.0108827
821 2.82743 0.020073
821.2 2.82743 0.0366712
821.4 2.82743 0.0647908
821.6 2.82743 0.0636348
821.8 2.82743 0.00256064
822 2.82743 -0.0791841
822.2 2.82743 -0.100571
822.4 2.82743 -0.0336973
822.6 2.82743 0.0539359
822.8 2.82743 0.0731992
823 2.82743 0.0183373
823.2 2.82743 -0.0282125
823.4 2.82743 -0.00159905
823.6 2.82743 0.0604099
823.8 2.82743 0.0618765
824 2.82743 -0.0308545
824.2 2.82743 -0.141857
824.4 2.82743 -0.170093
824.6 2.82743 -0.100939
824.8 2.82743 -0.0116741
825 2.82743 0.024852
825.2 2.82743 0.0128315
825.4 2.82743 0.000498647
825.6 2.82743 0.00265195
825.8 2.82743 -0.0109721
826 2.82743 -0.0534198
826.2 2.82743 -0.0831367
826.4 2.82743 -0.0539537
826.6 2.82743 0.0133515
826.8 2.82743 0.0437808
827 2.82743 0.000546884
827.2 2.82743 -0.0608068
827.4 2.82743 -0.0552701
827.6 2.82743 0.0241504
827.8 2.82743 0.0912819
828 2.82743 0.0683591
828.2 2.82743 -0.0189755
828.4 2.82743 -0.0718546
828.6 2.82743 -0.0363903
828.8 2.82743 0.0355656
829 2.82743 0.0540396
829.2 2.82743 -0.000745734
829.4 2.82743 -0.0612159
829.6 2.82743 -0.0588986
829.8 2.82743 -0.00214691
830 2.82743 0.0441494
830.2 2.82743 0.0385053
830.4 2.82743 -0.000175131
830.6 2.82743 -0.0313947
830.8 2.82743 -0.0425373
831 2.82743 -0.0458145
831.2 2.82743 -0.0432384
831.4 2.82743 -0.0206552
831.6 2.82743 0.0209538
831.8 2.82743 0.0505185
832 2.82743 0.0391722
832.2 2.82743 -0.00146664
832.4 2.82743 -0.0312203
832.6 2.82743 -0.0306216
832.8 2.82743 -0.0200202
833 2.82743 -0.021771
833.2 2.82743 -0.0206942
833.4 2.82743 0.0160079
833.6 2.82743 0.0823778
833.8 2.82743 0.122644
834 2.82743 0.0919911
834.2 2.82743 0.0163749
834.4 2.82743 -0.0300994
834.6 2.82743 -0.00819205
834.8 2.82743 0.0455573
835 2.82743 0.0702611
835.2 2.82743 0.0560945
835.4 2.82743 0.0463591
835.6 2.82743 0.0691205
835.8 2.82743 0.09565
836 2.82743 0.0832233
836.2 2.82743 0.0408742
836.4 2.82743 0.0218375
836.6 2.82743 0.0477461
836.8 2.82743 0.0698128
837 2.82743 0.0291073
837.2 2.82743 -0.0570223
837.4 2.82743 -0.101236
837.6 2.82743 -0.0490438
837.8 2.82743 0.048481
838 2.82743 0.0891265
838.2 2.82743 0.0396799
838.4 2.82743 -0.0264192
838.6 2.82743 -0.0207719
838.8 2.82743 0.0537323
839 2.82743 0.112448
839.2 2.82743 0.0963651
839.4 2.82743 0.0389312
839.6 2.82743 0.0130546
839.8 2.82743 0.0352542
840 2.82743 0.0525017
840.2 2.82743 0.0212789
840.4 2.82743 -0.032311
840.6 2.82743 -0.050362
840.8 2.82743 -0.0221721
841 2.82743 0.00537666
841.2 2.82743 -0.00251537
841.4 2.82743 -0.0190376
841.6 2.82743 0.00191524
841.8 2.82743 0.0500477
842 2.82743 0.0594784
842.2 2.82743 -0.00532224
842.4 2.82743 -0.0905365
842.6 2.82743 -0.106944
842.8 2.82743 -0.0374816
843 2.82743 0.0362597
843.2 2.82743 0.0262851
843.4 2.82743 -0.0609393
843.6 2.82743 -0.135925
843.8 2.82743 -0.131414
844 2.82743 -0.071246
844.2 2.82743 -0.0271108
844.4 2.82743 -0.0283962
844.6 2.82743 -0.039026
844.8 2.82743 -0.0179955
845 2.82743 0.0257848
845.2 2.82743 0.0532434
845.4 2.82743 0.0517639
845.6 2.82743 0.0463435
845.8 2.82743 0.0547613
846 2.82743 0.0571314
846.2 2.82743 0.0268053
846.4 2.82743 -0.0217326
846.6 2.82743 -0.0406942
846.8 2.82743 -0.00844725
847 2.82743 0.0390716
847.2 2.82743 0.0512709
847.4 2.82743 0.0263594
847.6 2.82743 0.0103346
847.8 2.82743 0.0308105
848 2.82743 0.0538299
848.2 2.82743 0.0245166
848.4 2.82743 -0.0577649
848.6 2.82743 -0.128002
848.8 2.82743 -0.126852
849 2.82743 -0.0673724
849.2 2.82743 -0.0153763
849.4 2.82743 -0.00963633
849.6 2.82743 -0.0220488
849.8 2.82743 -0.00354903
850 2.82743 0.0472618
850.2 2.82743 0.0801273
850.4 2.82743 0.055831
850.6 2.82743 -0.00495508
850.8 2.82743 -0.044868
851 2.82743 -0.0320552
851.2 2.82743 0.0126868
851.4 2.82743 0.0472886
851.6 2.82743 0.0518797
851.8 2.82743 0.0364603
852 2.82743 0.0189143
852.2 2.82743 0.00998663
852.4 2.82743 0.0164291
852.6 2.82743 0.0416724
852.8 2.82743 0.0744499
853 2.82743 0.0866691
853.2 2.82743 0.0575676
853.4 2.82743 0.000994841
853.6 2.82743 -0.0423965
853.8 2.82743 -0.0460179
854 2.82743 -0.0234735
854.2 2.82743 -0.0076129
854.4 2.82743 -0.0103415
854.6 2.82743 -0.0163328
854.8 2.82743 -0.0157482
855 2.82743 -0.0244093
855.2 2.82743 -0.0560204
855.4 2.82743 -0.0830039
855.6 2.82743 -0.0506236
855.8 2.82743 0.0558741
856 2.82743 0.170479
856.2 2.82743 0.195703
856.4 2.82743 0.100426
856.6 2.82743 -0.0422213
856.8 2.82743 -0.124815
857 2.82743 -0.108035
857.2 2.82743 -0.0450255
857.4 2.82743 -0.00868277
857.6 2.82743 -0.0135765
857.8 2.82743 -0.0193674
858 2.82743 0.00302922
858.2 2.82743 0.0328136
858.4 2.82743 0.032741
858.6 2.82743 0.00302415
858.8 2.82743 -0.0176677
859 2.82743 -0.00294768
859.2 2.82743 0.0275992
859.4 2.82743 0.0353652
859.6 2.82743 0.0127627
859.8 2.82743 -0.0095396
860 2.82743 -0.00529947
860.2 2.82743 0.012707
860.4 2.82743 0.0115097
860.6 2.82743 -0.0160552
860.8 2.82743 -0.0394776
861 2.82743 -0.0284915
861.2 2.82743 0.00786677
861.4 2.82743 0.0308635
861.6 2.82743 0.0183336
861.8 2.82743 -0.00894655
862 2.82743 -0.0112232
862.2 2.82743 0.0253284
862.4 2.82743 0.0729638
862.6 2.82743 0.0889885
862.8 2.82743 0.0531111
863 2.82743 -0.0188731
863.2 2.82743 -0.0889726
863.4 2.82743 -0.120637
863.6 2.82743 -0.0973044
863.8 2.82743 -0.0306888
864 2.82743 0.0450987
864.2 2.82743 0.0953047
864.4 2.82743 0.109122
864.6 2.82743 0.104045
864.8 2.82743 0.103201
865 2.82743 0.109826
865.2 2.82743 0.108825
865.4 2.82743 0.0927047
865.6 2.82743 0.0764853
865.8 2.82743 0.0788761
866 2.82743 0.0928437
866.2 2.82743 0.0873356
866.4 2.82743 0.0443479
866.6 2.82743 -0.0134228
866.8 2.82743 -0.0429081
867 2.82743 -0.0280241
867.2 2.82743 0.00367121
867.4 2.82743 0.017436
867.6 2.82743 0.015265
867.8 2.82743 0.0297302
868 2.82743 0.0733634
868.2 2.82743 0.109092
868.4 2.82743 0.0854577
868.6 2.82743 -0.000162141
868.8 2.82743 -0.0865021
869 2.82743 -0.103592
869.2 2.82743 -0.0390647
869.4 2.82743 0.0559586
869.6 2.82743 0.121273
869.8 2.82743 0.13732
870 2.82743 0.121684
870.2 2.82743 0.0935098
870.4 2.82743 0.0572731
870.6 2.82743 0.0185005
870.8 2.82743 -0.00461622
871 2.82743 0.000696015
871.2 2.82743 0.0184445
871.4 2.82743 0.0154262
871.6 2.82743 -0.0185193
871.8 2.82743 -0.0529051
872 2.82743 -0.0501967
872.2 2.82743 -0.0130567
872.4 2.82743 0.0155977
872.6 2.82743 0.00378085
872.8 2.82743 -0.0297901
873 2.82743 -0.0387371
873.2 2.82743 -0.00758354
873.4 2.82743 0.0283638
873.6 2.82743 0.0282205
873.8 2.82743 -0.00145819
874 2.82743 -0.0147734
874.2 2.82743 0.0131225
874.4 2.82743 0.0510591
874.6 2.82743 0.0499616
874.8 2.82743 0.0078158
875 2.82743 -0.0226266
875.2 2.82743 0.00190571
875.4 2.82743 0.0564868
875.6 2.82743 0.0704841
875.8 2.82743 0.00931702
876 2.82743 -0.080832
876.2 2.82743 -0.120271
876.4 2.82743 -0.0819807
876.6 2.82743 -0.018272
876.8 2.82743 -3.88759e-05
877 2.82743 -0.0411354
877.2 2.82743 -0.0911684
877.4 2.82743 -0.0969666
877.6 2.82743 -0.0572049
877.8 2.82743 -0.0130895
878 2.82743 0.00221871
878.2 2.82743 -0.00772034
878.4 2.82743 -0.0209774
878.6 2.82743 -0.0279338
878.8 2.82743 -0.0338703
879 2.82743 -0.0385964
879.2 2.82743 -0.0289331
879.4 2.82743 0.00280418
879.6 2.82743 0.0411115
879.8 2.82743 0.0584316
880 2.82743 0.0445022
880.2 2.82743 0.0182872
880.4 2.82743 0.00738833
880.6 2.82743 0.0195473
880.8 2.82743 0.0384958
881 2.82743 0.0453009
881.2 2.82743 0.0381268
881.4 2.82743 0.0302409
881.6 2.82743 0.0338936
881.8 2.82743 0.0495656
882 2.82743 0.0672214
882.2 2.82743 0.0727283
882.4 2.82743 0.0552017
882.6 2.82743 0.0169549
882.8 2.82743 -0.0196121
883 2.82743 -0.0226537
883.2 2.82743 0.019097
883.4 2.82743 0.0744858
883.6 2.82743 0.0887634
883.8 2.82743 0.0362481
884 2.82743 -0.0456392
884.2 2.82743 -0.0852142
884.4 2.82743 -0.0474787
884.6 2.82743 0.0262125
884.8 2.82743 0.0566439
885 2.82743 0.00640432
885.2 2.82743 -0.0825517
885.4 2.82743 -0.132801
885.6 2.82743 -0.107759
885.8 2.82743 -0.0398239
886 2.82743 0.0122046
886.2 2.82743 0.0223111
886.4 2.82743 0.00945903
886.6 2.82743 0.000709462
886.8 2.82743 -0.00278111
887 2.82743 -0.0187448
887.2 2.82743 -0.0531494
887.4 2.82743 -0.0885022
887.6 2.82743 -0.10329
887.8 2.82743 -0.0941498
888 2.82743 -0.0737093
888.2 2.82743 -0.0526037
888.4 2.82743 -0.0326743
888.6 2.82743 -0.017346
888.8 2.82743 -0.0174044
889 2.82743 -0.0371047
889.2 2.82743 -0.057694
889.4 2.82743 -0.047093
889.6 2.82743 0.00566522
889.8 2.82743 0.0685661
890 2.82743 0.0877974
890.2 2.82743 0.036966
890.4 2.82743 -0.0548183
890.6 2.82743 -0.12568
890.8 2.82743 -0.13301
891 2.82743 -0.0851447
891.2 2.82743 -0.0270783
891.4 2.82743 0.000937149
891.6 2.82743 -0.00778727
891.8 2.82743 -0.0304902
892 2.82743 -0.0401028
892.2 2.82743 -0.0263521
892.4 2.82743 0.00164253
892.6 2.82743 0.0276669
892.8 2.82743 0.0425026
893 2.82743 0.0484194
893.2 2.82743 0.051881
893.4 2.82743 0.0522757
893.6 2.82743 0.0392941
893.8 2.82743 0.00409775
894 2.82743 -0.0458159
894.2 2.82743 -0.0858094
894.4 2.82743 -0.0928705
894.6 2.82743 -0.0674451
894.8 2.82743 -0.0347766
895 2.82743 -0.0219105
895.2 2.82743 -0.0326866
895.4 2.82743 -0.0465431
895.6 2.82743 -0.0413778
895.8 2.82743 -0.0150393
896 2.82743 0.0164761
896.2 2.82743 0.0383065
896.4 2.82743 0.0489028
896.6 2.82743 0.0525078
896.8 2.82743 0.0458625
897 2.82743 0.020226
897.2 2.82743 -0.0215831
897.4 2.82743 -0.0563014
897.6 2.82743 -0.0565082
897.8 2.82743 -0.0186564
898 2.82743 0.0289215
898.2 2.82743 0.0512251
898.4 2.82743 0.0407154
898.6 2.82743 0.022697
898.8 2.82743 0.0240866
899 2.82743 0.0400933
899.2 2.82743 0.0389675
899.4 2.82743 0.00341628
899.6 2.82743 -0.038423
899.8 2.82743 -0.0343954
900 2.82743 0.0335359
900.2 2.82743 0.117941
900.4 2.82743 0.145057
900.6 2.82743 0.0915437
900.8 2.82743 0.0159052
901 2.82743 0.00210593
901.2 2.82743 0.0680948
901.4 2.82743 0.139535
901.6 2.82743 0.125274
901.8 2.82743 0.0183692
902 2.82743 -0.089053
902.2 2.82743 -0.0995249
902.4 2.82743 -0.0137274
902.6 2.82743 0.0704783
902.8 2.82743 0.0639752
903 2.82743 -0.0198998
903.2 2.82743 -0.0862227
903.4 2.82743 -0.0670924
903.6 2.82743 0.00697459
903.8 2.82743 0.0504497
904 2.82743 0.0237935
904.2 2.82743 -0.0269914
904.4 2.82743 -0.0334105
904.6 2.82743 0.0112983
904.8 2.82743 0.047565
905 2.82743 0.0243419
905.2 2.82743 -0.0401341
905.4 2.82743 -0.0820216
905.6 2.82743 -0.0652609
905.8 2.82743 -0.015681
906 2.82743 0.0165877
906.2 2.82743 0.0115905
906.4 2.82743 -0.0134058
906.6 2.82743 -0.0386864
906.8 2.82743 -0.0627268
907 2.82743 -0.0845019
907.2 2.82743 -0.0848721
907.4 2.82743 -0.045411
907.6 2.82743 0.0169082
907.8 2.82743 0.0541011
908 2.82743 0.0376788
908.2 2.82743 -0.00469772
908.4 2.82743 -0.0192361
908.6 2.82743 0.00769657
908.8 2.82743 0.0295416
909 2.82743 -0.00422731
909.2 2.82743 -0.0815778
909.4 2.82743 -0.134896
909.6 2.82743 -0.116646
909.8 2.82743 -0.0531447
910 2.82743 -0.0118823
910.2 2.82743 -0.0234474
910.4 2.82743 -0.0528994
910.6 2.82743 -0.0507976
910.8 2.82743 -0.0152012
911 2.82743 0.0122561
911.2 2.82743 0.00491213
911.4 2.82743 -0.0152675
911.6 2.82743 -0.0106973
911.8 2.82743 0.0201175
912 2.82743 0.0421159
912.2 2.82743 0.0326222
912.4 2.82743 0.0108398
912.6 2.82743 0.00723993
912.8 2.82743 0.0166836
913 2.82743 0.00388801
913.2 2.82743 -0.0414077
913.4 2.82743 -0.075102
913.6 2.82743 -0.0439872
913.8 2.82743 0.0436894
914 2.82743 0.113294
914.2 2.82743 0.101041
914.4 2.82743 0.0266921
914.6 2.82743 -0.0260333
914.8 2.82743 -0.00193012
915 2.82743 0.0667086
915.2 2.82743 0.101132
915.4 2.82743 0.0670132
915.6 2.82743 0.00939748
915.8 2.82743 -0.00445569
916 2.82743 0.0366706
916.2 2.82743 0.0775617
916.4 2.82743 0.0604479
916.6 2.82743 -0.0125759
916.8 2.82743 -0.0839582
917 2.82743 -0.0984864
917.2 2.82743 -0.0508855
917.4 2.82743 0.0174609
917.6 2.82743 0.0567744
917.8 2.82743 0.0430354
918 2.82743 -0.0118597
918.2 2.82743 -0.0695954
918.4 2.82743 -0.0870361
918.6 2.82743 -0.0439877
918.8 2.82743 0.0377082
919 2.82743 0.10386
919.2 2.82743 0.107701
919.4 2.82743 0.0484812
919.6 2.82743 -0.0279071
919.8 2.82743 -0.0683388
920 2.82743 -0.0539067
920.2 2.82743 -0.00687888
920.4 2.82743 0.0360781
920.6 2.82743 0.0526647
920.8 2.82743 0.0426338
921 2.82743 0.0195577
921.2 2.82743 0.00217275
921.4 2.82743 0.00739937
921.6 2.82743 0.0389803
921.8 2.82743 0.0778227
922 2.82743 0.090686
922.2 2.82743 0.0587309
922.4 2.82743 -0.000758118
922.6 2.82743 -0.0466649
922.8 2.82743 -0.0519427
923 2.82743 -0.0271581
923.2 2.82743 -0.00460528
923.4 2.82743 -0.00282013
923.6 2.82743 -0.0127445
923.8 2.82743 -0.0173459
924 2.82743 -0.0150339
924.2 2.82743 -0.0168811
924.4 2.82743 -0.0260218
924.6 2.82743 -0.0316608
924.8 2.82743 -0.0269908
925 2.82743 -0.0232816
925.2 2.82743 -0.0353227
925.4 2.82743 -0.0550334
925.6 2.82743 -0.0528381
925.8 2.82743 -0.0134173
926 2.82743 0.0368859
926.2 2.82743 0.0515392
926.4 2.82743 0.0159104
926.6 2.82743 -0.031841
926.8 2.82743 -0.0411461
927 2.82743 -0.00667677
927.2 2.82743 0.0250106
927.4 2.82743 0.0100747
927.6 2.82743 -0.0403579
927.8 2.82743 -0.0720498
928 2.82743 -0.049003
928.2 2.82743 0.0075298
928.4 2.82743 0.0454675
928.6 2.82743 0.0382734
928.8 2.82743 0.00516234
929 2.82743 -0.0207223
929.2 2.82743 -0.0291415
929.4 2.82743 -0.0302652
929.6 2.82743 -0.0268597
929.8 2.82743 -0.00784232
930 2.82743 0.0258008
930.2 2.82743 0.0440669
930.4 2.82743 0.014894
930.6 2.82743 -0.0509518
930.8 2.82743 -0.0969794
931 2.82743 -0.0747044
931.2 2.82743 0.00263008
931.4 2.82743 0.0707077
931.6 2.82743 0.0801474
931.8 2.82743 0.0432405
932 2.82743 0.0100226
932.2 2.82743 0.00674217
932.4 2.82743 0.0116884
932.6 2.82743 -0.00718832
932.8 2.82743 -0.0462022
933 2.82743 -0.0713099
933.2 2.82743 -0.0652664
933.4 2.82743 -0.0520163
933.6 2.82743 -0.0647123
933.8 2.82743 -0.0990576
934 2.82743 -0.114317
934.2 2.82743 -0.0831104
934.4 2.82743 -0.0268348
934.6 2.82743 0.00929378
934.8 2.82743 0.010268
935 2.82743 0.00521961
935.2 2.82743 0.024024
935.4 2.82743 0.0537946
935.6 2.82743 0.0537389
935.8 2.82743 0.0109447
936 2.82743 -0.0354869
936.2 2.82743 -0.0366681
936.4 2.82743 0.00727265
936.6 2.82743 0.0452055
936.8 2.82743 0.0340044
937 2.82743 -0.0132418
937.2 2.82743 -0.047894
937.4 2.82743 -0.0480598
937.6 2.82743 -0.0438579
937.8 2.82743 -0.074341
938 2.82743 -0.130508
938.2 2.82743 -0.156345
938.4 2.82743 -0.109213
938.6 2.82743 -0.00983106
938.8 2.82743 0.0745547
939 2.82743 0.0922402
939.2 2.82743 0.0475712
939.4 2.82743 -0.0152089
939.6 2.82743 -0.0557486
939.8 2.82743 -0.0620022
940 2.82743 -0.0436692
940.2 2.82743 -0.0172914
940.4 2.82743 0.00112569
940.6 2.82743 0.00205906
940.8 2.82743 -0.00821939
941 2.82743 -0.00869902
941.2 2.82743 0.0144576
941.4 2.82743 0.0451201
941.6 2.82743 0.0467226
941.8 2.82743 0.00280229
942 2.82743 -0.0573582
942.2 2.82743 -0.0851521
942.4 2.82743 -0.0664428
942.6 2.82743 -0.0385225
942.8 2.82743 -0.0460249
943 2.82743 -0.0875224
943.2 2.82743 -0.119077
943.4 2.82743 -0.110995
943.6 2.82743 -0.0848085
943.8 2.82743 -0.0809954
944 2.82743 -0.0984453
944.2 2.82743 -0.0873853
944.4 2.82743 -0.0119847
944.6 2.82743 0.0939054
944.8 2.82743 0.153113
945 2.82743 0.128227
945.2 2.82743 0.0628406
945.4 2.82743 0.0289516
945.6 2.82743 0.0434863
945.8 2.82743 0.0551664
946 2.82743 0.0158744
946.2 2.82743 -0.0532789
946.4 2.82743 -0.0833971
946.6 2.82743 -0.0398732
946.8 2.82743 0.035531
947 2.82743 0.071559
947.2 2.82743 0.0445256
947.4 2.82743 -0.00470409
947.6 2.82743 -0.0254381
947.8 2.82743 -0.0112775
948 2.82743 0.00651327
948.2 2.82743 0.00452981
948.4 2.82743 -0.0115337
948.6 2.82743 -0.0284939
948.8 2.82743 -0.0478998
949 2.82743 -0.0737796
949.2 2.82743 -0.0895394
949.4 2.82743 -0.068728
949.6 2.82743 -0.0147639
949.8 2.82743 0.0262849
950 2.82743 0.00990404
950.2 2.82743 -0.0507711
950.4 2.82743 -0.0887169
950.6 2.82743 -0.0520865
950.8 2.82743 0.0366777
951 2.82743 0.100289
951.2 2.82743 0.0848205
951.4 2.82743 0.0110282
951.6 2.82743 -0.0525889
951.8 2.82743 -0.0582133
952 2.82743 -0.0141611
952.2 2.82743 0.0381529
952.4 2.82743 0.0669081
952.6 2.82743 0.066517
952.8 2.82743 0.0468145
953 2.82743 0.0218144
953.2 2.82743 0.00805328
953.4 2.82743 0.0185861
953.6 2.82743 0.0481589
953.8 2.82743 0.0700392
954 2.82743 0.0593302
954.2 2.82743 0.0218808
954.4 2.82743 -0.00820685
954.6 2.82743 -0.00506366
954.8 2.82743 0.0199184
955 2.82743 0.0320139
955.2 2.82743 0.0132032
955.4 2.82743 -0.0206937
955.6 2.82743 -0.0441441
955.8 2.82743 -0.0523119
956 2.82743 -0.0574597
956.2 2.82743 -0.060467
956.4 2.82743 -0.0423365
956.6 2.82743 0.00683564
956.8 2.82743 0.0593491
957 2.82743 0.066195
957.2 2.82743 0.00798944
957.4 2.82743 -0.077705
957.6 2.82743 -0.127579
957.8 2.82743 -0.110068
958 2.82743 -0.0476453
958.2 2.82743 0.0141731
958.4 2.82743 0.0505044
958.6 2.82743 0.0669326
958.8 2.82743 0.0761401
959 2.82743 0.0776952
959.2 2.82743 0.0627932
959.4 2.82743 0.0297738
959.6 2.82743 -0.011652
959.8 2.82743 -0.0478196
960 2.82743 -0.066556
960.2 2.82743 -0.0589979
960.4 2.82743 -0.0263406
960.6 2.82743 0.0122001
960.8 2.82743 0.0286802
961 2.82743 0.014818
961.2 2.82743 -0.00175873
961.4 2.82743 0.0159518
961.6 2.82743 0.0648964
961.8 2.82743 0.0901673
962 2.82743 0.0387177
962.2 2.82743 -0.0728636
962.4 2.82743 -0.158736
962.6 2.82743 -0.144656
962.8 2.82743 -0.0457156
963 2.82743 0.047324
963.2 2.82743 0.061374
963.4 2.82743 0.0113336
963.6 2.82743 -0.0282102
963.8 2.82743 -0.0116807
964 2.82743 0.0318931
964.2 2.82743 0.0418811
964.4 2.82743 -0.00148719
964.6 2.82743 -0.0608056
964.8 2.82743 -0.0908464
965 2.82743 -0.0857592
965.2 2.82743 -0.0710097
965.4 2.82743 -0.0620905
965.6 2.82743 -0.0487231
965.8 2.82743 -0.0198199
966 2.82743 0.012192
966.2 2.82743 0.0235059
966.4 2.82743 0.00927
966.6 2.82743 -0.0108587
966.8 2.82743 -0.0185207
967 2.82743 -0.0165671
967.2 2.82743 -0.0164613
967.4 2.82743 -0.0142354
967.6 2.82743 0.00711615
967.8 2.82743 0.0496594
968 2.82743 0.0870004
968.2 2.82743 0.0889581
968.4 2.82743 0.056269
968.6 2.82743 0.0210002
968.8 2.82743 0.0109791
969 2.82743 0.0221743
969.2 2.82743 0.0305324
969.4 2.82743 0.0234062
969.6 2.82743 0.00884859
969.8 2.82743 -0.00366805
970 2.82743 -0.0174004
970.2 2.82743 -0.0354927
970.4 2.82743 -0.0439383
970.6 2.82743 -0.0237445
970.8 2.82743 0.0176688
971 2.82743 0.0420751
971.2 2.82743 0.0210192
971.4 2.82743 -0.0239426
971.6 2.82743 -0.0380226
971.8 2.82743 0.00259358
972 2.82743 0.0541035
972.2 2.82743 0.0471955
972.4 2.82743 -0.0335479
972.6 2.82743 -0.125067
972.8 2.82743 -0.149402
973 2.82743 -0.0957804
973.2 2.82743 -0.029055
973.4 2.82743 -0.0157358
973.6 2.82743 -0.0531884
973.8 2.82743 -0.0806016
974 2.82743 -0.0541054
974.2 2.82743 0.00217686
974.4 2.82743 0.025153
974.6 2.82743 -0.0150227
974.8 2.82743 -0.0812699
975 2.82743 -0.108125
975.2 2.82743 -0.067775
975.4 2.82743 0.00510453
975.6 2.82743 0.0496238
975.8 2.82743 0.0350125
976 2.82743 -0.0167783
976.2 2.82743 -0.057004
976.4 2.82743 -0.0550498
976.6 2.82743 -0.020784
976.8 2.82743 0.012073
977 2.82743 0.021741
977.2 2.82743 0.0176138
977.4 2.82743 0.0239398
977.6 2.82743 0.0459276
977.8 2.82743 0.0573141
978 2.82743 0.0278035
978.2 2.82743 -0.0366981
978.4 2.82743 -0.0892583
978.6 2.82743 -0.0859359
978.8 2.82743 -0.0346623
979 2.82743 0.00771562
979.2 2.82743 -0.00701256
979.4 2.82743 -0.0668353
979.6 2.82743 -0.11152
979.8 2.82743 -0.0954002
980 2.82743 -0.0310619
980.2 2.82743 0.0312348
980.4 2.82743 0.0585005
980.6 2.82743 0.0586682
980.8 2.82743 0.0529633
981 2.82743 0.0423766
981.2 2.82743 0.0149541
981.4 2.82743 -0.0205897
981.6 2.82743 -0.0293767
981.8 2.82743 0.00969101
982 2.82743 0.0674856
982.2 2.82743 0.0853154
982.4 2.82743 0.0369911
982.6 2.82743 -0.0404873
982.8 2.82743 -0.0878615
983 2.82743 -0.0891508
983.2 2.82743 -0.083037
983.4 2.82743 -0.106023
983.6 2.82743 -0.138981
983.8 2.82743 -0.126518
984 2.82743 -0.0487779
984.2 2.82743 0.0419681
984.4 2.82743 0.0694413
984.6 2.82743 0.0147797
984.8 2.82743 -0.0619506
985 2.82743 -0.0853766
985.2 2.82743 -0.0426374
985.4 2.82743 0.00996291
985.6 2.82743 0.0142119
985.8 2.82743 -0.0269511
986 2.82743 -0.0581082
986.2 2.82743 -0.036265
986.4 2.82743 0.0220325
986.6 2.82743 0.059408
986.8 2.82743 0.0370493
987 2.82743 -0.0285371
987.2 2.82743 -0.0839717
987.4 2.82743 -0.0886109
987.6 2.82743 -0.0465864
987.8 2.82743 0.00352435
988 2.82743 0.0257198
988.2 2.82743 0.0160547
988.4 2.82743 0.00132569
988.6 2.82743 0.0109868
988.8 2.82743 0.0476992
989 2.82743 0.0829527
989.2 2.82743 0.0831407
989.4 2.82743 0.042896
989.6 2.82743 -0.00722894
989.8 2.82743 -0.028889
990 2.82743 -0.0129619
990.2 2.82743 0.0128278
990.4 2.82743 0.0149873
990.6 2.82743 -0.00916292
990.8 2.82743 -0.0300041
991 2.82743 -0.0212983
991.2 2.82743 0.00707195
991.4 2.82743 0.0175641
991.6 2.82743 -0.0132239
991.8 2.82743 -0.0654988
992 2.82743 -0.0925992
992.2 2.82743 -0.0661947
992.4 2.82743 -0.00323066
992.6 2.82743 0.0510077
992.8 2.82743 0.0630041
993 2.82743 0.0336716
993.2 2.82743 -0.0119131
993.4 2.82743 -0.0484471
993.6 2.82743 -0.0621776
993.8 2.82743 -0.0481744
994 2.82743 -0.00881406
994.2 2.82743 0.0402431
994.4 2.82743 0.0704505
994.6 2.82743 0.0592427
994.8 2.82743 0.0140719
995 2.82743 -0.0273769
995.2 2.82743 -0.0297952
995.4 2.82743 0.0037259
995.6 2.82743 0.0324037
995.8 2.82743 0.0196933
996 2.82743 -0.0257527
996.2 2.82743 -0.0558362
996.4 2.82743 -0.0336616
996.6 2.82743 0.0231537
996.8 2.82743 0.0549168
997 2.82743 0.0189625
997.2 2.82743 -0.0635063
997.4 2.82743 -0.122311
997.6 2.82743 -0.102558
997.8 2.82743 -0.0166152
998 2.82743 0.0654381
998.2 2.82743 0.077296
998.4 2.82743 0.0133962
998.6 2.82743 -0.0674808
998.8 2.82743 -0.0919677
999 2.82743 -0.0314527
999.2 2.82743 0.0753529
999.4 2.82743 0.152143
999.6 2.82743 0.142867
999.8 2.82743 0.0541887
1000 2.82743 -0.0494212
0.2 3.14159 0.0989487
0.4 3.14159 0.107708
0.6 3.14159 0.0459273
0.8 3.14159 0.012412
1 3.14159 0.0555601
1.2 3.14159 0.113508
1.4 3.14159 0.099687
1.6 3.14159 0.0195796
1.8 3.14159 -0.0345367
2 3.14159 -0.00306123
2.2 3.14159 0.0641376
2.4 3.14159 0.0734994
2.6 3.14159 0.00945423
2.8 3.14159 -0.0464564
3 3.14159 -0.022511
3.2 3.14159 0.0504758
3.4 3.14159 0.080578
3.6 3.14159 0.034838
3.8 3.14159 -0.0185608
4 3.14159 5.67747e-05
4.2 3.14159 0.0770644
4.4 3.14159 0.120333
4.6 3.14159 0.0739751
4.8 3.14159 -0.0126903
5 3.14159 -0.0465606
5.2 3.14159 -0.00248358
5.4 3.14159 0.0527256
5.6 3.14159 0.0467202
5.8 3.14159 -0.0139941
6 3.14159 -0.0615689
6.2 3.14159 -0.0533044
6.4 3.14159 -0.015332
6.6 3.14159 0.00199701
6.8 3.14159 -0.0112809
7 3.14159 -0.023191
7.2 3.14159 -0.0132438
7.4 3.14159 -0.00308886
7.6 3.14159 -0.0248124
7.8 3.14159 -0.0731684
8 3.14159 -0.106393
8.2 3.14159 -0.0937596
8.4 3.14159 -0.049288
8.6 3.14159 -0.0132253
8.8 3.14159 -0.00896589
9 3.14159 -0.0262754
9.2 3.14159 -0.0412469
9.4 3.14159 -0.0406965
9.6 3.14159 -0.0255363
9.8 3.14159 -0.00206831
10 3.14159 0.0204587
10.2 3.14159 0.0289262
10.4 3.14159 0.0157317
10.6 3.14159 -0.00729942
10.8 3.14159 -0.0134242
11 3.14159 0.0117154
11.2 3.14159 0.0493708
11.4 3.14159 0.0625098
11.6 3.14159 0.0340983
11.8 3.14159 -0.0139684
12 3.14159 -0.0430968
12.2 3.14159 -0.0355629
12.4 3.14159 -0.0066787
12.6 3.14159 0.0157194
12.8 3.14159 0.0157213
13 3.14159 -0.00627315
13.2 3.14159 -0.0423977
13.4 3.14159 -0.0811861
13.6 3.14159 -0.106791
13.8 3.14159 -0.107105
14 3.14159 -0.0884852
14.2 3.14159 -0.0751151
14.4 3.14159 -0.0840977
14.6 3.14159 -0.101817
14.8 3.14159 -0.0939894
15 3.14159 -0.0438218
15.2 3.14159 0.0249095
15.4 3.14159 0.0689174
15.6 3.14159 0.0678402
15.8 3.14159 0.040384
16 3.14159 0.0196693
16.2 3.14159 0.0209125
16.4 3.14159 0.0367269
16.6 3.14159 0.0548848
16.8 3.14159 0.068301
17 3.14159 0.0684184
17.2 3.14159 0.0439072
17.4 3.14159 -0.0022644
17.6 3.14159 -0.0403882
17.8 3.14159 -0.0347605
18 3.14159 0.0161878
18.2 3.14159 0.0693228
18.4 3.14159 0.0774758
18.6 3.14159 0.0398247
18.8 3.14159 0.00253544
19 3.14159 0.00667386
19.2 3.14159 0.0437982
19.4 3.14159 0.0697889
19.6 3.14159 0.056353
19.8 3.14159 0.01724
20 3.14159 -0.0162564
20.2 3.14159 -0.031548
20.4 3.14159 -0.0368523
20.6 3.14159 -0.0367709
20.8 3.14159 -0.0247051
21 3.14159 -0.00407049
21.2 3.14159 -0.000136409
21.4 3.14159 -0.0323918
21.6 3.14159 -0.077693
21.8 3.14159 -0.0809247
22 3.14159 -0.0152706
22.2 3.14159 0.0765454
22.4 3.14159 0.117756
22.6 3.14159 0.0775813
22.8 3.14159 0.00438326
23 3.14159 -0.028832
23.2 3.14159 -0.00427799
23.4 3.14159 0.0270851
23.6 3.14159 0.00977042
23.8 3.14159 -0.0533519
24 3.14159 -0.11005
24.2 3.14159 -0.119712
24.4 3.14159 -0.0897715
24.6 3.14159 -0.0525197
24.8 3.14159 -0.0239866
25 3.14159 0.00145353
25.2 3.14159 0.0255039
25.4 3.14159 0.0362168
25.6 3.14159 0.0303588
25.8 3.14159 0.0300584
26 3.14159 0.0596904
26.2 3.14159 0.108002
26.4 3.14159 0.130372
26.6 3.14159 0.0984319
26.8 3.14159 0.0382543
27 3.14159 0.00499113
27.2 3.14159 0.0195685
27.4 3.14159 0.0438331
27.6 3.14159 0.0260638
27.8 3.14159 -0.0376744
28 3.14159 -0.100145
28.2 3.14159 -0.11881
28.4 3.14159 -0.100129
28.6 3.14159 -0.080293
28.8 3.14159 -0.0734923
29 3.14159 -0.0580323
29.2 3.14159 -0.0168227
29.4 3.14159 0.025849
29.6 3.14159 0.0260563
29.8 3.14159 -0.0226554
30 3.14159 -0.0711413
30.2 3.14159 -0.0654743
30.4 3.14159 -0.00981243
30.6 3.14159 0.0354669
30.8 3.14159 0.0219331
31 3.14159 -0.0310901
31.2 3.14159 -0.0590468
31.4 3.14159 -0.0272566
31.6 3.14159 0.0288001
31.8 3.14159 0.0442443
32 3.14159 -0.00166329
32.2 3.14159 -0.0641095
32.4 3.14159 -0.085806
32.6 3.14159 -0.0603025
32.8 3.14159 -0.0317953
33 3.14159 -0.0346252
33.2 3.14159 -0.0475454
33.4 3.14159 -0.0201823
33.6 3.14159 0.0578096
33.8 3.14159 0.128823
34 3.14159 0.120764
34.2 3.14159 0.0276194
34.4 3.14159 -0.0740024
34.6 3.14159 -0.096708
34.8 3.14159 -0.0286653
35 3.14159 0.0579156
35.2 3.14159 0.0840368
35.4 3.14159 0.0414138
35.6 3.14159 -0.0117838
35.8 3.14159 -0.0237755
36 3.14159 -0.0019455
36.2 3.14159 0.0116197
36.4 3.14159 0.00189382
36.6 3.14159 -0.00286307
36.8 3.14159 0.0202531
37 3.14159 0.0441578
37.2 3.14159 0.0182212
37.4 3.14159 -0.0606566
37.6 3.14159 -0.125263
37.8 3.14159 -0.104702
38 3.14159 -0.00870904
38.2 3.14159 0.0739311
38.4 3.14159 0.0692575
38.6 3.14159 -0.00218196
38.8 3.14159 -0.0538628
39 3.14159 -0.0359463
39.2 3.14159 0.011025
39.4 3.14159 0.0139713
39.6 3.14159 -0.0377347
39.8 3.14159 -0.0786819
40 3.14159 -0.0505488
40.2 3.14159 0.023899
40.4 3.14159 0.0692652
40.6 3.14159 0.051853
40.8 3.14159 0.0201464
41 3.14159 0.0400349
41.2 3.14159 0.10664
41.4 3.14159 0.144838
41.6 3.14159 0.0999381
41.8 3.14159 0.00736148
42 3.14159 -0.0444027
42.2 3.14159 -0.0131468
42.4 3.14159 0.0533289
42.6 3.14159 0.0767141
42.8 3.14159 0.03546
43 3.14159 -0.0215337
43.2 3.14159 -0.0413541
43.4 3.14159 -0.0271801
43.6 3.14159 -0.0237632
43.8 3.14159 -0.055602
44 3.14159 -0.096356
44.2 3.14159 -0.100857
44.4 3.14159 -0.0551707
44.6 3.14159 0.0119531
44.8 3.14159 0.059615
45 3.14159 0.0671593
45.2 3.14159 0.0406258
45.4 3.14159 0.00131682
45.6 3.14159 -0.0264939
45.8 3.14159 -0.0275315
46 3.14159 -0.00874718
46.2 3.14159 0.000795344
46.4 3.14159 -0.0231791
46.6 3.14159 -0.0667028
46.8 3.14159 -0.0808246
47 3.14159 -0.0317877
47.2 3.14159 0.0528866
47.4 3.14159 0.102688
47.6 3.14159 0.0774707
47.8 3.14159 0.0151227
48 3.14159 -0.00701336
48.2 3.14159 0.0411379
48.4 3.14159 0.106611
48.6 3.14159 0.11214
48.8 3.14159 0.0425184
49 3.14159 -0.0410295
49.2 3.14159 -0.0724601
49.4 3.14159 -0.051994
49.6 3.14159 -0.0354686
49.8 3.14159 -0.0617631
50 3.14159 -0.109024
50.2 3.14159 -0.127856
50.4 3.14159 -0.102878
50.6 3.14159 -0.0649048
50.8 3.14159 -0.0449811
51 3.14159 -0.0351757
51.2 3.14159 -0.00657611
51.4 3.14159 0.0433753
51.6 3.14159 0.0798141
51.8 3.14159 0.0715192
52 3.14159 0.0305844
52.2 3.14159 -0.00103548
52.4 3.14159 -0.000835249
52.6 3.14159 0.0119314
52.8 3.14159 0.00779869
53 3.14159 -0.0102977
53.2 3.14159 -0.00950414
53.4 3.14159 0.0281133
53.6 3.14159 0.0761001
53.8 3.14159 0.0886221
54 3.14159 0.0512523
54.2 3.14159 -0.00297628
54.4 3.14159 -0.030478
54.6 3.14159 -0.0225319
54.8 3.14159 -0.00769441
55 3.14159 -0.013232
55.2 3.14159 -0.0342577
55.4 3.14159 -0.0449224
55.6 3.14159 -0.0330995
55.8 3.14159 -0.0144067
56 3.14159 -0.0105813
56.2 3.14159 -0.0214301
56.4 3.14159 -0.025212
56.6 3.14159 -0.0061099
56.8 3.14159 0.0246664
57 3.14159 0.0388158
57.2 3.14159 0.020498
57.4 3.14159 -0.01659
57.6 3.14159 -0.0412517
57.8 3.14159 -0.0321005
58 3.14159 0.00578729
58.2 3.14159 0.0463722
58.4 3.14159 0.0613035
58.6 3.14159 0.0366969
58.8 3.14159 -0.019338
59 3.14159 -0.0788217
59.2 3.14159 -0.105961
59.4 3.14159 -0.0780519
59.6 3.14159 -0.00516897
59.8 3.14159 0.0691934
60 3.14159 0.0952986
60.2 3.14159 0.0560406
60.4 3.14159 -0.0160874
60.6 3.14159 -0.0639357
60.8 3.14159 -0.0544879
61 3.14159 -0.00731008
61.2 3.14159 0.025397
61.4 3.14159 0.00881443
61.6 3.14159 -0.0430448
61.8 3.14159 -0.0842797
62 3.14159 -0.082756
62.2 3.14159 -0.046975
62.4 3.14159 -0.00964743
62.6 3.14159 0.0091803
62.8 3.14159 0.0176614
63 3.14159 0.0328655
63.2 3.14159 0.0537277
63.4 3.14159 0.0593243
63.6 3.14159 0.0332276
63.8 3.14159 -0.0155319
64 3.14159 -0.0580483
64.2 3.14159 -0.0694934
64.4 3.14159 -0.0459061
64.6 3.14159 -0.00187396
64.8 3.14159 0.040959
65 3.14159 0.0622829
65.2 3.14159 0.0498235
65.4 3.14159 0.0094036
65.6 3.14159 -0.0301077
65.8 3.14159 -0.0326018
66 3.14159 0.0125665
66.2 3.14159 0.0720938
66.4 3.14159 0.0916355
66.6 3.14159 0.0458107
66.8 3.14159 -0.03384
67 3.14159 -0.085045
67.2 3.14159 -0.0710303
67.4 3.14159 -0.00951923
67.6 3.14159 0.0527447
67.8 3.14159 0.0875945
68 3.14159 0.102064
68.2 3.14159 0.112199
68.4 3.14159 0.113785
68.6 3.14159 0.0893077
68.8 3.14159 0.0404673
69 3.14159 0.000157649
69.2 3.14159 0.0022784
69.4 3.14159 0.0422654
69.6 3.14159 0.076877
69.8 3.14159 0.0673339
70 3.14159 0.0181432
70.2 3.14159 -0.0316911
70.4 3.14159 -0.052768
70.6 3.14159 -0.0525218
70.8 3.14159 -0.0567284
71 3.14159 -0.0727881
71.2 3.14159 -0.0820377
71.4 3.14159 -0.0683007
71.6 3.14159 -0.0422268
71.8 3.14159 -0.0270363
72 3.14159 -0.0241221
72.2 3.14159 -0.00770558
72.4 3.14159 0.0372216
72.6 3.14159 0.0800408
72.8 3.14159 0.0661382
73 3.14159 -0.0168742
73.2 3.14159 -0.104027
73.4 3.14159 -0.103569
73.6 3.14159 0.00682145
73.8 3.14159 0.141672
74 3.14159 0.181015
74.2 3.14159 0.0897283
74.4 3.14159 -0.0417322
74.6 3.14159 -0.0844104
74.8 3.14159 0.0001315
75 3.14159 0.123226
75.2 3.14159 0.163237
75.4 3.14159 0.0898894
75.6 3.14159 -0.0119968
75.8 3.14159 -0.0393588
76 3.14159 0.0209777
76.2 3.14159 0.0881093
76.4 3.14159 0.0829546
76.6 3.14159 0.0125895
76.8 3.14159 -0.0470583
77 3.14159 -0.0412258
77.2 3.14159 0.00731752
77.4 3.14159 0.0343915
77.6 3.14159 0.0123669
77.8 3.14159 -0.0229898
78 3.14159 -0.0224429
78.2 3.14159 0.0151754
78.4 3.14159 0.042795
78.6 3.14159 0.0220528
78.8 3.14159 -0.0325139
79 3.14159 -0.0713663
79.2 3.14159 -0.0643774
79.4 3.14159 -0.0282786
79.6 3.14159 -0.00178128
79.8 3.14159 -0.00378719
80 3.14159 -0.0216636
80.2 3.14159 -0.0338396
80.4 3.14159 -0.0328128
80.6 3.14159 -0.0240744
80.8 3.14159 -0.0120717
81 3.14159 0.00320746
81.2 3.14159 0.0173139
81.4 3.14159 0.0188902
81.6 3.14159 0.00234032
81.8 3.14159 -0.0203914
82 3.14159 -0.0275328
82.2 3.14159 -0.00872362
82.4 3.14159 0.0249133
82.6 3.14159 0.0535881
82.8 3.14159 0.0683343
83 3.14159 0.0742673
83.2 3.14159 0.0771761
83.4 3.14159 0.0739108
83.6 3.14159 0.0592822
83.8 3.14159 0.0376011
84 3.14159 0.0199895
84.2 3.14159 0.00908458
84.4 3.14159 -0.00714163
84.6 3.14159 -0.0398691
84.8 3.14159 -0.0785139
85 3.14159 -0.0922262
85.2 3.14159 -0.0583345
85.4 3.14159 0.0104695
85.6 3.14159 0.0713841
85.8 3.14159 0.0879797
86 3.14159 0.0631159
86.2 3.14159 0.0353237
86.4 3.14159 0.0410658
86.6 3.14159 0.078756
86.8 3.14159 0.109221
87 3.14159 0.0932909
87.2 3.14159 0.0320153
87.4 3.14159 -0.0293284
87.6 3.14159 -0.0405702
87.8 3.14159 0.00449631
88 3.14159 0.0566723
88.2 3.14159 0.0530974
88.4 3.14159 -0.0230475
88.6 3.14159 -0.122235
88.8 3.14159 -0.171417
89 3.14159 -0.141464
89.2 3.14159 -0.0728092
89.4 3.14159 -0.0324093
89.6 3.14159 -0.045697
89.8 3.14159 -0.0741961
90 3.14159 -0.0615476
90.2 3.14159 0.00252425
90.4 3.14159 0.0694235
90.6 3.14159 0.082546
90.8 3.14159 0.0354572
91 3.14159 -0.0243295
91.2 3.14159 -0.0459816
91.4 3.14159 -0.0230101
91.6 3.14159 0.0100412
91.8 3.14159 0.0201943
92 3.14159 0.00689811
92.2 3.14159 -0.00795309
92.4 3.14159 -0.00993223
92.6 3.14159 -0.0037232
92.8 3.14159 0.00147254
93 3.14159 0.00660083
93.2 3.14159 0.0161635
93.4 3.14159 0.0222882
93.6 3.14159 0.0066715
93.8 3.14159 -0.0359453
94 3.14159 -0.080817
94.2 3.14159 -0.0885453
94.4 3.14159 -0.0421917
94.6 3.14159 0.0319467
94.8 3.14159 0.0836143
95 3.14159 0.0803289
95.2 3.14159 0.0315927
95.4 3.14159 -0.0250628
95.6 3.14159 -0.0584803
95.8 3.14159 -0.0647395
96 3.14159 -0.0593693
96.2 3.14159 -0.0559615
96.4 3.14159 -0.0555262
96.6 3.14159 -0.0538971
96.8 3.14159 -0.0531564
97 3.14159 -0.0606966
97.2 3.14159 -0.0764726
97.4 3.14159 -0.0849427
97.6 3.14159 -0.0649819
97.8 3.14159 -0.0114253
98 3.14159 0.0532391
98.2 3.14159 0.0918802
98.4 3.14159 0.0815002
98.6 3.14159 0.0319074
98.8 3.14159 -0.0232925
99 3.14159 -0.0544314
99.2 3.14159 -0.0559117
99.4 3.14159 -0.0422051
99.6 3.14159 -0.0289202
99.8 3.14159 -0.0208077
100 3.14159 -0.0157653
100.2 3.14159 -0.0133397
100.4 3.14159 -0.0139639
100.6 3.14159 -0.0121993
100.8 3.14159 0.00127984
101 3.14159 0.0259524
101.2 3.14159 0.0431091
101.4 3.14159 0.0292396
101.6 3.14159 -0.0180981
101.8 3.14159 -0.070828
102 3.14159 -0.0919267
102.2 3.14159 -0.0677714
102.4 3.14159 -0.0171667
102.6 3.14159 0.0309711
102.8 3.14159 0.0639402
103 3.14159 0.0863904
103.2 3.14159 0.100663
103.4 3.14159 0.0964574
103.6 3.14159 0.0651709
103.8 3.14159 0.0187844
104 3.14159 -0.0153608
104.2 3.14159 -0.0215415
104.4 3.14159 -0.0116451
104.6 3.14159 -0.00905601
104.8 3.14159 -0.0196748
105 3.14159 -0.0263205
105.2 3.14159 -0.0129563
105.4 3.14159 0.0134548
105.6 3.14159 0.0322592
105.8 3.14159 0.0366614
106 3.14159 0.0416001
106.2 3.14159 0.0603238
106.4 3.14159 0.0815583
106.6 3.14159 0.0807883
106.8 3.14159 0.0537638
107 3.14159 0.0272926
107.2 3.14159 0.0287263
107.4 3.14159 0.0505627
107.6 3.14159 0.0575305
107.8 3.14159 0.0312949
108 3.14159 -0.00302278
108.2 3.14159 -0.00549352
108.4 3.14159 0.0274097
108.6 3.14159 0.0541391
108.8 3.14159 0.037019
109 3.14159 -0.00949566
109.2 3.14159 -0.032778
109.4 3.14159 -0.00455565
109.6 3.14159 0.0433647
109.8 3.14159 0.0552431
110 3.14159 0.0170939
110.2 3.14159 -0.0271017
110.4 3.14159 -0.0277447
110.6 3.14159 0.0131512
110.8 3.14159 0.0474879
111 3.14159 0.0393024
111.2 3.14159 0.00381762
111.4 3.14159 -0.0164286
111.6 3.14159 -0.00381733
111.8 3.14159 0.0178754
112 3.14159 0.0165062
112.2 3.14159 -0.0124546
112.4 3.14159 -0.0483305
112.6 3.14159 -0.0723187
112.8 3.14159 -0.0789028
113 3.14159 -0.0643255
113.2 3.14159 -0.0230756
113.4 3.14159 0.0327302
113.6 3.14159 0.0628205
113.8 3.14159 0.0311017
114 3.14159 -0.0438517
114.2 3.14159 -0.0873861
114.4 3.14159 -0.0392044
114.6 3.14159 0.0724971
114.8 3.14159 0.143868
115 3.14159 0.0962964
115.2 3.14159 -0.0382622
115.4 3.14159 -0.143527
115.6 3.14159 -0.132459
115.8 3.14159 -0.0279035
116 3.14159 0.0709579
116.2 3.14159 0.0906968
116.4 3.14159 0.0418672
116.6 3.14159 -0.0159405
116.8 3.14159 -0.044615
117 3.14159 -0.0515916
117.2 3.14159 -0.057793
117.4 3.14159 -0.0660651
117.6 3.14159 -0.0685027
117.8 3.14159 -0.0681081
118 3.14159 -0.0744828
118.2 3.14159 -0.0806674
118.4 3.14159 -0.0632805
118.6 3.14159 -0.0157792
118.8 3.14159 0.0297812
119 3.14159 0.0313017
119.2 3.14159 -0.012153
119.4 3.14159 -0.0525778
119.6 3.14159 -0.0460422
119.8 3.14159 -0.0052714
120 3.14159 0.014588
120.2 3.14159 -0.0176783
120.4 3.14159 -0.0718061
120.6 3.14159 -0.093461
120.8 3.14159 -0.0694836
121 3.14159 -0.0402653
121.2 3.14159 -0.0470349
121.4 3.14159 -0.0833644
121.6 3.14159 -0.110705
121.8 3.14159 -0.112426
122 3.14159 -0.112318
122.2 3.14159 -0.134029
122.4 3.14159 -0.158503
122.6 3.14159 -0.140174
122.8 3.14159 -0.0647348
123 3.14159 0.0252903
123.2 3.14159 0.0718379
123.4 3.14159 0.0602301
123.6 3.14159 0.0259867
123.8 3.14159 0.00669311
124 3.14159 0.00253582
124.2 3.14159 -0.00856769
124.4 3.14159 -0.0290052
124.6 3.14159 -0.0325145
124.8 3.14159 -9.7154e-05
125 3.14159 0.0483575
125.2 3.14159 0.0701494
125.4 3.14159 0.045309
125.6 3.14159 -0.00247954
125.8 3.14159 -0.0310836
126 3.14159 -0.018446
126.2 3.14159 0.0260786
126.4 3.14159 0.0786159
126.6 3.14159 0.11792
126.8 3.14159 0.129153
127 3.14159 0.106425
127.2 3.14159 0.0619934
127.4 3.14159 0.0265266
127.6 3.14159 0.0260987
127.8 3.14159 0.0537561
128 3.14159 0.0710084
128.2 3.14159 0.0448474
128.4 3.14159 -0.0180357
128.6 3.14159 -0.0779892
128.8 3.14159 -0.100926
129 3.14159 -0.0846003
129.2 3.14159 -0.0490375
129.4 3.14159 -0.012955
129.6 3.14159 0.0131353
129.8 3.14159 0.019899
130 3.14159 0.00277444
130.2 3.14159 -0.0227911
130.4 3.14159 -0.0238133
130.6 3.14159 0.0172046
130.8 3.14159 0.0740186
131 3.14159 0.0968515
131.2 3.14159 0.067667
131.4 3.14159 0.0245107
131.6 3.14159 0.0181506
131.8 3.14159 0.0493215
132 3.14159 0.0664178
132.2 3.14159 0.0315736
132.4 3.14159 -0.0265429
132.6 3.14159 -0.0435607
132.8 3.14159 0.000978444
133 3.14159 0.05594
133.2 3.14159 0.0605425
133.4 3.14159 0.0182545
133.6 3.14159 -0.0125078
133.8 3.14159 0.00113316
134 3.14159 0.0212323
134.2 3.14159 -0.00874554
134.4 3.14159 -0.0810078
134.6 3.14159 -0.121763
134.8 3.14159 -0.080361
135 3.14159 0.0016239
135.2 3.14159 0.0328412
135.4 3.14159 -0.0216946
135.6 3.14159 -0.100457
135.8 3.14159 -0.11976
136 3.14159 -0.0696181
136.2 3.14159 -0.0152966
136.4 3.14159 -0.0108193
136.6 3.14159 -0.0381072
136.8 3.14159 -0.0437727
137 3.14159 -0.0159119
137.2 3.14159 0.00338077
137.4 3.14159 -0.0182411
137.6 3.14159 -0.0541355
137.8 3.14159 -0.0516662
138 3.14159 -0.00185223
138.2 3.14159 0.0489095
138.4 3.14159 0.0596063
138.6 3.14159 0.0443656
138.8 3.14159 0.0445693
139 3.14159 0.0643129
139.2 3.14159 0.0612167
139.4 3.14159 0.00854227
139.6 3.14159 -0.0556437
139.8 3.14159 -0.0640875
140 3.14159 -0.00130991
140.2 3.14159 0.0725996
140.4 3.14159 0.0874979
140.6 3.14159 0.0380984
140.8 3.14159 -0.0204647
141 3.14159 -0.04261
141.2 3.14159 -0.0359397
141.4 3.14159 -0.0314915
141.6 3.14159 -0.0335073
141.8 3.14159 -0.0212746
142 3.14159 0.00563911
142.2 3.14159 0.0119909
142.4 3.14159 -0.0284269
142.6 3.14159 -0.0874099
142.8 3.14159 -0.104772
143 3.14159 -0.0583109
143.2 3.14159 0.00686597
143.4 3.14159 0.0297306
143.6 3.14159 0.00236357
143.8 3.14159 -0.0290064
144 3.14159 -0.0282624
144.2 3.14159 -0.0133545
144.4 3.14159 -0.0250274
144.6 3.14159 -0.0660361
144.8 3.14159 -0.0931653
145 3.14159 -0.0713856
145.2 3.14159 -0.0172313
145.4 3.14159 0.0239174
145.6 3.14159 0.0327734
145.8 3.14159 0.0303124
146 3.14159 0.0384501
146.2 3.14159 0.0474288
146.4 3.14159 0.0357735
146.6 3.14159 0.0107382
146.8 3.14159 0.00695265
147 3.14159 0.0408855
147.2 3.14159 0.0839961
147.4 3.14159 0.0944588
147.6 3.14159 0.0665272
147.8 3.14159 0.0308777
148 3.14159 0.00692177
148.2 3.14159 -0.0235807
148.4 3.14159 -0.0810717
148.6 3.14159 -0.140084
148.8 3.14159 -0.143277
149 3.14159 -0.0714227
149.2 3.14159 0.0197309
149.4 3.14159 0.0525135
149.6 3.14159 0.0135315
149.8 3.14159 -0.0323276
150 3.14159 -0.0201774
150.2 3.14159 0.0388228
150.4 3.14159 0.0753398
150.6 3.14159 0.0480497
150.8 3.14159 -0.00993965
151 3.14159 -0.0371139
151.2 3.14159 -0.0167057
151.4 3.14159 0.0158061
151.6 3.14159 0.0306728
151.8 3.14159 0.0414752
152 3.14159 0.071333
152.2 3.14159 0.100852
152.4 3.14159 0.0800399
152.6 3.14159 -0.00194766
152.8 3.14159 -0.0826513
153 3.14159 -0.0855865
153.2 3.14159 -0.0107559
153.4 3.14159 0.055184
153.6 3.14159 0.030311
153.8 3.14159 -0.0711439
154 3.14159 -0.152354
154.2 3.14159 -0.136266
154.4 3.14159 -0.0413801
154.6 3.14159 0.0468533
154.8 3.14159 0.0654216
155 3.14159 0.0221958
155.2 3.14159 -0.0354979
155.4 3.14159 -0.0764771
155.6 3.14159 -0.0983877
155.8 3.14159 -0.100022
156 3.14159 -0.0671269
156.2 3.14159 0.00372015
156.4 3.14159 0.0796865
156.6 3.14159 0.108883
156.8 3.14159 0.069226
157 3.14159 -0.0063233
157.2 3.14159 -0.0597183
157.4 3.14159 -0.062013
157.6 3.14159 -0.0348725
157.8 3.14159 -0.0205134
158 3.14159 -0.0360268
158.2 3.14159 -0.0595606
158.4 3.14159 -0.0577013
158.6 3.14159 -0.0217892
158.8 3.14159 0.0232692
159 3.14159 0.0435424
159.2 3.14159 0.0280824
159.4 3.14159 -0.00209422
159.6 3.14159 -0.0157412
159.8 3.14159 -0.00270674
160 3.14159 0.0157049
160.2 3.14159 0.00833357
160.4 3.14159 -0.0332773
160.6 3.14159 -0.0849331
160.8 3.14159 -0.113473
161 3.14159 -0.109016
161.2 3.14159 -0.0907129
161.4 3.14159 -0.0808661
161.6 3.14159 -0.0783815
161.8 3.14159 -0.0626796
162 3.14159 -0.0225061
162.2 3.14159 0.0254044
162.4 3.14159 0.050095
162.6 3.14159 0.0365169
162.8 3.14159 -0.00134385
163 3.14159 -0.0358385
163.2 3.14159 -0.0497713
163.4 3.14159 -0.045567
163.6 3.14159 -0.037115
163.8 3.14159 -0.0376012
164 3.14159 -0.0517147
164.2 3.14159 -0.0715282
164.4 3.14159 -0.0780598
164.6 3.14159 -0.0545859
164.8 3.14159 -0.00608564
165 3.14159 0.0369406
165.2 3.14159 0.0431168
165.4 3.14159 0.0122818
165.6 3.14159 -0.0231165
165.8 3.14159 -0.0344602
166 3.14159 -0.0302236
166.2 3.14159 -0.0428437
166.4 3.14159 -0.0817083
166.6 3.14159 -0.111648
166.8 3.14159 -0.0897619
167 3.14159 -0.0196173
167.2 3.14159 0.0459165
167.4 3.14159 0.0617414
167.6 3.14159 0.0395051
167.8 3.14159 0.0269472
168 3.14159 0.0429308
168.2 3.14159 0.0520054
168.4 3.14159 0.0139135
168.6 3.14159 -0.0541683
168.8 3.14159 -0.0863045
169 3.14159 -0.0439563
169.2 3.14159 0.0324423
169.4 3.14159 0.0637997
169.6 3.14159 0.0208808
169.8 3.14159 -0.043171
170 3.14159 -0.0543265
170.2 3.14159 0.000594628
170.4 3.14159 0.065915
170.6 3.14159 0.0847424
170.8 3.14159 0.0567208
171 3.14159 0.0224158
171.2 3.14159 0.00624702
171.4 3.14159 -0.00498451
171.6 3.14159 -0.0272746
171.8 3.14159 -0.0444774
172 3.14159 -0.0258142
172.2 3.14159 0.0266194
172.4 3.14159 0.0669108
172.6 3.14159 0.0522655
172.8 3.14159 -0.00643461
173 3.14159 -0.053112
173.2 3.14159 -0.0468135
173.4 3.14159 -0.00517889
173.6 3.14159 0.0174
173.8 3.14159 -0.00939549
174 3.14159 -0.0593766
174.2 3.14159 -0.0782895
174.4 3.14159 -0.0400303
174.6 3.14159 0.0270371
174.8 3.14159 0.0668318
175 3.14159 0.0472387
175.2 3.14159 -0.0113398
175.4 3.14159 -0.0551574
175.6 3.14159 -0.0465238
175.8 3.14159 0.00125644
176 3.14159 0.0375748
176.2 3.14159 0.0266003
176.4 3.14159 -0.0138412
176.6 3.14159 -0.0311452
176.8 3.14159 0.000236118
177 3.14159 0.0420463
177.2 3.14159 0.0293599
177.4 3.14159 -0.0523352
177.6 3.14159 -0.138408
177.8 3.14159 -0.146546
178 3.14159 -0.0661733
178.2 3.14159 0.0265591
178.4 3.14159 0.0501339
178.6 3.14159 0.00505602
178.8 3.14159 -0.0328663
179 3.14159 -0.00454928
179.2 3.14159 0.0637212
179.4 3.14159 0.0941023
179.6 3.14159 0.0501721
179.8 3.14159 -0.0215456
180 3.14159 -0.0464501
180.2 3.14159 -0.00396019
180.4 3.14159 0.0567759
180.6 3.14159 0.0758748
180.8 3.14159 0.0414974
181 3.14159 -0.0115261
181.2 3.14159 -0.0445366
181.4 3.14159 -0.0432034
181.6 3.14159 -0.0129386
181.8 3.14159 0.0313536
182 3.14159 0.0645875
182.2 3.14159 0.0591347
182.4 3.14159 0.0136762
182.6 3.14159 -0.0288534
182.8 3.14159 -0.0142275
183 3.14159 0.0598637
183.2 3.14159 0.12587
183.4 3.14159 0.110822
183.6 3.14159 0.0197741
183.8 3.14159 -0.0614015
184 3.14159 -0.056227
184.2 3.14159 0.0197143
184.4 3.14159 0.0798152
184.6 3.14159 0.0651374
184.8 3.14159 0.00333904
185 3.14159 -0.0365446
185.2 3.14159 -0.028634
185.4 3.14159 -0.00766726
185.6 3.14159 -0.00731529
185.8 3.14159 -0.0102489
186 3.14159 0.0217165
186.2 3.14159 0.0826729
186.4 3.14159 0.117833
186.6 3.14159 0.0918699
186.8 3.14159 0.0400483
187 3.14159 0.0283108
187.2 3.14159 0.0677013
187.4 3.14159 0.093783
187.6 3.14159 0.0436273
187.8 3.14159 -0.06164
188 3.14159 -0.132206
188.2 3.14159 -0.107754
188.4 3.14159 -0.023277
188.6 3.14159 0.0319659
188.8 3.14159 0.00997504
189 3.14159 -0.0548519
189.2 3.14159 -0.094574
189.4 3.14159 -0.0792952
189.6 3.14159 -0.0343979
189.8 3.14159 -0.0025068
190 3.14159 -0.00512224
190.2 3.14159 -0.0365882
190.4 3.14159 -0.0747331
190.6 3.14159 -0.0889407
190.8 3.14159 -0.0545426
191 3.14159 0.0195788
191.2 3.14159 0.0798399
191.4 3.14159 0.0673913
191.6 3.14159 -0.0164024
191.8 3.14159 -0.0948036
192 3.14159 -0.0868418
192.2 3.14159 0.00312978
192.4 3.14159 0.0830195
192.6 3.14159 0.0714238
192.8 3.14159 -0.0113374
193 3.14159 -0.0672755
193.2 3.14159 -0.0344246
193.4 3.14159 0.043256
193.6 3.14159 0.0717579
193.8 3.14159 0.0196802
194 3.14159 -0.0479025
194.2 3.14159 -0.0516635
194.4 3.14159 0.00696679
194.6 3.14159 0.0520562
194.8 3.14159 0.0277494
195 3.14159 -0.036609
195.2 3.14159 -0.0661027
195.4 3.14159 -0.0301277
195.6 3.14159 0.0267293
195.8 3.14159 0.0425969
196 3.14159 0.00794196
196.2 3.14159 -0.0346988
196.4 3.14159 -0.0499772
196.6 3.14159 -0.0493259
196.8 3.14159 -0.0665585
197 3.14159 -0.107786
197.2 3.14159 -0.140133
197.4 3.14159 -0.129813
197.6 3.14159 -0.0808113
197.8 3.14159 -0.0302172
198 3.14159 -0.00959087
198.2 3.14159 -0.0161352
198.4 3.14159 -0.0198897
198.6 3.14159 0.00577443
198.8 3.14159 0.0605673
199 3.14159 0.118646
199.2 3.14159 0.151156
199.4 3.14159 0.151408
199.6 3.14159 0.141058
199.8 3.14159 0.148264
200 3.14159 0.174914
200.2 3.14159 0.18775
200.4 3.14159 0.150147
200.6 3.14159 0.0660443
200.8 3.14159 -0.0147071
201 3.14159 -0.0434657
201.2 3.14159 -0.0238748
201.4 3.14159 -0.00682937
201.6 3.14159 -0.0311406
201.8 3.14159 -0.0781014
202 3.14159 -0.0951677
202.2 3.14159 -0.0612923
202.4 3.14159 -0.0142298
202.6 3.14159 -0.00573794
202.8 3.14159 -0.0400424
203 3.14159 -0.0720956
203.2 3.14159 -0.0667389
203.4 3.14159 -0.0425622
203.6 3.14159 -0.0439997
203.8 3.14159 -0.0777263
204 3.14159 -0.0967833
204.2 3.14159 -0.0564653
204.4 3.14159 0.0256411
204.6 3.14159 0.0809158
204.8 3.14159 0.0615435
205 3.14159 -0.0103843
205.2 3.14159 -0.0706324
205.4 3.14159 -0.0798863
205.6 3.14159 -0.0524199
205.8 3.14159 -0.023041
206 3.14159 -0.00317294
206.2 3.14159 0.0202335
206.4 3.14159 0.0519708
206.6 3.14159 0.0727874
206.8 3.14159 0.0621885
207 3.14159 0.0269655
207.2 3.14159 -0.00392655
207.4 3.14159 -0.0116047
207.6 3.14159 -0.0057382
207.8 3.14159 -0.00869104
208 3.14159 -0.0284957
208.2 3.14159 -0.0533972
208.4 3.14159 -0.0689506
208.6 3.14159 -0.0721305
208.8 3.14159 -0.0679649
209 3.14159 -0.0606621
209.2 3.14159 -0.0540122
209.4 3.14159 -0.0556063
209.6 3.14159 -0.0710724
209.8 3.14159 -0.0923344
210 3.14159 -0.0993702
210.2 3.14159 -0.0800615
210.4 3.14159 -0.0451791
210.6 3.14159 -0.0164989
210.8 3.14159 -0.000305965
211 3.14159 0.0185168
211.2 3.14159 0.0502448
211.4 3.14159 0.0745992
211.6 3.14159 0.0541737
211.8 3.14159 -0.0205927
212 3.14159 -0.106484
212.2 3.14159 -0.13828
212.4 3.14159 -0.0889106
212.6 3.14159 0.00363272
212.8 3.14159 0.0716871
213 3.14159 0.0787917
213.2 3.14159 0.0444947
213.4 3.14159 0.0136861
213.6 3.14159 0.00914196
213.8 3.14159 0.0172516
214 3.14159 0.0149077
214.2 3.14159 0.00118591
214.4 3.14159 -0.00252397
214.6 3.14159 0.0184574
214.8 3.14159 0.0489076
215 3.14159 0.0546644
215.2 3.14159 0.0191417
215.4 3.14159 -0.0320329
215.6 3.14159 -0.0474022
215.8 3.14159 0.00316214
216 3.14159 0.094445
216.2 3.14159 0.161804
216.4 3.14159 0.157261
216.6 3.14159 0.0935267
216.8 3.14159 0.0311894
217 3.14159 0.0197308
217.2 3.14159 0.0516431
217.4 3.14159 0.0761436
217.6 3.14159 0.0559985
217.8 3.14159 0.00555225
218 3.14159 -0.0289911
218.2 3.14159 -0.0210522
218.4 3.14159 0.0112776
218.6 3.14159 0.0298917
218.8 3.14159 0.017062
219 3.14159 -0.0139532
219.2 3.14159 -0.0416434
219.4 3.14159 -0.0573664
219.6 3.14159 -0.0614283
219.8 3.14159 -0.0498886
220 3.14159 -0.0185318
220.2 3.14159 0.0202754
220.4 3.14159 0.0375746
220.6 3.14159 0.0149003
220.8 3.14159 -0.031488
221 3.14159 -0.0631111
221.2 3.14159 -0.0590141
221.4 3.14159 -0.0369198
221.6 3.14159 -0.0298146
221.8 3.14159 -0.0458276
222 3.14159 -0.0595195
222.2 3.14159 -0.0436707
222.4 3.14159 -0.00183969
222.6 3.14159 0.0360277
222.8 3.14159 0.0455625
223 3.14159 0.0277127
223.2 3.14159 -0.00189993
223.4 3.14159 -0.0320169
223.6 3.14159 -0.0568974
223.8 3.14159 -0.0655648
224 3.14159 -0.0447251
224.2 3.14159 0.00111826
224.4 3.14159 0.0401661
224.6 3.14159 0.035759
224.8 3.14159 -0.0179213
225 3.14159 -0.08665
225.2 3.14159 -0.12558
225.4 3.14159 -0.116412
225.6 3.14159 -0.0756994
225.8 3.14159 -0.0329193
226 3.14159 -0.00670116
226.2 3.14159 0.00065415
226.4 3.14159 -0.00315877
226.6 3.14159 -0.00569901
226.8 3.14159 0.00458233
227 3.14159 0.0268465
227.2 3.14159 0.0414901
227.4 3.14159 0.0262757
227.6 3.14159 -0.0136789
227.8 3.14159 -0.0394558
228 3.14159 -0.0160254
228.2 3.14159 0.0410464
228.4 3.14159 0.0698307
228.6 3.14159 0.0264127
228.8 3.14159 -0.0576327
229 3.14159 -0.0972267
229.2 3.14159 -0.0419555
229.4 3.14159 0.0645363
229.6 3.14159 0.124674
229.8 3.14159 0.0868455
230 3.14159 -0.00414409
230.2 3.14159 -0.0600986
230.4 3.14159 -0.0429207
230.6 3.14159 0.00583155
230.8 3.14159 0.0242632
231 3.14159 0.00115147
231.2 3.14159 -0.0231507
231.4 3.14159 -0.0164936
231.6 3.14159 0.0048708
231.8 3.14159 0.0035806
232 3.14159 -0.0243072
232.2 3.14159 -0.040013
232.4 3.14159 -0.0104376
232.6 3.14159 0.0463772
232.8 3.14159 0.0756371
233 3.14159 0.0445834
233.2 3.14159 -0.0214569
233.4 3.14159 -0.0647184
233.6 3.14159 -0.0520832
233.8 3.14159 -0.00340665
234 3.14159 0.0327351
234.2 3.14159 0.0253072
234.4 3.14159 -0.0157433
234.6 3.14159 -0.0536509
234.8 3.14159 -0.057062
235 3.14159 -0.0230621
235.2 3.14159 0.0224376
235.4 3.14159 0.0440118
235.6 3.14159 0.0226675
235.8 3.14159 -0.0293934
236 3.14159 -0.0781949
236.2 3.14159 -0.0963264
236.4 3.14159 -0.0857224
236.6 3.14159 -0.0724305
236.8 3.14159 -0.078194
237 3.14159 -0.09905
237.2 3.14159 -0.114244
237.4 3.14159 -0.114234
237.6 3.14159 -0.113476
237.8 3.14159 -0.130456
238 3.14159 -0.156782
238.2 3.14159 -0.153795
238.4 3.14159 -0.0876291
238.6 3.14159 0.0297823
238.8 3.14159 0.137911
239 3.14159 0.172507
239.2 3.14159 0.11944
239.4 3.14159 0.0270492
239.6 3.14159 -0.0362745
239.8 3.14159 -0.0404199
240 3.14159 -0.0130653
240.2 3.14159 -0.00293185
240.4 3.14159 -0.02558
240.6 3.14159 -0.0486463
240.8 3.14159 -0.0324164
241 3.14159 0.0188332
241.2 3.14159 0.0541974
241.4 3.14159 0.0299472
241.6 3.14159 -0.0376917
241.8 3.14159 -0.082754
242 3.14159 -0.0574549
242.2 3.14159 0.0147171
242.4 3.14159 0.0612179
242.6 3.14159 0.0362471
242.8 3.14159 -0.0324818
243 3.14159 -0.0766848
243.2 3.14159 -0.0611446
243.4 3.14159 -0.0153651
243.6 3.14159 0.00745502
243.8 3.14159 -0.00928862
244 3.14159 -0.0359585
244.2 3.14159 -0.0411386
244.4 3.14159 -0.0292464
244.6 3.14159 -0.0260054
244.8 3.14159 -0.0369706
245 3.14159 -0.0373604
245.2 3.14159 -0.00676968
245.4 3.14159 0.038893
245.6 3.14159 0.0627581
245.8 3.14159 0.0515192
246 3.14159 0.0317645
246.2 3.14159 0.03648
246.4 3.14159 0.0643473
246.6 3.14159 0.0833898
246.8 3.14159 0.0730933
247 3.14159 0.0500484
247.2 3.14159 0.0444968
247.4 3.14159 0.0590821
247.6 3.14159 0.0637408
247.8 3.14159 0.0339745
248 3.14159 -0.0153789
248.2 3.14159 -0.042816
248.4 3.14159 -0.0239715
248.6 3.14159 0.0242634
248.8 3.14159 0.0629878
249 3.14159 0.0669165
249.2 3.14159 0.0377733
249.4 3.14159 -0.00870076
249.6 3.14159 -0.0568425
249.8 3.14159 -0.0913517
250 3.14159 -0.0959898
250.2 3.14159 -0.0641512
250.4 3.14159 -0.01077
250.6 3.14159 0.035195
250.8 3.14159 0.0555178
251 3.14159 0.0572857
251.2 3.14159 0.0594333
251.4 3.14159 0.0681137
251.6 3.14159 0.0715295
251.8 3.14159 0.058844
252 3.14159 0.0365235
252.2 3.14159 0.0203985
252.4 3.14159 0.0151993
252.6 3.14159 0.009462
252.8 3.14159 -0.00828926
253 3.14159 -0.034801
253.2 3.14159 -0.0575127
253.4 3.14159 -0.0697609
253.6 3.14159 -0.0733784
253.8 3.14159 -0.0677786
254 3.14159 -0.0467383
254.2 3.14159 -0.012437
254.4 3.14159 0.013664
254.6 3.14159 0.00616238
254.8 3.14159 -0.0342498
255 3.14159 -0.0739438
255.2 3.14159 -0.0777722
255.4 3.14159 -0.0455906
255.6 3.14159 -0.00997076
255.8 3.14159 0.00319676
256 3.14159 0.00295688
256.2 3.14159 0.0153687
256.4 3.14159 0.043367
256.6 3.14159 0.0578097
256.8 3.14159 0.0336507
257 3.14159 -0.013803
257.2 3.14159 -0.0401182
257.4 3.14159 -0.0192317
257.6 3.14159 0.0297842
257.8 3.14159 0.0675564
258 3.14159 0.0776181
258.2 3.14159 0.0742439
258.4 3.14159 0.0701557
258.6 3.14159 0.0524453
258.8 3.14159 0.00286734
259 3.14159 -0.0638098
259.2 3.14159 -0.0995454
259.4 3.14159 -0.0723261
259.6 3.14159 -0.0100322
259.8 3.14159 0.0183811
260 3.14159 -0.0278551
260.2 3.14159 -0.115288
260.4 3.14159 -0.165799
260.6 3.14159 -0.132906
260.8 3.14159 -0.0455942
261 3.14159 0.0233728
261.2 3.14159 0.0281074
261.4 3.14159 -0.013278
261.6 3.14159 -0.0470727
261.8 3.14159 -0.0411527
262 3.14159 -0.0114263
262.2 3.14159 0.00327146
262.4 3.14159 -0.0149647
262.6 3.14159 -0.0466959
262.8 3.14159 -0.058512
263 3.14159 -0.0376245
263.2 3.14159 -0.00162774
263.4 3.14159 0.0231917
263.6 3.14159 0.0286964
263.8 3.14159 0.0275075
264 3.14159 0.0309029
264.2 3.14159 0.0301874
264.4 3.14159 0.00626367
264.6 3.14159 -0.0416306
264.8 3.14159 -0.0832953
265 3.14159 -0.0822295
265.2 3.14159 -0.0353699
265.4 3.14159 0.0171259
265.6 3.14159 0.0289718
265.8 3.14159 -0.00452713
266 3.14159 -0.0405897
266.2 3.14159 -0.0341092
266.4 3.14159 0.0142856
266.6 3.14159 0.0603799
266.8 3.14159 0.0655761
267 3.14159 0.0371221
267.2 3.14159 0.0148254
267.4 3.14159 0.0228167
267.6 3.14159 0.0444755
267.8 3.14159 0.0483428
268 3.14159 0.0304731
268.2 3.14159 0.0198809
268.4 3.14159 0.0405592
268.6 3.14159 0.0777618
268.8 3.14159 0.0913921
269 3.14159 0.0619114
269.2 3.14159 0.0141013
269.4 3.14159 -0.00994158
269.6 3.14159 0.00273894
269.8 3.14159 0.0238514
270 3.14159 0.0189462
270.2 3.14159 -0.0118554
270.4 3.14159 -0.0338442
270.6 3.14159 -0.01706
270.8 3.14159 0.0299664
271 3.14159 0.0679252
271.2 3.14159 0.0648082
271.4 3.14159 0.0232428
271.6 3.14159 -0.0277086
271.8 3.14159 -0.0615552
272 3.14159 -0.0726758
272.2 3.14159 -0.0704446
272.4 3.14159 -0.0632661
272.6 3.14159 -0.0519388
272.8 3.14159 -0.0354374
273 3.14159 -0.0172344
273.2 3.14159 -0.00342147
273.4 3.14159 0.0034514
273.6 3.14159 0.00603211
273.8 3.14159 0.00807097
274 3.14159 0.0110104
274.2 3.14159 0.0150389
274.4 3.14159 0.0205185
274.6 3.14159 0.0250457
274.8 3.14159 0.0199515
275 3.14159 -0.00485511
275.2 3.14159 -0.0475711
275.4 3.14159 -0.0869738
275.6 3.14159 -0.0950047
275.8 3.14159 -0.0632041
276 3.14159 -0.0165321
276.2 3.14159 0.00531984
276.4 3.14159 -0.0140925
276.6 3.14159 -0.0492353
276.8 3.14159 -0.0564279
277 3.14159 -0.0190063
277.2 3.14159 0.0336883
277.4 3.14159 0.0556111
277.6 3.14159 0.0312229
277.8 3.14159 -0.0108803
278 3.14159 -0.032306
278.2 3.14159 -0.0270292
278.4 3.14159 -0.0226583
278.6 3.14159 -0.0405423
278.8 3.14159 -0.0640647
279 3.14159 -0.0552219
279.2 3.14159 -0.00154195
279.4 3.14159 0.0623514
279.6 3.14159 0.0861043
279.8 3.14159 0.0536261
280 3.14159 -0.00389958
280.2 3.14159 -0.0444419
280.4 3.14159 -0.0573643
280.6 3.14159 -0.06487
280.8 3.14159 -0.0867687
281 3.14159 -0.114081
281.2 3.14159 -0.121324
281.4 3.14159 -0.0984559
281.6 3.14159 -0.0620661
281.8 3.14159 -0.0346809
282 3.14159 -0.0200717
282.2 3.14159 -0.00386768
282.4 3.14159 0.0250831
282.6 3.14159 0.0604293
282.8 3.14159 0.0855817
283 3.14159 0.0894974
283.2 3.14159 0.0722253
283.4 3.14159 0.0401822
283.6 3.14159 0.00330811
283.8 3.14159 -0.0235866
284 3.14159 -0.0261445
284.2 3.14159 -0.00472919
284.4 3.14159 0.019417
284.6 3.14159 0.0219136
284.8 3.14159 0.00348047
285 3.14159 -0.00532528
285.2 3.14159 0.0239782
285.4 3.14159 0.0805799
285.6 3.14159 0.116986
285.8 3.14159 0.0955552
286 3.14159 0.0312138
286.2 3.14159 -0.0187409
286.4 3.14159 -0.0107894
286.6 3.14159 0.041096
286.8 3.14159 0.0802477
287 3.14159 0.0641785
287.2 3.14159 0.00389342
287.4 3.14159 -0.051553
287.6 3.14159 -0.0638105
287.8 3.14159 -0.0358301
288 3.14159 0.000124103
288.2 3.14159 0.0155399
288.4 3.14159 0.00425707
288.6 3.14159 -0.0236456
288.8 3.14159 -0.0550702
289 3.14159 -0.0779855
289.2 3.14159 -0.0802161
289.4 3.14159 -0.0550992
289.6 3.14159 -0.0120754
289.8 3.14159 0.0232669
290 3.14159 0.0271574
290.2 3.14159 -0.00129242
290.4 3.14159 -0.0382623
290.6 3.14159 -0.0564558
290.8 3.14159 -0.0480442
291 3.14159 -0.0262801
291.2 3.14159 -0.00636044
291.4 3.14159 0.0113737
291.6 3.14159 0.0372698
291.8 3.14159 0.0740844
292 3.14159 0.108072
292.2 3.14159 0.121033
292.4 3.14159 0.10957
292.6 3.14159 0.088627
292.8 3.14159 0.0752007
293 3.14159 0.0715437
293.2 3.14159 0.0671856
293.4 3.14159 0.0551551
293.6 3.14159 0.0402099
293.8 3.14159 0.0282967
294 3.14159 0.0129294
294.2 3.14159 -0.0192667
294.4 3.14159 -0.0666424
294.6 3.14159 -0.102905
294.8 3.14159 -0.0987438
295 3.14159 -0.0552263
295.2 3.14159 -0.00868536
295.4 3.14159 0.00467737
295.6 3.14159 -0.0123145
295.8 3.14159 -0.0215189
296 3.14159 0.00512504
296.2 3.14159 0.0500629
296.4 3.14159 0.067774
296.6 3.14159 0.0372345
296.8 3.14159 -0.0121746
297 3.14159 -0.0330464
297.2 3.14159 -0.0132992
297.4 3.14159 0.0121932
297.6 3.14159 0.00482896
297.8 3.14159 -0.0322652
298 3.14159 -0.0605124
298.2 3.14159 -0.0541024
298.4 3.14159 -0.0301339
298.6 3.14159 -0.0247729
298.8 3.14159 -0.0469865
299 3.14159 -0.0675136
299.2 3.14159 -0.0552835
299.4 3.14159 -0.0151464
299.6 3.14159 0.0184335
299.8 3.14159 0.0211164
300 3.14159 0.00293266
300.2 3.14159 -0.0080995
300.4 3.14159 0.002771
300.6 3.14159 0.0285428
300.8 3.14159 0.0561788
301 3.14159 0.0777261
301.2 3.14159 0.0835209
301.4 3.14159 0.0581055
301.6 3.14159 -0.00228538
301.8 3.14159 -0.0692016
302 3.14159 -0.0947354
302.2 3.14159 -0.0569556
302.4 3.14159 0.0105991
302.6 3.14159 0.0468039
302.8 3.14159 0.0245507
303 3.14159 -0.0217439
303.2 3.14159 -0.0356989
303.4 3.14159 -0.00114595
303.6 3.14159 0.0438969
303.8 3.14159 0.0542165
304 3.14159 0.0269146
304.2 3.14159 -0.00346438
304.4 3.14159 -0.0113477
304.6 3.14159 -0.00680974
304.8 3.14159 -0.0124492
305 3.14159 -0.0270115
305.2 3.14159 -0.0266531
305.4 3.14159 -0.000830744
305.6 3.14159 0.0287656
305.8 3.14159 0.0352048
306 3.14159 0.0246238
306.2 3.14159 0.0319067
306.4 3.14159 0.0737009
306.6 3.14159 0.117406
306.8 3.14159 0.110356
307 3.14159 0.0404849
307.2 3.14159 -0.0423385
307.4 3.14159 -0.0722467
307.6 3.14159 -0.0317447
307.8 3.14159 0.0341247
308 3.14159 0.0645495
308.2 3.14159 0.0372264
308.4 3.14159 -0.0217744
308.6 3.14159 -0.0699638
308.8 3.14159 -0.080918
309 3.14159 -0.0521807
309.2 3.14159 0.00154234
309.4 3.14159 0.0537389
309.6 3.14159 0.0743632
309.8 3.14159 0.0500038
310 3.14159 0.00175975
310.2 3.14159 -0.0270643
310.4 3.14159 -0.0126458
310.6 3.14159 0.0210528
310.8 3.14159 0.0255929
311 3.14159 -0.0164988
311.2 3.14159 -0.0679855
311.4 3.14159 -0.0779129
311.6 3.14159 -0.0430811
311.8 3.14159 -0.0152013
312 3.14159 -0.0396827
312.2 3.14159 -0.0963684
312.4 3.14159 -0.11659
312.6 3.14159 -0.0629046
312.8 3.14159 0.0206588
313 3.14159 0.0512381
313.2 3.14159 -0.00152099
313.4 3.14159 -0.0796924
313.6 3.14159 -0.100498
313.8 3.14159 -0.0477164
314 3.14159 0.0129213
314.2 3.14159 0.0107883
314.4 3.14159 -0.0501727
314.6 3.14159 -0.100379
314.8 3.14159 -0.0876184
315 3.14159 -0.0350056
315.2 3.14159 -0.00801216
315.4 3.14159 -0.0341621
315.6 3.14159 -0.0726929
315.8 3.14159 -0.0676705
316 3.14159 -0.017231
316.2 3.14159 0.0248511
316.4 3.14159 0.0143333
316.6 3.14159 -0.032577
316.8 3.14159 -0.0623745
317 3.14159 -0.0489203
317.2 3.14159 -0.0188368
317.4 3.14159 -0.0104156
317.6 3.14159 -0.023087
317.8 3.14159 -0.023124
318 3.14159 0.00483683
318.2 3.14159 0.0318019
318.4 3.14159 0.0217645
318.6 3.14159 -0.0151994
318.8 3.14159 -0.0271498
319 3.14159 0.0162655
319.2 3.14159 0.0787201
319.4 3.14159 0.0918366
319.6 3.14159 0.0338801
319.8 3.14159 -0.0415083
320 3.14159 -0.0639391
320.2 3.14159 -0.0241746
320.4 3.14159 0.0209045
320.6 3.14159 0.0206563
320.8 3.14159 -0.00910344
321 3.14159 -0.0106762
321.2 3.14159 0.0387461
321.4 3.14159 0.094324
321.6 3.14159 0.0952955
321.8 3.14159 0.0369384
322 3.14159 -0.0243219
322.2 3.14159 -0.0359466
322.4 3.14159 -0.00395549
322.6 3.14159 0.0248111
322.8 3.14159 0.0224809
323 3.14159 0.00532825
323.2 3.14159 0.000588436
323.4 3.14159 0.00815178
323.6 3.14159 0.00965501
323.8 3.14159 0.00554248
324 3.14159 0.0197704
324.2 3.14159 0.0595659
324.4 3.14159 0.0880526
324.6 3.14159 0.0592246
324.8 3.14159 -0.0192318
325 3.14159 -0.0782633
325.2 3.14159 -0.057897
325.4 3.14159 0.0212884
325.6 3.14159 0.0747912
325.8 3.14159 0.0463159
326 3.14159 -0.0297342
326.2 3.14159 -0.0687069
326.4 3.14159 -0.0308135
326.6 3.14159 0.0403866
326.8 3.14159 0.0753335
327 3.14159 0.0557532
327.2 3.14159 0.0195365
327.4 3.14159 -0.00102257
327.6 3.14159 -0.0190848
327.8 3.14159 -0.0594414
328 3.14159 -0.103665
328.2 3.14159 -0.0980172
328.4 3.14159 -0.0232403
328.6 3.14159 0.0649534
328.8 3.14159 0.0877906
329 3.14159 0.0344035
329.2 3.14159 -0.0199892
329.4 3.14159 0.00106343
329.6 3.14159 0.0830655
329.8 3.14159 0.131782
330 3.14159 0.0790895
330.2 3.14159 -0.0378618
330.4 3.14159 -0.115382
330.6 3.14159 -0.0948176
330.8 3.14159 -0.0199391
331 3.14159 0.0199593
331.2 3.14159 -0.00976941
331.4 3.14159 -0.0589579
331.6 3.14159 -0.0582399
331.8 3.14159 0.0020403
332 3.14159 0.0667822
332.2 3.14159 0.0807668
332.4 3.14159 0.0446318
332.6 3.14159 0.00520106
332.8 3.14159 0.00199423
333 3.14159 0.031785
333.2 3.14159 0.0607501
333.4 3.14159 0.0599601
333.6 3.14159 0.0265051
333.8 3.14159 -0.0203411
334 3.14159 -0.0542322
334.2 3.14159 -0.0559769
334.4 3.14159 -0.0247957
334.6 3.14159 0.0179172
334.8 3.14159 0.0409085
335 3.14159 0.0282362
335.2 3.14159 -0.00548444
335.4 3.14159 -0.0291651
335.6 3.14159 -0.027325
335.8 3.14159 -0.015057
336 3.14159 -0.0179541
336.2 3.14159 -0.040464
336.4 3.14159 -0.0613168
336.6 3.14159 -0.0619392
336.8 3.14159 -0.0516589
337 3.14159 -0.055951
337.2 3.14159 -0.080293
337.4 3.14159 -0.0958793
337.6 3.14159 -0.0700324
337.8 3.14159 -0.0088234
338 3.14159 0.0404865
338.2 3.14159 0.0362656
338.4 3.14159 -0.0106356
338.6 3.14159 -0.0445799
338.8 3.14159 -0.0234479
339 3.14159 0.0337517
339.2 3.14159 0.0633651
339.4 3.14159 0.0235829
339.6 3.14159 -0.0581525
339.8 3.14159 -0.108261
340 3.14159 -0.0796557
340.2 3.14159 -9.63357e-05
340.4 3.14159 0.0540617
340.6 3.14159 0.0335245
340.8 3.14159 -0.0356509
341 3.14159 -0.0804421
341.2 3.14159 -0.0563646
341.4 3.14159 0.00872955
341.6 3.14159 0.0486162
341.8 3.14159 0.0328328
342 3.14159 -0.000855229
342.2 3.14159 0.00693918
342.4 3.14159 0.0628904
342.6 3.14159 0.104978
342.8 3.14159 0.0681764
343 3.14159 -0.0383354
343.2 3.14159 -0.131157
343.4 3.14159 -0.135378
343.6 3.14159 -0.0613634
343.8 3.14159 0.009184
344 3.14159 0.011943
344.2 3.14159 -0.0361899
344.4 3.14159 -0.0666167
344.6 3.14159 -0.0416252
344.8 3.14159 0.00900424
345 3.14159 0.0354599
345.2 3.14159 0.0336126
345.4 3.14159 0.0442714
345.6 3.14159 0.0893485
345.8 3.14159 0.13172
346 3.14159 0.116461
346.2 3.14159 0.0441866
346.4 3.14159 -0.0200908
346.6 3.14159 -0.0219058
346.8 3.14159 0.0141931
347 3.14159 0.0124534
347.2 3.14159 -0.0573155
347.4 3.14159 -0.132878
347.6 3.14159 -0.127685
347.8 3.14159 -0.0375928
348 3.14159 0.044886
348.2 3.14159 0.0340949
348.4 3.14159 -0.0460137
348.6 3.14159 -0.0848794
348.8 3.14159 -0.0124797
349 3.14159 0.116192
349.2 3.14159 0.179519
349.4 3.14159 0.124564
349.6 3.14159 0.0235996
349.8 3.14159 -0.0106637
350 3.14159 0.0492037
350.2 3.14159 0.121597
350.4 3.14159 0.114033
350.6 3.14159 0.0253712
350.8 3.14159 -0.0605941
351 3.14159 -0.0717093
351.2 3.14159 -0.0186935
351.4 3.14159 0.0310415
351.6 3.14159 0.0325567
351.8 3.14159 0.00133755
352 3.14159 -0.0205335
352.2 3.14159 -0.0160203
352.4 3.14159 -0.00258133
352.6 3.14159 -0.00220043
352.8 3.14159 -0.0179978
353 3.14159 -0.0402642
353.2 3.14159 -0.061086
353.4 3.14159 -0.0742786
353.6 3.14159 -0.0695171
353.8 3.14159 -0.0410306
354 3.14159 -0.00359172
354.2 3.14159 0.0129794
354.4 3.14159 -0.00466123
354.6 3.14159 -0.0325519
354.8 3.14159 -0.0320677
355 3.14159 0.00445176
355.2 3.14159 0.0410223
355.4 3.14159 0.0388339
355.6 3.14159 0.00357031
355.8 3.14159 -0.0204787
356 3.14159 -0.00499938
356.2 3.14159 0.0267168
356.4 3.14159 0.0298144
356.6 3.14159 -0.00276575
356.8 3.14159 -0.0290935
357 3.14159 -0.0147866
357.2 3.14159 0.0121511
357.4 3.14159 -0.0155285
357.6 3.14159 -0.11876
357.8 3.14159 -0.223483
358 3.14159 -0.218325
358.2 3.14159 -0.0697021
358.4 3.14159 0.127145
358.6 3.14159 0.224455
358.8 3.14159 0.155858
359 3.14159 -0.00331181
359.2 3.14159 -0.108036
359.4 3.14159 -0.0754687
359.6 3.14159 0.0496832
359.8 3.14159 0.149706
360 3.14159 0.14492
360.2 3.14159 0.0532666
360.4 3.14159 -0.0459011
360.6 3.14159 -0.0928642
360.8 3.14159 -0.0895362
361 3.14159 -0.0728722
361.2 3.14159 -0.0634857
361.4 3.14159 -0.0500147
361.6 3.14159 -0.0190565
361.8 3.14159 0.0147081
362 3.14159 0.0205317
362.2 3.14159 -0.00736072
362.4 3.14159 -0.0327472
362.6 3.14159 -0.0123506
362.8 3.14159 0.0530257
363 3.14159 0.112086
363.2 3.14159 0.11429
363.4 3.14159 0.0636283
363.6 3.14159 0.0128636
363.8 3.14159 0.00410044
364 3.14159 0.024432
364.2 3.14159 0.0278589
364.4 3.14159 -0.00504038
364.6 3.14159 -0.0430807
364.8 3.14159 -0.044276
365 3.14159 -0.00844267
365.2 3.14159 0.0231531
365.4 3.14159 0.0187226
365.6 3.14159 -0.00852756
365.8 3.14159 -0.0242479
366 3.14159 -0.021892
366.2 3.14159 -0.0303022
366.4 3.14159 -0.0696382
366.6 3.14159 -0.115405
366.8 3.14159 -0.120921
367 3.14159 -0.0714962
367.2 3.14159 -0.00087665
367.4 3.14159 0.0496471
367.6 3.14159 0.0734187
367.8 3.14159 0.0866586
368 3.14159 0.0853522
368.2 3.14159 0.0402771
368.4 3.14159 -0.0527893
368.6 3.14159 -0.136142
368.8 3.14159 -0.131885
369 3.14159 -0.0286889
369.2 3.14159 0.0909863
369.4 3.14159 0.127957
369.6 3.14159 0.0669275
369.8 3.14159 -0.01468
370 3.14159 -0.038205
370.2 3.14159 -0.00512852
370.4 3.14159 0.0246521
370.6 3.14159 0.0199343
370.8 3.14159 0.0142358
371 3.14159 0.0474435
371.2 3.14159 0.0966321
371.4 3.14159 0.094296
371.6 3.14159 0.0153183
371.8 3.14159 -0.0805954
372 3.14159 -0.110777
372.2 3.14159 -0.061377
372.4 3.14159 0.00465413
372.6 3.14159 0.0306422
372.8 3.14159 0.0315772
373 3.14159 0.0596688
373.2 3.14159 0.12021
373.4 3.14159 0.153291
373.6 3.14159 0.109106
373.8 3.14159 0.0190188
374 3.14159 -0.0333301
374.2 3.14159 -0.00819087
374.4 3.14159 0.0470296
374.6 3.14159 0.0611493
374.8 3.14159 0.026952
375 3.14159 0.00238315
375.2 3.14159 0.0275251
375.4 3.14159 0.0676949
375.6 3.14159 0.0570549
375.8 3.14159 -0.0144329
376 3.14159 -0.0835616
376.2 3.14159 -0.0887942
376.4 3.14159 -0.0426535
376.6 3.14159 -0.0110889
376.8 3.14159 -0.0282589
377 3.14159 -0.054353
377.2 3.14159 -0.0270198
377.4 3.14159 0.0596753
377.6 3.14159 0.14443
377.8 3.14159 0.163953
378 3.14159 0.114141
378.2 3.14159 0.0422475
378.4 3.14159 -0.00699168
378.6 3.14159 -0.0239441
378.8 3.14159 -0.0206952
379 3.14159 -0.00732149
379.2 3.14159 0.00850995
379.4 3.14159 0.0117565
379.6 3.14159 -0.0103712
379.8 3.14159 -0.04632
380 3.14159 -0.0625846
380.2 3.14159 -0.0398289
380.4 3.14159 -0.00151883
380.6 3.14159 0.00638219
380.8 3.14159 -0.0328341
381 3.14159 -0.0838645
381.2 3.14159 -0.0949717
381.4 3.14159 -0.0521956
381.6 3.14159 0.00900567
381.8 3.14159 0.0439382
382 3.14159 0.041571
382.2 3.14159 0.0247564
382.4 3.14159 0.0170853
382.6 3.14159 0.019474
382.8 3.14159 0.0179971
383 3.14159 0.00440331
383.2 3.14159 -0.0162473
383.4 3.14159 -0.0321977
383.6 3.14159 -0.032119
383.8 3.14159 -0.00907418
384 3.14159 0.0324908
384.2 3.14159 0.0710055
384.4 3.14159 0.0783103
384.6 3.14159 0.0454932
384.8 3.14159 -0.00366848
385 3.14159 -0.0342935
385.2 3.14159 -0.0378178
385.4 3.14159 -0.039877
385.6 3.14159 -0.0642878
385.8 3.14159 -0.0956029
386 3.14159 -0.0905915
386.2 3.14159 -0.0303616
386.4 3.14159 0.0495258
386.6 3.14159 0.0917307
386.8 3.14159 0.0768436
387 3.14159 0.03981
387.2 3.14159 0.0247919
387.4 3.14159 0.0354233
387.6 3.14159 0.0401893
387.8 3.14159 0.0204386
388 3.14159 -0.00460947
388.2 3.14159 -0.00758044
388.4 3.14159 0.00562688
388.6 3.14159 0.00191106
388.8 3.14159 -0.0308657
389 3.14159 -0.0586572
389.2 3.14159 -0.0381753
389.4 3.14159 0.0253711
389.6 3.14159 0.0732261
389.8 3.14159 0.0531485
390 3.14159 -0.0222946
390.2 3.14159 -0.0867209
390.4 3.14159 -0.0881229
390.6 3.14159 -0.0383385
390.8 3.14159 0.00684619
391 3.14159 0.00839947
391.2 3.14159 -0.0227617
391.4 3.14159 -0.0491562
391.6 3.14159 -0.051787
391.8 3.14159 -0.0452872
392 3.14159 -0.0524021
392.2 3.14159 -0.071505
392.4 3.14159 -0.0735077
392.6 3.14159 -0.0310889
392.8 3.14159 0.0482797
393 3.14159 0.117358
393.2 3.14159 0.120835
393.4 3.14159 0.0418497
393.6 3.14159 -0.0759824
393.8 3.14159 -0.155507
394 3.14159 -0.145657
394.2 3.14159 -0.0624178
394.4 3.14159 0.0278808
394.6 3.14159 0.0678915
394.8 3.14159 0.052552
395 3.14159 0.0170273
395.2 3.14159 -0.0085447
395.4 3.14159 -0.0220574
395.6 3.14159 -0.0298682
395.8 3.14159 -0.0217539
396 3.14159 0.0180571
396.2 3.14159 0.0770119
396.4 3.14159 0.110021
396.6 3.14159 0.0833348
396.8 3.14159 0.01774
397 3.14159 -0.0268251
397.2 3.14159 -0.0142148
397.4 3.14159 0.0304901
397.6 3.14159 0.0549016
397.8 3.14159 0.0424678
398 3.14159 0.0264288
398.2 3.14159 0.0392442
398.4 3.14159 0.0654226
398.6 3.14159 0.0607525
398.8 3.14159 0.0129385
399 3.14159 -0.0373101
399.2 3.14159 -0.0450584
399.4 3.14159 -0.0177369
399.6 3.14159 -0.00454756
399.8 3.14159 -0.0303995
400 3.14159 -0.0599673
400.2 3.14159 -0.0413269
400.4 3.14159 0.0235567
400.6 3.14159 0.0715988
400.8 3.14159 0.0474076
401 3.14159 -0.0330853
401.2 3.14159 -0.0991399
401.4 3.14159 -0.0996878
401.6 3.14159 -0.048263
401.8 3.14159 0.0057187
402 3.14159 0.0336501
402.2 3.14159 0.0436969
402.4 3.14159 0.0504914
402.6 3.14159 0.0505831
402.8 3.14159 0.0355279
403 3.14159 0.0141271
403.2 3.14159 0.00371506
403.4 3.14159 0.00133239
403.6 3.14159 -0.0179274
403.8 3.14159 -0.0635315
404 3.14159 -0.10193
404.2 3.14159 -0.0851519
404.4 3.14159 -0.0106381
404.6 3.14159 0.0620501
404.8 3.14159 0.0674516
405 3.14159 0.00451047
405.2 3.14159 -0.0610215
405.4 3.14159 -0.0672328
405.6 3.14159 -0.0196315
405.8 3.14159 0.0233507
406 3.14159 0.0217268
406.2 3.14159 -0.00327474
406.4 3.14159 -0.00226788
406.6 3.14159 0.0369043
406.8 3.14159 0.070471
407 3.14159 0.0481048
407.2 3.14159 -0.0272376
407.4 3.14159 -0.096564
407.6 3.14159 -0.102244
407.8 3.14159 -0.0443657
408 3.14159 0.0206828
408.2 3.14159 0.0349717
408.4 3.14159 -0.00890286
408.6 3.14159 -0.0676416
408.8 3.14159 -0.094209
409 3.14159 -0.082385
409.2 3.14159 -0.064744
409.4 3.14159 -0.0695276
409.6 3.14159 -0.0852109
409.8 3.14159 -0.0735554
410 3.14159 -0.0178125
410.2 3.14159 0.0500667
410.4 3.14159 0.0794574
410.6 3.14159 0.0581293
410.8 3.14159 0.0289714
411 3.14159 0.0412825
411.2 3.14159 0.0900295
411.4 3.14159 0.116704
411.6 3.14159 0.0756512
411.8 3.14159 -0.010988
412 3.14159 -0.0766551
412.2 3.14159 -0.0848504
412.4 3.14159 -0.0641067
412.6 3.14159 -0.0616752
412.8 3.14159 -0.0780889
413 3.14159 -0.0697252
413.2 3.14159 -0.0170491
413.4 3.14159 0.0343241
413.6 3.14159 0.0226238
413.8 3.14159 -0.0471755
414 3.14159 -0.09632
414.2 3.14159 -0.0616459
414.4 3.14159 0.0237054
414.6 3.14159 0.0629413
414.8 3.14159 0.00966456
415 3.14159 -0.0729693
415.2 3.14159 -0.0829623
415.4 3.14159 0.00174783
415.6 3.14159 0.0975447
415.8 3.14159 0.110599
416 3.14159 0.0380238
416.2 3.14159 -0.0409308
416.4 3.14159 -0.0610781
416.6 3.14159 -0.0330208
416.8 3.14159 -0.00569883
417 3.14159 0.00515118
417.2 3.14159 0.0246326
417.4 3.14159 0.06171
417.6 3.14159 0.0770294
417.8 3.14159 0.0278401
418 3.14159 -0.067601
418.2 3.14159 -0.135946
418.4 3.14159 -0.125178
418.6 3.14159 -0.0590616
418.8 3.14159 -0.00415736
419 3.14159 0.00659117
419.2 3.14159 -5.91723e-05
419.4 3.14159 0.0148444
419.6 3.14159 0.0505001
419.8 3.14159 0.0747908
420 3.14159 0.0714665
420.2 3.14159 0.056841
420.4 3.14159 0.0479352
420.6 3.14159 0.0352281
420.8 3.14159 0.00347247
421 3.14159 -0.030723
421.2 3.14159 -0.0260957
421.4 3.14159 0.030288
421.6 3.14159 0.0929538
421.8 3.14159 0.0980724
422 3.14159 0.0322167
422.2 3.14159 -0.0518826
422.4 3.14159 -0.090754
422.6 3.14159 -0.0701618
422.8 3.14159 -0.0244079
423 3.14159 0.0104182
423.2 3.14159 0.0250291
423.4 3.14159 0.022692
423.6 3.14159 0.00061497
423.8 3.14159 -0.0382451
424 3.14159 -0.0669335
424.2 3.14159 -0.0528772
424.4 3.14159 -0.000943589
424.6 3.14159 0.0403669
424.8 3.14159 0.0320368
425 3.14159 -0.0044494
425.2 3.14159 -0.0101636
425.4 3.14159 0.0344215
425.6 3.14159 0.0772545
425.8 3.14159 0.0567841
426 3.14159 -0.015386
426.2 3.14159 -0.0612812
426.4 3.14159 -0.0328871
426.6 3.14159 0.0226944
426.8 3.14159 0.0190822
427 3.14159 -0.0562075
427.2 3.14159 -0.116233
427.4 3.14159 -0.0776459
427.6 3.14159 0.0316853
427.8 3.14159 0.098019
428 3.14159 0.0550008
428.2 3.14159 -0.0380153
428.4 3.14159 -0.070315
428.6 3.14159 -0.0152793
428.8 3.14159 0.0415668
429 3.14159 0.0155613
429.2 3.14159 -0.0664106
429.4 3.14159 -0.0973643
429.6 3.14159 -0.0247398
429.8 3.14159 0.0805746
430 3.14159 0.107023
430.2 3.14159 0.0346403
430.4 3.14159 -0.0444912
430.6 3.14159 -0.0394913
430.8 3.14159 0.03315
431 3.14159 0.0763471
431.2 3.14159 0.0328731
431.4 3.14159 -0.0485319
431.6 3.14159 -0.0752817
431.8 3.14159 -0.0186734
432 3.14159 0.0602741
432.2 3.14159 0.0862897
432.4 3.14159 0.0480092
432.6 3.14159 -0.00790933
432.8 3.14159 -0.0419989
433 3.14159 -0.0579766
433.2 3.14159 -0.0735731
433.4 3.14159 -0.0790748
433.6 3.14159 -0.0453413
433.8 3.14159 0.0296613
434 3.14159 0.100771
434.2 3.14159 0.113814
434.4 3.14159 0.0608139
434.6 3.14159 -0.0107593
434.8 3.14159 -0.0439736
435 3.14159 -0.0231925
435.2 3.14159 0.0204937
435.4 3.14159 0.0465407
435.6 3.14159 0.0419376
435.8 3.14159 0.0244426
436 3.14159 0.0175716
436.2 3.14159 0.0263502
436.4 3.14159 0.0346046
436.6 3.14159 0.0217964
436.8 3.14159 -0.0174552
437 3.14159 -0.0670373
437.2 3.14159 -0.100268
437.4 3.14159 -0.0987987
437.6 3.14159 -0.0640986
437.8 3.14159 -0.0137415
438 3.14159 0.0312082
438.2 3.14159 0.0552309
438.4 3.14159 0.0502349
438.6 3.14159 0.0169481
438.8 3.14159 -0.0305542
439 3.14159 -0.0659582
439.2 3.14159 -0.0662725
439.4 3.14159 -0.0327134
439.6 3.14159 0.00635956
439.8 3.14159 0.0191082
440 3.14159 -0.00124803
440.2 3.14159 -0.0336141
440.4 3.14159 -0.0540015
440.6 3.14159 -0.0580706
440.8 3.14159 -0.0558401
441 3.14159 -0.0501599
441.2 3.14159 -0.0308645
441.4 3.14159 0.00687533
441.6 3.14159 0.0471321
441.8 3.14159 0.0656356
442 3.14159 0.0565234
442.2 3.14159 0.037624
442.4 3.14159 0.0260873
442.6 3.14159 0.0173178
442.8 3.14159 -0.00281372
443 3.14159 -0.0293368
443.2 3.14159 -0.0363382
443.4 3.14159 -0.0105536
443.6 3.14159 0.0238567
443.8 3.14159 0.0293809
444 3.14159 0.00456578
444.2 3.14159 -0.00631054
444.4 3.14159 0.0346495
444.6 3.14159 0.103676
444.8 3.14159 0.129506
445 3.14159 0.0704067
445.2 3.14159 -0.0326111
445.4 3.14159 -0.0914171
445.6 3.14159 -0.0586488
445.8 3.14159 0.0293611
446 3.14159 0.0976869
446.2 3.14159 0.108101
446.4 3.14159 0.080772
446.6 3.14159 0.0514199
446.8 3.14159 0.0285076
447 3.14159 0.000654652
447.2 3.14159 -0.0295955
447.4 3.14159 -0.041369
447.6 3.14159 -0.0273277
447.8 3.14159 -0.012545
448 3.14159 -0.0272958
448.2 3.14159 -0.0665711
448.4 3.14159 -0.0921777
448.6 3.14159 -0.0789077
448.8 3.14159 -0.0461925
449 3.14159 -0.0334781
449.2 3.14159 -0.0506959
449.4 3.14159 -0.0677844
449.6 3.14159 -0.055683
449.8 3.14159 -0.0234651
450 3.14159 -0.00316137
450.2 3.14159 -0.00525144
450.4 3.14159 -0.00705672
450.6 3.14159 0.00994253
450.8 3.14159 0.0273448
451 3.14159 0.0115791
451.2 3.14159 -0.0347796
451.4 3.14159 -0.0630628
451.6 3.14159 -0.0319182
451.8 3.14159 0.0387162
452 3.14159 0.0840767
452.2 3.14159 0.0674445
452.4 3.14159 0.0224621
452.6 3.14159 0.0112224
452.8 3.14159 0.0474197
453 3.14159 0.0781345
453.2 3.14159 0.0479193
453.4 3.14159 -0.0308252
453.6 3.14159 -0.08567
453.8 3.14159 -0.0618889
454 3.14159 0.0186411
454.2 3.14159 0.0819059
454.4 3.14159 0.0781141
454.6 3.14159 0.0251524
454.8 3.14159 -0.0208136
455 3.14159 -0.0258534
455.2 3.14159 -0.00343088
455.4 3.14159 0.0124593
455.6 3.14159 0.00644337
455.8 3.14159 -0.00896392
456 3.14159 -0.0143566
456.2 3.14159 -0.00472562
456.4 3.14159 0.00977181
456.6 3.14159 0.0176252
456.8 3.14159 0.0168503
457 3.14159 0.0144473
457.2 3.14159 0.0179891
457.4 3.14159 0.0271604
457.6 3.14159 0.0321118
457.8 3.14159 0.021974
458 3.14159 -0.0014137
458.2 3.14159 -0.0184309
458.4 3.14159 -0.0055412
458.6 3.14159 0.0409197
458.8 3.14159 0.0952535
459 3.14159 0.120892
459.2 3.14159 0.100877
459.4 3.14159 0.0500605
459.6 3.14159 -0.00204209
459.8 3.14159 -0.0367983
460 3.14159 -0.0540833
460.2 3.14159 -0.0603511
460.4 3.14159 -0.0580173
460.6 3.14159 -0.0483939
460.8 3.14159 -0.0371959
461 3.14159 -0.028634
461.2 3.14159 -0.0157693
461.4 3.14159 0.0133512
461.6 3.14159 0.0548519
461.8 3.14159 0.0816596
462 3.14159 0.0687709
462.2 3.14159 0.0276213
462.4 3.14159 0.0046072
462.6 3.14159 0.0344172
462.8 3.14159 0.0960293
463 3.14159 0.125466
463.2 3.14159 0.078872
463.4 3.14159 -0.0200852
463.6 3.14159 -0.101086
463.8 3.14159 -0.11357
464 3.14159 -0.0677976
464.2 3.14159 -0.012265
464.4 3.14159 0.0179738
464.6 3.14159 0.0227443
464.8 3.14159 0.0151051
465 3.14159 -0.00270833
465.2 3.14159 -0.0321536
465.4 3.14159 -0.0577216
465.6 3.14159 -0.0525624
465.8 3.14159 -0.0117692
466 3.14159 0.0308412
466.2 3.14159 0.0332538
466.4 3.14159 -0.00663128
466.6 3.14159 -0.0446328
466.8 3.14159 -0.0389528
467 3.14159 0.000961859
467.2 3.14159 0.0249892
467.4 3.14159 0.00220517
467.6 3.14159 -0.0410087
467.8 3.14159 -0.0516715
468 3.14159 -0.014532
468.2 3.14159 0.0271583
468.4 3.14159 0.0211108
468.6 3.14159 -0.031068
468.8 3.14159 -0.0716547
469 3.14159 -0.0499255
469.2 3.14159 0.0200082
469.4 3.14159 0.071235
469.6 3.14159 0.052791
469.8 3.14159 -0.0189491
470 3.14159 -0.0778749
470.2 3.14159 -0.0718635
470.4 3.14159 -0.00678742
470.6 3.14159 0.0667155
470.8 3.14159 0.100566
471 3.14159 0.0825982
471.2 3.14159 0.0338174
471.4 3.14159 -0.0141681
471.6 3.14159 -0.0370421
471.8 3.14159 -0.0245546
472 3.14159 0.0165565
472.2 3.14159 0.0627344
472.4 3.14159 0.0846825
472.6 3.14159 0.0687009
472.8 3.14159 0.0303745
473 3.14159 0.00284444
473.2 3.14159 0.00626718
473.4 3.14159 0.027995
473.6 3.14159 0.0358324
473.8 3.14159 0.0126336
474 3.14159 -0.0235321
474.2 3.14159 -0.0359352
474.4 3.14159 -0.00646441
474.6 3.14159 0.0447629
474.8 3.14159 0.0775881
475 3.14159 0.0691042
475.2 3.14159 0.0325126
475.4 3.14159 0.00075481
475.6 3.14159 -0.00582808
475.8 3.14159 0.00532677
476 3.14159 0.012776
476.2 3.14159 0.00515357
476.4 3.14159 -0.0103941
476.6 3.14159 -0.020698
476.8 3.14159 -0.0221251
477 3.14159 -0.0213538
477.2 3.14159 -0.023312
477.4 3.14159 -0.0232387
477.6 3.14159 -0.0130484
477.8 3.14159 0.00641946
478 3.14159 0.0232173
478.2 3.14159 0.025982
478.4 3.14159 0.0166735
478.6 3.14159 0.00972181
478.8 3.14159 0.0179166
479 3.14159 0.039472
479.2 3.14159 0.0588301
479.4 3.14159 0.0593166
479.6 3.14159 0.0351008
479.8 3.14159 -0.00676288
480 3.14159 -0.0524943
480.2 3.14159 -0.0883123
480.4 3.14159 -0.103961
480.6 3.14159 -0.0948051
480.8 3.14159 -0.0642947
481 3.14159 -0.0242613
481.2 3.14159 0.0103814
481.4 3.14159 0.0304722
481.6 3.14159 0.0372466
481.8 3.14159 0.0376835
482 3.14159 0.0351737
482.2 3.14159 0.0261243
482.4 3.14159 0.00732204
482.6 3.14159 -0.0141748
482.8 3.14159 -0.0222548
483 3.14159 -0.00707735
483.2 3.14159 0.0201653
483.4 3.14159 0.0318933
483.6 3.14159 0.0092758
483.8 3.14159 -0.0351721
484 3.14159 -0.0635188
484.2 3.14159 -0.0463496
484.4 3.14159 0.00687785
484.6 3.14159 0.0539615
484.8 3.14159 0.0596667
485 3.14159 0.0297122
485.2 3.14159 0.00278423
485.4 3.14159 0.00831964
485.6 3.14159 0.0357455
485.8 3.14159 0.0493245
486 3.14159 0.0318902
486.2 3.14159 0.00707007
486.4 3.14159 0.0131064
486.6 3.14159 0.0569904
486.8 3.14159 0.101744
487 3.14159 0.103056
487.2 3.14159 0.0551199
487.4 3.14159 -0.00474364
487.6 3.14159 -0.0360551
487.8 3.14159 -0.032882
488 3.14159 -0.0187768
488.2 3.14159 -0.0108947
488.4 3.14159 -0.000537465
488.6 3.14159 0.0269513
488.8 3.14159 0.0619663
489 3.14159 0.0732302
489.2 3.14159 0.0441218
489.4 3.14159 -0.00174704
489.6 3.14159 -0.0213275
489.8 3.14159 0.000752149
490 3.14159 0.0332628
490.2 3.14159 0.0324526
490.4 3.14159 -0.0073272
490.6 3.14159 -0.0439489
490.8 3.14159 -0.0314116
491 3.14159 0.0292712
491.2 3.14159 0.0865622
491.4 3.14159 0.0859206
491.6 3.14159 0.0202724
491.8 3.14159 -0.0640048
492 3.14159 -0.107206
492.2 3.14159 -0.083611
492.4 3.14159 -0.0181379
492.6 3.14159 0.0355961
492.8 3.14159 0.0353735
493 3.14159 -0.0191451
493.2 3.14159 -0.0856556
493.4 3.14159 -0.110746
493.6 3.14159 -0.0736863
493.8 3.14159 -0.00697362
494 3.14159 0.0294525
494.2 3.14159 0.00280815
494.4 3.14159 -0.059687
494.6 3.14159 -0.095747
494.8 3.14159 -0.0690157
495 3.14159 -0.00404703
495.2 3.14159 0.0418747
495.4 3.14159 0.0387888
495.6 3.14159 0.00947354
495.8 3.14159 -0.0055639
496 3.14159 0.00107172
496.2 3.14159 -0.00145687
496.4 3.14159 -0.0373664
496.6 3.14159 -0.0870715
496.8 3.14159 -0.105668
497 3.14159 -0.0756225
497.2 3.14159 -0.0285793
497.4 3.14159 -0.00889687
497.6 3.14159 -0.0235392
497.8 3.14159 -0.0397566
498 3.14159 -0.0316191
498.2 3.14159 -0.0149647
498.4 3.14159 -0.0253067
498.6 3.14159 -0.0664936
498.8 3.14159 -0.097004
499 3.14159 -0.0752156
499.2 3.14159 -0.0106536
499.4 3.14159 0.0414064
499.6 3.14159 0.0372878
499.8 3.14159 -0.0124455
500 3.14159 -0.0617404
500.2 3.14159 -0.081428
500.4 3.14159 -0.081269
500.6 3.14159 -0.0816371
500.8 3.14159 -0.0796583
501 3.14159 -0.0567215
501.2 3.14159 -0.0144174
501.4 3.14159 0.0149219
501.6 3.14159 0.00384453
501.8 3.14159 -0.0318777
502 3.14159 -0.0450571
502.2 3.14159 -0.0108804
502.4 3.14159 0.0409498
502.6 3.14159 0.057313
502.8 3.14159 0.0216387
503 3.14159 -0.0275612
503.2 3.14159 -0.0416403
503.4 3.14159 -0.0175054
503.6 3.14159 0.000315143
503.8 3.14159 -0.0283358
504 3.14159 -0.0937263
504.2 3.14159 -0.146186
504.4 3.14159 -0.145801
504.6 3.14159 -0.0963121
504.8 3.14159 -0.0335211
505 3.14159 0.0100217
505.2 3.14159 0.025769
505.4 3.14159 0.0246202
505.6 3.14159 0.0233574
505.8 3.14159 0.0355606
506 3.14159 0.0642057
506.2 3.14159 0.0941865
506.4 3.14159 0.0967842
506.6 3.14159 0.0541044
506.8 3.14159 -0.0152254
507 3.14159 -0.0617821
507.2 3.14159 -0.0475233
507.4 3.14159 0.0142244
507.6 3.14159 0.0659857
507.8 3.14159 0.0581382
508 3.14159 -0.00567004
508.2 3.14159 -0.075296
508.4 3.14159 -0.102768
508.6 3.14159 -0.0808658
508.8 3.14159 -0.0372218
509 3.14159 -0.000879351
509.2 3.14159 0.0182356
509.4 3.14159 0.0223945
509.6 3.14159 0.0126009
509.8 3.14159 -0.00969568
510 3.14159 -0.032656
510.2 3.14159 -0.0376107
510.4 3.14159 -0.0185308
510.6 3.14159 0.00616462
510.8 3.14159 0.00830465
511 3.14159 -0.0210972
511.2 3.14159 -0.0599735
511.4 3.14159 -0.0744127
511.6 3.14159 -0.049914
511.8 3.14159 -0.00406968
512 3.14159 0.0297539
512.2 3.14159 0.030891
512.4 3.14159 0.00748156
512.6 3.14159 -0.0112744
512.8 3.14159 0.000372581
513 3.14159 0.0416715
513.2 3.14159 0.0820159
513.4 3.14159 0.0838645
513.6 3.14159 0.0368235
513.8 3.14159 -0.0276835
514 3.14159 -0.0599947
514.2 3.14159 -0.0373465
514.4 3.14159 0.0130207
514.6 3.14159 0.0389853
514.8 3.14159 0.0140873
515 3.14159 -0.0378654
515.2 3.14159 -0.0684109
515.4 3.14159 -0.0511923
515.6 3.14159 -0.000959859
515.8 3.14159 0.0486012
516 3.14159 0.0758211
516.2 3.14159 0.0777642
516.4 3.14159 0.0572456
516.6 3.14159 0.0182633
516.8 3.14159 -0.0236852
517 3.14159 -0.04084
517.2 3.14159 -0.0181215
517.4 3.14159 0.0215194
517.6 3.14159 0.030329
517.8 3.14159 -0.0157079
518 3.14159 -0.0859481
518.2 3.14159 -0.122983
518.4 3.14159 -0.102921
518.6 3.14159 -0.0591652
518.8 3.14159 -0.0411516
519 3.14159 -0.0575604
519.2 3.14159 -0.0716733
519.4 3.14159 -0.0518502
519.6 3.14159 -0.0116446
519.8 3.14159 0.0104813
520 3.14159 0.00256208
520.2 3.14159 -0.00732727
520.4 3.14159 0.00633153
520.6 3.14159 0.0258458
520.8 3.14159 0.00962386
521 3.14159 -0.0495081
521.2 3.14159 -0.103208
521.4 3.14159 -0.0972473
521.6 3.14159 -0.0349559
521.8 3.14159 0.0243217
522 3.14159 0.0321543
522.2 3.14159 0.00328485
522.4 3.14159 -0.00959657
522.6 3.14159 0.0147946
522.8 3.14159 0.0399216
523 3.14159 0.0197243
523.2 3.14159 -0.0398635
523.4 3.14159 -0.0832169
523.6 3.14159 -0.0679189
523.8 3.14159 -0.0113292
524 3.14159 0.0328919
524.2 3.14159 0.0356288
524.4 3.14159 0.0165294
524.6 3.14159 0.0085758
524.8 3.14159 0.013733
525 3.14159 0.0051054
525.2 3.14159 -0.0324751
525.4 3.14159 -0.0784518
525.6 3.14159 -0.0986007
525.8 3.14159 -0.0831315
526 3.14159 -0.0540943
526.2 3.14159 -0.037144
526.4 3.14159 -0.0346348
526.6 3.14159 -0.0294851
526.8 3.14159 -0.00899787
527 3.14159 0.021394
527.2 3.14159 0.0454746
527.4 3.14159 0.050878
527.6 3.14159 0.0367209
527.8 3.14159 0.0137598
528 3.14159 3.08601e-07
528.2 3.14159 0.00878118
528.4 3.14159 0.0324539
528.6 3.14159 0.0401778
528.8 3.14159 0.00402994
529 3.14159 -0.0657417
529.2 3.14159 -0.118761
529.4 3.14159 -0.110351
529.6 3.14159 -0.0513078
529.8 3.14159 -0.00170585
530 3.14159 -0.00766976
530.2 3.14159 -0.0496859
530.4 3.14159 -0.0652281
530.6 3.14159 -0.023009
530.8 3.14159 0.0380137
531 3.14159 0.0526829
531.2 3.14159 0.00594818
531.4 3.14159 -0.0493031
531.6 3.14159 -0.0532641
531.8 3.14159 -0.00514229
532 3.14159 0.0425586
532.2 3.14159 0.0483005
532.4 3.14159 0.0230359
532.6 3.14159 0.00382433
532.8 3.14159 0.00326303
533 3.14159 0.00347408
533.2 3.14159 -0.00412075
533.4 3.14159 0.00307434
533.6 3.14159 0.0453932
533.8 3.14159 0.0971349
534 3.14159 0.100621
534.2 3.14159 0.0333954
534.4 3.14159 -0.0532933
534.6 3.14159 -0.0808086
534.8 3.14159 -0.027073
535 3.14159 0.0504007
535.2 3.14159 0.0807189
535.4 3.14159 0.056267
535.6 3.14159 0.0294637
535.8 3.14159 0.0389666
536 3.14159 0.0605462
536.2 3.14159 0.0429665
536.4 3.14159 -0.0194113
536.6 3.14159 -0.0713658
536.8 3.14159 -0.0594321
537 3.14159 0.00497041
537.2 3.14159 0.0581745
537.4 3.14159 0.0553268
537.6 3.14159 0.0138725
537.8 3.14159 -0.0168821
538 3.14159 -0.0147483
538.2 3.14159 0.000310855
538.4 3.14159 0.00461218
538.6 3.14159 0.0048405
538.8 3.14159 0.0235692
539 3.14159 0.0607551
539.2 3.14159 0.0863171
539.4 3.14159 0.0747946
539.6 3.14159 0.0367582
539.8 3.14159 0.00709594
540 3.14159 0.0066974
540.2 3.14159 0.0248273
540.4 3.14159 0.0391661
540.6 3.14159 0.0429025
540.8 3.14159 0.0460755
541 3.14159 0.0570691
541.2 3.14159 0.0730097
541.4 3.14159 0.0873177
541.6 3.14159 0.095378
541.8 3.14159 0.0874374
542 3.14159 0.0463184
542.2 3.14159 -0.0327327
542.4 3.14159 -0.119006
542.6 3.14159 -0.158295
542.8 3.14159 -0.121982
543 3.14159 -0.0421977
543.2 3.14159 0.0139293
543.4 3.14159 0.0104973
543.6 3.14159 -0.0238159
543.8 3.14159 -0.0348511
544 3.14159 -0.00832528
544.2 3.14159 0.0170628
544.4 3.14159 0.00389563
544.6 3.14159 -0.0315655
544.8 3.14159 -0.0369175
545 3.14159 0.00847038
545.2 3.14159 0.0597461
545.4 3.14159 0.0528546
545.6 3.14159 -0.021208
545.8 3.14159 -0.102213
546 3.14159 -0.123816
546.2 3.14159 -0.0814443
546.4 3.14159 -0.0291308
546.6 3.14159 -0.015357
546.8 3.14159 -0.0357634
547 3.14159 -0.0525618
547.2 3.14159 -0.0475493
547.4 3.14159 -0.0410475
547.6 3.14159 -0.0586027
547.8 3.14159 -0.0932795
548 3.14159 -0.111921
548.2 3.14159 -0.0950976
548.4 3.14159 -0.0592398
548.6 3.14159 -0.0349179
548.8 3.14159 -0.0302776
549 3.14159 -0.0244462
549.2 3.14159 0.00343104
549.4 3.14159 0.0457877
549.6 3.14159 0.0717355
549.8 3.14159 0.0586015
550 3.14159 0.0152616
550.2 3.14159 -0.0252182
550.4 3.14159 -0.0345429
550.6 3.14159 -0.0125756
550.8 3.14159 0.0141209
551 3.14159 0.0165968
551.2 3.14159 -0.00895183
551.4 3.14159 -0.0351413
551.6 3.14159 -0.0289588
551.8 3.14159 0.0104591
552 3.14159 0.0411533
552.2 3.14159 0.0160203
552.4 3.14159 -0.0608143
552.6 3.14159 -0.120751
552.8 3.14159 -0.0888561
553 3.14159 0.035902
553.2 3.14159 0.163811
553.4 3.14159 0.190689
553.6 3.14159 0.0967776
553.8 3.14159 -0.0343758
554 3.14159 -0.0987903
554.2 3.14159 -0.0707235
554.4 3.14159 -0.0142245
554.6 3.14159 -0.00232891
554.8 3.14159 -0.0386358
555 3.14159 -0.0659687
555.2 3.14159 -0.0425045
555.4 3.14159 0.00847367
555.6 3.14159 0.0303095
555.8 3.14159 0.00196004
556 3.14159 -0.0393858
556.2 3.14159 -0.0438877
556.4 3.14159 -0.00390736
556.6 3.14159 0.0444575
556.8 3.14159 0.0660473
557 3.14159 0.0588429
557.2 3.14159 0.0414148
557.4 3.14159 0.0229271
557.6 3.14159 -0.0017785
557.8 3.14159 -0.0322567
558 3.14159 -0.0533822
558.2 3.14159 -0.0532658
558.4 3.14159 -0.0407811
558.6 3.14159 -0.0332757
558.8 3.14159 -0.0289363
559 3.14159 -0.00544472
559.2 3.14159 0.0463149
559.4 3.14159 0.0967615
559.6 3.14159 0.101486
559.8 3.14159 0.0536821
560 3.14159 0.000739993
560.2 3.14159 -0.00261477
560.4 3.14159 0.0455586
560.6 3.14159 0.0927934
560.8 3.14159 0.0935219
561 3.14159 0.0609431
561.2 3.14159 0.0473865
561.4 3.14159 0.077223
561.6 3.14159 0.11483
561.8 3.14159 0.107352
562 3.14159 0.0501685
562.2 3.14159 -0.00462165
562.4 3.14159 -0.00757863
562.6 3.14159 0.0317116
562.8 3.14159 0.0573074
563 3.14159 0.0315618
563.2 3.14159 -0.0239069
563.4 3.14159 -0.0548369
563.6 3.14159 -0.0328093
563.8 3.14159 0.0206662
564 3.14159 0.0631319
564.2 3.14159 0.0721889
564.4 3.14159 0.0549177
564.6 3.14159 0.0285434
564.8 3.14159 0.00477472
565 3.14159 -0.00839653
565.2 3.14159 -0.00422176
565.4 3.14159 0.013604
565.6 3.14159 0.0254415
565.8 3.14159 0.0129308
566 3.14159 -0.0147509
566.2 3.14159 -0.0218965
566.4 3.14159 0.0161324
566.6 3.14159 0.0786765
566.8 3.14159 0.114067
567 3.14159 0.0925679
567.2 3.14159 0.0385641
567.4 3.14159 0.00193277
567.6 3.14159 0.000695728
567.8 3.14159 0.00331097
568 3.14159 -0.0277122
568.2 3.14159 -0.084083
568.4 3.14159 -0.116346
568.6 3.14159 -0.0913562
568.8 3.14159 -0.0340112
569 3.14159 -0.00254518
569.2 3.14159 -0.0251231
569.4 3.14159 -0.0708185
569.6 3.14159 -0.0864368
569.8 3.14159 -0.0545927
570 3.14159 -0.00806951
570.2 3.14159 0.00987269
570.4 3.14159 -0.0102178
570.6 3.14159 -0.0417695
570.8 3.14159 -0.0550439
571 3.14159 -0.0426404
571.2 3.14159 -0.0152485
571.4 3.14159 0.0153971
571.6 3.14159 0.041332
571.8 3.14159 0.0523018
572 3.14159 0.0375952
572.2 3.14159 -0.000515119
572.4 3.14159 -0.0410257
572.6 3.14159 -0.0595549
572.8 3.14159 -0.0502106
573 3.14159 -0.028325
573.2 3.14159 -0.0116426
573.4 3.14159 -0.00413396
573.6 3.14159 -0.00111767
573.8 3.14159 -0.00404952
574 3.14159 -0.0205392
574.2 3.14159 -0.0479323
574.4 3.14159 -0.0656247
574.6 3.14159 -0.0530177
574.8 3.14159 -0.0148901
575 3.14159 0.0187213
575.2 3.14159 0.0225716
575.4 3.14159 0.0026078
575.6 3.14159 -0.0127156
575.8 3.14159 -0.00588121
576 3.14159 0.0115643
576.2 3.14159 0.0162592
576.4 3.14159 0.00188561
576.6 3.14159 -0.0167804
576.8 3.14159 -0.0270987
577 3.14159 -0.035795
577.2 3.14159 -0.055943
577.4 3.14159 -0.0806297
577.6 3.14159 -0.0804419
577.8 3.14159 -0.0336879
578 3.14159 0.0434265
578.2 3.14159 0.102987
578.4 3.14159 0.104974
578.6 3.14159 0.0513442
578.8 3.14159 -0.0171129
579 3.14159 -0.0541345
579.2 3.14159 -0.0398845
579.4 3.14159 0.0115537
579.6 3.14159 0.0666694
579.8 3.14159 0.0941695
580 3.14159 0.0820765
580.2 3.14159 0.0442851
580.4 3.14159 0.0113906
580.6 3.14159 0.00799964
580.8 3.14159 0.0323389
581 3.14159 0.0578214
581.2 3.14159 0.0580242
581.4 3.14159 0.0318344
581.6 3.14159 0.00348744
581.8 3.14159 -0.00163239
582 3.14159 0.0205325
582.2 3.14159 0.0525831
582.4 3.14159 0.0723098
582.6 3.14159 0.0660957
582.8 3.14159 0.0315308
583 3.14159 -0.0217965
583.2 3.14159 -0.0694095
583.4 3.14159 -0.0791965
583.6 3.14159 -0.0369696
583.8 3.14159 0.029705
584 3.14159 0.0629985
584.2 3.14159 0.0249341
584.4 3.14159 -0.0599341
584.6 3.14159 -0.120281
584.8 3.14159 -0.105838
585 3.14159 -0.0392711
585.2 3.14159 0.0059537
585.4 3.14159 -0.0174025
585.6 3.14159 -0.080054
585.8 3.14159 -0.107534
586 3.14159 -0.0590807
586.2 3.14159 0.0306853
586.4 3.14159 0.0899502
586.6 3.14159 0.0825285
586.8 3.14159 0.0366086
587 3.14159 0.00488858
587.2 3.14159 0.0069465
587.4 3.14159 0.0172907
587.6 3.14159 0.00477626
587.8 3.14159 -0.0277519
588 3.14159 -0.0478899
588.2 3.14159 -0.0319094
588.4 3.14159 0.00966898
588.6 3.14159 0.0456566
588.8 3.14159 0.0571741
589 3.14159 0.0520423
589.2 3.14159 0.0488405
589.4 3.14159 0.0531716
589.6 3.14159 0.0534423
589.8 3.14159 0.0374542
590 3.14159 0.00796396
590.2 3.14159 -0.0201953
590.4 3.14159 -0.0357402
590.6 3.14159 -0.0398199
590.8 3.14159 -0.0386107
591 3.14159 -0.0304117
591.2 3.14159 -0.00490711
591.4 3.14159 0.0422685
591.6 3.14159 0.0959606
591.8 3.14159 0.127149
592 3.14159 0.115956
592.2 3.14159 0.07014
592.4 3.14159 0.0188758
592.6 3.14159 -0.0129979
592.8 3.14159 -0.02413
593 3.14159 -0.030029
593.2 3.14159 -0.0403529
593.4 3.14159 -0.0471242
593.6 3.14159 -0.0371679
593.8 3.14159 -0.012638
594 3.14159 0.00604383
594.2 3.14159 -0.000616375
594.4 3.14159 -0.0313752
594.6 3.14159 -0.0648991
594.8 3.14159 -0.077796
595 3.14159 -0.0599256
595.2 3.14159 -0.0163211
595.4 3.14159 0.0373961
595.6 3.14159 0.0780041
595.8 3.14159 0.081436
596 3.14159 0.0397526
596.2 3.14159 -0.0234757
596.4 3.14159 -0.0629337
596.6 3.14159 -0.0478276
596.8 3.14159 0.00911006
597 3.14159 0.0641357
597.2 3.14159 0.0863584
597.4 3.14159 0.0834444
597.6 3.14159 0.0793409
597.8 3.14159 0.0745479
598 3.14159 0.0443187
598.2 3.14159 -0.0184042
598.4 3.14159 -0.072816
598.6 3.14159 -0.0634971
598.8 3.14159 0.0119726
599 3.14159 0.0844173
599.2 3.14159 0.0787028
599.4 3.14159 -0.00350711
599.6 3.14159 -0.0813466
599.8 3.14159 -0.0817185
600 3.14159 -0.0175549
600.2 3.14159 0.0331964
600.4 3.14159 0.0222123
600.6 3.14159 -0.0150735
600.8 3.14159 -0.00991062
601 3.14159 0.0488822
601.2 3.14159 0.0962758
601.4 3.14159 0.068204
601.6 3.14159 -0.019678
601.8 3.14159 -0.0868265
602 3.14159 -0.0763898
602.2 3.14159 -0.0119554
602.4 3.14159 0.0396312
602.6 3.14159 0.0457969
602.8 3.14159 0.031203
603 3.14159 0.0283067
603.2 3.14159 0.028897
603.4 3.14159 0.000748127
603.6 3.14159 -0.0569943
603.8 3.14159 -0.0975396
604 3.14159 -0.0747858
604.2 3.14159 0.00166447
604.4 3.14159 0.071933
604.6 3.14159 0.0845533
604.8 3.14159 0.0409166
605 3.14159 -0.0178279
605.2 3.14159 -0.0553926
605.4 3.14159 -0.0644424
605.6 3.14159 -0.05628
605.8 3.14159 -0.0437763
606 3.14159 -0.0380349
606.2 3.14159 -0.0477105
606.4 3.14159 -0.0682092
606.6 3.14159 -0.0758571
606.8 3.14159 -0.0481842
607 3.14159 0.00433149
607.2 3.14159 0.0377187
607.4 3.14159 0.0180442
607.6 3.14159 -0.0371421
607.8 3.14159 -0.0735678
608 3.14159 -0.0601186
608.2 3.14159 -0.0234583
608.4 3.14159 -0.0124151
608.6 3.14159 -0.0341662
608.8 3.14159 -0.0427037
609 3.14159 0.00300135
609.2 3.14159 0.0816706
609.4 3.14159 0.125861
609.6 3.14159 0.0947576
609.8 3.14159 0.0175953
610 3.14159 -0.0410007
610.2 3.14159 -0.0484515
610.4 3.14159 -0.0254742
610.6 3.14159 -0.00656437
610.8 3.14159 0.00111188
611 3.14159 0.0110857
611.2 3.14159 0.0253475
611.4 3.14159 0.0299168
611.6 3.14159 0.0234173
611.8 3.14159 0.0290401
612 3.14159 0.0615894
612.2 3.14159 0.0916696
612.4 3.14159 0.0667131
612.6 3.14159 -0.0225588
612.8 3.14159 -0.112239
613 3.14159 -0.121864
613.2 3.14159 -0.0428115
613.4 3.14159 0.0461093
613.6 3.14159 0.0613309
613.8 3.14159 0.00382796
614 3.14159 -0.0481786
614.2 3.14159 -0.0334657
614.4 3.14159 0.0231302
614.6 3.14159 0.0472364
614.8 3.14159 0.0094777
615 3.14159 -0.038042
615.2 3.14159 -0.0266679
615.4 3.14159 0.0422051
615.6 3.14159 0.0942512
615.8 3.14159 0.0674122
616 3.14159 -0.015159
616.2 3.14159 -0.0689969
616.4 3.14159 -0.0412629
616.6 3.14159 0.0329941
616.8 3.14159 0.072196
617 3.14159 0.037257
617.2 3.14159 -0.0302783
617.4 3.14159 -0.0590498
617.6 3.14159 -0.0270421
617.8 3.14159 0.0180758
618 3.14159 0.0161794
618.2 3.14159 -0.035488
618.4 3.14159 -0.0762966
618.6 3.14159 -0.046537
618.8 3.14159 0.046241
619 3.14159 0.129139
619.2 3.14159 0.133819
619.4 3.14159 0.063272
619.6 3.14159 -0.0129459
619.8 3.14159 -0.0298364
620 3.14159 0.00966619
620.2 3.14159 0.0432866
620.4 3.14159 0.0181698
620.6 3.14159 -0.0548951
620.8 3.14159 -0.116863
621 3.14159 -0.122216
621.2 3.14159 -0.0775143
621.4 3.14159 -0.0204119
621.6 3.14159 0.0256821
621.8 3.14159 0.0644652
622 3.14159 0.0993138
622.2 3.14159 0.111932
622.4 3.14159 0.0816956
622.6 3.14159 0.0211484
622.8 3.14159 -0.0243259
623 3.14159 -0.0204233
623.2 3.14159 0.0189284
623.4 3.14159 0.0481565
623.6 3.14159 0.0417904
623.8 3.14159 0.0191104
624 3.14159 0.0137213
624.2 3.14159 0.0287287
624.4 3.14159 0.034136
624.6 3.14159 0.00729993
624.8 3.14159 -0.0370037
625 3.14159 -0.0639308
625.2 3.14159 -0.0586247
625.4 3.14159 -0.038087
625.6 3.14159 -0.0248957
625.8 3.14159 -0.0219465
626 3.14159 -0.0198617
626.2 3.14159 -0.0196742
626.4 3.14159 -0.033964
626.6 3.14159 -0.0649985
626.8 3.14159 -0.095207
627 3.14159 -0.107666
627.2 3.14159 -0.107536
627.4 3.14159 -0.109261
627.6 3.14159 -0.10451
627.8 3.14159 -0.0617622
628 3.14159 0.0284422
628.2 3.14159 0.11728
628.4 3.14159 0.129667
628.6 3.14159 0.043821
628.8 3.14159 -0.0718437
629 3.14159 -0.117414
629.2 3.14159 -0.0605286
629.4 3.14159 0.0324441
629.6 3.14159 0.0681024
629.8 3.14159 0.0211468
630 3.14159 -0.048768
630.2 3.14159 -0.0676556
630.4 3.14159 -0.0210541
630.6 3.14159 0.0437882
630.8 3.14159 0.0741149
631 3.14159 0.0570409
631.2 3.14159 0.0167353
631.4 3.14159 -0.0144361
631.6 3.14159 -0.01544
631.8 3.14159 0.016814
632 3.14159 0.0617766
632.2 3.14159 0.0785889
632.4 3.14159 0.0357081
632.6 3.14159 -0.0497128
632.8 3.14159 -0.111917
633 3.14159 -0.0942594
633.2 3.14159 -0.0113185
633.4 3.14159 0.0596678
633.6 3.14159 0.0586518
633.8 3.14159 0.00682015
634 3.14159 -0.0208153
634.2 3.14159 0.0164052
634.4 3.14159 0.080303
634.6 3.14159 0.104415
634.8 3.14159 0.074178
635 3.14159 0.037067
635.2 3.14159 0.0343224
635.4 3.14159 0.0453949
635.6 3.14159 0.0177045
635.8 3.14159 -0.0577597
636 3.14159 -0.124172
636.2 3.14159 -0.12091
636.4 3.14159 -0.0531949
636.6 3.14159 0.01585
636.8 3.14159 0.0374291
637 3.14159 0.0227931
637.2 3.14159 0.0128985
637.4 3.14159 0.0208861
637.6 3.14159 0.0243612
637.8 3.14159 0.00972083
638 3.14159 -0.000791451
638.2 3.14159 0.0189837
638.4 3.14159 0.0525855
638.6 3.14159 0.0496125
638.8 3.14159 -0.0129066
639 3.14159 -0.0929857
639.2 3.14159 -0.122199
639.4 3.14159 -0.078306
639.6 3.14159 -0.00641381
639.8 3.14159 0.0341953
640 3.14159 0.0310404
640.2 3.14159 0.0174123
640.4 3.14159 0.0194496
640.6 3.14159 0.0229651
640.8 3.14159 -0.000708236
641 3.14159 -0.0483863
641.2 3.14159 -0.0799742
641.4 3.14159 -0.0614012
641.6 3.14159 -0.00304071
641.8 3.14159 0.0503183
642 3.14159 0.0628614
642.2 3.14159 0.0362969
642.4 3.14159 -0.0007475
642.6 3.14159 -0.0225796
642.8 3.14159 -0.0242189
643 3.14159 -0.0177229
643.2 3.14159 -0.0181723
643.4 3.14159 -0.0306493
643.6 3.14159 -0.0441634
643.8 3.14159 -0.0382959
644 3.14159 -0.00319553
644.2 3.14159 0.0427751
644.4 3.14159 0.0613554
644.6 3.14159 0.0294823
644.8 3.14159 -0.0329165
645 3.14159 -0.0773179
645.2 3.14159 -0.0740418
645.4 3.14159 -0.0419829
645.6 3.14159 -0.0258436
645.8 3.14159 -0.0455531
646 3.14159 -0.0751987
646.2 3.14159 -0.0735737
646.4 3.14159 -0.0286767
646.6 3.14159 0.0339003
646.8 3.14159 0.0818543
647 3.14159 0.104768
647.2 3.14159 0.110836
647.4 3.14159 0.106132
647.6 3.14159 0.0883154
647.8 3.14159 0.0587995
648 3.14159 0.029721
648.2 3.14159 0.0129491
648.4 3.14159 0.00789178
648.6 3.14159 0.00661875
648.8 3.14159 0.00722664
649 3.14159 0.0132366
649.2 3.14159 0.0201751
649.4 3.14159 0.0145464
649.6 3.14159 -0.00610332
649.8 3.14159 -0.0205481
650 3.14159 -0.00611833
650.2 3.14159 0.0251341
650.4 3.14159 0.0286519
650.6 3.14159 -0.0208176
650.8 3.14159 -0.0870812
651 3.14159 -0.101765
651.2 3.14159 -0.0431533
651.4 3.14159 0.0291025
651.6 3.14159 0.0352425
651.8 3.14159 -0.0318491
652 3.14159 -0.0943609
652.2 3.14159 -0.0791172
652.4 3.14159 -0.00529852
652.6 3.14159 0.0369396
652.8 3.14159 -0.00575202
653 3.14159 -0.0850075
653.2 3.14159 -0.107343
653.4 3.14159 -0.0442193
653.6 3.14159 0.0367318
653.8 3.14159 0.0541027
654 3.14159 0.00600786
654.2 3.14159 -0.0360002
654.4 3.14159 -0.0185851
654.6 3.14159 0.0315411
654.8 3.14159 0.046687
655 3.14159 0.00256775
655.2 3.14159 -0.0564257
655.4 3.14159 -0.0754675
655.6 3.14159 -0.0530195
655.8 3.14159 -0.0340043
656 3.14159 -0.0493451
656.2 3.14159 -0.0800923
656.4 3.14159 -0.0852586
656.6 3.14159 -0.0522157
656.8 3.14159 -0.00865179
657 3.14159 0.0106719
657.2 3.14159 -0.0017564
657.4 3.14159 -0.02588
657.6 3.14159 -0.0382672
657.8 3.14159 -0.0314692
658 3.14159 -0.0159754
658.2 3.14159 -0.0108874
658.4 3.14159 -0.0291366
658.6 3.14159 -0.0619935
658.8 3.14159 -0.077698
659 3.14159 -0.0475748
659.2 3.14159 0.0172244
659.4 3.14159 0.0631592
659.6 3.14159 0.044827
659.8 3.14159 -0.0185564
660 3.14159 -0.051924
660.2 3.14159 -0.00380715
660.4 3.14159 0.0883814
660.6 3.14159 0.130358
660.8 3.14159 0.0744988
661 3.14159 -0.0227903
661.2 3.14159 -0.0621289
661.4 3.14159 -0.0145112
661.6 3.14159 0.0465401
661.8 3.14159 0.0341119
662 3.14159 -0.0476376
662.2 3.14159 -0.109011
662.4 3.14159 -0.0836939
662.6 3.14159 -0.00884991
662.8 3.14159 0.0200867
663 3.14159 -0.036175
663.2 3.14159 -0.114393
663.4 3.14159 -0.123506
663.6 3.14159 -0.0482535
663.8 3.14159 0.039236
664 3.14159 0.0652426
664.2 3.14159 0.0313359
664.4 3.14159 -0.00285819
664.6 3.14159 0.00256037
664.8 3.14159 0.0281269
665 3.14159 0.0332462
665.2 3.14159 0.0139034
665.4 3.14159 0.00564625
665.6 3.14159 0.0332502
665.8 3.14159 0.0740598
666 3.14159 0.0799241
666.2 3.14159 0.0301972
666.4 3.14159 -0.0451874
666.6 3.14159 -0.0949637
666.8 3.14159 -0.0939695
667 3.14159 -0.0619189
667.2 3.14159 -0.041082
667.4 3.14159 -0.0568155
667.6 3.14159 -0.0944158
667.8 3.14159 -0.110082
668 3.14159 -0.0688443
668.2 3.14159 0.0192841
668.4 3.14159 0.0992424
668.6 3.14159 0.115074
668.8 3.14159 0.0622461
669 3.14159 -0.0052921
669.2 3.14159 -0.0266315
669.4 3.14159 0.00612005
669.6 3.14159 0.0440526
669.8 3.14159 0.0383776
670 3.14159 -0.0068447
670.2 3.14159 -0.0451243
670.4 3.14159 -0.0442379
670.6 3.14159 -0.0178595
670.8 3.14159 0.00320273
671 3.14159 0.0158272
671.2 3.14159 0.0423945
671.4 3.14159 0.0852301
671.6 3.14159 0.105276
671.8 3.14159 0.0642094
672 3.14159 -0.0187834
672.2 3.14159 -0.0743115
672.4 3.14159 -0.0575693
672.6 3.14159 -0.00358357
672.8 3.14159 0.00965602
673 3.14159 -0.0476144
673.2 3.14159 -0.119358
673.4 3.14159 -0.127826
673.6 3.14159 -0.0644744
673.8 3.14159 0.00124053
674 3.14159 0.00530904
674.2 3.14159 -0.0356557
674.4 3.14159 -0.04787
674.6 3.14159 0.00706941
674.8 3.14159 0.0825957
675 3.14159 0.0993964
675.2 3.14159 0.0374798
675.4 3.14159 -0.0394097
675.6 3.14159 -0.0532749
675.8 3.14159 0.00544412
676 3.14159 0.0723581
676.2 3.14159 0.080515
676.4 3.14159 0.0270976
676.6 3.14159 -0.031676
676.8 3.14159 -0.0420829
677 3.14159 -0.00167957
677.2 3.14159 0.0477954
677.4 3.14159 0.0647901
677.6 3.14159 0.0409771
677.8 3.14159 -0.00198122
678 3.14159 -0.0375892
678.2 3.14159 -0.0540026
678.4 3.14159 -0.0549597
678.6 3.14159 -0.0488884
678.8 3.14159 -0.0390229
679 3.14159 -0.0218204
679.2 3.14159 0.00700738
679.4 3.14159 0.0445456
679.6 3.14159 0.0777732
679.8 3.14159 0.089469
680 3.14159 0.0698199
680.2 3.14159 0.0255848
680.4 3.14159 -0.0212706
680.6 3.14159 -0.0466421
680.8 3.14159 -0.0415542
681 3.14159 -0.0205895
681.2 3.14159 -0.0120081
681.4 3.14159 -0.0333962
681.6 3.14159 -0.0727384
681.8 3.14159 -0.095908
682 3.14159 -0.0789423
682.2 3.14159 -0.0354073
682.4 3.14159 -0.00697811
682.6 3.14159 -0.0214194
682.8 3.14159 -0.0609977
683 3.14159 -0.0786235
683.2 3.14159 -0.0478412
683.4 3.14159 0.00835564
683.6 3.14159 0.0435308
683.8 3.14159 0.0387317
684 3.14159 0.0179461
684.2 3.14159 0.0109163
684.4 3.14159 0.0115264
684.6 3.14159 -0.013515
684.8 3.14159 -0.0753272
685 3.14159 -0.136968
685.2 3.14159 -0.149065
685.4 3.14159 -0.107367
685.6 3.14159 -0.0614812
685.8 3.14159 -0.0609643
686 3.14159 -0.100966
686.2 3.14159 -0.129605
686.4 3.14159 -0.105668
686.6 3.14159 -0.0388572
686.8 3.14159 0.0270509
687 3.14159 0.0576088
687.2 3.14159 0.0466537
687.4 3.14159 0.00388708
687.6 3.14159 -0.0548816
687.8 3.14159 -0.100545
688 3.14159 -0.0941277
688.2 3.14159 -0.0214514
688.4 3.14159 0.0754643
688.6 3.14159 0.12308
688.8 3.14159 0.0884686
689 3.14159 0.0191902
689.2 3.14159 -0.00617487
689.4 3.14159 0.0307686
689.6 3.14159 0.0639791
689.8 3.14159 0.0226547
690 3.14159 -0.0754349
690.2 3.14159 -0.131763
690.4 3.14159 -0.0745645
690.6 3.14159 0.0570454
690.8 3.14159 0.151476
691 3.14159 0.140572
691.2 3.14159 0.0607345
691.4 3.14159 -0.00373666
691.6 3.14159 -0.0174652
691.8 3.14159 -0.0161046
692 3.14159 -0.0408269
692.2 3.14159 -0.0784841
692.4 3.14159 -0.0815199
692.6 3.14159 -0.0334093
692.8 3.14159 0.0284308
693 3.14159 0.0569764
693.2 3.14159 0.0449505
693.4 3.14159 0.0186288
693.6 3.14159 -0.0048342
693.8 3.14159 -0.0335109
694 3.14159 -0.0731262
694.2 3.14159 -0.103538
694.4 3.14159 -0.0981223
694.6 3.14159 -0.0592886
694.8 3.14159 -0.0174168
695 3.14159 0.00701577
695.2 3.14159 0.0242804
695.4 3.14159 0.0487854
695.6 3.14159 0.0656351
695.8 3.14159 0.0455926
696 3.14159 -0.00549839
696.2 3.14159 -0.0349694
696.4 3.14159 -0.000162975
696.6 3.14159 0.0707773
696.8 3.14159 0.0982141
697 3.14159 0.0389878
697.2 3.14159 -0.0601426
697.4 3.14159 -0.11313
697.6 3.14159 -0.0913698
697.8 3.14159 -0.0491557
698 3.14159 -0.0486035
698.2 3.14159 -0.0806696
698.4 3.14159 -0.0823578
698.6 3.14159 -0.0251004
698.8 3.14159 0.04305
699 3.14159 0.057566
699.2 3.14159 0.0215672
699.4 3.14159 0.00152125
699.6 3.14159 0.0367519
699.8 3.14159 0.0801254
700 3.14159 0.0518251
700.2 3.14159 -0.0553969
700.4 3.14159 -0.151753
700.6 3.14159 -0.143423
700.8 3.14159 -0.0357987
701 3.14159 0.0736471
701.2 3.14159 0.1016
701.4 3.14159 0.0585627
701.6 3.14159 0.016101
701.8 3.14159 0.0137701
702 3.14159 0.0223453
702.2 3.14159 -0.000842971
702.4 3.14159 -0.0443391
702.6 3.14159 -0.0513911
702.8 3.14159 0.00754218
703 3.14159 0.0906827
703.2 3.14159 0.124137
703.4 3.14159 0.0787838
703.6 3.14159 -0.00193062
703.8 3.14159 -0.0495679
704 3.14159 -0.0366724
704.2 3.14159 0.00608268
704.4 3.14159 0.029403
704.6 3.14159 0.0131097
704.8 3.14159 -0.0223797
705 3.14159 -0.0416348
705.2 3.14159 -0.0271264
705.4 3.14159 0.00714322
705.6 3.14159 0.0277258
705.8 3.14159 0.00928023
706 3.14159 -0.0419913
706.2 3.14159 -0.0886522
706.4 3.14159 -0.0907187
706.6 3.14159 -0.0410022
706.8 3.14159 0.0263134
707 3.14159 0.0645687
707.2 3.14159 0.054242
707.4 3.14159 0.0144031
707.6 3.14159 -0.0220126
707.8 3.14159 -0.0390187
708 3.14159 -0.0425541
708.2 3.14159 -0.0422468
708.4 3.14159 -0.037857
708.6 3.14159 -0.0257414
708.8 3.14159 -0.0105258
709 3.14159 -0.00178667
709.2 3.14159 5.3545e-05
709.4 3.14159 0.00610559
709.6 3.14159 0.0223886
709.8 3.14159 0.0353238
710 3.14159 0.021943
710.2 3.14159 -0.0226076
710.4 3.14159 -0.0721394
710.6 3.14159 -0.0892315
710.8 3.14159 -0.0595816
711 3.14159 -0.00600537
711.2 3.14159 0.0316974
711.4 3.14159 0.031567
711.6 3.14159 0.00772646
711.8 3.14159 -0.00243803
712 3.14159 0.0288059
712.2 3.14159 0.0915573
712.4 3.14159 0.138535
712.6 3.14159 0.119106
712.8 3.14159 0.0251664
713 3.14159 -0.0910918
713.2 3.14159 -0.152362
713.4 3.14159 -0.12133
713.6 3.14159 -0.0359243
713.8 3.14159 0.0245003
714 3.14159 0.0127677
714.2 3.14159 -0.0455735
714.4 3.14159 -0.0857546
714.6 3.14159 -0.0725064
714.8 3.14159 -0.0287604
715 3.14159 0.00172428
715.2 3.14159 0.00757827
715.4 3.14159 0.0152
715.6 3.14159 0.045661
715.8 3.14159 0.0818638
716 3.14159 0.0874289
716.2 3.14159 0.0512549
716.4 3.14159 0.000482525
716.6 3.14159 -0.032142
716.8 3.14159 -0.0425122
717 3.14159 -0.0489955
717.2 3.14159 -0.0598199
717.4 3.14159 -0.0607522
717.6 3.14159 -0.0384205
717.8 3.14159 -0.00405209
718 3.14159 0.0170783
718.2 3.14159 0.0165105
718.4 3.14159 0.0109506
718.6 3.14159 0.0170471
718.8 3.14159 0.0288652
719 3.14159 0.0301461
719.2 3.14159 0.02275
719.4 3.14159 0.0270628
719.6 3.14159 0.0491244
719.8 3.14159 0.0610354
720 3.14159 0.0302492
720.2 3.14159 -0.0324874
720.4 3.14159 -0.0713092
720.6 3.14159 -0.0432259
720.8 3.14159 0.0283827
721 3.14159 0.0725165
721.2 3.14159 0.0467463
721.4 3.14159 -0.0152748
721.6 3.14159 -0.0409193
721.8 3.14159 0.00131683
722 3.14159 0.0688492
722.2 3.14159 0.0923746
722.4 3.14159 0.0464988
722.6 3.14159 -0.0320439
722.8 3.14159 -0.0875175
723 3.14159 -0.0934091
723.2 3.14159 -0.059921
723.4 3.14159 -0.0106327
723.6 3.14159 0.0342819
723.8 3.14159 0.0577884
724 3.14159 0.0479802
724.2 3.14159 0.0112465
724.4 3.14159 -0.0239863
724.6 3.14159 -0.0296266
724.8 3.14159 -0.00666268
725 3.14159 0.0157925
725.2 3.14159 0.0139389
725.4 3.14159 -0.00416774
725.6 3.14159 -0.0117263
725.8 3.14159 0.00134582
726 3.14159 0.0161191
726.2 3.14159 0.00984514
726.4 3.14159 -0.0157832
726.6 3.14159 -0.039438
726.8 3.14159 -0.0480835
727 3.14159 -0.0483003
727.2 3.14159 -0.048286
727.4 3.14159 -0.04115
727.6 3.14159 -0.0175883
727.8 3.14159 0.010345
728 3.14159 0.014669
728.2 3.14159 -0.0121168
728.4 3.14159 -0.0375372
728.6 3.14159 -0.0212708
728.8 3.14159 0.0337044
729 3.14159 0.0770344
729.2 3.14159 0.0677099
729.4 3.14159 0.0262785
729.6 3.14159 0.0148347
729.8 3.14159 0.0625517
730 3.14159 0.124843
730.2 3.14159 0.128608
730.4 3.14159 0.0541121
730.6 3.14159 -0.0409068
730.8 3.14159 -0.0816634
731 3.14159 -0.0502169
731.2 3.14159 0.00712864
731.4 3.14159 0.0370193
731.6 3.14159 0.0281099
731.8 3.14159 0.00324384
732 3.14159 -0.0180556
732.2 3.14159 -0.0328295
732.4 3.14159 -0.0373554
732.6 3.14159 -0.0200218
732.8 3.14159 0.0159838
733 3.14159 0.0357298
733.2 3.14159 0.00101259
733.4 3.14159 -0.0781381
733.6 3.14159 -0.135895
733.8 3.14159 -0.111486
734 3.14159 -0.0168716
734.2 3.14159 0.0690634
734.4 3.14159 0.0804595
734.6 3.14159 0.031025
734.8 3.14159 -0.00745142
735 3.14159 0.0120636
735.2 3.14159 0.0626383
735.4 3.14159 0.0801607
735.6 3.14159 0.0378088
735.8 3.14159 -0.0277774
736 3.14159 -0.0610641
736.2 3.14159 -0.0449223
736.4 3.14159 -0.00783895
736.6 3.14159 0.0154009
736.8 3.14159 0.0168085
737 3.14159 0.0100286
737.2 3.14159 0.00672001
737.4 3.14159 0.00789576
737.6 3.14159 0.0125867
737.8 3.14159 0.0218192
738 3.14159 0.0309207
738.2 3.14159 0.0280055
738.4 3.14159 0.00885192
738.6 3.14159 -0.0113751
738.8 3.14159 -0.0128358
739 3.14159 0.000239721
739.2 3.14159 -0.00386661
739.4 3.14159 -0.0485089
739.6 3.14159 -0.112503
739.8 3.14159 -0.142408
740 3.14159 -0.107059
740.2 3.14159 -0.0338092
740.4 3.14159 0.0185741
740.6 3.14159 0.0212768
740.8 3.14159 0.000153711
741 3.14159 -0.00333358
741.2 3.14159 0.0152525
741.4 3.14159 0.0226939
741.6 3.14159 -0.00141568
741.8 3.14159 -0.0297453
742 3.14159 -0.0159236
742.2 3.14159 0.045429
742.4 3.14159 0.10254
742.6 3.14159 0.0989102
742.8 3.14159 0.0355518
743 3.14159 -0.0299963
743.2 3.14159 -0.0476245
743.4 3.14159 -0.0276097
743.6 3.14159 -0.0223202
743.8 3.14159 -0.0605934
744 3.14159 -0.112836
744.2 3.14159 -0.126482
744.4 3.14159 -0.0883935
744.6 3.14159 -0.0406926
744.8 3.14159 -0.0324913
745 3.14159 -0.06445
745.2 3.14159 -0.0892385
745.4 3.14159 -0.0664014
745.6 3.14159 -0.00915717
745.8 3.14159 0.0281672
746 3.14159 0.00652426
746.2 3.14159 -0.0583681
746.4 3.14159 -0.112867
746.6 3.14159 -0.116725
746.8 3.14159 -0.0748635
747 3.14159 -0.0222049
747.2 3.14159 0.0149413
747.4 3.14159 0.0380039
747.6 3.14159 0.0604695
747.8 3.14159 0.0819688
748 3.14159 0.084466
748.2 3.14159 0.0542755
748.4 3.14159 0.00281914
748.6 3.14159 -0.0391913
748.8 3.14159 -0.0492034
749 3.14159 -0.0325605
749.2 3.14159 -0.0142553
749.4 3.14159 -0.012697
749.6 3.14159 -0.0241087
749.8 3.14159 -0.0322004
750 3.14159 -0.0287197
750.2 3.14159 -0.0201953
750.4 3.14159 -0.0151467
750.6 3.14159 -0.0107536
750.8 3.14159 0.00230909
751 3.14159 0.0229672
751.2 3.14159 0.0348181
751.4 3.14159 0.0238158
751.6 3.14159 -0.00108408
751.8 3.14159 -0.012937
752 3.14159 0.00212829
752.2 3.14159 0.02181
752.4 3.14159 0.00476222
752.6 3.14159 -0.0629969
752.8 3.14159 -0.14151
753 3.14159 -0.165067
753.2 3.14159 -0.104132
753.4 3.14159 0.00103293
753.6 3.14159 0.0730606
753.8 3.14159 0.0678081
754 3.14159 0.012822
754.2 3.14159 -0.0239038
754.4 3.14159 -0.00239717
754.6 3.14159 0.0536036
754.8 3.14159 0.0874482
755 3.14159 0.0702975
755.2 3.14159 0.027141
755.4 3.14159 0.00377014
755.6 3.14159 0.0148892
755.8 3.14159 0.0307534
756 3.14159 0.0139852
756.2 3.14159 -0.0369138
756.4 3.14159 -0.0852593
756.6 3.14159 -0.0947869
756.8 3.14159 -0.0648587
757 3.14159 -0.0261075
757.2 3.14159 -0.00664805
757.4 3.14159 -0.00805651
757.6 3.14159 -0.0125106
757.8 3.14159 -0.00477471
758 3.14159 0.0180081
758.2 3.14159 0.0519915
758.4 3.14159 0.0900746
758.6 3.14159 0.116026
758.8 3.14159 0.105937
759 3.14159 0.050208
759.2 3.14159 -0.0230853
759.4 3.14159 -0.0597798
759.6 3.14159 -0.0292723
759.8 3.14159 0.0364206
760 3.14159 0.0653628
760.2 3.14159 0.0181959
760.4 3.14159 -0.0648285
760.6 3.14159 -0.0999385
760.8 3.14159 -0.0471904
761 3.14159 0.0452687
761.2 3.14159 0.0915253
761.4 3.14159 0.0592606
761.6 3.14159 8.59429e-05
761.8 3.14159 -0.0145158
762 3.14159 0.023892
762.2 3.14159 0.0551991
762.4 3.14159 0.0279129
762.6 3.14159 -0.0339487
762.8 3.14159 -0.055118
763 3.14159 0.00274276
763.2 3.14159 0.0913258
763.4 3.14159 0.123162
763.6 3.14159 0.0630725
763.8 3.14159 -0.0378836
764 3.14159 -0.0991373
764.2 3.14159 -0.0910018
764.4 3.14159 -0.0520726
764.6 3.14159 -0.0343789
764.8 3.14159 -0.0453118
765 3.14159 -0.0488781
765.2 3.14159 -0.0156337
765.4 3.14159 0.0398112
765.6 3.14159 0.0726057
765.8 3.14159 0.0526386
766 3.14159 -0.00720609
766.2 3.14159 -0.0629659
766.4 3.14159 -0.0761065
766.6 3.14159 -0.0428973
766.8 3.14159 0.00379306
767 3.14159 0.0202637
767.2 3.14159 -0.0118731
767.4 3.14159 -0.0671584
767.6 3.14159 -0.0956765
767.8 3.14159 -0.069548
768 3.14159 -0.0135567
768.2 3.14159 0.0160581
768.4 3.14159 -0.0104166
768.6 3.14159 -0.0617435
768.8 3.14159 -0.0763933
769 3.14159 -0.0285076
769.2 3.14159 0.0433004
769.4 3.14159 0.0776366
769.6 3.14159 0.0546077
769.8 3.14159 0.00942947
770 3.14159 -0.0152913
770.2 3.14159 -0.0158332
770.4 3.14159 -0.0160724
770.6 3.14159 -0.0208419
770.8 3.14159 -0.00354256
771 3.14159 0.0499994
771.2 3.14159 0.10124
771.4 3.14159 0.0876032
771.6 3.14159 -0.00138076
771.8 3.14159 -0.0936786
772 3.14159 -0.100177
772.2 3.14159 -0.0125714
772.4 3.14159 0.0787982
772.6 3.14159 0.0747871
772.8 3.14159 -0.030232
773 3.14159 -0.144982
773.2 3.14159 -0.177678
773.4 3.14159 -0.124152
773.6 3.14159 -0.0561704
773.8 3.14159 -0.0347429
774 3.14159 -0.0512107
774.2 3.14159 -0.0539415
774.4 3.14159 -0.0170933
774.6 3.14159 0.03126
774.8 3.14159 0.0454611
775 3.14159 0.0120214
775.2 3.14159 -0.0418735
775.4 3.14159 -0.0799017
775.6 3.14159 -0.0859703
775.8 3.14159 -0.0657445
776 3.14159 -0.0329588
776.2 3.14159 -0.00166346
776.4 3.14159 0.0154284
776.6 3.14159 0.0132345
776.8 3.14159 0.00170692
777 3.14159 -0.000701029
777.2 3.14159 0.0127665
777.4 3.14159 0.0264639
777.6 3.14159 0.0183789
777.8 3.14159 -0.0126909
778 3.14159 -0.0416653
778.2 3.14159 -0.042358
778.4 3.14159 -0.015
778.6 3.14159 0.015367
778.8 3.14159 0.0260658
779 3.14159 0.016859
779.2 3.14159 0.00279568
779.4 3.14159 -0.00610115
779.6 3.14159 -0.0118303
779.8 3.14159 -0.0178477
780 3.14159 -0.0199925
780.2 3.14159 -0.0122098
780.4 3.14159 0.00268352
780.6 3.14159 0.0136135
780.8 3.14159 0.0126431
781 3.14159 0.00193854
781.2 3.14159 -0.0108214
781.4 3.14159 -0.0194425
781.6 3.14159 -0.0193285
781.8 3.14159 -0.00572565
782 3.14159 0.0210995
782.2 3.14159 0.0494251
782.4 3.14159 0.0630856
782.6 3.14159 0.0603971
782.8 3.14159 0.0610133
783 3.14159 0.0841551
783.2 3.14159 0.118151
783.4 3.14159 0.121226
783.6 3.14159 0.0630816
783.8 3.14159 -0.0343746
784 3.14159 -0.106394
784.2 3.14159 -0.102762
784.4 3.14159 -0.0353345
784.6 3.14159 0.0343154
784.8 3.14159 0.0535969
785 3.14159 0.0224205
785.2 3.14159 -0.0184529
785.4 3.14159 -0.0343776
785.6 3.14159 -0.0274442
785.8 3.14159 -0.0255027
786 3.14159 -0.0494694
786.2 3.14159 -0.0928512
786.4 3.14159 -0.127008
786.6 3.14159 -0.122555
786.8 3.14159 -0.0716139
787 3.14159 0.00153853
787.2 3.14159 0.051708
787.4 3.14159 0.0457368
787.6 3.14159 -0.00580561
787.8 3.14159 -0.0520152
788 3.14159 -0.0463319
788.2 3.14159 0.00724698
788.4 3.14159 0.0573778
788.6 3.14159 0.0591985
788.8 3.14159 0.021188
789 3.14159 -0.00818255
789.2 3.14159 0.00163722
789.4 3.14159 0.0294765
789.6 3.14159 0.0322214
789.8 3.14159 -0.000197736
790 3.14159 -0.0328672
790.2 3.14159 -0.0299873
790.4 3.14159 0.00200638
790.6 3.14159 0.0255557
790.8 3.14159 0.0197282
791 3.14159 0.00198898
791.2 3.14159 -0.000508229
791.4 3.14159 0.0126119
791.6 3.14159 0.0203532
791.8 3.14159 0.0162718
792 3.14159 0.0203573
792.2 3.14159 0.0473727
792.4 3.14159 0.0769715
792.6 3.14159 0.073679
792.8 3.14159 0.0365344
793 3.14159 0.0109187
793.2 3.14159 0.0382371
793.4 3.14159 0.101885
793.6 3.14159 0.140281
793.8 3.14159 0.116527
794 3.14159 0.0604023
794.2 3.14159 0.0298667
794.4 3.14159 0.0390247
794.6 3.14159 0.0428461
794.8 3.14159 -0.00184349
795 3.14159 -0.0756646
795.2 3.14159 -0.113028
795.4 3.14159 -0.0770819
795.6 3.14159 -0.00326905
795.8 3.14159 0.0389729
796 3.14159 0.0186619
796.2 3.14159 -0.0319802
796.4 3.14159 -0.0600632
796.6 3.14159 -0.044806
796.8 3.14159 -0.00487617
797 3.14159 0.0321764
797.2 3.14159 0.0533949
797.4 3.14159 0.0578914
797.6 3.14159 0.0490358
797.8 3.14159 0.0376387
798 3.14159 0.0412345
798.2 3.14159 0.0642024
798.4 3.14159 0.0800135
798.6 3.14159 0.050726
798.8 3.14159 -0.024772
799 3.14159 -0.0912197
799.2 3.14159 -0.0838352
799.4 3.14159 2.53109e-05
799.6 3.14159 0.0871314
799.8 3.14159 0.0974471
800 3.14159 0.0247197
800.2 3.14159 -0.0592365
800.4 3.14159 -0.0803975
800.6 3.14159 -0.0337995
800.8 3.14159 0.0227233
801 3.14159 0.0338593
801.2 3.14159 -0.00516347
801.4 3.14159 -0.0596634
801.6 3.14159 -0.0952874
801.8 3.14159 -0.0980964
802 3.14159 -0.0691458
802.2 3.14159 -0.0204901
802.4 3.14159 0.0207942
802.6 3.14159 0.0233074
802.8 3.14159 -0.0170939
803 3.14159 -0.0612664
803.2 3.14159 -0.0604255
803.4 3.14159 -0.0127005
803.6 3.14159 0.0265467
803.8 3.14159 0.00488243
804 3.14159 -0.0609247
804.2 3.14159 -0.0952258
804.4 3.14159 -0.0474353
804.6 3.14159 0.045739
804.8 3.14159 0.095921
805 3.14159 0.0581848
805.2 3.14159 -0.0229796
805.4 3.14159 -0.0676213
805.6 3.14159 -0.0466104
805.8 3.14159 -0.000166211
806 3.14159 0.0228774
806.2 3.14159 0.0218568
806.4 3.14159 0.0286857
806.6 3.14159 0.0504661
806.8 3.14159 0.0530798
807 3.14159 0.00901703
807.2 3.14159 -0.0560533
807.4 3.14159 -0.0845066
807.6 3.14159 -0.0536868
807.8 3.14159 -0.00446596
808 3.14159 0.00649596
808.2 3.14159 -0.0263292
808.4 3.14159 -0.0527935
808.6 3.14159 -0.0290703
808.8 3.14159 0.0303791
809 3.14159 0.0717017
809.2 3.14159 0.064017
809.4 3.14159 0.0278965
809.6 3.14159 0.000290159
809.8 3.14159 -0.0137231
810 3.14159 -0.0402251
810.2 3.14159 -0.0917219
810.4 3.14159 -0.13974
810.6 3.14159 -0.142095
810.8 3.14159 -0.0910249
811 3.14159 -0.0222546
811.2 3.14159 0.0248218
811.4 3.14159 0.0449735
811.6 3.14159 0.0575297
811.8 3.14159 0.0669067
812 3.14159 0.0496063
812.2 3.14159 -0.0111228
812.4 3.14159 -0.0867803
812.6 3.14159 -0.11634
812.8 3.14159 -0.0651931
813 3.14159 0.03443
813.2 3.14159 0.110556
813.4 3.14159 0.119674
813.6 3.14159 0.0818721
813.8 3.14159 0.04717
814 3.14159 0.0371766
814.2 3.14159 0.0315514
814.4 3.14159 0.0103056
814.6 3.14159 -0.0084632
814.8 3.14159 0.0103325
815 3.14159 0.0631503
815.2 3.14159 0.0940539
815.4 3.14159 0.0536251
815.6 3.14159 -0.0334872
815.8 3.14159 -0.0808363
816 3.14159 -0.0320968
816.2 3.14159 0.0681817
816.4 3.14159 0.11444
816.6 3.14159 0.0546292
816.8 3.14159 -0.0500862
817 3.14159 -0.0931486
817.2 3.14159 -0.0431784
817.4 3.14159 0.0235671
817.6 3.14159 0.0179003
817.8 3.14159 -0.0532888
818 3.14159 -0.0951381
818.2 3.14159 -0.0410481
818.4 3.14159 0.0633693
818.6 3.14159 0.110815
818.8 3.14159 0.056676
819 3.14159 -0.0320163
819.2 3.14159 -0.0586845
819.4 3.14159 -0.00823915
819.6 3.14159 0.0450178
819.8 3.14159 0.0336992
820 3.14159 -0.0255708
820.2 3.14159 -0.0630087
820.4 3.14159 -0.0442097
820.6 3.14159 -0.00128154
820.8 3.14159 0.0223917
821 3.14159 0.0282217
821.2 3.14159 0.0433644
821.4 3.14159 0.0624614
821.6 3.14159 0.0434631
821.8 3.14159 -0.0280528
822 3.14159 -0.0966593
822.2 3.14159 -0.0889208
822.4 3.14159 -0.00470372
822.6 3.14159 0.071477
822.8 3.14159 0.0650959
823 3.14159 -0.000431789
823.2 3.14159 -0.0345281
823.4 3.14159 0.0050826
823.6 3.14159 0.0566101
823.8 3.14159 0.0306089
824 3.14159 -0.0752919
824.2 3.14159 -0.166045
824.4 3.14159 -0.156466
824.6 3.14159 -0.0643299
824.8 3.14159 0.019766
825 3.14159 0.0383931
825.2 3.14159 0.0160628
825.4 3.14159 0.00275014
825.6 3.14159 0.00218676
825.8 3.14159 -0.0177837
826 3.14159 -0.058417
826.2 3.14159 -0.0721606
826.4 3.14159 -0.0267247
826.6 3.14159 0.0379995
826.8 3.14159 0.0487876
827 3.14159 -0.00714174
827.2 3.14159 -0.0569576
827.4 3.14159 -0.0285111
827.6 3.14159 0.0560027
827.8 3.14159 0.100779
828 3.14159 0.0511695
828.2 3.14159 -0.0383019
828.4 3.14159 -0.0685466
828.6 3.14159 -0.013648
828.8 3.14159 0.0525152
829 3.14159 0.0492324
829.2 3.14159 -0.0159482
829.4 3.14159 -0.0635144
829.6 3.14159 -0.0407809
829.8 3.14159 0.0214702
830 3.14159 0.0549587
830.2 3.14159 0.0339057
830.4 3.14159 -0.00894096
830.6 3.14159 -0.0343393
830.8 3.14159 -0.0381864
831 3.14159 -0.0354005
831.2 3.14159 -0.0254248
831.4 3.14159 0.00389219
831.6 3.14159 0.0439278
831.8 3.14159 0.0613556
832 3.14159 0.0368997
832.2 3.14159 -0.00603965
832.4 3.14159 -0.0272467
832.6 3.14159 -0.0178529
832.8 3.14159 -0.00449033
833 3.14159 -0.00387855
833.2 3.14159 0.00574016
833.4 3.14159 0.0508546
833.6 3.14159 0.111328
833.8 3.14159 0.129142
834 3.14159 0.0770206
834.2 3.14159 0.000577202
834.4 3.14159 -0.0272662
834.6 3.14159 0.0117966
834.8 3.14159 0.0651724
835 3.14159 0.0780467
835.2 3.14159 0.0576041
835.4 3.14159 0.0516034
835.6 3.14159 0.0758674
835.8 3.14159 0.0923225
836 3.14159 0.0667415
836.2 3.14159 0.0230657
836.4 3.14159 0.0136555
836.6 3.14159 0.0427248
836.8 3.14159 0.0517527
837 3.14159 -0.00344242
837.2 3.14159 -0.0823645
837.4 3.14159 -0.0971001
837.6 3.14159 -0.0203266
837.8 3.14159 0.0725124
838 3.14159 0.0871927
838.2 3.14159 0.0219222
838.4 3.14159 -0.0325607
838.6 3.14159 -0.00458935
838.8 3.14159 0.0740374
839 3.14159 0.112846
839.2 3.14159 0.0750263
839.4 3.14159 0.0148323
839.6 3.14159 -4.07395e-05
839.8 3.14159 0.0261905
840 3.14159 0.033246
840.2 3.14159 -0.00768459
840.4 3.14159 -0.0554302
840.6 3.14159 -0.0574456
840.8 3.14159 -0.0207653
841 3.14159 0.0020266
841.2 3.14159 -0.0111115
841.4 3.14159 -0.0223596
841.6 3.14159 0.00595103
841.8 3.14159 0.0467323
842 3.14159 0.0348709
842.2 3.14159 -0.0425461
842.4 3.14159 -0.113899
842.6 3.14159 -0.101626
842.8 3.14159 -0.01904
843 3.14159 0.0383977
843.2 3.14159 0.00226966
843.4 3.14159 -0.0904749
843.6 3.14159 -0.143507
843.8 3.14159 -0.11164
844 3.14159 -0.0419102
844.2 3.14159 -0.00522548
844.4 3.14159 -0.0127673
844.6 3.14159 -0.0183936
844.8 3.14159 0.0102889
845 3.14159 0.052011
845.2 3.14159 0.0686954
845.4 3.14159 0.058496
845.6 3.14159 0.0505208
845.8 3.14159 0.0554667
846 3.14159 0.0484339
846.2 3.14159 0.0103431
846.4 3.14159 -0.0331643
846.6 3.14159 -0.0364322
846.8 3.14159 0.00640296
847 3.14159 0.0486537
847.2 3.14159 0.0474904
847.4 3.14159 0.0169778
847.6 3.14159 0.0059035
847.8 3.14159 0.0280939
848 3.14159 0.0388844
848.2 3.14159 -0.00712149
848.4 3.14159 -0.0899919
848.6 3.14159 -0.138185
848.8 3.14159 -0.109256
849 3.14159 -0.037919
849.2 3.14159 0.00751397
849.4 3.14159 0.00485194
849.6 3.14159 -0.00471955
849.8 3.14159 0.0215303
850 3.14159 0.0692253
850.2 3.14159 0.0847091
850.4 3.14159 0.0434245
850.6 3.14159 -0.0180338
850.8 3.14159 -0.0429429
851 3.14159 -0.014713
851.2 3.14159 0.0330981
851.4 3.14159 0.0593826
851.6 3.14159 0.0538934
851.8 3.14159 0.0336107
852 3.14159 0.0169199
852.2 3.14159 0.01229
852.4 3.14159 0.0237993
852.6 3.14159 0.0504375
852.8 3.14159 0.076013
853 3.14159 0.073257
853.2 3.14159 0.0309223
853.4 3.14159 -0.0265268
853.6 3.14159 -0.0581065
853.8 3.14159 -0.0481278
854 3.14159 -0.0204815
854.2 3.14159 -0.00726352
854.4 3.14159 -0.0124194
854.6 3.14159 -0.0173314
854.8 3.14159 -0.0163879
855 3.14159 -0.0270985
855.2 3.14159 -0.0551923
855.4 3.14159 -0.064974
855.6 3.14159 -0.00958802
855.8 3.14159 0.102666
856 3.14159 0.190516
856.2 3.14159 0.169849
856.4 3.14159 0.0434406
856.6 3.14159 -0.0930175
856.8 3.14159 -0.142322
857 3.14159 -0.0956566
857.2 3.14159 -0.0253533
857.4 3.14159 0.00302769
857.6 3.14159 -0.00651786
857.8 3.14159 -0.00769633
858 3.14159 0.018349
858.2 3.14159 0.0418162
858.4 3.14159 0.0310571
858.6 3.14159 -0.00123417
858.8 3.14159 -0.0140357
859 3.14159 0.00808534
859.2 3.14159 0.035661
859.4 3.14159 0.0337796
859.6 3.14159 0.00660495
859.8 3.14159 -0.0109311
860 3.14159 -0.000688641
860.2 3.14159 0.015713
860.4 3.14159 0.00793142
860.6 3.14159 -0.0205182
860.8 3.14159 -0.0347724
861 3.14159 -0.0129719
861.2 3.14159 0.0246098
861.4 3.14159 0.0389553
861.6 3.14159 0.0190602
861.8 3.14159 -0.00494023
862 3.14159 0.0032669
862.2 3.14159 0.0448657
862.4 3.14159 0.0835915
862.6 3.14159 0.0807504
862.8 3.14159 0.0287855
863 3.14159 -0.0451821
863.2 3.14159 -0.100423
863.4 3.14159 -0.106836
863.6 3.14159 -0.0595493
863.8 3.14159 0.0188832
864 3.14159 0.0905135
864.2 3.14159 0.126237
864.4 3.14159 0.125701
864.6 3.14159 0.112722
864.8 3.14159 0.108191
865 3.14159 0.109592
865.2 3.14159 0.100957
865.4 3.14159 0.0797981
865.6 3.14159 0.0641869
865.8 3.14159 0.0679852
866 3.14159 0.0765998
866.2 3.14159 0.0595224
866.4 3.14159 0.00935767
866.6 3.14159 -0.0418785
866.8 3.14159 -0.0546599
867 3.14159 -0.0261962
867.2 3.14159 0.00787729
867.4 3.14159 0.0183448
867.6 3.14159 0.0172876
867.8 3.14159 0.036921
868 3.14159 0.0780371
868.2 3.14159 0.0963088
868.4 3.14159 0.0507351
868.6 3.14159 -0.0405778
868.8 3.14159 -0.106897
869 3.14159 -0.0913508
869.2 3.14159 -0.00527758
869.4 3.14159 0.0876509
869.6 3.14159 0.134009
869.8 3.14159 0.129069
870 3.14159 0.0987253
870.2 3.14159 0.0618742
870.4 3.14159 0.0219982
870.6 3.14159 -0.0136689
870.8 3.14159 -0.0279087
871 3.14159 -0.0153218
871.2 3.14159 0.0010143
871.4 3.14159 -0.00918524
871.6 3.14159 -0.0447742
871.8 3.14159 -0.0690537
872 3.14159 -0.0523066
872.2 3.14159 -0.0107751
872.4 3.14159 0.00979363
872.6 3.14159 -0.0106659
872.8 3.14159 -0.0412395
873 3.14159 -0.0383086
873.2 3.14159 -0.000694615
873.4 3.14159 0.0286558
873.6 3.14159 0.0177142
873.8 3.14159 -0.0130608
874 3.14159 -0.0170733
874.2 3.14159 0.0166611
874.4 3.14159 0.0465842
874.6 3.14159 0.0311509
874.8 3.14159 -0.0147655
875 3.14159 -0.0339674
875.2 3.14159 0.0013384
875.4 3.14159 0.0486666
875.6 3.14159 0.0401815
875.8 3.14159 -0.0363273
876 3.14159 -0.117168
876.2 3.14159 -0.130094
876.4 3.14159 -0.0726617
876.6 3.14159 -0.0122619
876.8 3.14159 -0.0103696
877 3.14159 -0.0593102
877.2 3.14159 -0.0989734
877.4 3.14159 -0.0866064
877.6 3.14159 -0.0374269
877.8 3.14159 0.00238833
878 3.14159 0.00812603
878.2 3.14159 -0.00705641
878.4 3.14159 -0.0199023
878.6 3.14159 -0.0246799
878.8 3.14159 -0.0279274
879 3.14159 -0.0273289
879.2 3.14159 -0.0103144
879.4 3.14159 0.0248871
879.6 3.14159 0.05764
879.8 3.14159 0.063187
880 3.14159 0.0403485
880.2 3.14159 0.0141579
880.4 3.14159 0.00924701
880.6 3.14159 0.0253985
880.8 3.14159 0.0421684
881 3.14159 0.0435952
881.2 3.14159 0.033327
881.4 3.14159 0.0265093
881.6 3.14159 0.0325678
881.8 3.14159 0.0478275
882 3.14159 0.0600763
882.2 3.14159 0.0562766
882.4 3.14159 0.0300301
882.6 3.14159 -0.00995908
882.8 3.14159 -0.0377635
883 3.14159 -0.0265062
883.2 3.14159 0.0223752
883.4 3.14159 0.0678862
883.6 3.14159 0.0601839
883.8 3.14159 -0.00785494
884 3.14159 -0.0833803
884.2 3.14159 -0.0993099
884.4 3.14159 -0.0429453
884.6 3.14159 0.0260393
884.8 3.14159 0.0332215
885 3.14159 -0.0351317
885.2 3.14159 -0.118258
885.4 3.14159 -0.143015
885.6 3.14159 -0.0942911
885.8 3.14159 -0.0210781
886 3.14159 0.0199865
886.2 3.14159 0.0168926
886.4 3.14159 -0.00224192
886.6 3.14159 -0.0128747
886.8 3.14159 -0.0200278
887 3.14159 -0.0411796
887.2 3.14159 -0.0760749
887.4 3.14159 -0.103641
887.6 3.14159 -0.106143
887.8 3.14159 -0.0868833
888 3.14159 -0.0614009
888.2 3.14159 -0.0390263
888.4 3.14159 -0.0204687
888.6 3.14159 -0.00961561
888.8 3.14159 -0.0155852
889 3.14159 -0.0367927
889.2 3.14159 -0.0498566
889.4 3.14159 -0.0270506
889.6 3.14159 0.029924
889.8 3.14159 0.0795923
890 3.14159 0.0731882
890.2 3.14159 0.0020031
890.4 3.14159 -0.0893358
890.6 3.14159 -0.139225
890.8 3.14159 -0.120404
891 3.14159 -0.0580743
891.2 3.14159 -0.00243993
891.4 3.14159 0.0142078
891.6 3.14159 -0.00283907
891.8 3.14159 -0.024795
892 3.14159 -0.0272886
892.2 3.14159 -0.00699905
892.4 3.14159 0.0220032
892.6 3.14159 0.043497
892.8 3.14159 0.051574
893 3.14159 0.0512676
893.2 3.14159 0.0488037
893.4 3.14159 0.0416405
893.6 3.14159 0.0196947
893.8 3.14159 -0.0214175
894 3.14159 -0.0684681
894.2 3.14159 -0.0958398
894.4 3.14159 -0.0870112
894.6 3.14159 -0.0518076
894.8 3.14159 -0.0194985
895 3.14159 -0.0122653
895.2 3.14159 -0.0252957
895.4 3.14159 -0.0341867
895.6 3.14159 -0.020943
895.8 3.14159 0.00961762
896 3.14159 0.0386741
896.2 3.14159 0.0539885
896.4 3.14159 0.0574424
896.6 3.14159 0.0537415
896.8 3.14159 0.0390507
897 3.14159 0.00736053
897.2 3.14159 -0.0328135
897.4 3.14159 -0.0558322
897.6 3.14159 -0.0403037
897.8 3.14159 0.00638648
898 3.14159 0.0500199
898.2 3.14159 0.0607973
898.4 3.14159 0.042173
898.6 3.14159 0.0246324
898.8 3.14159 0.0293809
899 3.14159 0.0427727
899.2 3.14159 0.0332495
899.4 3.14159 -0.00539724
899.6 3.14159 -0.0356116
899.8 3.14159 -0.0112006
900 3.14159 0.0667243
900.2 3.14159 0.137396
900.4 3.14159 0.135899
900.6 3.14159 0.063841
900.8 3.14159 -0.00447149
901 3.14159 0.00340145
901.2 3.14159 0.0770325
901.4 3.14159 0.127444
901.6 3.14159 0.0805767
901.8 3.14159 -0.0378718
902 3.14159 -0.122309
902.2 3.14159 -0.0967426
902.4 3.14159 0.00356202
902.6 3.14159 0.0695115
902.8 3.14159 0.0351935
903 3.14159 -0.0546826
903.2 3.14159 -0.0996965
903.4 3.14159 -0.056251
903.6 3.14159 0.0200718
903.8 3.14159 0.0454566
904 3.14159 0.00397015
904.2 3.14159 -0.0421947
904.4 3.14159 -0.0338399
904.6 3.14159 0.0144364
904.8 3.14159 0.036468
905 3.14159 -0.00305198
905.2 3.14159 -0.0671309
905.4 3.14159 -0.0918044
905.6 3.14159 -0.0582521
905.8 3.14159 -0.00667988
906 3.14159 0.0150452
906.2 3.14159 -0.000777364
906.4 3.14159 -0.0296191
906.6 3.14159 -0.0534072
906.8 3.14159 -0.0729224
907 3.14159 -0.0851663
907.2 3.14159 -0.0710849
907.4 3.14159 -0.0209233
907.6 3.14159 0.0376323
907.8 3.14159 0.0577061
908 3.14159 0.0257955
908.2 3.14159 -0.0174538
908.4 3.14159 -0.0229152
908.6 3.14159 0.00603511
908.8 3.14159 0.0151036
909 3.14159 -0.0332799
909.2 3.14159 -0.107677
909.4 3.14159 -0.138254
909.6 3.14159 -0.0964753
909.8 3.14159 -0.0277567
910 3.14159 0.00207258
910.2 3.14159 -0.0192118
910.4 3.14159 -0.044508
910.6 3.14159 -0.0314845
910.8 3.14159 0.00700479
911 3.14159 0.0264359
911.2 3.14159 0.011567
911.4 3.14159 -0.00625293
911.6 3.14159 0.00551489
911.8 3.14159 0.0365234
912 3.14159 0.0494
912.2 3.14159 0.0313186
912.4 3.14159 0.00935359
912.6 3.14159 0.00912926
912.8 3.14159 0.0160213
913 3.14159 -0.00355487
913.2 3.14159 -0.0465199
913.4 3.14159 -0.0619455
913.6 3.14159 -0.00984321
913.8 3.14159 0.0796318
914 3.14159 0.126628
914.2 3.14159 0.0876271
914.4 3.14159 0.00745136
914.6 3.14159 -0.0277787
914.8 3.14159 0.0146595
915 3.14159 0.0807837
915.2 3.14159 0.094779
915.4 3.14159 0.0447751
915.6 3.14159 -0.00892113
915.8 3.14159 -0.00771603
916 3.14159 0.038454
916.2 3.14159 0.0654931
916.4 3.14159 0.028677
916.6 3.14159 -0.0494919
916.8 3.14159 -0.104665
917 3.14159 -0.0938976
917.2 3.14159 -0.0305674
917.4 3.14159 0.0346521
917.6 3.14159 0.0570895
917.8 3.14159 0.0261689
918 3.14159 -0.0337233
918.2 3.14159 -0.0797418
918.4 3.14159 -0.0751403
918.6 3.14159 -0.0143654
918.8 3.14159 0.0670948
919 3.14159 0.113294
919.2 3.14159 0.0906211
919.4 3.14159 0.0166936
919.6 3.14159 -0.0537826
919.8 3.14159 -0.0746753
920 3.14159 -0.0423571
920.2 3.14159 0.0102926
920.4 3.14159 0.0468525
920.6 3.14159 0.052387
920.8 3.14159 0.0341382
921 3.14159 0.00963464
921.2 3.14159 -0.00251445
921.4 3.14159 0.010238
921.6 3.14159 0.044128
921.8 3.14159 0.074431
922 3.14159 0.0704843
922.2 3.14159 0.0244173
922.4 3.14159 -0.0360195
922.6 3.14159 -0.0697885
922.8 3.14159 -0.0605233
923 3.14159 -0.0294685
923.2 3.14159 -0.00981482
923.4 3.14159 -0.0127668
923.6 3.14159 -0.0234435
923.8 3.14159 -0.0261158
924 3.14159 -0.0233519
924.2 3.14159 -0.0264306
924.4 3.14159 -0.0350567
924.6 3.14159 -0.0375391
924.8 3.14159 -0.0308097
925 3.14159 -0.0286472
925.2 3.14159 -0.0417206
925.4 3.14159 -0.0555501
925.6 3.14159 -0.0418918
925.8 3.14159 0.00371275
926 3.14159 0.045971
926.2 3.14159 0.043429
926.4 3.14159 -0.00273605
926.6 3.14159 -0.0448685
926.8 3.14159 -0.0404522
927 3.14159 -0.000955171
927.2 3.14159 0.0210267
927.4 3.14159 -0.00636656
927.6 3.14159 -0.0559091
927.8 3.14159 -0.0719675
928 3.14159 -0.0335868
928.2 3.14159 0.0233329
928.4 3.14159 0.0477467
928.6 3.14159 0.0266632
928.8 3.14159 -0.0103866
929 3.14159 -0.0319035
929.2 3.14159 -0.034819
929.4 3.14159 -0.0318314
929.6 3.14159 -0.0237267
929.8 3.14159 -0.000938
930 3.14159 0.0288885
930.2 3.14159 0.0335338
930.4 3.14159 -0.00891306
930.6 3.14159 -0.07261
930.8 3.14159 -0.0982299
931 3.14159 -0.0530747
931.2 3.14159 0.0296067
931.4 3.14159 0.081661
931.6 3.14159 0.0692326
931.8 3.14159 0.0219122
932 3.14159 -0.00875651
932.2 3.14159 -0.00863383
932.4 3.14159 -0.00782379
932.6 3.14159 -0.0330127
932.8 3.14159 -0.0702805
933 3.14159 -0.0852411
933.2 3.14159 -0.0709819
933.4 3.14159 -0.0583931
933.6 3.14159 -0.0742957
933.8 3.14159 -0.102699
934 3.14159 -0.101665
934.2 3.14159 -0.0561757
934.4 3.14159 0.000738721
934.6 3.14159 0.0266802
934.8 3.14159 0.0195441
935 3.14159 0.0147551
935.2 3.14159 0.0344835
935.4 3.14159 0.0557598
935.6 3.14159 0.040689
935.8 3.14159 -0.00937012
936 3.14159 -0.0472356
936.2 3.14159 -0.0336506
936.4 3.14159 0.0139023
936.6 3.14159 0.0392669
936.8 3.14159 0.01224
937 3.14159 -0.0388586
937.2 3.14159 -0.0654507
937.4 3.14159 -0.0589516
937.6 3.14159 -0.0575074
937.8 3.14159 -0.0915901
938 3.14159 -0.137396
938.2 3.14159 -0.137545
938.4 3.14159 -0.0664216
938.6 3.14159 0.0359579
938.8 3.14159 0.0998006
939 3.14159 0.0892072
939.2 3.14159 0.0271577
939.4 3.14159 -0.0354911
939.6 3.14159 -0.0646707
939.8 3.14159 -0.0583329
940 3.14159 -0.0325719
940.2 3.14159 -0.00569403
940.4 3.14159 0.00803315
940.6 3.14159 0.00381009
940.8 3.14159 -0.00702598
941 3.14159 -0.00354841
941.2 3.14159 0.0208589
941.4 3.14159 0.0427909
941.6 3.14159 0.0284816
941.8 3.14159 -0.0256627
942 3.14159 -0.0804988
942.2 3.14159 -0.0926241
942.4 3.14159 -0.06352
942.6 3.14159 -0.0389226
942.8 3.14159 -0.0550126
943 3.14159 -0.0955903
943.2 3.14159 -0.11385
943.4 3.14159 -0.0920228
943.6 3.14159 -0.0620544
943.8 3.14159 -0.0591174
944 3.14159 -0.0684299
944.2 3.14159 -0.0386322
944.4 3.14159 0.0490506
944.6 3.14159 0.143297
944.8 3.14159 0.17102
945 3.14159 0.118423
945.2 3.14159 0.0469261
945.4 3.14159 0.0218832
945.6 3.14159 0.0395605
945.8 3.14159 0.0404985
946 3.14159 -0.00930217
946.2 3.14159 -0.0709301
946.4 3.14159 -0.0776237
946.6 3.14159 -0.0161674
946.8 3.14159 0.0550087
947 3.14159 0.0708217
947.2 3.14159 0.0281913
947.4 3.14159 -0.020173
947.6 3.14159 -0.0306747
947.8 3.14159 -0.0108843
948 3.14159 0.00352197
948.2 3.14159 -0.0044087
948.4 3.14159 -0.0229172
948.6 3.14159 -0.0394271
948.8 3.14159 -0.057196
949 3.14159 -0.0772351
949.2 3.14159 -0.0801771
949.4 3.14159 -0.0458553
949.6 3.14159 0.00983093
949.8 3.14159 0.0370857
950 3.14159 0.00490921
950.2 3.14159 -0.0547871
950.4 3.14159 -0.0723064
950.6 3.14159 -0.0147783
950.8 3.14159 0.0735196
951 3.14159 0.113654
951.2 3.14159 0.0721162
951.4 3.14159 -0.00870712
951.6 3.14159 -0.0576589
951.8 3.14159 -0.0424699
952 3.14159 0.0119697
952.2 3.14159 0.0601164
952.4 3.14159 0.0769384
952.6 3.14159 0.0652089
952.8 3.14159 0.0394254
953 3.14159 0.0150966
953.2 3.14159 0.00740186
953.4 3.14159 0.0239684
953.6 3.14159 0.0523894
953.8 3.14159 0.0641321
954 3.14159 0.0417159
954.2 3.14159 0.00119171
954.4 3.14159 -0.0215331
954.6 3.14159 -0.00976778
954.8 3.14159 0.0150885
955 3.14159 0.018626
955.2 3.14159 -0.00768895
955.4 3.14159 -0.040866
955.6 3.14159 -0.0575832
955.8 3.14159 -0.0591402
956 3.14159 -0.0587941
956.2 3.14159 -0.0537744
956.4 3.14159 -0.0259785
956.6 3.14159 0.0253678
956.8 3.14159 0.0647808
957 3.14159 0.0490228
957.2 3.14159 -0.02356
957.4 3.14159 -0.101915
957.6 3.14159 -0.126939
957.8 3.14159 -0.0847177
958 3.14159 -0.0121827
958.2 3.14159 0.0447451
958.4 3.14159 0.0701881
958.6 3.14159 0.0765771
958.8 3.14159 0.0766234
959 3.14159 0.0678959
959.2 3.14159 0.0429405
959.4 3.14159 0.00413415
959.6 3.14159 -0.0360734
959.8 3.14159 -0.0642462
960 3.14159 -0.0706078
960.2 3.14159 -0.050673
960.4 3.14159 -0.0116947
960.6 3.14159 0.0232538
960.8 3.14159 0.029985
961 3.14159 0.0103697
961.2 3.14159 -0.0020553
961.4 3.14159 0.0221775
961.6 3.14159 0.0650561
961.8 3.14159 0.0676823
962 3.14159 -0.00609517
962.2 3.14159 -0.115859
962.4 3.14159 -0.170923
962.6 3.14159 -0.119926
962.8 3.14159 -0.00754346
963 3.14159 0.0685491
963.2 3.14159 0.0566299
963.4 3.14159 -0.00302229
963.6 3.14159 -0.0327585
963.8 3.14159 -0.00574994
964 3.14159 0.0325454
964.2 3.14159 0.0257386
964.4 3.14159 -0.028279
964.6 3.14159 -0.0821236
964.8 3.14159 -0.0972753
965 3.14159 -0.0802553
965.2 3.14159 -0.0602287
965.4 3.14159 -0.0476218
965.6 3.14159 -0.0291892
965.8 3.14159 0.00185902
966 3.14159 0.0284808
966.2 3.14159 0.0299556
966.4 3.14159 0.00952479
966.6 3.14159 -0.00956522
966.8 3.14159 -0.0129801
967 3.14159 -0.00828657
967.2 3.14159 -0.00595208
967.4 3.14159 0.00128435
967.6 3.14159 0.0281716
967.8 3.14159 0.0690987
968 3.14159 0.0940718
968.2 3.14159 0.0798722
968.4 3.14159 0.038589
968.6 3.14159 0.00595892
968.8 3.14159 0.0026116
969 3.14159 0.0156254
969.2 3.14159 0.0199275
969.4 3.14159 0.0083813
969.6 3.14159 -0.00734564
969.8 3.14159 -0.019243
970 3.14159 -0.0319022
970.2 3.14159 -0.0458275
970.4 3.14159 -0.0452454
970.6 3.14159 -0.0168066
970.8 3.14159 0.0227356
971 3.14159 0.0342878
971.2 3.14159 0.00159143
971.4 3.14159 -0.0408911
971.6 3.14159 -0.0413296
971.8 3.14159 0.00593513
972 3.14159 0.0440666
972.2 3.14159 0.0132038
972.4 3.14159 -0.0777674
972.6 3.14159 -0.152699
972.8 3.14159 -0.146894
973 3.14159 -0.0755487
973.2 3.14159 -0.0147002
973.4 3.14159 -0.0169385
973.6 3.14159 -0.0582339
973.8 3.14159 -0.0733534
974 3.14159 -0.0344993
974.2 3.14159 0.0176268
974.4 3.14159 0.0224909
974.6 3.14159 -0.0306598
974.8 3.14159 -0.0899224
975 3.14159 -0.0948917
975.2 3.14159 -0.0373028
975.4 3.14159 0.0334446
975.6 3.14159 0.0596804
975.8 3.14159 0.0271554
976 3.14159 -0.0281141
976.2 3.14159 -0.0572496
976.4 3.14159 -0.0412843
976.6 3.14159 -0.00163964
976.8 3.14159 0.0264095
977 3.14159 0.0287472
977.2 3.14159 0.0219287
977.4 3.14159 0.0285919
977.6 3.14159 0.045932
977.8 3.14159 0.0442102
978 3.14159 0.00129485
978.2 3.14159 -0.0636275
978.4 3.14159 -0.100051
978.6 3.14159 -0.0767008
978.8 3.14159 -0.0191681
979 3.14159 0.0114985
979.2 3.14159 -0.0182554
979.4 3.14159 -0.0778099
979.6 3.14159 -0.103862
979.8 3.14159 -0.0659346
980 3.14159 0.00626956
980.2 3.14159 0.0598786
980.4 3.14159 0.0726488
980.6 3.14159 0.0621659
980.8 3.14159 0.0495457
981 3.14159 0.0321949
981.2 3.14159 0.000759003
981.4 3.14159 -0.0295461
981.6 3.14159 -0.0252752
981.8 3.14159 0.0214938
982 3.14159 0.069457
982.2 3.14159 0.0642197
982.4 3.14159 -0.00164008
982.6 3.14159 -0.077272
982.8 3.14159 -0.108975
983 3.14159 -0.0977007
983.2 3.14159 -0.089451
983.4 3.14159 -0.110419
983.6 3.14159 -0.128741
983.8 3.14159 -0.0933781
984 3.14159 -0.00459713
984.2 3.14159 0.0718975
984.4 3.14159 0.0704884
984.6 3.14159 -0.00201237
984.8 3.14159 -0.0712542
985 3.14159 -0.0731771
985.2 3.14159 -0.0184021
985.4 3.14159 0.0265477
985.6 3.14159 0.0157139
985.8 3.14159 -0.0289588
986 3.14159 -0.0478635
986.2 3.14159 -0.0124482
986.4 3.14159 0.0442198
986.6 3.14159 0.0639065
986.8 3.14159 0.0231768
987 3.14159 -0.0452371
987.2 3.14159 -0.0857221
987.4 3.14159 -0.0699846
987.6 3.14159 -0.0170029
987.8 3.14159 0.0296956
988 3.14159 0.04134
988.2 3.14159 0.0253074
988.4 3.14159 0.0132775
988.6 3.14159 0.0291761
988.8 3.14159 0.0654359
989 3.14159 0.0888921
989.2 3.14159 0.0722726
989.4 3.14159 0.0223846
989.6 3.14159 -0.0236728
989.8 3.14159 -0.0331686
990 3.14159 -0.0092404
990.2 3.14159 0.0138829
990.4 3.14159 0.00820232
990.6 3.14159 -0.0182903
990.8 3.14159 -0.0325858
991 3.14159 -0.0163828
991.2 3.14159 0.0103912
991.4 3.14159 0.01032
991.6 3.14159 -0.0284514
991.8 3.14159 -0.0749222
992 3.14159 -0.0837687
992.2 3.14159 -0.0401467
992.4 3.14159 0.0258136
992.6 3.14159 0.0674377
992.8 3.14159 0.0613144
993 3.14159 0.0201558
993.2 3.14159 -0.0259663
993.4 3.14159 -0.053951
993.6 3.14159 -0.0550061
993.8 3.14159 -0.0292659
994 3.14159 0.0155026
994.2 3.14159 0.0592715
994.4 3.14159 0.0746007
994.6 3.14159 0.0478135
994.8 3.14159 -0.00249741
995 3.14159 -0.0355176
995.2 3.14159 -0.0251721
995.4 3.14159 0.0120313
995.6 3.14159 0.031476
995.8 3.14159 0.00706549
996 3.14159 -0.0384491
996.2 3.14159 -0.0549154
996.4 3.14159 -0.0190979
996.6 3.14159 0.035549
996.8 3.14159 0.0486767
997 3.14159 -0.00513673
997.2 3.14159 -0.0854487
997.4 3.14159 -0.120039
997.6 3.14159 -0.072481
997.8 3.14159 0.0221389
998 3.14159 0.0871561
998.2 3.14159 0.0716797
998.4 3.14159 -0.00595562
998.6 3.14159 -0.0748881
998.8 3.14159 -0.0712317
999 3.14159 0.0104814
999.2 3.14159 0.113089
999.4 3.14159 0.160847
999.6 3.14159 0.117034
999.8 3.14159 0.0119496
1000 3.14159 -0.0797129
0.2 3.45575 0.131891
0.4 3.45575 0.110523
0.6 3.45575 0.0403152
0.8 3.45575 0.0209193
1 3.45575 0.072684
1.2 3.45575 0.114973
1.4 3.45575 0.076651
1.6 3.45575 -0.00768912
1.8 3.45575 -0.0415269
2 3.45575 0.00821585
2.2 3.45575 0.0686663
2.4 3.45575 0.0563097
2.6 3.45575 -0.0149064
2.8 3.45575 -0.0530646
3 3.45575 -0.00849812
3.2 3.45575 0.0623991
3.4 3.45575 0.0716533
3.6 3.45575 0.0141064
3.8 3.45575 -0.0270174
4 3.45575 0.0104159
4.2 3.45575 0.0851154
4.4 3.45575 0.102841
4.6 3.45575 0.0345002
4.8 3.45575 -0.0476577
5 3.45575 -0.0588288
5.2 3.45575 -0.00199404
5.4 3.45575 0.0423742
5.6 3.45575 0.0172084
5.8 3.45575 -0.0476744
6 3.45575 -0.0809269
6.2 3.45575 -0.0571807
6.4 3.45575 -0.0173775
6.6 3.45575 -0.00793793
6.8 3.45575 -0.0254601
7 3.45575 -0.0342124
7.2 3.45575 -0.0225554
7.4 3.45575 -0.0187074
7.6 3.45575 -0.0480973
7.8 3.45575 -0.0934087
8 3.45575 -0.111111
8.2 3.45575 -0.0821145
8.4 3.45575 -0.0326532
8.6 3.45575 -0.00333124
8.8 3.45575 -0.00786077
9 3.45575 -0.0276391
9.2 3.45575 -0.0384197
9.4 3.45575 -0.0316707
9.6 3.45575 -0.0123524
9.8 3.45575 0.0111948
10 3.45575 0.0289006
10.2 3.45575 0.0293264
10.4 3.45575 0.0102852
10.6 3.45575 -0.0110613
10.8 3.45575 -0.00946256
11 3.45575 0.0203533
11.2 3.45575 0.0517038
11.4 3.45575 0.0501597
11.6 3.45575 0.0103616
11.8 3.45575 -0.0366878
12 3.45575 -0.0548089
12.2 3.45575 -0.0369238
12.4 3.45575 -0.00650695
12.6 3.45575 0.00897531
12.8 3.45575 -0.000595202
13 3.45575 -0.0294646
13.2 3.45575 -0.0667716
13.4 3.45575 -0.0996836
13.6 3.45575 -0.113603
13.8 3.45575 -0.10178
14 3.45575 -0.0769707
14.2 3.45575 -0.0639699
14.4 3.45575 -0.0725578
14.6 3.45575 -0.0814674
14.8 3.45575 -0.058421
15 3.45575 0.0017918
15.2 3.45575 0.0658517
15.4 3.45575 0.0933288
15.6 3.45575 0.0762718
15.8 3.45575 0.0429054
16 3.45575 0.025256
16.2 3.45575 0.0310435
16.4 3.45575 0.0476138
16.6 3.45575 0.0622144
16.8 3.45575 0.0685494
17 3.45575 0.0589205
17.2 3.45575 0.0260915
17.4 3.45575 -0.0194905
17.6 3.45575 -0.0447983
17.8 3.45575 -0.0221972
18 3.45575 0.03523
18.2 3.45575 0.0779108
18.4 3.45575 0.0686125
18.6 3.45575 0.0230638
18.8 3.45575 -0.00719928
19 3.45575 0.00777264
19.2 3.45575 0.0452315
19.4 3.45575 0.0594096
19.6 3.45575 0.033177
19.8 3.45575 -0.00951741
20 3.45575 -0.0379248
20.2 3.45575 -0.0462175
20.4 3.45575 -0.0458917
20.6 3.45575 -0.0403714
20.8 3.45575 -0.0241422
21 3.45575 -0.00533654
21.2 3.45575 -0.00927647
21.4 3.45575 -0.0454178
21.6 3.45575 -0.079746
21.8 3.45575 -0.0609583
22 3.45575 0.0182984
22.2 3.45575 0.099392
22.4 3.45575 0.112068
22.6 3.45575 0.0495898
22.8 3.45575 -0.0231629
23 3.45575 -0.0411166
23.2 3.45575 -0.00820117
23.4 3.45575 0.0143778
23.6 3.45575 -0.0172957
23.8 3.45575 -0.0819634
24 3.45575 -0.122923
24.2 3.45575 -0.111555
24.4 3.45575 -0.0684106
24.6 3.45575 -0.0276402
24.8 3.45575 0.000441885
25 3.45575 0.0242296
25.2 3.45575 0.0436312
25.4 3.45575 0.0475905
25.6 3.45575 0.0388158
25.8 3.45575 0.0421704
26 3.45575 0.0745458
26.2 3.45575 0.113859
26.4 3.45575 0.115753
26.6 3.45575 0.0661167
26.8 3.45575 0.00429471
27 3.45575 -0.0180868
27.2 3.45575 0.00306154
27.4 3.45575 0.0191946
27.6 3.45575 -0.0129656
27.8 3.45575 -0.0801176
28 3.45575 -0.129007
28.2 3.45575 -0.128015
28.4 3.45575 -0.0971662
28.6 3.45575 -0.0737292
28.8 3.45575 -0.0632662
29 3.45575 -0.0409147
29.2 3.45575 0.00217733
29.4 3.45575 0.034033
29.6 3.45575 0.0173683
29.8 3.45575 -0.0375381
30 3.45575 -0.0739527
30.2 3.45575 -0.0502305
30.4 3.45575 0.00984591
30.6 3.45575 0.0412287
30.8 3.45575 0.0114654
31 3.45575 -0.0417859
31.2 3.45575 -0.0544876
31.4 3.45575 -0.0106788
31.6 3.45575 0.0389625
31.8 3.45575 0.0353698
32 3.45575 -0.0221301
32.2 3.45575 -0.0770105
32.4 3.45575 -0.0807147
32.6 3.45575 -0.0442428
32.8 3.45575 -0.0172259
33 3.45575 -0.0226001
33.2 3.45575 -0.0274219
33.4 3.45575 0.0132026
33.6 3.45575 0.0907926
33.8 3.45575 0.137964
34 3.45575 0.0971522
34.2 3.45575 -0.0101454
34.4 3.45575 -0.0945431
34.6 3.45575 -0.0848642
34.8 3.45575 0.00110474
35 3.45575 0.0774526
35.2 3.45575 0.0792075
35.4 3.45575 0.0225196
35.6 3.45575 -0.0254422
35.8 3.45575 -0.0251024
36 3.45575 0.000824862
36.2 3.45575 0.00983438
36.4 3.45575 -0.00215662
36.6 3.45575 -0.00271175
36.8 3.45575 0.021349
37 3.45575 0.0337448
37.2 3.45575 -0.00792889
37.4 3.45575 -0.0864252
37.6 3.45575 -0.126576
37.8 3.45575 -0.0758455
38 3.45575 0.0281058
38.2 3.45575 0.0895998
38.4 3.45575 0.0573133
38.6 3.45575 -0.0210004
38.8 3.45575 -0.0568748
39 3.45575 -0.0234576
39.2 3.45575 0.0201406
39.4 3.45575 0.00891024
39.6 3.45575 -0.0447636
39.8 3.45575 -0.0676583
40 3.45575 -0.0193465
40.2 3.45575 0.0559197
40.4 3.45575 0.0842355
40.6 3.45575 0.0538104
40.8 3.45575 0.0271279
41 3.45575 0.0581032
41.2 3.45575 0.119206
41.4 3.45575 0.13169
41.6 3.45575 0.0630847
41.8 3.45575 -0.0283044
42 3.45575 -0.0572424
42.2 3.45575 -0.00725708
42.4 3.45575 0.0547845
42.6 3.45575 0.0579897
42.8 3.45575 0.00338228
43 3.45575 -0.048951
43.2 3.45575 -0.0562186
43.4 3.45575 -0.0372891
43.6 3.45575 -0.0385182
43.8 3.45575 -0.0717859
44 3.45575 -0.100846
44.2 3.45575 -0.0855607
44.4 3.45575 -0.0263607
44.6 3.45575 0.0388028
44.8 3.45575 0.0719266
45 3.45575 0.0623878
45.2 3.45575 0.0251106
45.4 3.45575 -0.0149457
45.6 3.45575 -0.0355391
45.8 3.45575 -0.0282454
46 3.45575 -0.00774606
46.2 3.45575 -0.00431011
46.4 3.45575 -0.03321
46.6 3.45575 -0.0690656
46.8 3.45575 -0.0633046
47 3.45575 0.00177315
47.2 3.45575 0.081815
47.4 3.45575 0.108222
47.6 3.45575 0.0621801
47.8 3.45575 0.000232798
48 3.45575 -0.00538649
48.2 3.45575 0.0515687
48.4 3.45575 0.102434
48.6 3.45575 0.08046
48.8 3.45575 -0.00455392
49 3.45575 -0.079612
49.2 3.45575 -0.0916149
49.4 3.45575 -0.0614847
49.6 3.45575 -0.0496738
49.8 3.45575 -0.0809053
50 3.45575 -0.119789
50.2 3.45575 -0.120209
50.4 3.45575 -0.0810045
50.6 3.45575 -0.0400212
50.8 3.45575 -0.0215495
51 3.45575 -0.00902617
51.2 3.45575 0.0239555
51.4 3.45575 0.0697684
51.6 3.45575 0.0905779
51.8 3.45575 0.0654958
52 3.45575 0.0190723
52.2 3.45575 -0.0063922
52.4 3.45575 0.00063035
52.6 3.45575 0.012969
52.8 3.45575 0.00555947
53 3.45575 -0.00945534
53.2 3.45575 0.000732858
53.4 3.45575 0.042809
53.6 3.45575 0.0811396
53.8 3.45575 0.0749182
54 3.45575 0.0247089
54.2 3.45575 -0.0273778
54.4 3.45575 -0.0435058
54.6 3.45575 -0.0277216
54.8 3.45575 -0.0139521
55 3.45575 -0.0232506
55.2 3.45575 -0.0423874
55.4 3.45575 -0.0454768
55.6 3.45575 -0.0277385
55.8 3.45575 -0.00967166
56 3.45575 -0.00948108
56.2 3.45575 -0.0199779
56.4 3.45575 -0.0181457
56.6 3.45575 0.00534107
56.8 3.45575 0.0324731
57 3.45575 0.0360231
57.2 3.45575 0.00879195
57.4 3.45575 -0.0275853
57.6 3.45575 -0.0421651
57.8 3.45575 -0.0216877
58 3.45575 0.0196187
58.2 3.45575 0.0522745
58.4 3.45575 0.0520237
58.6 3.45575 0.0137831
58.8 3.45575 -0.045568
59 3.45575 -0.0939933
59.2 3.45575 -0.0996521
59.4 3.45575 -0.0514241
59.6 3.45575 0.0274457
59.8 3.45575 0.0881815
60 3.45575 0.0893586
60.2 3.45575 0.031111
60.4 3.45575 -0.0411664
60.6 3.45575 -0.0727202
60.8 3.45575 -0.0462481
61 3.45575 0.00379587
61.2 3.45575 0.0245761
61.4 3.45575 -0.0052906
61.6 3.45575 -0.0577354
61.8 3.45575 -0.0853339
62 3.45575 -0.0669919
62.2 3.45575 -0.0228926
62.4 3.45575 0.0125326
62.6 3.45575 0.0262088
62.8 3.45575 0.0320364
63 3.45575 0.0452591
63.2 3.45575 0.0593995
63.4 3.45575 0.0530586
63.6 3.45575 0.0167662
63.8 3.45575 -0.0323717
64 3.45575 -0.0640003
64.2 3.45575 -0.0595841
64.4 3.45575 -0.0238058
64.6 3.45575 0.0232858
64.8 3.45575 0.0593991
65 3.45575 0.06772
65.2 3.45575 0.0429391
65.4 3.45575 -0.000904447
65.6 3.45575 -0.0312076
65.8 3.45575 -0.0181126
66 3.45575 0.0351421
66.2 3.45575 0.0853811
66.4 3.45575 0.0833083
66.6 3.45575 0.0212356
66.8 3.45575 -0.0544688
67 3.45575 -0.0834986
67.2 3.45575 -0.0457469
67.4 3.45575 0.0255438
67.6 3.45575 0.0820197
67.8 3.45575 0.104979
68 3.45575 0.109155
68.2 3.45575 0.109723
68.4 3.45575 0.0991378
68.6 3.45575 0.0631872
68.8 3.45575 0.0122272
69 3.45575 -0.0178569
69.2 3.45575 -0.00241099
69.4 3.45575 0.0402043
69.6 3.45575 0.0627966
69.8 3.45575 0.0370311
70 3.45575 -0.0186534
70.2 3.45575 -0.0618784
70.4 3.45575 -0.0718998
70.6 3.45575 -0.0652689
70.8 3.45575 -0.067334
71 3.45575 -0.0786249
71.2 3.45575 -0.0779761
71.4 3.45575 -0.0549478
71.6 3.45575 -0.0261789
71.8 3.45575 -0.0125409
72 3.45575 -0.00805674
72.2 3.45575 0.0136514
72.4 3.45575 0.057546
72.6 3.45575 0.0845137
72.8 3.45575 0.0481633
73 3.45575 -0.0416176
73.2 3.45575 -0.106254
73.4 3.45575 -0.0684285
73.6 3.45575 0.0603447
73.8 3.45575 0.173895
74 3.45575 0.16831
74.2 3.45575 0.0485815
74.4 3.45575 -0.0696934
74.6 3.45575 -0.0730516
74.8 3.45575 0.0362507
75 3.45575 0.14492
75.2 3.45575 0.146813
75.4 3.45575 0.0493101
75.6 3.45575 -0.0427066
75.8 3.45575 -0.0425875
76 3.45575 0.0305556
76.2 3.45575 0.0831077
76.4 3.45575 0.0541819
76.6 3.45575 -0.0228728
76.8 3.45575 -0.066906
77 3.45575 -0.0420607
77.2 3.45575 0.00949484
77.4 3.45575 0.0249631
77.6 3.45575 -0.0057723
77.8 3.45575 -0.0358056
78 3.45575 -0.0237858
78.2 3.45575 0.015548
78.4 3.45575 0.0310533
78.6 3.45575 -0.00300493
78.8 3.45575 -0.057481
79 3.45575 -0.0823161
79.2 3.45575 -0.0603436
79.4 3.45575 -0.0200236
79.6 3.45575 0.000525521
79.8 3.45575 -0.00819647
80 3.45575 -0.0266474
80.2 3.45575 -0.0342667
80.4 3.45575 -0.0282155
80.6 3.45575 -0.0163372
80.8 3.45575 -0.00282799
81 3.45575 0.0119373
81.2 3.45575 0.0222342
81.4 3.45575 0.0179307
81.6 3.45575 -0.00167974
81.8 3.45575 -0.0204817
82 3.45575 -0.0184386
82.2 3.45575 0.00800691
82.4 3.45575 0.0423417
82.6 3.45575 0.0654501
82.8 3.45575 0.0728522
83 3.45575 0.0723859
83.2 3.45575 0.0690526
83.4 3.45575 0.0588227
83.6 3.45575 0.0384092
83.8 3.45575 0.0146954
84 3.45575 -0.00194925
84.2 3.45575 -0.0124983
84.4 3.45575 -0.0300732
84.6 3.45575 -0.0611356
84.8 3.45575 -0.0889909
85 3.45575 -0.0836366
85.2 3.45575 -0.0326516
85.4 3.45575 0.0394908
85.6 3.45575 0.0878388
85.8 3.45575 0.0863331
86 3.45575 0.0516249
86.2 3.45575 0.0267914
86.4 3.45575 0.0396536
86.6 3.45575 0.0755271
86.8 3.45575 0.0909505
87 3.45575 0.0564176
87.2 3.45575 -0.0117575
87.4 3.45575 -0.0621093
87.6 3.45575 -0.0546533
87.8 3.45575 -0.00172562
88 3.45575 0.037807
88.2 3.45575 0.0108356
88.4 3.45575 -0.0776472
88.6 3.45575 -0.164076
88.8 3.45575 -0.182808
89 3.45575 -0.127014
89.2 3.45575 -0.0532152
89.4 3.45575 -0.0235329
89.6 3.45575 -0.044387
89.8 3.45575 -0.0651037
90 3.45575 -0.0368658
90.2 3.45575 0.0320772
90.4 3.45575 0.0841771
90.6 3.45575 0.0734365
90.8 3.45575 0.0126734
91 3.45575 -0.0419732
91.2 3.45575 -0.0486958
91.4 3.45575 -0.0164739
91.6 3.45575 0.0138836
91.8 3.45575 0.015855
92 3.45575 -0.00175416
92.2 3.45575 -0.0148211
92.4 3.45575 -0.0134515
92.6 3.45575 -0.00618095
92.8 3.45575 -0.00156351
93 3.45575 0.00291821
93.2 3.45575 0.0101434
93.4 3.45575 0.00977735
93.6 3.45575 -0.0137967
93.8 3.45575 -0.0574985
94 3.45575 -0.090609
94.2 3.45575 -0.0784976
94.4 3.45575 -0.0181528
94.6 3.45575 0.0526141
94.8 3.45575 0.0848989
95 3.45575 0.0593481
95.2 3.45575 -0.000956123
95.4 3.45575 -0.0548253
95.6 3.45575 -0.0777212
95.8 3.45575 -0.0745365
96 3.45575 -0.0643934
96.2 3.45575 -0.058947
96.4 3.45575 -0.0565925
96.6 3.45575 -0.0532069
96.8 3.45575 -0.0519695
97 3.45575 -0.0589057
97.2 3.45575 -0.0700425
97.4 3.45575 -0.0678221
97.6 3.45575 -0.035341
97.8 3.45575 0.023517
98 3.45575 0.0796187
98.2 3.45575 0.0982818
98.4 3.45575 0.0673864
98.6 3.45575 0.00792471
98.8 3.45575 -0.0433812
99 3.45575 -0.062901
99.2 3.45575 -0.0537811
99.4 3.45575 -0.0348815
99.6 3.45575 -0.020596
99.8 3.45575 -0.0128071
100 3.45575 -0.00823768
100.2 3.45575 -0.00630875
100.4 3.45575 -0.00645594
100.6 3.45575 -0.00232464
100.8 3.45575 0.0133272
101 3.45575 0.0351748
101.2 3.45575 0.04232
101.4 3.45575 0.0165108
101.6 3.45575 -0.0346325
101.8 3.45575 -0.0773143
102 3.45575 -0.0794016
102.2 3.45575 -0.038879
102.4 3.45575 0.0173246
102.6 3.45575 0.061217
102.8 3.45575 0.0858308
103 3.45575 0.0987965
103.2 3.45575 0.101405
103.4 3.45575 0.0837816
103.6 3.45575 0.0427471
103.8 3.45575 -0.00379814
104 3.45575 -0.0293917
104.2 3.45575 -0.0261666
104.4 3.45575 -0.0126099
104.6 3.45575 -0.0105848
104.8 3.45575 -0.0194163
105 3.45575 -0.0193592
105.2 3.45575 0.00074719
105.4 3.45575 0.0281027
105.6 3.45575 0.0428599
105.8 3.45575 0.0441406
106 3.45575 0.0493358
106.2 3.45575 0.0669754
106.4 3.45575 0.0807205
106.6 3.45575 0.0690778
106.8 3.45575 0.036823
107 3.45575 0.0146109
107.2 3.45575 0.0225745
107.4 3.45575 0.0431775
107.6 3.45575 0.041218
107.8 3.45575 0.00930443
108 3.45575 -0.0192569
108.2 3.45575 -0.0104483
108.4 3.45575 0.0254079
108.6 3.45575 0.0421735
108.8 3.45575 0.0136845
109 3.45575 -0.0311691
109.2 3.45575 -0.0402927
109.4 3.45575 -0.00127132
109.6 3.45575 0.0414221
109.8 3.45575 0.0378852
110 3.45575 -0.0081755
110.2 3.45575 -0.0440174
110.4 3.45575 -0.0301781
110.6 3.45575 0.0147255
110.8 3.45575 0.0388162
111 3.45575 0.0183301
111.2 3.45575 -0.0188064
111.4 3.45575 -0.0312215
111.6 3.45575 -0.0130232
111.8 3.45575 0.00466447
112 3.45575 -0.00565259
112.2 3.45575 -0.0389713
112.4 3.45575 -0.0707286
112.6 3.45575 -0.0850152
112.8 3.45575 -0.0799383
113 3.45575 -0.0540173
113.2 3.45575 -0.00657296
113.4 3.45575 0.0430689
113.6 3.45575 0.0544392
113.8 3.45575 0.00539826
114 3.45575 -0.0669896
114.2 3.45575 -0.0861015
114.4 3.45575 -0.0142412
114.6 3.45575 0.0928646
114.8 3.45575 0.128903
115 3.45575 0.0446072
115.2 3.45575 -0.094265
115.4 3.45575 -0.167133
115.6 3.45575 -0.116369
115.8 3.45575 0.00177141
116 3.45575 0.0818101
116.2 3.45575 0.0720337
116.4 3.45575 0.00699084
116.6 3.45575 -0.048952
116.8 3.45575 -0.0689396
117 3.45575 -0.0702338
117.2 3.45575 -0.0735433
117.4 3.45575 -0.0779748
117.6 3.45575 -0.0760842
117.8 3.45575 -0.0731038
118 3.45575 -0.0764967
118.2 3.45575 -0.0750942
118.4 3.45575 -0.047963
118.6 3.45575 0.00137685
118.8 3.45575 0.034926
119 3.45575 0.0189794
119.2 3.45575 -0.0314679
119.4 3.45575 -0.0630781
119.6 3.45575 -0.0444413
119.8 3.45575 -0.00443914
120 3.45575 0.00137056
120.2 3.45575 -0.0422534
120.4 3.45575 -0.0919781
120.6 3.45575 -0.0988252
120.8 3.45575 -0.0662299
121 3.45575 -0.0421225
121.2 3.45575 -0.0583031
121.4 3.45575 -0.0952318
121.6 3.45575 -0.113746
121.8 3.45575 -0.107381
122 3.45575 -0.104957
122.2 3.45575 -0.12233
122.4 3.45575 -0.13127
122.6 3.45575 -0.0910134
122.8 3.45575 -0.00410242
123 3.45575 0.076258
123.2 3.45575 0.0998353
123.4 3.45575 0.0696516
123.6 3.45575 0.0302065
123.8 3.45575 0.0131714
124 3.45575 0.0095855
124.2 3.45575 -0.00245543
124.4 3.45575 -0.0184949
124.6 3.45575 -0.011405
124.8 3.45575 0.0283024
125 3.45575 0.0713144
125.2 3.45575 0.0776689
125.4 3.45575 0.0406567
125.6 3.45575 -0.00564137
125.8 3.45575 -0.0210791
126 3.45575 0.00567642
126.2 3.45575 0.0560048
126.4 3.45575 0.103459
126.6 3.45575 0.129154
126.8 3.45575 0.123081
127 3.45575 0.0862933
127.2 3.45575 0.0378326
127.4 3.45575 0.00900939
127.6 3.45575 0.0172826
127.8 3.45575 0.0443856
128 3.45575 0.0494044
128.2 3.45575 0.00946091
128.4 3.45575 -0.0556285
128.6 3.45575 -0.102756
128.8 3.45575 -0.106128
129 3.45575 -0.074307
129.2 3.45575 -0.0319906
129.4 3.45575 0.00328376
129.6 3.45575 0.0234233
129.8 3.45575 0.0221244
130 3.45575 0.00062209
130.2 3.45575 -0.0199684
130.4 3.45575 -0.00897134
130.6 3.45575 0.039225
130.8 3.45575 0.0881324
131 3.45575 0.0923383
131.2 3.45575 0.0501071
131.4 3.45575 0.0095735
131.6 3.45575 0.0130456
131.8 3.45575 0.0444398
132 3.45575 0.048562
132.2 3.45575 0.0028458
132.4 3.45575 -0.0487545
132.6 3.45575 -0.0469794
132.8 3.45575 0.00782004
133 3.45575 0.0530684
133.2 3.45575 0.0398006
133.4 3.45575 -0.00878578
133.6 3.45575 -0.0316493
133.8 3.45575 -0.0124661
134 3.45575 -0.00110555
134.2 3.45575 -0.0433216
134.4 3.45575 -0.110622
134.6 3.45575 -0.126959
134.8 3.45575 -0.0645374
135 3.45575 0.0130036
135.2 3.45575 0.0202644
135.4 3.45575 -0.0496232
135.6 3.45575 -0.117401
135.8 3.45575 -0.111649
136 3.45575 -0.0481946
136.2 3.45575 -0.00100422
136.4 3.45575 -0.0087047
136.6 3.45575 -0.0363826
136.8 3.45575 -0.0333805
137 3.45575 -0.00304511
137.2 3.45575 0.00783863
137.4 3.45575 -0.0203098
137.6 3.45575 -0.0486617
137.8 3.45575 -0.0306118
138 3.45575 0.0255466
138.2 3.45575 0.0668772
138.4 3.45575 0.0638655
138.6 3.45575 0.0435518
138.8 3.45575 0.0445016
139 3.45575 0.0583039
139.2 3.45575 0.0409813
139.4 3.45575 -0.019091
139.6 3.45575 -0.0708721
139.8 3.45575 -0.0556702
140 3.45575 0.0185651
140.2 3.45575 0.0796045
140.4 3.45575 0.0700871
140.6 3.45575 0.00716315
140.8 3.45575 -0.0464147
141 3.45575 -0.0564902
141.2 3.45575 -0.0433348
141.4 3.45575 -0.0376031
141.6 3.45575 -0.0365672
141.8 3.45575 -0.0203738
142 3.45575 0.003024
142.2 3.45575 -0.00270217
142.4 3.45575 -0.0508684
142.6 3.45575 -0.100387
142.8 3.45575 -0.0959996
143 3.45575 -0.0353037
143.2 3.45575 0.024056
143.4 3.45575 0.0299138
143.6 3.45575 -0.00700608
143.8 3.45575 -0.0343596
144 3.45575 -0.0272431
144.2 3.45575 -0.014724
144.4 3.45575 -0.0329894
144.6 3.45575 -0.0712132
144.8 3.45575 -0.0826864
145 3.45575 -0.0447374
145.2 3.45575 0.0126933
145.4 3.45575 0.0451219
145.6 3.45575 0.0448767
145.8 3.45575 0.0393739
146 3.45575 0.045713
146.2 3.45575 0.0486175
146.4 3.45575 0.0307544
146.6 3.45575 0.00765936
146.8 3.45575 0.0128231
147 3.45575 0.0507545
147.2 3.45575 0.0843899
147.4 3.45575 0.0778256
147.6 3.45575 0.0381844
147.8 3.45575 0.000109002
148 3.45575 -0.0242232
148.2 3.45575 -0.0572948
148.4 3.45575 -0.111228
148.6 3.45575 -0.150534
148.8 3.45575 -0.124241
149 3.45575 -0.0349011
149.2 3.45575 0.0476481
149.4 3.45575 0.0571286
149.6 3.45575 0.00561497
149.8 3.45575 -0.0312095
150 3.45575 -0.00386836
150.2 3.45575 0.0546221
150.4 3.45575 0.073119
150.6 3.45575 0.0295469
150.8 3.45575 -0.0267793
151 3.45575 -0.0393053
151.2 3.45575 -0.00825454
151.4 3.45575 0.0236034
151.6 3.45575 0.0341856
151.8 3.45575 0.0439506
152 3.45575 0.0699139
152.2 3.45575 0.08358
152.4 3.45575 0.0411954
152.6 3.45575 -0.0477245
152.8 3.45575 -0.109936
153 3.45575 -0.084891
153.2 3.45575 -0.00126269
153.4 3.45575 0.044756
153.6 3.45575 -0.00667825
153.8 3.45575 -0.110618
154 3.45575 -0.163966
154.2 3.45575 -0.113983
154.4 3.45575 -0.00793545
154.6 3.45575 0.0634007
154.8 3.45575 0.0557318
155 3.45575 -0.00260332
155.2 3.45575 -0.0593894
155.4 3.45575 -0.0904791
155.6 3.45575 -0.0992252
155.8 3.45575 -0.0852039
156 3.45575 -0.0376479
156.2 3.45575 0.0369101
156.4 3.45575 0.0980962
156.6 3.45575 0.100168
156.8 3.45575 0.0388429
157 3.45575 -0.0390808
157.2 3.45575 -0.0783223
157.4 3.45575 -0.0653294
157.6 3.45575 -0.0339373
157.8 3.45575 -0.0245915
158 3.45575 -0.0431759
158.2 3.45575 -0.0604331
158.4 3.45575 -0.0470105
158.6 3.45575 -0.00502565
158.8 3.45575 0.0342334
159 3.45575 0.0410304
159.2 3.45575 0.0149542
159.4 3.45575 -0.0161677
159.6 3.45575 -0.024221
159.8 3.45575 -0.0085818
160 3.45575 0.00346767
160.2 3.45575 -0.0151286
160.4 3.45575 -0.0623428
160.6 3.45575 -0.10756
160.8 3.45575 -0.121596
161 3.45575 -0.104389
161.2 3.45575 -0.0804673
161.4 3.45575 -0.068616
161.6 3.45575 -0.061438
161.8 3.45575 -0.0382806
162 3.45575 0.00495915
162.2 3.45575 0.0453669
162.4 3.45575 0.0544484
162.6 3.45575 0.0266507
162.8 3.45575 -0.0161916
163 3.45575 -0.0464019
163.2 3.45575 -0.0527921
163.4 3.45575 -0.043723
163.6 3.45575 -0.0349705
163.8 3.45575 -0.0375848
164 3.45575 -0.0520183
164.2 3.45575 -0.066583
164.4 3.45575 -0.0624447
164.6 3.45575 -0.028971
164.8 3.45575 0.0202679
165 3.45575 0.0519029
165.2 3.45575 0.042066
165.4 3.45575 0.00238922
165.6 3.45575 -0.0305735
165.8 3.45575 -0.0357976
166 3.45575 -0.0310446
166.2 3.45575 -0.0471457
166.4 3.45575 -0.0822233
166.6 3.45575 -0.0952757
166.8 3.45575 -0.0534099
167 3.45575 0.0228738
167.2 3.45575 0.0758742
167.4 3.45575 0.0735917
167.6 3.45575 0.0432247
167.8 3.45575 0.0324738
168 3.45575 0.046807
168.2 3.45575 0.0439272
168.4 3.45575 -0.00512139
168.6 3.45575 -0.0667959
168.8 3.45575 -0.076126
169 3.45575 -0.0155682
169.2 3.45575 0.0560953
169.4 3.45575 0.06576
169.6 3.45575 0.00856751
169.8 3.45575 -0.0468959
170 3.45575 -0.0368445
170.2 3.45575 0.0287246
170.4 3.45575 0.0839152
170.6 3.45575 0.0832532
170.8 3.45575 0.0434104
171 3.45575 0.00890495
171.2 3.45575 -0.00428211
171.4 3.45575 -0.0149421
171.6 3.45575 -0.0343952
171.8 3.45575 -0.0412745
172 3.45575 -0.0108292
172.2 3.45575 0.0417289
172.4 3.45575 0.0666093
172.6 3.45575 0.0338176
172.8 3.45575 -0.0287216
173 3.45575 -0.0622926
173.2 3.45575 -0.0406522
173.4 3.45575 0.00283095
173.6 3.45575 0.0140328
173.8 3.45575 -0.0220957
174 3.45575 -0.0661415
174.2 3.45575 -0.0668702
174.4 3.45575 -0.0144407
174.6 3.45575 0.0493345
174.8 3.45575 0.0705707
175 3.45575 0.0329022
175.2 3.45575 -0.0283008
175.4 3.45575 -0.0584926
175.6 3.45575 -0.0338193
175.8 3.45575 0.0171195
176 3.45575 0.0418656
176.2 3.45575 0.0179501
176.4 3.45575 -0.0226419
176.6 3.45575 -0.0286712
176.8 3.45575 0.00895241
177 3.45575 0.0394329
177.2 3.45575 0.00638479
177.4 3.45575 -0.0811997
177.6 3.45575 -0.145803
177.8 3.45575 -0.119691
178 3.45575 -0.0212746
178.2 3.45575 0.0603271
178.4 3.45575 0.0602877
178.6 3.45575 0.00610904
178.8 3.45575 -0.0194967
179 3.45575 0.0230223
179.2 3.45575 0.0858751
179.4 3.45575 0.0935313
179.6 3.45575 0.0326937
179.8 3.45575 -0.0331988
180 3.45575 -0.0374977
180.2 3.45575 0.0177915
180.4 3.45575 0.0712275
180.6 3.45575 0.0716801
180.8 3.45575 0.0248131
181 3.45575 -0.0259646
181.2 3.45575 -0.0463918
181.4 3.45575 -0.0312408
181.6 3.45575 0.00722517
181.8 3.45575 0.0500531
182 3.45575 0.0717623
182.2 3.45575 0.0518844
182.4 3.45575 0.00224808
182.6 3.45575 -0.0274986
182.8 3.45575 0.00576868
183 3.45575 0.0827166
183.2 3.45575 0.126941
183.4 3.45575 0.082854
183.6 3.45575 -0.0165801
183.8 3.45575 -0.0772978
184 3.45575 -0.0443883
184.2 3.45575 0.0385597
184.4 3.45575 0.0807671
184.6 3.45575 0.0452125
184.8 3.45575 -0.0192611
185 3.45575 -0.0456601
185.2 3.45575 -0.0257941
185.4 3.45575 -0.00327154
185.6 3.45575 -0.00327459
185.8 3.45575 0.000843339
186 3.45575 0.0408613
186.2 3.45575 0.096287
186.4 3.45575 0.111206
186.6 3.45575 0.0677045
186.8 3.45575 0.0162667
187 3.45575 0.0155345
187.2 3.45575 0.0547246
187.4 3.45575 0.0612389
187.6 3.45575 -0.00938906
187.8 3.45575 -0.111065
188 3.45575 -0.152397
188.2 3.45575 -0.0984311
188.4 3.45575 -0.00926881
188.6 3.45575 0.027037
188.8 3.45575 -0.0139337
189 3.45575 -0.078433
189.2 3.45575 -0.101299
189.4 3.45575 -0.0699559
189.6 3.45575 -0.0221568
189.8 3.45575 0.00110951
190 3.45575 -0.0119615
190.2 3.45575 -0.0469641
190.4 3.45575 -0.0776541
190.6 3.45575 -0.0755403
190.8 3.45575 -0.0260918
191 3.45575 0.0476958
191.2 3.45575 0.0873078
191.4 3.45575 0.0483586
191.6 3.45575 -0.0432322
191.8 3.45575 -0.101117
192 3.45575 -0.0634019
192.2 3.45575 0.0351547
192.4 3.45575 0.0935192
192.6 3.45575 0.0536954
192.8 3.45575 -0.033961
193 3.45575 -0.0686957
193.2 3.45575 -0.01541
193.4 3.45575 0.0575081
193.6 3.45575 0.0623604
193.8 3.45575 -0.00408121
194 3.45575 -0.0610575
194.2 3.45575 -0.0439484
194.4 3.45575 0.0198672
194.6 3.45575 0.0487839
194.8 3.45575 0.00716111
195 3.45575 -0.0550094
195.2 3.45575 -0.0660286
195.4 3.45575 -0.0170094
195.6 3.45575 0.0334581
195.8 3.45575 0.0318216
196 3.45575 -0.0132493
196.2 3.45575 -0.0526428
196.4 3.45575 -0.0604513
196.6 3.45575 -0.0583889
196.8 3.45575 -0.0777705
197 3.45575 -0.113774
197.2 3.45575 -0.129194
197.4 3.45575 -0.0989983
197.6 3.45575 -0.0398464
197.8 3.45575 0.00769686
198 3.45575 0.0203746
198.2 3.45575 0.0117992
198.4 3.45575 0.0149031
198.6 3.45575 0.049597
198.8 3.45575 0.105918
199 3.45575 0.153901
199.2 3.45575 0.169523
199.4 3.45575 0.155564
199.6 3.45575 0.138911
199.8 3.45575 0.143103
200 3.45575 0.159895
200.2 3.45575 0.15218
200.4 3.45575 0.0928737
200.6 3.45575 0.00140661
200.8 3.45575 -0.0671185
201 3.45575 -0.0761334
201.2 3.45575 -0.0468187
201.4 3.45575 -0.034284
201.6 3.45575 -0.0642657
201.8 3.45575 -0.103981
202 3.45575 -0.103327
202.2 3.45575 -0.0576321
202.4 3.45575 -0.0151479
202.6 3.45575 -0.0195206
202.8 3.45575 -0.0583615
203 3.45575 -0.0817043
203.2 3.45575 -0.0660136
203.4 3.45575 -0.0417146
203.6 3.45575 -0.0491061
203.8 3.45575 -0.0800314
204 3.45575 -0.082502
204.2 3.45575 -0.025997
204.4 3.45575 0.0532392
204.6 3.45575 0.0853542
204.8 3.45575 0.041554
205 3.45575 -0.0364133
205.2 3.45575 -0.0830842
205.4 3.45575 -0.074143
205.6 3.45575 -0.037082
205.8 3.45575 -0.0067715
206 3.45575 0.0122481
206.2 3.45575 0.0347471
206.4 3.45575 0.0606785
206.6 3.45575 0.0687161
206.8 3.45575 0.0447544
207 3.45575 0.00420019
207.2 3.45575 -0.0230299
207.4 3.45575 -0.0254291
207.6 3.45575 -0.019418
207.8 3.45575 -0.0263915
208 3.45575 -0.048382
208.2 3.45575 -0.07018
208.4 3.45575 -0.0792695
208.6 3.45575 -0.076284
208.8 3.45575 -0.0679174
209 3.45575 -0.0585313
209.2 3.45575 -0.0521822
209.4 3.45575 -0.0556879
209.6 3.45575 -0.0710996
209.8 3.45575 -0.0863448
210 3.45575 -0.0821902
210.2 3.45575 -0.052971
210.4 3.45575 -0.0152746
210.6 3.45575 0.0102816
210.8 3.45575 0.0232277
211 3.45575 0.0403641
211.2 3.45575 0.0660656
211.4 3.45575 0.0747199
211.6 3.45575 0.0348439
211.8 3.45575 -0.0473157
212 3.45575 -0.117848
212.2 3.45575 -0.119028
212.4 3.45575 -0.0451735
212.6 3.45575 0.0491909
212.8 3.45575 0.0989712
213 3.45575 0.0849962
213.2 3.45575 0.0415298
213.4 3.45575 0.0137242
213.6 3.45575 0.014326
213.8 3.45575 0.0224838
214 3.45575 0.0175341
214.2 3.45575 0.00517499
214.4 3.45575 0.00770172
214.6 3.45575 0.0326892
214.8 3.45575 0.0578627
215 3.45575 0.0515361
215.2 3.45575 0.00905845
215.4 3.45575 -0.0335932
215.6 3.45575 -0.0279923
215.8 3.45575 0.0394656
216 3.45575 0.127227
216.2 3.45575 0.170025
216.4 3.45575 0.136929
216.6 3.45575 0.0604695
216.8 3.45575 0.00578659
217 3.45575 0.00846563
217.2 3.45575 0.0436299
217.4 3.45575 0.0571933
217.6 3.45575 0.0245615
217.8 3.45575 -0.0262021
218 3.45575 -0.04879
218.2 3.45575 -0.0290028
218.4 3.45575 0.00430985
218.6 3.45575 0.0143376
218.8 3.45575 -0.00695556
219 3.45575 -0.0393073
219.2 3.45575 -0.0618682
219.4 3.45575 -0.069824
219.6 3.45575 -0.0652887
219.8 3.45575 -0.0454538
220 3.45575 -0.0102583
220.2 3.45575 0.0229842
220.4 3.45575 0.0267873
220.6 3.45575 -0.0074708
220.8 3.45575 -0.0538601
221 3.45575 -0.0747674
221.2 3.45575 -0.059971
221.4 3.45575 -0.0358763
221.6 3.45575 -0.0327453
221.8 3.45575 -0.0488976
222 3.45575 -0.054521
222.2 3.45575 -0.0289703
222.4 3.45575 0.014282
222.6 3.45575 0.0429026
222.8 3.45575 0.0391801
223 3.45575 0.0119136
223.2 3.45575 -0.0206524
223.4 3.45575 -0.0483649
223.6 3.45575 -0.0660985
223.8 3.45575 -0.0637468
224 3.45575 -0.0331786
224.2 3.45575 0.0127096
224.4 3.45575 0.0387019
224.6 3.45575 0.0159196
224.8 3.45575 -0.0472918
225 3.45575 -0.108546
225.2 3.45575 -0.127891
225.4 3.45575 -0.0996825
225.6 3.45575 -0.0498163
225.8 3.45575 -0.00828047
226 3.45575 0.0115336
226.2 3.45575 0.0127919
226.4 3.45575 0.00634987
226.6 3.45575 0.00500799
226.8 3.45575 0.0172131
227 3.45575 0.0368473
227.2 3.45575 0.0423176
227.4 3.45575 0.0175224
227.6 3.45575 -0.0222287
227.8 3.45575 -0.0357771
228 3.45575 -8.87725e-05
228.2 3.45575 0.0535371
228.4 3.45575 0.0624947
228.6 3.45575 0.00214616
228.8 3.45575 -0.0753387
229 3.45575 -0.0869356
229.2 3.45575 -0.00823699
229.4 3.45575 0.0929557
229.6 3.45575 0.122548
229.8 3.45575 0.0568795
230 3.45575 -0.0359459
230.2 3.45575 -0.071895
230.4 3.45575 -0.0366913
230.6 3.45575 0.0120046
230.8 3.45575 0.0189132
231 3.45575 -0.0101211
231.2 3.45575 -0.0289512
231.4 3.45575 -0.0154555
231.6 3.45575 0.0039771
231.8 3.45575 -0.00418215
232 3.45575 -0.0316324
232.2 3.45575 -0.0361964
232.4 3.45575 0.00341117
232.6 3.45575 0.0552082
232.8 3.45575 0.0652715
233 3.45575 0.0171083
233.2 3.45575 -0.0488538
233.4 3.45575 -0.0761003
233.6 3.45575 -0.0470737
233.8 3.45575 0.00417803
234 3.45575 0.0287808
234.2 3.45575 0.0075636
234.4 3.45575 -0.0373278
234.6 3.45575 -0.0665511
234.8 3.45575 -0.0565478
235 3.45575 -0.0156564
235.2 3.45575 0.0239311
235.4 3.45575 0.0299483
235.6 3.45575 -0.00619907
235.8 3.45575 -0.0623846
236 3.45575 -0.102975
236.2 3.45575 -0.108253
236.4 3.45575 -0.0899496
236.6 3.45575 -0.0770035
236.8 3.45575 -0.0854468
237 3.45575 -0.104296
237.2 3.45575 -0.112431
237.4 3.45575 -0.106002
237.6 3.45575 -0.102747
237.8 3.45575 -0.116127
238 3.45575 -0.129299
238.2 3.45575 -0.103214
238.4 3.45575 -0.0168591
238.6 3.45575 0.100501
238.8 3.45575 0.182446
239 3.45575 0.177936
239.2 3.45575 0.0959799
239.4 3.45575 -0.000640519
239.6 3.45575 -0.0488923
239.8 3.45575 -0.0370844
240 3.45575 -0.00637631
240.2 3.45575 -0.00242582
240.4 3.45575 -0.0272395
240.6 3.45575 -0.0413026
240.8 3.45575 -0.0133826
241 3.45575 0.0373088
241.2 3.45575 0.0565114
241.4 3.45575 0.0150697
241.6 3.45575 -0.0524406
241.8 3.45575 -0.0782954
242 3.45575 -0.0332145
242.2 3.45575 0.0391672
242.4 3.45575 0.065921
242.6 3.45575 0.0211644
242.8 3.45575 -0.0483393
243 3.45575 -0.0756314
243.2 3.45575 -0.0438694
243.4 3.45575 0.00303457
243.6 3.45575 0.0156371
243.8 3.45575 -0.00821242
244 3.45575 -0.0316075
244.2 3.45575 -0.029348
244.4 3.45575 -0.0146464
244.6 3.45575 -0.0124842
244.8 3.45575 -0.020624
245 3.45575 -0.012044
245.2 3.45575 0.0254604
245.4 3.45575 0.0672675
245.6 3.45575 0.0790345
245.8 3.45575 0.0590083
246 3.45575 0.0404893
246.2 3.45575 0.0504472
246.4 3.45575 0.076913
246.6 3.45575 0.0861882
246.8 3.45575 0.0666668
247 3.45575 0.0425116
247.2 3.45575 0.0403682
247.4 3.45575 0.0531814
247.6 3.45575 0.0484203
247.8 3.45575 0.0107502
248 3.45575 -0.0346027
248.2 3.45575 -0.0470886
248.4 3.45575 -0.0144592
248.6 3.45575 0.0352421
248.8 3.45575 0.0628277
249 3.45575 0.0516365
249.2 3.45575 0.0120989
249.4 3.45575 -0.0362585
249.6 3.45575 -0.0774515
249.8 3.45575 -0.0974082
250 3.45575 -0.0840165
250.2 3.45575 -0.0383044
250.4 3.45575 0.0181641
250.6 3.45575 0.0568542
250.8 3.45575 0.0667974
251 3.45575 0.061737
251.2 3.45575 0.0604603
251.4 3.45575 0.0644667
251.6 3.45575 0.0601318
251.8 3.45575 0.0403137
252 3.45575 0.0156232
252.2 3.45575 0.000909146
252.4 3.45575 -0.00375946
252.6 3.45575 -0.01193
252.8 3.45575 -0.0320345
253 3.45575 -0.0568227
253.2 3.45575 -0.0735255
253.4 3.45575 -0.0781942
253.6 3.45575 -0.0742187
253.8 3.45575 -0.0609252
254 3.45575 -0.0340134
254.2 3.45575 -0.000466375
254.4 3.45575 0.016251
254.6 3.45575 -0.00293
254.8 3.45575 -0.0463835
255 3.45575 -0.0760834
255.2 3.45575 -0.0646832
255.4 3.45575 -0.0242629
255.6 3.45575 0.0088904
255.8 3.45575 0.016354
256 3.45575 0.0150964
256.2 3.45575 0.0291782
256.4 3.45575 0.053019
256.6 3.45575 0.0553036
256.8 3.45575 0.0204979
257 3.45575 -0.0249344
257.2 3.45575 -0.0373012
257.4 3.45575 -0.00338893
257.6 3.45575 0.0464379
257.8 3.45575 0.0740129
258 3.45575 0.0722504
258.2 3.45575 0.0604183
258.4 3.45575 0.0479254
258.6 3.45575 0.0193692
258.8 3.45575 -0.03681
259 3.45575 -0.0958669
259.2 3.45575 -0.110881
259.4 3.45575 -0.0659585
259.6 3.45575 -0.00534175
259.8 3.45575 0.00392447
260 3.45575 -0.0581332
260.2 3.45575 -0.138474
260.4 3.45575 -0.160791
260.6 3.45575 -0.100542
260.8 3.45575 -0.00747308
261 3.45575 0.0452233
261.2 3.45575 0.0296949
261.4 3.45575 -0.018459
261.6 3.45575 -0.044312
261.8 3.45575 -0.0285442
262 3.45575 0.00138644
262.2 3.45575 0.00771887
262.4 3.45575 -0.0167949
262.6 3.45575 -0.0447491
262.8 3.45575 -0.0454406
263 3.45575 -0.0157892
263.2 3.45575 0.0200506
263.4 3.45575 0.0379696
263.6 3.45575 0.0365842
263.8 3.45575 0.0316029
264 3.45575 0.0311475
264.2 3.45575 0.0231168
264.4 3.45575 -0.00821907
264.6 3.45575 -0.0549623
264.8 3.45575 -0.0828379
265 3.45575 -0.0631165
265.2 3.45575 -0.00708544
265.4 3.45575 0.0383142
265.6 3.45575 0.0355086
265.8 3.45575 -0.00414136
266 3.45575 -0.0311051
266.2 3.45575 -0.0099912
266.4 3.45575 0.0429476
266.6 3.45575 0.0787585
266.8 3.45575 0.0693767
267 3.45575 0.0353856
267.2 3.45575 0.0182102
267.4 3.45575 0.0318418
267.6 3.45575 0.0511913
267.8 3.45575 0.0480679
268 3.45575 0.0282549
268.2 3.45575 0.023511
268.4 3.45575 0.0490977
268.6 3.45575 0.080428
268.8 3.45575 0.0790959
269 3.45575 0.0380646
269.2 3.45575 -0.00823231
269.4 3.45575 -0.0215788
269.6 3.45575 -0.00165012
269.8 3.45575 0.0163631
270 3.45575 0.00422697
270.2 3.45575 -0.0264991
270.4 3.45575 -0.0381309
270.6 3.45575 -0.0100895
270.8 3.45575 0.0371435
271 3.45575 0.0620341
271.2 3.45575 0.0419492
271.4 3.45575 -0.00879989
271.6 3.45575 -0.0570402
271.8 3.45575 -0.0808798
272 3.45575 -0.0815379
272.2 3.45575 -0.0715674
272.4 3.45575 -0.058784
272.6 3.45575 -0.0431018
272.8 3.45575 -0.0241886
273 3.45575 -0.00643763
273.2 3.45575 0.00471183
273.4 3.45575 0.00855664
273.6 3.45575 0.00897838
273.8 3.45575 0.00958903
274 3.45575 0.0111794
274.2 3.45575 0.0135168
274.4 3.45575 0.0163017
274.6 3.45575 0.0159581
274.8 3.45575 0.00379842
275 3.45575 -0.0268863
275.2 3.45575 -0.0684351
275.4 3.45575 -0.0965973
275.6 3.45575 -0.0881129
275.8 3.45575 -0.0452893
276 3.45575 -0.000644308
276.2 3.45575 0.00984255
276.4 3.45575 -0.0176515
276.6 3.45575 -0.0482222
276.8 3.45575 -0.0420797
277 3.45575 0.00360078
277.2 3.45575 0.0498066
277.4 3.45575 0.0551831
277.6 3.45575 0.0182544
277.8 3.45575 -0.0237057
278 3.45575 -0.0371623
278.2 3.45575 -0.0271001
278.4 3.45575 -0.0245121
278.6 3.45575 -0.042922
278.8 3.45575 -0.057619
279 3.45575 -0.0343812
279.2 3.45575 0.0254843
279.4 3.45575 0.0782334
279.6 3.45575 0.079766
279.8 3.45575 0.0299372
280 3.45575 -0.0301675
280.2 3.45575 -0.0628086
280.4 3.45575 -0.0683218
280.6 3.45575 -0.0734034
280.8 3.45575 -0.0924799
281 3.45575 -0.110147
281.2 3.45575 -0.102545
281.4 3.45575 -0.0677206
281.6 3.45575 -0.0275357
281.8 3.45575 -0.00183684
282 3.45575 0.0116926
282.2 3.45575 0.0292465
282.4 3.45575 0.0580546
282.6 3.45575 0.0874615
282.8 3.45575 0.101092
283 3.45575 0.0919639
283.2 3.45575 0.0643944
283.4 3.45575 0.0275164
283.6 3.45575 -0.00723565
283.8 3.45575 -0.0256092
284 3.45575 -0.0177261
284.2 3.45575 0.0091054
284.4 3.45575 0.0304246
284.6 3.45575 0.026973
284.8 3.45575 0.00866693
285 3.45575 0.00863669
285.2 3.45575 0.0462131
285.4 3.45575 0.0980959
285.6 3.45575 0.115351
285.8 3.45575 0.0740844
286 3.45575 0.00560589
286.2 3.45575 -0.0306369
286.4 3.45575 -0.00615972
286.6 3.45575 0.0476816
286.8 3.45575 0.0716734
287 3.45575 0.037452
287.2 3.45575 -0.027731
287.4 3.45575 -0.0716236
287.6 3.45575 -0.0667583
287.8 3.45575 -0.02925
288 3.45575 0.00437821
288.2 3.45575 0.0109125
288.4 3.45575 -0.00807164
288.6 3.45575 -0.0380906
288.8 3.45575 -0.0651929
289 3.45575 -0.0782343
289.2 3.45575 -0.0678728
289.4 3.45575 -0.0330607
289.6 3.45575 0.0108041
289.8 3.45575 0.0371217
290 3.45575 0.0285419
290.2 3.45575 -0.00635835
290.4 3.45575 -0.0391629
290.6 3.45575 -0.0463829
290.8 3.45575 -0.0279757
291 3.45575 -0.00145876
291.2 3.45575 0.0197952
291.4 3.45575 0.0389392
291.6 3.45575 0.0659426
291.8 3.45575 0.0994175
292 3.45575 0.12318
292.2 3.45575 0.122336
292.4 3.45575 0.1
292.6 3.45575 0.074507
292.8 3.45575 0.0603254
293 3.45575 0.0550276
293.2 3.45575 0.0467812
293.4 3.45575 0.0310712
293.6 3.45575 0.0144329
293.8 3.45575 0.00107026
294 3.45575 -0.0175036
294.2 3.45575 -0.0517929
294.4 3.45575 -0.0934534
294.6 3.45575 -0.113692
294.8 3.45575 -0.0906337
295 3.45575 -0.0375079
295.2 3.45575 0.00472789
295.4 3.45575 0.00832198
295.6 3.45575 -0.0112873
295.8 3.45575 -0.0134551
296 3.45575 0.0192067
296.2 3.45575 0.0578691
296.4 3.45575 0.0591658
296.6 3.45575 0.0163062
296.8 3.45575 -0.0307955
297 3.45575 -0.0398216
297.2 3.45575 -0.0132839
297.4 3.45575 0.00681244
297.6 3.45575 -0.0101156
297.8 3.45575 -0.048152
298 3.45575 -0.066614
298.2 3.45575 -0.0500961
298.4 3.45575 -0.0252432
298.6 3.45575 -0.0252847
298.8 3.45575 -0.0480552
299 3.45575 -0.0592661
299.2 3.45575 -0.0353436
299.4 3.45575 0.00779432
299.6 3.45575 0.0338642
299.8 3.45575 0.0273021
300 3.45575 0.00697948
300.2 3.45575 0.000904444
300.4 3.45575 0.0171463
300.6 3.45575 0.0434468
300.8 3.45575 0.0661376
301 3.45575 0.0780883
301.2 3.45575 0.0702579
301.4 3.45575 0.0312058
301.6 3.45575 -0.0336376
301.8 3.45575 -0.0886058
302 3.45575 -0.0908723
302.2 3.45575 -0.0353206
302.4 3.45575 0.0309319
302.6 3.45575 0.0507933
302.8 3.45575 0.0153376
303 3.45575 -0.0277958
303.2 3.45575 -0.0276509
303.4 3.45575 0.0150422
303.6 3.45575 0.0532281
303.8 3.45575 0.0494396
304 3.45575 0.0146244
304.2 3.45575 -0.012633
304.4 3.45575 -0.0145351
304.6 3.45575 -0.00847366
304.8 3.45575 -0.0146555
305 3.45575 -0.0250893
305.2 3.45575 -0.0161847
305.4 3.45575 0.0144249
305.6 3.45575 0.0400499
305.8 3.45575 0.039629
306 3.45575 0.0287446
306.2 3.45575 0.0416688
306.4 3.45575 0.0828756
306.6 3.45575 0.110677
306.8 3.45575 0.0800867
307 3.45575 -0.00161731
307.2 3.45575 -0.0733339
307.4 3.45575 -0.0786882
307.6 3.45575 -0.0215397
307.8 3.45575 0.0403195
308 3.45575 0.0524389
308.2 3.45575 0.0095574
308.4 3.45575 -0.0504407
308.6 3.45575 -0.0857792
308.8 3.45575 -0.0788205
309 3.45575 -0.0365254
309.2 3.45575 0.0199698
309.4 3.45575 0.0622938
309.6 3.45575 0.0653547
309.8 3.45575 0.0269164
310 3.45575 -0.0222884
310.2 3.45575 -0.0406659
310.4 3.45575 -0.0174644
310.6 3.45575 0.0120742
310.8 3.45575 0.00315417
311 3.45575 -0.0461755
311.2 3.45575 -0.0890082
311.4 3.45575 -0.0828037
311.6 3.45575 -0.0417904
311.8 3.45575 -0.0230748
312 3.45575 -0.0576179
312.2 3.45575 -0.107474
312.4 3.45575 -0.105385
312.6 3.45575 -0.0356026
312.8 3.45575 0.0395362
313 3.45575 0.0442006
313.2 3.45575 -0.0256792
313.4 3.45575 -0.0951649
313.6 3.45575 -0.0924716
313.8 3.45575 -0.0277055
314 3.45575 0.021413
314.2 3.45575 -0.000735466
314.4 3.45575 -0.0664616
314.6 3.45575 -0.100949
314.8 3.45575 -0.0699122
315 3.45575 -0.0153768
315.2 3.45575 -0.000897119
315.4 3.45575 -0.0352307
315.6 3.45575 -0.0657104
315.8 3.45575 -0.0455918
316 3.45575 0.00854613
316.2 3.45575 0.0378273
316.4 3.45575 0.0120806
316.6 3.45575 -0.0364042
316.8 3.45575 -0.0544354
317 3.45575 -0.0302692
317.2 3.45575 -0.000411891
317.4 3.45575 0.00233064
317.6 3.45575 -0.0103078
317.8 3.45575 -0.00392873
318 3.45575 0.0262261
318.2 3.45575 0.0448623
318.4 3.45575 0.0246392
318.6 3.45575 -0.0106148
318.8 3.45575 -0.00902412
319 3.45575 0.0429037
319.2 3.45575 0.094311
319.4 3.45575 0.0835684
319.6 3.45575 0.0115653
319.8 3.45575 -0.0545133
320 3.45575 -0.0551157
320.2 3.45575 -0.00337643
320.4 3.45575 0.0356136
320.6 3.45575 0.0248969
320.8 3.45575 -0.00299134
321 3.45575 0.00778933
321.2 3.45575 0.061966
321.4 3.45575 0.103419
321.6 3.45575 0.0818445
321.8 3.45575 0.013329
322 3.45575 -0.0380762
322.2 3.45575 -0.0326829
322.4 3.45575 0.00640997
322.6 3.45575 0.0297248
322.8 3.45575 0.0204195
323 3.45575 0.00336951
323.2 3.45575 0.00275268
323.4 3.45575 0.0116197
323.6 3.45575 0.0122337
323.8 3.45575 0.0107536
324 3.45575 0.0299657
324.2 3.45575 0.0667806
324.4 3.45575 0.0788017
324.6 3.45575 0.0315318
324.8 3.45575 -0.0477199
325 3.45575 -0.0852649
325.2 3.45575 -0.0405739
325.4 3.45575 0.0414233
325.6 3.45575 0.0742203
325.8 3.45575 0.0249343
326 3.45575 -0.0491545
326.2 3.45575 -0.0662142
326.4 3.45575 -0.0104407
326.6 3.45575 0.0571329
326.8 3.45575 0.0734472
327 3.45575 0.0391726
327.2 3.45575 0.000439639
327.4 3.45575 -0.0181962
327.6 3.45575 -0.0371727
327.8 3.45575 -0.0750355
328 3.45575 -0.103132
328.2 3.45575 -0.0726984
328.4 3.45575 0.0147498
328.6 3.45575 0.0898623
328.8 3.45575 0.086254
329 3.45575 0.0203056
329.2 3.45575 -0.0216039
329.4 3.45575 0.0178683
329.6 3.45575 0.0962098
329.8 3.45575 0.115477
330 3.45575 0.0342899
330.2 3.45575 -0.0818517
330.4 3.45575 -0.130329
330.6 3.45575 -0.0809878
330.8 3.45575 -0.0019298
331 3.45575 0.0221409
331.2 3.45575 -0.0186261
331.4 3.45575 -0.0586148
331.6 3.45575 -0.0383321
331.8 3.45575 0.0301515
332 3.45575 0.0829191
332.2 3.45575 0.0767814
332.4 3.45575 0.0303657
332.6 3.45575 -0.00416466
332.8 3.45575 0.00268381
333 3.45575 0.0348375
333.2 3.45575 0.0550083
333.4 3.45575 0.0410523
333.6 3.45575 -0.000450543
333.8 3.45575 -0.0449738
334 3.45575 -0.0673902
334.2 3.45575 -0.0550592
334.4 3.45575 -0.0158189
334.6 3.45575 0.0236119
334.8 3.45575 0.0346684
335 3.45575 0.0109048
335.2 3.45575 -0.0248821
335.4 3.45575 -0.0424716
335.6 3.45575 -0.0348567
335.8 3.45575 -0.0235049
336 3.45575 -0.0312483
336.2 3.45575 -0.0546634
336.4 3.45575 -0.0696639
336.6 3.45575 -0.0634415
336.8 3.45575 -0.0518388
337 3.45575 -0.058238
337.2 3.45575 -0.0791309
337.4 3.45575 -0.0817095
337.6 3.45575 -0.0418571
337.8 3.45575 0.0206803
338 3.45575 0.0553683
338.2 3.45575 0.0333824
338.4 3.45575 -0.0177662
338.6 3.45575 -0.0398299
338.8 3.45575 -0.00585421
339 3.45575 0.0479224
339.2 3.45575 0.0576162
339.4 3.45575 -1.80345e-06
339.6 3.45575 -0.0785074
339.8 3.45575 -0.10493
340 3.45575 -0.0530132
340.2 3.45575 0.028541
340.4 3.45575 0.0631229
340.6 3.45575 0.0220413
340.8 3.45575 -0.0479794
341 3.45575 -0.0738024
341.2 3.45575 -0.0305944
341.4 3.45575 0.0355239
341.6 3.45575 0.0603715
341.8 3.45575 0.0321616
342 3.45575 0.00179048
342.2 3.45575 0.0204647
342.4 3.45575 0.0744943
342.6 3.45575 0.0940244
342.8 3.45575 0.0309523
343 3.45575 -0.0796457
343.2 3.45575 -0.147282
343.4 3.45575 -0.117809
343.6 3.45575 -0.0293958
343.8 3.45575 0.0296556
344 3.45575 0.0144166
344.2 3.45575 -0.0359188
344.4 3.45575 -0.0514645
344.6 3.45575 -0.0122581
344.8 3.45575 0.0382356
345 3.45575 0.0556645
345.2 3.45575 0.0499986
345.4 3.45575 0.0639766
345.6 3.45575 0.106143
345.8 3.45575 0.129828
346 3.45575 0.0904836
346.2 3.45575 0.00942439
346.4 3.45575 -0.042496
346.6 3.45575 -0.0285195
346.8 3.45575 0.00646463
347 3.45575 -0.0101932
347.2 3.45575 -0.084288
347.4 3.45575 -0.138053
347.6 3.45575 -0.100211
347.8 3.45575 0.00233433
348 3.45575 0.0666239
348.2 3.45575 0.031318
348.4 3.45575 -0.0475714
348.6 3.45575 -0.0576181
348.8 3.45575 0.0390135
349 3.45575 0.157186
349.2 3.45575 0.181857
349.4 3.45575 0.0964591
349.6 3.45575 -0.00108357
349.8 3.45575 -0.0104518
350 3.45575 0.0614664
350.2 3.45575 0.116208
350.4 3.45575 0.0792597
350.6 3.45575 -0.0199966
350.8 3.45575 -0.0884897
351 3.45575 -0.0733959
351.2 3.45575 -0.0096697
351.4 3.45575 0.0310364
351.6 3.45575 0.0190295
351.8 3.45575 -0.0157364
352 3.45575 -0.0316845
352.2 3.45575 -0.0218765
352.4 3.45575 -0.00971396
352.6 3.45575 -0.0141935
352.8 3.45575 -0.032792
353 3.45575 -0.0535969
353.2 3.45575 -0.0691158
353.4 3.45575 -0.0735645
353.6 3.45575 -0.0585019
353.8 3.45575 -0.0237419
354 3.45575 0.0106059
354.2 3.45575 0.0171278
354.4 3.45575 -0.00715014
354.6 3.45575 -0.0305973
354.8 3.45575 -0.0195211
355 3.45575 0.020596
355.2 3.45575 0.0477693
355.4 3.45575 0.0322696
355.6 3.45575 -0.00641224
355.8 3.45575 -0.022234
356 3.45575 0.000585001
356.2 3.45575 0.0277599
356.4 3.45575 0.019175
356.6 3.45575 -0.0178836
356.8 3.45575 -0.0370172
357 3.45575 -0.0167743
357.2 3.45575 0.000904108
357.4 3.45575 -0.0444708
357.6 3.45575 -0.147946
357.8 3.45575 -0.218306
358 3.45575 -0.160385
358.2 3.45575 0.0184979
358.4 3.45575 0.195009
358.6 3.45575 0.235095
358.8 3.45575 0.117788
359 3.45575 -0.0451887
359.2 3.45575 -0.113181
359.4 3.45575 -0.0416404
359.6 3.45575 0.0891921
359.8 3.45575 0.158999
360 3.45575 0.115658
360.2 3.45575 0.00634427
360.4 3.45575 -0.0830503
360.6 3.45575 -0.108108
360.8 3.45575 -0.088167
361 3.45575 -0.0641523
361.2 3.45575 -0.0499673
361.4 3.45575 -0.0302277
361.6 3.45575 0.003734
361.8 3.45575 0.0317054
362 3.45575 0.0271143
362.2 3.45575 -0.00384294
362.4 3.45575 -0.0190138
362.6 3.45575 0.0154614
362.8 3.45575 0.0820781
363 3.45575 0.123678
363.2 3.45575 0.102309
363.4 3.45575 0.0403316
363.6 3.45575 -0.00464571
363.8 3.45575 -0.00310739
364 3.45575 0.017814
364.2 3.45575 0.0128168
364.4 3.45575 -0.024169
364.6 3.45575 -0.0536053
364.8 3.45575 -0.0410272
365 3.45575 -0.000480673
365.2 3.45575 0.0230575
365.4 3.45575 0.0082142
365.6 3.45575 -0.0211481
365.8 3.45575 -0.0325759
366 3.45575 -0.0291975
366.2 3.45575 -0.0420419
366.4 3.45575 -0.0812904
366.6 3.45575 -0.113176
366.8 3.45575 -0.0961326
367 3.45575 -0.0310926
367.2 3.45575 0.0388734
367.4 3.45575 0.0777108
367.6 3.45575 0.0885876
367.8 3.45575 0.0891701
368 3.45575 0.0713464
368.2 3.45575 0.0104597
368.4 3.45575 -0.081823
368.6 3.45575 -0.138486
368.8 3.45575 -0.0965412
369 3.45575 0.024863
369.2 3.45575 0.127454
369.4 3.45575 0.128915
369.6 3.45575 0.0464261
369.8 3.45575 -0.0282395
370 3.45575 -0.032022
370.2 3.45575 0.010267
370.4 3.45575 0.0349448
370.6 3.45575 0.025736
370.8 3.45575 0.0250889
371 3.45575 0.0618664
371.2 3.45575 0.0980339
371.4 3.45575 0.0710613
371.6 3.45575 -0.020286
371.8 3.45575 -0.100795
372 3.45575 -0.100034
372.2 3.45575 -0.0305305
372.4 3.45575 0.0340817
372.6 3.45575 0.0509026
372.8 3.45575 0.0512194
373 3.45575 0.0833924
373.2 3.45575 0.135351
373.4 3.45575 0.142942
373.6 3.45575 0.0755555
373.8 3.45575 -0.0140243
374 3.45575 -0.044939
374.2 3.45575 -0.00190858
374.4 3.45575 0.0504065
374.6 3.45575 0.0498337
374.8 3.45575 0.0102758
375 3.45575 -0.00523913
375.2 3.45575 0.0267572
375.4 3.45575 0.0566833
375.6 3.45575 0.0268716
375.8 3.45575 -0.0502594
376 3.45575 -0.102562
376.2 3.45575 -0.0843253
376.4 3.45575 -0.0292354
376.6 3.45575 -0.00441166
376.8 3.45575 -0.0255932
377 3.45575 -0.0396829
377.2 3.45575 0.00611012
377.4 3.45575 0.0959899
377.6 3.45575 0.159828
377.8 3.45575 0.147929
378 3.45575 0.0771316
378.2 3.45575 0.00320838
378.4 3.45575 -0.0361428
378.6 3.45575 -0.0419642
378.8 3.45575 -0.0312387
379 3.45575 -0.0147501
379.2 3.45575 -0.0010303
379.4 3.45575 -0.00429366
379.6 3.45575 -0.0311858
379.8 3.45575 -0.0627882
380 3.45575 -0.0665976
380.2 3.45575 -0.0344671
380.4 3.45575 0.000299408
380.6 3.45575 -0.0042525
380.8 3.45575 -0.0495998
381 3.45575 -0.0903611
381.2 3.45575 -0.081378
381.4 3.45575 -0.0251808
381.6 3.45575 0.0333608
381.8 3.45575 0.0551827
382 3.45575 0.0415777
382.2 3.45575 0.0213414
382.4 3.45575 0.0144145
382.6 3.45575 0.0158751
382.8 3.45575 0.0108963
383 3.45575 -0.0052098
383.2 3.45575 -0.0240904
383.4 3.45575 -0.0335974
383.6 3.45575 -0.0246359
383.8 3.45575 0.00530538
384 3.45575 0.0461719
384.2 3.45575 0.0736108
384.4 3.45575 0.0641848
384.6 3.45575 0.0195917
384.8 3.45575 -0.0291979
385 3.45575 -0.0510979
385.2 3.45575 -0.0479166
385.4 3.45575 -0.0494786
385.6 3.45575 -0.0720443
385.8 3.45575 -0.0908371
386 3.45575 -0.0657064
386.2 3.45575 0.00677999
386.4 3.45575 0.0794212
386.6 3.45575 0.100677
386.8 3.45575 0.0685882
387 3.45575 0.0284348
387.2 3.45575 0.0182175
387.4 3.45575 0.0292732
387.6 3.45575 0.0275841
387.8 3.45575 0.00312822
388 3.45575 -0.0186265
388.2 3.45575 -0.0156417
388.4 3.45575 -0.00296181
388.6 3.45575 -0.0126769
388.8 3.45575 -0.04548
389 3.45575 -0.0608532
389.2 3.45575 -0.0254105
389.4 3.45575 0.0383036
389.6 3.45575 0.0671229
389.8 3.45575 0.0247479
390 3.45575 -0.0555096
390.2 3.45575 -0.103238
390.4 3.45575 -0.0826982
390.6 3.45575 -0.0247117
390.8 3.45575 0.0117353
391 3.45575 0.000386734
391.2 3.45575 -0.0347102
391.4 3.45575 -0.055285
391.6 3.45575 -0.0511253
391.8 3.45575 -0.042956
392 3.45575 -0.0500217
392.2 3.45575 -0.0628807
392.4 3.45575 -0.0509501
392.6 3.45575 0.0038249
392.8 3.45575 0.0805552
393 3.45575 0.126813
393.2 3.45575 0.0977936
393.4 3.45575 -0.00226817
393.6 3.45575 -0.113672
393.8 3.45575 -0.162088
394 3.45575 -0.117408
394.2 3.45575 -0.0182049
394.4 3.45575 0.0629964
394.6 3.45575 0.0816918
394.8 3.45575 0.0504254
395 3.45575 0.0112689
395.2 3.45575 -0.0105369
395.4 3.45575 -0.0187186
395.6 3.45575 -0.0194143
395.8 3.45575 -0.00149906
396 3.45575 0.0445394
396.2 3.45575 0.0964782
396.4 3.45575 0.109222
396.6 3.45575 0.0634619
396.8 3.45575 -0.00414196
397 3.45575 -0.0337884
397.2 3.45575 -0.00591649
397.4 3.45575 0.0397777
397.6 3.45575 0.0538249
397.8 3.45575 0.0341145
398 3.45575 0.0204743
398.2 3.45575 0.0363682
398.4 3.45575 0.0552592
398.6 3.45575 0.0363472
398.8 3.45575 -0.0176693
399 3.45575 -0.0586083
399.2 3.45575 -0.0518319
399.4 3.45575 -0.0201389
399.6 3.45575 -0.0134907
399.8 3.45575 -0.0421599
400 3.45575 -0.0607044
400.2 3.45575 -0.0267539
400.4 3.45575 0.0384904
400.6 3.45575 0.0668497
400.8 3.45575 0.0202828
401 3.45575 -0.0634376
401.2 3.45575 -0.110321
401.4 3.45575 -0.086472
401.6 3.45575 -0.0235105
401.8 3.45575 0.0267387
402 3.45575 0.0454702
402.2 3.45575 0.0482258
402.4 3.45575 0.0486578
402.6 3.45575 0.0410898
402.8 3.45575 0.0199786
403 3.45575 -0.00221736
403.2 3.45575 -0.0108908
403.4 3.45575 -0.0151232
403.6 3.45575 -0.0388301
403.8 3.45575 -0.0813302
404 3.45575 -0.102512
404.2 3.45575 -0.0639239
404.4 3.45575 0.01751
404.6 3.45575 0.0738015
404.8 3.45575 0.053778
405 3.45575 -0.0199324
405.2 3.45575 -0.0731366
405.4 3.45575 -0.0588478
405.6 3.45575 -0.00333173
405.8 3.45575 0.0308677
406 3.45575 0.0181828
406.2 3.45575 -0.00652428
406.4 3.45575 0.00237751
406.6 3.45575 0.0413847
406.8 3.45575 0.0593083
407 3.45575 0.0173349
407.2 3.45575 -0.0623477
407.4 3.45575 -0.114371
407.6 3.45575 -0.095045
407.8 3.45575 -0.0254984
408 3.45575 0.0296397
408.2 3.45575 0.0237195
408.4 3.45575 -0.0318034
408.6 3.45575 -0.0849612
408.8 3.45575 -0.0964375
409 3.45575 -0.0738716
409.2 3.45575 -0.0547827
409.4 3.45575 -0.05953
409.6 3.45575 -0.0669498
409.8 3.45575 -0.0407321
410 3.45575 0.022681
410.2 3.45575 0.0816336
410.4 3.45575 0.0918465
410.6 3.45575 0.0579536
410.8 3.45575 0.0312966
411 3.45575 0.0507213
411.2 3.45575 0.0935734
411.4 3.45575 0.0981065
411.6 3.45575 0.0354768
411.8 3.45575 -0.0533858
412 3.45575 -0.102088
412.2 3.45575 -0.0918356
412.4 3.45575 -0.0646787
412.6 3.45575 -0.0625648
412.8 3.45575 -0.0726504
413 3.45575 -0.0511332
413.2 3.45575 0.00600432
413.4 3.45575 0.0432056
413.6 3.45575 0.0115662
413.8 3.45575 -0.0602589
414 3.45575 -0.0882346
414.2 3.45575 -0.0318311
414.4 3.45575 0.0503935
414.6 3.45575 0.0645705
414.8 3.45575 -0.00606584
415 3.45575 -0.0764805
415.2 3.45575 -0.0571134
415.4 3.45575 0.040915
415.6 3.45575 0.117899
415.8 3.45575 0.0983564
416 3.45575 0.0100223
416.2 3.45575 -0.0582588
416.4 3.45575 -0.0583665
416.6 3.45575 -0.0203044
416.8 3.45575 0.00602551
417 3.45575 0.0155566
417.2 3.45575 0.0355323
417.4 3.45575 0.065091
417.6 3.45575 0.060691
417.8 3.45575 -0.00648511
418 3.45575 -0.0987208
418.2 3.45575 -0.141015
418.4 3.45575 -0.101566
418.6 3.45575 -0.0247522
418.8 3.45575 0.0227815
419 3.45575 0.0244418
419.2 3.45575 0.0180937
419.4 3.45575 0.0372687
419.6 3.45575 0.0701065
419.8 3.45575 0.0834647
420 3.45575 0.0697327
420.2 3.45575 0.0504507
420.4 3.45575 0.038831
420.6 3.45575 0.0217144
420.8 3.45575 -0.0109636
421 3.45575 -0.0353582
421.2 3.45575 -0.0147854
421.4 3.45575 0.0473169
421.6 3.45575 0.095029
421.8 3.45575 0.0744136
422 3.45575 -0.00587311
422.2 3.45575 -0.0812673
422.4 3.45575 -0.0975928
422.6 3.45575 -0.0590908
422.8 3.45575 -0.00925879
423 3.45575 0.0198866
423.2 3.45575 0.026162
423.4 3.45575 0.015678
423.6 3.45575 -0.0121067
423.8 3.45575 -0.0486616
424 3.45575 -0.0643676
424.2 3.45575 -0.0350842
424.4 3.45575 0.0201995
424.6 3.45575 0.0497328
424.8 3.45575 0.0283682
425 3.45575 -0.00717296
425.2 3.45575 -0.00129569
425.4 3.45575 0.0463824
425.6 3.45575 0.0736164
425.8 3.45575 0.0331346
426 3.45575 -0.0407099
426.2 3.45575 -0.0679789
426.4 3.45575 -0.0239145
426.6 3.45575 0.0246761
426.8 3.45575 0.00176486
427 3.45575 -0.0759344
427.2 3.45575 -0.110768
427.4 3.45575 -0.043763
427.6 3.45575 0.0651252
427.8 3.45575 0.101488
428 3.45575 0.0318248
428.2 3.45575 -0.0569455
428.4 3.45575 -0.0641815
428.6 3.45575 0.00318616
428.8 3.45575 0.0452544
429 3.45575 -0.000212763
429.2 3.45575 -0.0764326
429.4 3.45575 -0.0781791
429.6 3.45575 0.014264
429.8 3.45575 0.105865
430 3.45575 0.0993186
430.2 3.45575 0.0103738
430.4 3.45575 -0.0540534
430.6 3.45575 -0.0252022
430.8 3.45575 0.049727
431 3.45575 0.0712503
431.2 3.45575 0.00923452
431.4 3.45575 -0.0646725
431.6 3.45575 -0.0657546
431.8 3.45575 0.00680383
432 3.45575 0.0762991
432.2 3.45575 0.0787992
432.4 3.45575 0.024856
432.6 3.45575 -0.030371
432.8 3.45575 -0.0556383
433 3.45575 -0.0635624
433.2 3.45575 -0.0702782
433.4 3.45575 -0.0613095
433.6 3.45575 -0.0125414
433.8 3.45575 0.0644656
434 3.45575 0.117867
434.2 3.45575 0.104146
434.4 3.45575 0.0350008
434.6 3.45575 -0.0318905
434.8 3.45575 -0.0475077
435 3.45575 -0.0129946
435.2 3.45575 0.0308522
435.4 3.45575 0.0473688
435.6 3.45575 0.0340012
435.8 3.45575 0.0145204
436 3.45575 0.00978646
436.2 3.45575 0.018125
436.4 3.45575 0.0200296
436.6 3.45575 -0.00161733
436.8 3.45575 -0.0447946
437 3.45575 -0.0880887
437.2 3.45575 -0.105999
437.4 3.45575 -0.0871711
437.6 3.45575 -0.0410312
437.8 3.45575 0.0106736
438 3.45575 0.0476367
438.2 3.45575 0.0581631
438.4 3.45575 0.0393033
438.6 3.45575 -0.00241694
438.8 3.45575 -0.0482068
439 3.45575 -0.071938
439.2 3.45575 -0.0578245
439.4 3.45575 -0.0171892
439.6 3.45575 0.0170635
439.8 3.45575 0.0184944
440 3.45575 -0.00949726
440.2 3.45575 -0.0404894
440.4 3.45575 -0.0536272
440.6 3.45575 -0.0504248
440.8 3.45575 -0.0424541
441 3.45575 -0.0303894
441.2 3.45575 -0.00446355
441.4 3.45575 0.0350182
441.6 3.45575 0.0681951
441.8 3.45575 0.0742149
442 3.45575 0.0552545
442.2 3.45575 0.0330089
442.4 3.45575 0.0210377
442.6 3.45575 0.0104705
442.8 3.45575 -0.0105531
443 3.45575 -0.031441
443.2 3.45575 -0.027209
443.4 3.45575 0.00585521
443.6 3.45575 0.0364368
443.8 3.45575 0.0329096
444 3.45575 0.00723856
444.2 3.45575 0.00720512
444.4 3.45575 0.0567374
444.6 3.45575 0.1153
444.8 3.45575 0.113679
445 3.45575 0.0330121
445.2 3.45575 -0.0646187
445.4 3.45575 -0.0946091
445.6 3.45575 -0.0346782
445.8 3.45575 0.0574556
446 3.45575 0.108282
446.2 3.45575 0.0973495
446.4 3.45575 0.0581663
446.6 3.45575 0.0253985
446.8 3.45575 0.000943355
447 3.45575 -0.027033
447.2 3.45575 -0.0519495
447.4 3.45575 -0.0543673
447.6 3.45575 -0.0353737
447.8 3.45575 -0.0247888
448 3.45575 -0.0459858
448.2 3.45575 -0.0826817
448.4 3.45575 -0.0953584
448.6 3.45575 -0.0698884
448.8 3.45575 -0.0357832
449 3.45575 -0.0292385
449.2 3.45575 -0.0482862
449.4 3.45575 -0.0577797
449.6 3.45575 -0.0363822
449.8 3.45575 -0.00287747
450 3.45575 0.011639
450.2 3.45575 0.00574378
450.4 3.45575 0.00571747
450.6 3.45575 0.0230565
450.8 3.45575 0.0328248
451 3.45575 0.00749588
451.2 3.45575 -0.0368704
451.4 3.45575 -0.0485511
451.6 3.45575 -0.000900594
451.8 3.45575 0.06866
452 3.45575 0.0957078
452.2 3.45575 0.0621694
452.4 3.45575 0.0170374
452.6 3.45575 0.0164643
452.8 3.45575 0.0547333
453 3.45575 0.0706205
453.2 3.45575 0.0230408
453.4 3.45575 -0.0544579
453.6 3.45575 -0.0863958
453.8 3.45575 -0.0379259
454 3.45575 0.0469092
454.2 3.45575 0.092129
454.4 3.45575 0.0663439
454.6 3.45575 0.00601044
454.8 3.45575 -0.0311404
455 3.45575 -0.0240576
455.2 3.45575 0.00227452
455.4 3.45575 0.0140824
455.6 3.45575 0.00402576
455.8 3.45575 -0.00992204
456 3.45575 -0.0101551
456.2 3.45575 0.00316737
456.4 3.45575 0.0173024
456.6 3.45575 0.0224086
456.8 3.45575 0.0196988
457 3.45575 0.0175454
457.2 3.45575 0.0219915
457.4 3.45575 0.0299491
457.6 3.45575 0.0306965
457.8 3.45575 0.0164539
458 3.45575 -0.00565538
458.2 3.45575 -0.0138821
458.4 3.45575 0.0101789
458.6 3.45575 0.0603843
458.8 3.45575 0.104923
459 3.45575 0.111067
459.2 3.45575 0.0729329
459.4 3.45575 0.0144169
459.6 3.45575 -0.0343114
459.8 3.45575 -0.0601253
460 3.45575 -0.0679331
460.2 3.45575 -0.0656805
460.4 3.45575 -0.0559094
460.6 3.45575 -0.040848
460.8 3.45575 -0.0264692
461 3.45575 -0.014929
461.2 3.45575 0.00239361
461.4 3.45575 0.0344501
461.6 3.45575 0.0711999
461.8 3.45575 0.0844268
462 3.45575 0.0580238
462.2 3.45575 0.0152429
462.4 3.45575 0.00338286
462.6 3.45575 0.0429585
462.8 3.45575 0.0969204
463 3.45575 0.101452
463.2 3.45575 0.0314935
463.4 3.45575 -0.0693286
463.6 3.45575 -0.128871
463.8 3.45575 -0.113637
464 3.45575 -0.0524719
464.2 3.45575 0.001769
464.4 3.45575 0.0226396
464.6 3.45575 0.0188309
464.8 3.45575 0.00531264
465 3.45575 -0.016228
465.2 3.45575 -0.044352
465.4 3.45575 -0.0604924
465.6 3.45575 -0.0424072
465.8 3.45575 0.00343478
466 3.45575 0.0370912
466.2 3.45575 0.0246699
466.4 3.45575 -0.0206717
466.6 3.45575 -0.0493222
466.8 3.45575 -0.0306672
467 3.45575 0.0107058
467.2 3.45575 0.0234669
467.4 3.45575 -0.00894753
467.6 3.45575 -0.047449
467.8 3.45575 -0.0436856
468 3.45575 0.000632318
468.2 3.45575 0.0332381
468.4 3.45575 0.0123549
468.6 3.45575 -0.0417693
468.8 3.45575 -0.0662946
469 3.45575 -0.0258987
469.2 3.45575 0.0454239
469.4 3.45575 0.0778935
469.6 3.45575 0.0382001
469.8 3.45575 -0.03681
470 3.45575 -0.0775525
470.2 3.45575 -0.0475667
470.4 3.45575 0.0280312
470.6 3.45575 0.0920803
470.8 3.45575 0.105246
471 3.45575 0.0695055
471.2 3.45575 0.0148306
471.4 3.45575 -0.0266301
471.6 3.45575 -0.0358563
471.8 3.45575 -0.010359
472 3.45575 0.0356972
472.2 3.45575 0.0752681
472.4 3.45575 0.0828055
472.6 3.45575 0.0542475
472.8 3.45575 0.0134621
473 3.45575 -0.0069394
473.2 3.45575 0.00416835
473.4 3.45575 0.0255427
473.6 3.45575 0.025784
473.8 3.45575 -0.00267644
474 3.45575 -0.0335076
474.2 3.45575 -0.0322879
474.4 3.45575 0.00763413
474.6 3.45575 0.0564528
474.8 3.45575 0.0754158
475 3.45575 0.0525412
475.2 3.45575 0.0110303
475.4 3.45575 -0.0156922
475.6 3.45575 -0.0149811
475.8 3.45575 -0.00150599
476 3.45575 0.00301507
476.2 3.45575 -0.00769334
476.4 3.45575 -0.0225008
476.6 3.45575 -0.0290714
476.8 3.45575 -0.027062
477 3.45575 -0.0243927
477.2 3.45575 -0.0242418
477.4 3.45575 -0.0203779
477.6 3.45575 -0.00639995
477.8 3.45575 0.0134277
478 3.45575 0.0261391
478.2 3.45575 0.0235832
478.4 3.45575 0.0122186
478.6 3.45575 0.00756714
478.8 3.45575 0.0187089
479 3.45575 0.0387147
479.2 3.45575 0.0501392
479.4 3.45575 0.0392963
479.6 3.45575 0.00582365
479.8 3.45575 -0.0388705
480 3.45575 -0.0796361
480.2 3.45575 -0.104029
480.4 3.45575 -0.104913
480.6 3.45575 -0.0818251
480.8 3.45575 -0.0423811
481 3.45575 -0.000711772
481.2 3.45575 0.029266
481.4 3.45575 0.041992
481.6 3.45575 0.0421228
481.8 3.45575 0.0375362
482 3.45575 0.0305302
482.2 3.45575 0.0172651
482.4 3.45575 -0.00322548
482.6 3.45575 -0.0212769
482.8 3.45575 -0.0219069
483 3.45575 -0.00118303
483.2 3.45575 0.0237143
483.4 3.45575 0.0258817
483.6 3.45575 -0.00481248
483.8 3.45575 -0.0462924
484 3.45575 -0.0600209
484.2 3.45575 -0.0271982
484.4 3.45575 0.0299233
484.6 3.45575 0.0664367
484.8 3.45575 0.0573803
485 3.45575 0.0215323
485.2 3.45575 0.000388317
485.4 3.45575 0.0139036
485.6 3.45575 0.0409903
485.8 3.45575 0.0463824
486 3.45575 0.0234975
486.2 3.45575 0.00370292
486.4 3.45575 0.0199711
486.6 3.45575 0.0658307
486.8 3.45575 0.097551
487 3.45575 0.079033
487.2 3.45575 0.0198014
487.4 3.45575 -0.0356229
487.6 3.45575 -0.0534842
487.8 3.45575 -0.0394215
488 3.45575 -0.0210993
488.2 3.45575 -0.0110627
488.4 3.45575 0.00315359
488.6 3.45575 0.0322476
488.8 3.45575 0.0601498
489 3.45575 0.0571563
489.2 3.45575 0.0176726
489.4 3.45575 -0.0254841
489.6 3.45575 -0.0330272
489.8 3.45575 -0.00327351
490 3.45575 0.0239606
490.2 3.45575 0.0115379
490.4 3.45575 -0.0313011
490.6 3.45575 -0.0561476
490.8 3.45575 -0.0274888
491 3.45575 0.0362691
491.2 3.45575 0.0769671
491.4 3.45575 0.0515387
491.6 3.45575 -0.027562
491.8 3.45575 -0.103384
492 3.45575 -0.122945
492.2 3.45575 -0.0782086
492.4 3.45575 -0.00867218
492.6 3.45575 0.0309145
492.8 3.45575 0.0107076
493 3.45575 -0.0531034
493.2 3.45575 -0.10992
493.4 3.45575 -0.113222
493.6 3.45575 -0.0596084
493.8 3.45575 0.0050103
494 3.45575 0.0236939
494.2 3.45575 -0.0187485
494.4 3.45575 -0.0791586
494.6 3.45575 -0.0965723
494.8 3.45575 -0.0519955
495 3.45575 0.0141018
495.2 3.45575 0.0454259
495.4 3.45575 0.0269715
495.6 3.45575 -0.00690012
495.8 3.45575 -0.0189914
496 3.45575 -0.0131153
496.2 3.45575 -0.0232725
496.4 3.45575 -0.0640219
496.6 3.45575 -0.105651
496.8 3.45575 -0.106586
497 3.45575 -0.0638204
497.2 3.45575 -0.0185557
497.4 3.45575 -0.00930312
497.6 3.45575 -0.0297961
497.8 3.45575 -0.0428582
498 3.45575 -0.0310351
498.2 3.45575 -0.0187232
498.4 3.45575 -0.0371843
498.6 3.45575 -0.0774258
498.8 3.45575 -0.0932668
499 3.45575 -0.0548712
499.2 3.45575 0.0115254
499.4 3.45575 0.0474328
499.6 3.45575 0.0231106
499.8 3.45575 -0.0348005
500 3.45575 -0.0777316
500.2 3.45575 -0.0864249
500.4 3.45575 -0.0789423
500.6 3.45575 -0.0741409
500.8 3.45575 -0.0645422
501 3.45575 -0.0341538
501.2 3.45575 0.00719694
501.4 3.45575 0.0253821
501.6 3.45575 0.00320845
501.8 3.45575 -0.0316006
502 3.45575 -0.0330434
502.2 3.45575 0.00905776
502.4 3.45575 0.0531775
502.6 3.45575 0.0512639
502.8 3.45575 0.00350322
503 3.45575 -0.0420156
503.2 3.45575 -0.044724
503.4 3.45575 -0.0172938
503.6 3.45575 -0.00919575
503.8 3.45575 -0.0489845
504 3.45575 -0.111614
504.2 3.45575 -0.144573
504.4 3.45575 -0.119825
504.6 3.45575 -0.0556005
504.8 3.45575 0.0072778
505 3.45575 0.0417301
505.2 3.45575 0.047736
505.4 3.45575 0.0413221
505.6 3.45575 0.0396429
505.8 3.45575 0.0529485
506 3.45575 0.0785813
506.2 3.45575 0.0970158
506.4 3.45575 0.0818506
506.6 3.45575 0.0257776
506.8 3.45575 -0.0413272
507 3.45575 -0.0699668
507.2 3.45575 -0.0364008
507.4 3.45575 0.0288946
507.6 3.45575 0.0647088
507.8 3.45575 0.0352603
508 3.45575 -0.0372386
508.2 3.45575 -0.0961073
508.4 3.45575 -0.102896
508.6 3.45575 -0.065012
508.8 3.45575 -0.0170894
509 3.45575 0.0146712
509.2 3.45575 0.0261082
509.4 3.45575 0.0225946
509.6 3.45575 0.00662862
509.8 3.45575 -0.0176507
510 3.45575 -0.0362572
510.2 3.45575 -0.0332451
510.4 3.45575 -0.00985185
510.6 3.45575 0.0105573
510.8 3.45575 0.00335133
511 3.45575 -0.0307589
511.2 3.45575 -0.0631507
511.4 3.45575 -0.0632566
511.6 3.45575 -0.0270505
511.8 3.45575 0.0195845
512 3.45575 0.0441115
512.2 3.45575 0.0345392
512.4 3.45575 0.00794773
512.6 3.45575 -0.0046668
512.8 3.45575 0.015444
513 3.45575 0.0571478
513.2 3.45575 0.0850773
513.4 3.45575 0.0680863
513.6 3.45575 0.00953574
513.8 3.45575 -0.0497109
514 3.45575 -0.0643661
514.2 3.45575 -0.0271019
514.4 3.45575 0.0223963
514.6 3.45575 0.034541
514.8 3.45575 -0.00220612
515 3.45575 -0.051496
515.2 3.45575 -0.0664458
515.4 3.45575 -0.0334901
515.6 3.45575 0.0214788
515.8 3.45575 0.0637062
516 3.45575 0.0775477
516.2 3.45575 0.0657931
516.4 3.45575 0.0345531
516.6 3.45575 -0.00866121
516.8 3.45575 -0.0452034
517 3.45575 -0.0501497
517.2 3.45575 -0.0191238
517.4 3.45575 0.0151276
517.6 3.45575 0.00785339
517.8 3.45575 -0.0493672
518 3.45575 -0.112934
518.2 3.45575 -0.129472
518.4 3.45575 -0.0922749
518.6 3.45575 -0.0464318
518.8 3.45575 -0.0356513
519 3.45575 -0.0541114
519.2 3.45575 -0.0599868
519.4 3.45575 -0.0312099
519.6 3.45575 0.00777943
519.8 3.45575 0.0204095
520 3.45575 0.00598043
520.2 3.45575 -0.0026016
520.4 3.45575 0.0120045
520.6 3.45575 0.0230486
520.8 3.45575 -0.00611917
521 3.45575 -0.0669465
521.2 3.45575 -0.103829
521.4 3.45575 -0.0750534
521.6 3.45575 -0.00403569
521.8 3.45575 0.044403
522 3.45575 0.0363431
522.2 3.45575 0.0030645
522.4 3.45575 -0.00343342
522.6 3.45575 0.0231155
522.8 3.45575 0.0375131
523 3.45575 0.00355422
523.2 3.45575 -0.0559919
523.4 3.45575 -0.0824409
523.6 3.45575 -0.0484916
523.8 3.45575 0.0120985
524 3.45575 0.0452558
524.2 3.45575 0.0352184
524.4 3.45575 0.0117158
524.6 3.45575 0.00444531
524.8 3.45575 0.00648639
525 3.45575 -0.00991021
525.2 3.45575 -0.0510578
525.4 3.45575 -0.0892818
525.6 3.45575 -0.094228
525.8 3.45575 -0.0667087
526 3.45575 -0.0345559
526.2 3.45575 -0.0196179
526.4 3.45575 -0.0172358
526.6 3.45575 -0.00853949
526.8 3.45575 0.0148426
527 3.45575 0.0427704
527.2 3.45575 0.0586897
527.4 3.45575 0.0539923
527.6 3.45575 0.032658
527.8 3.45575 0.00862229
528 3.45575 -0.000913442
528.2 3.45575 0.0116134
528.4 3.45575 0.0312765
528.6 3.45575 0.0262529
528.8 3.45575 -0.0216589
529 3.45575 -0.088764
529.2 3.45575 -0.121921
529.4 3.45575 -0.0903611
529.6 3.45575 -0.0232532
529.8 3.45575 0.0158505
530 3.45575 -0.00337503
530.2 3.45575 -0.0438384
530.4 3.45575 -0.0440264
530.6 3.45575 0.00870975
530.8 3.45575 0.0612308
531 3.45575 0.0559788
531.2 3.45575 -0.000947938
531.4 3.45575 -0.0462031
531.6 3.45575 -0.031671
531.8 3.45575 0.0238889
532 3.45575 0.0624217
532.2 3.45575 0.0544984
532.4 3.45575 0.0242207
532.6 3.45575 0.00849245
532.8 3.45575 0.0112705
533 3.45575 0.0118818
533.2 3.45575 0.00743042
533.4 3.45575 0.0224363
533.6 3.45575 0.0674546
533.8 3.45575 0.105985
534 3.45575 0.0857316
534.2 3.45575 0.00528789
534.4 3.45575 -0.0692234
534.6 3.45575 -0.068793
534.8 3.45575 0.00314762
535 3.45575 0.0747054
535.2 3.45575 0.0858823
535.4 3.45575 0.0501763
535.6 3.45575 0.0262334
535.8 3.45575 0.0394874
536 3.45575 0.0531206
536.2 3.45575 0.0221114
536.4 3.45575 -0.0412514
536.6 3.45575 -0.0752979
536.8 3.45575 -0.0413987
537 3.45575 0.0288508
537.2 3.45575 0.0685875
537.4 3.45575 0.0488797
537.6 3.45575 0.00317776
537.8 3.45575 -0.0194188
538 3.45575 -0.00864041
538.2 3.45575 0.00840324
538.4 3.45575 0.0123328
538.6 3.45575 0.015984
538.8 3.45575 0.0392042
539 3.45575 0.0734551
539.2 3.45575 0.0866177
539.4 3.45575 0.062107
539.6 3.45575 0.0208355
539.8 3.45575 -0.00180731
540 3.45575 0.00633737
540.2 3.45575 0.0271157
540.4 3.45575 0.0389913
540.6 3.45575 0.0402915
540.8 3.45575 0.0430637
541 3.45575 0.0532418
541.2 3.45575 0.0653716
541.4 3.45575 0.0725224
541.6 3.45575 0.0700598
541.8 3.45575 0.0481731
542 3.45575 -0.00623783
542.2 3.45575 -0.0878863
542.4 3.45575 -0.157764
542.6 3.45575 -0.166648
542.8 3.45575 -0.104475
543 3.45575 -0.0198915
543.2 3.45575 0.0219724
543.4 3.45575 0.00354679
543.6 3.45575 -0.0317001
543.8 3.45575 -0.0335421
544 3.45575 -0.00315714
544.2 3.45575 0.014231
544.4 3.45575 -0.00814218
544.6 3.45575 -0.0405676
544.8 3.45575 -0.0332427
545 3.45575 0.0169312
545.2 3.45575 0.0536861
545.4 3.45575 0.0233178
545.6 3.45575 -0.0605913
545.8 3.45575 -0.127432
546 3.45575 -0.123809
546.2 3.45575 -0.0669216
546.4 3.45575 -0.0187171
546.6 3.45575 -0.0165123
546.8 3.45575 -0.0415095
547 3.45575 -0.0543087
547.2 3.45575 -0.0460791
547.4 3.45575 -0.0427807
547.6 3.45575 -0.0641068
547.8 3.45575 -0.0939483
548 3.45575 -0.0990674
548.2 3.45575 -0.0697356
548.4 3.45575 -0.0305176
548.6 3.45575 -0.0097064
548.8 3.45575 -0.00690197
549 3.45575 0.00235706
549.2 3.45575 0.0330779
549.4 3.45575 0.0695856
549.6 3.45575 0.0806138
549.8 3.45575 0.0523798
550 3.45575 0.00384315
550.2 3.45575 -0.0298023
550.4 3.45575 -0.0276855
550.6 3.45575 7.24683e-05
550.8 3.45575 0.022657
551 3.45575 0.0164539
551.2 3.45575 -0.0123142
551.4 3.45575 -0.0315084
551.6 3.45575 -0.0147803
551.8 3.45575 0.0258776
552 3.45575 0.0434173
552.2 3.45575 0.00244678
552.4 3.45575 -0.072789
552.6 3.45575 -0.106348
552.8 3.45575 -0.0412785
553 3.45575 0.0928705
553.2 3.45575 0.192434
553.4 3.45575 0.172196
553.6 3.45575 0.0485566
553.8 3.45575 -0.0752645
554 3.45575 -0.109249
554.2 3.45575 -0.0584647
554.4 3.45575 -0.00269008
554.6 3.45575 -0.00301232
554.8 3.45575 -0.0415863
555 3.45575 -0.0560584
555.2 3.45575 -0.0196247
555.4 3.45575 0.0292886
555.6 3.45575 0.0372257
555.8 3.45575 9.88014e-05
556 3.45575 -0.0344844
556.2 3.45575 -0.0240331
556.4 3.45575 0.0236609
556.6 3.45575 0.0659967
556.8 3.45575 0.0745883
557 3.45575 0.0570452
557.2 3.45575 0.0344474
557.4 3.45575 0.0131288
557.6 3.45575 -0.0125713
557.8 3.45575 -0.0391361
558 3.45575 -0.0509389
558.2 3.45575 -0.0411507
558.4 3.45575 -0.0234182
558.6 3.45575 -0.0131049
558.8 3.45575 -0.00300257
559 3.45575 0.0282187
559.2 3.45575 0.0802852
559.4 3.45575 0.117023
559.6 3.45575 0.101577
559.8 3.45575 0.0440867
560 3.45575 0.000271002
560.2 3.45575 0.0140504
560.4 3.45575 0.0684704
560.6 3.45575 0.104967
560.8 3.45575 0.0908342
561 3.45575 0.0549924
561.2 3.45575 0.049289
561.4 3.45575 0.0825634
561.6 3.45575 0.108516
561.8 3.45575 0.0826088
562 3.45575 0.0184372
562.2 3.45575 -0.0253044
562.4 3.45575 -0.0122185
562.6 3.45575 0.0304376
562.8 3.45575 0.0444931
563 3.45575 0.00736587
563.2 3.45575 -0.0444711
563.4 3.45575 -0.058131
563.6 3.45575 -0.0200674
563.8 3.45575 0.0359423
564 3.45575 0.0682593
564.2 3.45575 0.0641019
564.4 3.45575 0.0383729
564.6 3.45575 0.0099793
564.8 3.45575 -0.0107755
565 3.45575 -0.0177274
565.2 3.45575 -0.0075074
565.4 3.45575 0.0114399
565.6 3.45575 0.0183326
565.8 3.45575 0.00107187
566 3.45575 -0.0226826
566.2 3.45575 -0.0173389
566.4 3.45575 0.0299524
566.6 3.45575 0.0862368
566.8 3.45575 0.10127
567 3.45575 0.0605683
567.2 3.45575 0.00181619
567.4 3.45575 -0.0277017
567.6 3.45575 -0.0239109
567.8 3.45575 -0.0258675
568 3.45575 -0.062699
568.2 3.45575 -0.112522
568.4 3.45575 -0.125055
568.6 3.45575 -0.0822289
568.8 3.45575 -0.0236925
569 3.45575 -0.00541398
569.2 3.45575 -0.0386666
569.4 3.45575 -0.0796719
569.6 3.45575 -0.0798207
569.8 3.45575 -0.0373912
570 3.45575 0.00553541
570.2 3.45575 0.0114407
570.4 3.45575 -0.0163744
570.6 3.45575 -0.0450077
570.8 3.45575 -0.048827
571 3.45575 -0.0281754
571.2 3.45575 0.00212159
571.4 3.45575 0.030121
571.6 3.45575 0.0484068
571.8 3.45575 0.0478927
572 3.45575 0.0221107
572.2 3.45575 -0.0202459
572.4 3.45575 -0.0551314
572.6 3.45575 -0.0623426
572.8 3.45575 -0.0439114
573 3.45575 -0.0195448
573.2 3.45575 -0.00509793
573.4 3.45575 -0.000754365
573.6 3.45575 -0.000935986
573.8 3.45575 -0.00789425
574 3.45575 -0.0272314
574.2 3.45575 -0.051583
574.4 3.45575 -0.0590706
574.6 3.45575 -0.0354122
574.8 3.45575 0.00559782
575 3.45575 0.0317656
575.2 3.45575 0.0254238
575.4 3.45575 0.00177571
575.6 3.45575 -0.00967988
575.8 3.45575 0.00124655
576 3.45575 0.0166252
576.2 3.45575 0.0148645
576.4 3.45575 -0.00371464
576.6 3.45575 -0.0214774
576.8 3.45575 -0.0292031
577 3.45575 -0.0368504
577.2 3.45575 -0.054449
577.4 3.45575 -0.0691526
577.6 3.45575 -0.0521788
577.8 3.45575 0.00762748
578 3.45575 0.0820637
578.2 3.45575 0.121912
578.4 3.45575 0.0993605
578.6 3.45575 0.0324346
578.8 3.45575 -0.0307829
579 3.45575 -0.0498468
579.2 3.45575 -0.017961
579.4 3.45575 0.0399642
579.6 3.45575 0.08766
579.8 3.45575 0.0993685
580 3.45575 0.0730244
580.2 3.45575 0.0306869
580.4 3.45575 0.00384825
580.6 3.45575 0.00990068
580.8 3.45575 0.037585
581 3.45575 0.05692
581.2 3.45575 0.0472485
581.4 3.45575 0.0166473
581.6 3.45575 -0.00694828
581.8 3.45575 -0.00304709
582 3.45575 0.0240691
582.2 3.45575 0.0524348
582.4 3.45575 0.0614086
582.6 3.45575 0.0425512
582.8 3.45575 -0.000557883
583 3.45575 -0.0528549
583.2 3.45575 -0.0875906
583.4 3.45575 -0.0779585
583.6 3.45575 -0.022822
583.8 3.45575 0.0385561
584 3.45575 0.0504776
584.2 3.45575 -0.00717048
584.4 3.45575 -0.0910279
584.6 3.45575 -0.128871
584.8 3.45575 -0.0899107
585 3.45575 -0.0178605
585.2 3.45575 0.0128433
585.4 3.45575 -0.0249236
585.6 3.45575 -0.0821676
585.8 3.45575 -0.0862486
586 3.45575 -0.0178498
586.2 3.45575 0.0697873
586.4 3.45575 0.107486
586.6 3.45575 0.0783658
586.8 3.45575 0.025821
587 3.45575 0.000135775
587.2 3.45575 0.00754773
587.4 3.45575 0.0151444
587.6 3.45575 -0.0024688
587.8 3.45575 -0.0323895
588 3.45575 -0.0406966
588.2 3.45575 -0.0126208
588.4 3.45575 0.031805
588.6 3.45575 0.0608417
588.8 3.45575 0.0629647
589 3.45575 0.0524177
589.2 3.45575 0.0472987
589.4 3.45575 0.048558
589.6 3.45575 0.0426192
589.8 3.45575 0.0206014
590 3.45575 -0.00999892
590.2 3.45575 -0.0333359
590.4 3.45575 -0.0412803
590.6 3.45575 -0.0381968
590.8 3.45575 -0.030309
591 3.45575 -0.0144701
591.2 3.45575 0.0182336
591.4 3.45575 0.066704
591.6 3.45575 0.110802
591.8 3.45575 0.123068
592 3.45575 0.0924807
592.2 3.45575 0.0364358
592.4 3.45575 -0.0132447
592.6 3.45575 -0.0372995
592.8 3.45575 -0.0417003
593 3.45575 -0.0439865
593.2 3.45575 -0.0504263
593.4 3.45575 -0.0504574
593.6 3.45575 -0.0337868
593.8 3.45575 -0.00820082
594 3.45575 0.00436152
594.2 3.45575 -0.0101527
594.4 3.45575 -0.0426866
594.6 3.45575 -0.0685998
594.8 3.45575 -0.0678821
595 3.45575 -0.0371676
595.2 3.45575 0.0124625
595.4 3.45575 0.061906
595.6 3.45575 0.0881907
595.8 3.45575 0.0730816
596 3.45575 0.0194366
596.2 3.45575 -0.0401199
596.4 3.45575 -0.0617449
596.6 3.45575 -0.0276268
596.8 3.45575 0.0356528
597 3.45575 0.0820208
597.2 3.45575 0.0902571
597.4 3.45575 0.0774884
597.6 3.45575 0.0669703
597.8 3.45575 0.0532193
598 3.45575 0.013128
598.2 3.45575 -0.048878
598.4 3.45575 -0.0850927
598.6 3.45575 -0.0515683
598.8 3.45575 0.0315683
599 3.45575 0.0856034
599.2 3.45575 0.0523693
599.4 3.45575 -0.0387714
599.6 3.45575 -0.0980868
599.8 3.45575 -0.0720143
600 3.45575 0.000819444
600.2 3.45575 0.0391713
600.4 3.45575 0.0151798
600.6 3.45575 -0.0182148
600.8 3.45575 0.000488467
601 3.45575 0.0601433
601.2 3.45575 0.0872542
601.4 3.45575 0.0354978
601.6 3.45575 -0.0550557
601.8 3.45575 -0.100581
602 3.45575 -0.0651756
602.2 3.45575 0.00630703
602.4 3.45575 0.0468915
602.6 3.45575 0.0400019
602.8 3.45575 0.020691
603 3.45575 0.0163076
603.2 3.45575 0.0102924
603.4 3.45575 -0.025692
603.6 3.45575 -0.0795358
603.8 3.45575 -0.10029
604 3.45575 -0.0554702
604.2 3.45575 0.0263329
604.4 3.45575 0.0804005
604.6 3.45575 0.0688121
604.8 3.45575 0.0104967
605 3.45575 -0.047237
605.2 3.45575 -0.0744617
605.4 3.45575 -0.0729027
605.6 3.45575 -0.0583931
605.8 3.45575 -0.0442966
606 3.45575 -0.0403628
606.2 3.45575 -0.051453
606.4 3.45575 -0.0676031
606.6 3.45575 -0.064133
606.8 3.45575 -0.0265046
607 3.45575 0.0238239
607.2 3.45575 0.0418281
607.4 3.45575 0.00675772
607.6 3.45575 -0.0489898
607.8 3.45575 -0.0712079
608 3.45575 -0.0439842
608.2 3.45575 -0.00642738
608.4 3.45575 -0.00233476
608.6 3.45575 -0.0235654
608.8 3.45575 -0.019318
609 3.45575 0.0374222
609.2 3.45575 0.108193
609.4 3.45575 0.126387
609.6 3.45575 0.0709637
609.8 3.45575 -0.0107706
610 3.45575 -0.0555003
610.2 3.45575 -0.0466164
610.4 3.45575 -0.016589
610.6 3.45575 0.00199902
610.8 3.45575 0.0091767
611 3.45575 0.0196106
611.2 3.45575 0.0316171
611.4 3.45575 0.0318234
611.6 3.45575 0.0245002
611.8 3.45575 0.0334052
612 3.45575 0.0637997
612.2 3.45575 0.0779975
612.4 3.45575 0.0316153
612.6 3.45575 -0.0632758
612.8 3.45575 -0.131311
613 3.45575 -0.107124
613.2 3.45575 -0.011298
613.4 3.45575 0.0645893
613.6 3.45575 0.0545253
613.8 3.45575 -0.0125192
614 3.45575 -0.050956
614.2 3.45575 -0.0191554
614.4 3.45575 0.0366278
614.6 3.45575 0.0445573
614.8 3.45575 -0.0026366
615 3.45575 -0.0394612
615.2 3.45575 -0.00993722
615.4 3.45575 0.060617
615.6 3.45575 0.0918073
615.8 3.45575 0.0418158
616 3.45575 -0.041962
616.2 3.45575 -0.0741167
616.4 3.45575 -0.0251991
616.6 3.45575 0.0478471
616.8 3.45575 0.0662878
617 3.45575 0.0140898
617.2 3.45575 -0.0497776
617.4 3.45575 -0.0601509
617.6 3.45575 -0.0161477
617.8 3.45575 0.0228345
618 3.45575 0.00712059
618.2 3.45575 -0.0456074
618.4 3.45575 -0.0677573
618.6 3.45575 -0.0153675
618.8 3.45575 0.0807191
619 3.45575 0.140689
619.2 3.45575 0.11361
619.4 3.45575 0.0275721
619.6 3.45575 -0.0393851
619.8 3.45575 -0.0375307
620 3.45575 0.0081015
620.2 3.45575 0.0292302
620.4 3.45575 -0.0118619
620.6 3.45575 -0.0850862
620.8 3.45575 -0.127674
621 3.45575 -0.107795
621.2 3.45575 -0.0475211
621.4 3.45575 0.0119753
621.6 3.45575 0.053503
621.8 3.45575 0.0849026
622 3.45575 0.107293
622.2 3.45575 0.101682
622.4 3.45575 0.0556588
622.6 3.45575 -0.00692223
622.8 3.45575 -0.0395939
623 3.45575 -0.0207093
623.2 3.45575 0.0219389
623.4 3.45575 0.0421785
623.6 3.45575 0.0262735
623.8 3.45575 0.00265964
624 3.45575 0.00122692
624.2 3.45575 0.0149771
624.4 3.45575 0.011543
624.6 3.45575 -0.0228651
624.8 3.45575 -0.0644169
625 3.45575 -0.0799216
625.2 3.45575 -0.0642947
625.4 3.45575 -0.040876
625.6 3.45575 -0.0298247
625.8 3.45575 -0.028993
626 3.45575 -0.0286098
626.2 3.45575 -0.0322017
626.4 3.45575 -0.0509975
626.6 3.45575 -0.0817197
626.8 3.45575 -0.104335
627 3.45575 -0.106355
627.2 3.45575 -0.0979214
627.4 3.45575 -0.0914412
627.6 3.45575 -0.0734434
627.8 3.45575 -0.0162163
628 3.45575 0.0746332
628.2 3.45575 0.139706
628.4 3.45575 0.115143
628.6 3.45575 0.00739953
628.8 3.45575 -0.0966314
629 3.45575 -0.108768
629.2 3.45575 -0.0283307
629.4 3.45575 0.0584085
629.6 3.45575 0.0689047
629.8 3.45575 0.0057594
630 3.45575 -0.0560903
630.2 3.45575 -0.0532854
630.4 3.45575 0.00658818
630.6 3.45575 0.0656245
630.8 3.45575 0.0786981
631 3.45575 0.047534
631.2 3.45575 0.00460574
631.4 3.45575 -0.0189491
631.6 3.45575 -0.00904961
631.8 3.45575 0.028433
632 3.45575 0.0658698
632.2 3.45575 0.0638869
632.4 3.45575 0.00453495
632.6 3.45575 -0.0781761
632.8 3.45575 -0.11572
633 3.45575 -0.069718
633.2 3.45575 0.0216176
633.4 3.45575 0.0764447
633.6 3.45575 0.0545403
633.8 3.45575 -0.000469721
634 3.45575 -0.0133198
634.2 3.45575 0.035801
634.4 3.45575 0.0922192
634.6 3.45575 0.0961061
634.8 3.45575 0.0525077
635 3.45575 0.016576
635.2 3.45575 0.0175007
635.4 3.45575 0.0214688
635.6 3.45575 -0.0187516
635.8 3.45575 -0.093484
636 3.45575 -0.13786
636.2 3.45575 -0.105976
636.4 3.45575 -0.0251649
636.6 3.45575 0.035746
636.8 3.45575 0.0421577
637 3.45575 0.0205155
637.2 3.45575 0.0118069
637.4 3.45575 0.0195003
637.6 3.45575 0.0181611
637.8 3.45575 0.00135616
638 3.45575 -0.00435046
638.2 3.45575 0.0190885
638.4 3.45575 0.0441092
638.6 3.45575 0.023251
638.8 3.45575 -0.0486423
639 3.45575 -0.116077
639.2 3.45575 -0.118135
639.4 3.45575 -0.0543246
639.6 3.45575 0.0169657
639.8 3.45575 0.0436083
640 3.45575 0.0292685
640.2 3.45575 0.0133332
640.4 3.45575 0.0145209
640.6 3.45575 0.0116258
640.8 3.45575 -0.0191147
641 3.45575 -0.0634347
641.2 3.45575 -0.0789733
641.4 3.45575 -0.0431478
641.6 3.45575 0.0195608
641.8 3.45575 0.06154
642 3.45575 0.056966
642.2 3.45575 0.0197562
642.4 3.45575 -0.0172457
642.6 3.45575 -0.0328587
642.8 3.45575 -0.0290171
643 3.45575 -0.0212522
643.2 3.45575 -0.0230704
643.4 3.45575 -0.034959
643.6 3.45575 -0.042522
643.8 3.45575 -0.0274518
644 3.45575 0.0121469
644.2 3.45575 0.0506296
644.4 3.45575 0.0518762
644.6 3.45575 0.00533985
644.8 3.45575 -0.0568388
645 3.45575 -0.086671
645.2 3.45575 -0.0678463
645.4 3.45575 -0.0316241
645.6 3.45575 -0.0211893
645.8 3.45575 -0.0437142
646 3.45575 -0.0642166
646.2 3.45575 -0.0461225
646.4 3.45575 0.00984292
646.6 3.45575 0.0705844
646.8 3.45575 0.107019
647 3.45575 0.116278
647.2 3.45575 0.110305
647.4 3.45575 0.094872
647.6 3.45575 0.0682345
647.8 3.45575 0.0346126
648 3.45575 0.00724184
648.2 3.45575 -0.00498929
648.4 3.45575 -0.00646029
648.6 3.45575 -0.00573303
648.8 3.45575 -0.00347732
649 3.45575 0.00302367
649.2 3.45575 0.00717161
649.4 3.45575 -0.00292729
649.6 3.45575 -0.0238409
649.8 3.45575 -0.0318811
650 3.45575 -0.0115633
650.2 3.45575 0.0148807
650.4 3.45575 0.00410133
650.6 3.45575 -0.0534999
650.8 3.45575 -0.108149
651 3.45575 -0.0985078
651.2 3.45575 -0.0264892
651.4 3.45575 0.0339921
651.6 3.45575 0.016513
651.8 3.45575 -0.0586268
652 3.45575 -0.103755
652.2 3.45575 -0.0657244
652.4 3.45575 0.00965985
652.6 3.45575 0.031003
652.8 3.45575 -0.0289666
653 3.45575 -0.0994446
653.2 3.45575 -0.0950055
653.4 3.45575 -0.0160773
653.6 3.45575 0.0538387
653.8 3.45575 0.0478824
654 3.45575 -0.00988895
654.2 3.45575 -0.0414404
654.4 3.45575 -0.0118103
654.6 3.45575 0.033526
654.8 3.45575 0.0304544
655 3.45575 -0.0252996
655.2 3.45575 -0.077792
655.4 3.45575 -0.0815166
655.6 3.45575 -0.0516895
655.8 3.45575 -0.037025
656 3.45575 -0.0569001
656.2 3.45575 -0.0815959
656.4 3.45575 -0.0733356
656.6 3.45575 -0.0319594
656.8 3.45575 0.00776205
657 3.45575 0.0160196
657.2 3.45575 -0.00452867
657.4 3.45575 -0.0286562
657.6 3.45575 -0.0357017
657.8 3.45575 -0.0245238
658 3.45575 -0.00993441
658.2 3.45575 -0.0102715
658.4 3.45575 -0.0324718
658.6 3.45575 -0.0605658
658.8 3.45575 -0.061984
659 3.45575 -0.0181581
659.2 3.45575 0.0458383
659.4 3.45575 0.0741022
659.6 3.45575 0.0370544
659.8 3.45575 -0.0262268
660 3.45575 -0.0396495
660.2 3.45575 0.0256271
660.4 3.45575 0.109051
660.6 3.45575 0.119911
660.8 3.45575 0.0394355
661 3.45575 -0.0531215
661.2 3.45575 -0.0676498
661.4 3.45575 -0.00588504
661.6 3.45575 0.0424125
661.8 3.45575 0.00739896
662 3.45575 -0.0773883
662.2 3.45575 -0.116253
662.4 3.45575 -0.0675023
662.6 3.45575 0.00626649
662.8 3.45575 0.0139715
663 3.45575 -0.0548809
663.2 3.45575 -0.118055
663.4 3.45575 -0.0972655
663.6 3.45575 -0.00639374
663.8 3.45575 0.0697647
664 3.45575 0.0728509
664.2 3.45575 0.0274036
664.4 3.45575 -0.00184655
664.6 3.45575 0.0111487
664.8 3.45575 0.0346375
665 3.45575 0.0317865
665.2 3.45575 0.010427
665.4 3.45575 0.00846337
665.6 3.45575 0.0395651
665.8 3.45575 0.0703943
666 3.45575 0.0564801
666.2 3.45575 -0.0073417
666.4 3.45575 -0.0793803
666.6 3.45575 -0.111512
666.8 3.45575 -0.0927045
667 3.45575 -0.0543836
667.2 3.45575 -0.0382843
667.4 3.45575 -0.0585532
667.6 3.45575 -0.0891442
667.8 3.45575 -0.0856581
668 3.45575 -0.0256739
668.2 3.45575 0.0645193
668.4 3.45575 0.124732
668.6 3.45575 0.111871
668.8 3.45575 0.0423175
669 3.45575 -0.020138
669.2 3.45575 -0.0251742
669.4 3.45575 0.0154785
669.6 3.45575 0.0449078
669.8 3.45575 0.0252737
670 3.45575 -0.0231991
670.2 3.45575 -0.0508711
670.4 3.45575 -0.0368377
670.6 3.45575 -0.00529533
670.8 3.45575 0.0146527
671 3.45575 0.027258
671.2 3.45575 0.0540846
671.4 3.45575 0.088057
671.6 3.45575 0.087311
671.8 3.45575 0.0270159
672 3.45575 -0.0558743
672.2 3.45575 -0.0916231
672.4 3.45575 -0.0560529
672.6 3.45575 -0.00358973
672.8 3.45575 -0.00745715
673 3.45575 -0.0731979
673.2 3.45575 -0.12943
673.4 3.45575 -0.110506
673.6 3.45575 -0.0336082
673.8 3.45575 0.0224158
674 3.45575 0.0106698
674.2 3.45575 -0.0301697
674.4 3.45575 -0.0263393
674.6 3.45575 0.0385771
674.8 3.45575 0.10094
675 3.45575 0.0905923
675.2 3.45575 0.0135634
675.4 3.45575 -0.0524277
675.6 3.45575 -0.0426198
675.8 3.45575 0.0270292
676 3.45575 0.0813465
676.2 3.45575 0.0669879
676.4 3.45575 0.0030715
676.6 3.45575 -0.0462517
676.8 3.45575 -0.0388613
677 3.45575 0.010284
677.2 3.45575 0.0526528
677.4 3.45575 0.0540088
677.6 3.45575 0.0182048
677.8 3.45575 -0.0265523
678 3.45575 -0.0555585
678.2 3.45575 -0.062661
678.4 3.45575 -0.0557288
678.6 3.45575 -0.0438196
678.8 3.45575 -0.028954
679 3.45575 -0.00728844
679.2 3.45575 0.0234999
679.4 3.45575 0.0573598
679.6 3.45575 0.0797809
679.8 3.45575 0.0760252
680 3.45575 0.0424434
680.2 3.45575 -0.00773643
680.4 3.45575 -0.0501817
680.6 3.45575 -0.0647774
680.8 3.45575 -0.0507054
681 3.45575 -0.028973
681.2 3.45575 -0.0269183
681.4 3.45575 -0.0538344
681.6 3.45575 -0.0891501
681.8 3.45575 -0.0987311
682 3.45575 -0.0686654
682.2 3.45575 -0.0235007
682.4 3.45575 -0.00513351
682.6 3.45575 -0.0293414
682.8 3.45575 -0.0662033
683 3.45575 -0.0696046
683.2 3.45575 -0.0268528
683.4 3.45575 0.0271034
683.6 3.45575 0.0482205
683.8 3.45575 0.0302857
684 3.45575 0.0049762
684.2 3.45575 -0.00319268
684.4 3.45575 -0.0091257
684.6 3.45575 -0.0442328
684.8 3.45575 -0.107113
685 3.45575 -0.153199
685.2 3.45575 -0.142208
685.4 3.45575 -0.0877741
685.6 3.45575 -0.0466266
685.8 3.45575 -0.0566326
686 3.45575 -0.0956669
686.2 3.45575 -0.108061
686.4 3.45575 -0.0655763
686.6 3.45575 0.00682651
686.8 3.45575 0.0620486
687 3.45575 0.0738436
687.2 3.45575 0.0459907
687.4 3.45575 -0.00549667
687.6 3.45575 -0.0605259
687.8 3.45575 -0.0884459
688 3.45575 -0.057695
688.2 3.45575 0.0286987
688.4 3.45575 0.115035
688.6 3.45575 0.133907
688.8 3.45575 0.0760517
689 3.45575 0.00668175
689.2 3.45575 -0.00379274
689.4 3.45575 0.0383209
689.6 3.45575 0.0559625
689.8 3.45575 -0.00355443
690 3.45575 -0.0951615
690.2 3.45575 -0.117554
690.4 3.45575 -0.0278367
690.6 3.45575 0.103921
690.8 3.45575 0.165913
691 3.45575 0.119245
691.2 3.45575 0.0267379
691.4 3.45575 -0.0287285
691.6 3.45575 -0.0320042
691.8 3.45575 -0.0301246
692 3.45575 -0.0556906
692.2 3.45575 -0.0830797
692.4 3.45575 -0.0676745
692.6 3.45575 -0.00875405
692.8 3.45575 0.0468174
693 3.45575 0.0590747
693.2 3.45575 0.0340772
693.4 3.45575 0.00274257
693.6 3.45575 -0.0222676
693.8 3.45575 -0.0513455
694 3.45575 -0.0855691
694.2 3.45575 -0.101622
694.4 3.45575 -0.0792544
694.6 3.45575 -0.0313642
694.8 3.45575 0.00911652
695 3.45575 0.0286025
695.2 3.45575 0.0425423
695.4 3.45575 0.0615532
695.6 3.45575 0.0661074
695.8 3.45575 0.0332969
696 3.45575 -0.0177041
696.2 3.45575 -0.0320114
696.4 3.45575 0.0160552
696.6 3.45575 0.0790011
696.8 3.45575 0.079534
697 3.45575 -0.000757006
697.2 3.45575 -0.0945782
697.4 3.45575 -0.12262
697.6 3.45575 -0.0814769
697.8 3.45575 -0.0390047
698 3.45575 -0.0451565
698.2 3.45575 -0.071653
698.4 3.45575 -0.055809
698.6 3.45575 0.011202
698.8 3.45575 0.0685196
699 3.45575 0.0633539
699.2 3.45575 0.0202906
699.4 3.45575 0.00863898
699.6 3.45575 0.0477078
699.8 3.45575 0.074435
700 3.45575 0.0212814
700.2 3.45575 -0.0894822
700.4 3.45575 -0.15621
700.6 3.45575 -0.107626
700.8 3.45575 0.0165529
701 3.45575 0.10855
701.2 3.45575 0.106816
701.4 3.45575 0.0487691
701.6 3.45575 0.00992224
701.8 3.45575 0.0132573
702 3.45575 0.0180152
702.2 3.45575 -0.0103179
702.4 3.45575 -0.0458432
702.6 3.45575 -0.0333033
702.8 3.45575 0.0376599
703 3.45575 0.109637
703.2 3.45575 0.115299
703.4 3.45575 0.0483924
703.6 3.45575 -0.0315549
703.8 3.45575 -0.0613936
704 3.45575 -0.032456
704.2 3.45575 0.0116025
704.4 3.45575 0.0246042
704.6 3.45575 -0.000753102
704.8 3.45575 -0.0348878
705 3.45575 -0.0442364
705.2 3.45575 -0.0209718
705.4 3.45575 0.0123258
705.6 3.45575 0.0221071
705.8 3.45575 -0.007888
706 3.45575 -0.0599534
706.2 3.45575 -0.0926561
706.4 3.45575 -0.0743269
706.6 3.45575 -0.0125591
706.8 3.45575 0.0496772
707 3.45575 0.0704082
707.2 3.45575 0.0434019
707.4 3.45575 -0.00248123
707.6 3.45575 -0.0349039
707.8 3.45575 -0.0447659
708 3.45575 -0.0427445
708.2 3.45575 -0.0382058
708.4 3.45575 -0.0296632
708.6 3.45575 -0.0147735
708.8 3.45575 -1.9735e-05
709 3.45575 0.00626429
709.2 3.45575 0.0069289
709.4 3.45575 0.0133789
709.6 3.45575 0.0273875
709.8 3.45575 0.0320138
710 3.45575 0.00809599
710.2 3.45575 -0.0397537
710.4 3.45575 -0.0793967
710.6 3.45575 -0.078164
710.8 3.45575 -0.0341219
711 3.45575 0.0206188
711.2 3.45575 0.0480517
711.4 3.45575 0.0370511
711.6 3.45575 0.01181
711.8 3.45575 0.0100115
712 3.45575 0.0489226
712.2 3.45575 0.105557
712.4 3.45575 0.128782
712.6 3.45575 0.0796135
712.8 3.45575 -0.0293581
713 3.45575 -0.132701
713.2 3.45575 -0.160551
713.4 3.45575 -0.0996888
713.6 3.45575 -0.00853718
713.8 3.45575 0.0348642
714 3.45575 0.0041517
714.2 3.45575 -0.0558028
714.4 3.45575 -0.080406
714.6 3.45575 -0.0506977
714.8 3.45575 -0.00275439
715 3.45575 0.0222736
715.2 3.45575 0.0242624
715.4 3.45575 0.0335323
715.6 3.45575 0.063342
715.8 3.45575 0.088644
716 3.45575 0.0767186
716.2 3.45575 0.0285579
716.4 3.45575 -0.0217211
716.6 3.45575 -0.0460905
716.8 3.45575 -0.0491468
717 3.45575 -0.0512532
717.2 3.45575 -0.0560792
717.4 3.45575 -0.0475636
717.6 3.45575 -0.0177434
717.8 3.45575 0.0161999
718 3.45575 0.0307524
718.2 3.45575 0.0250038
718.4 3.45575 0.019411
718.6 3.45575 0.0266453
718.8 3.45575 0.0360065
719 3.45575 0.0331319
719.2 3.45575 0.0251825
719.4 3.45575 0.0317405
719.6 3.45575 0.0509101
719.8 3.45575 0.0509858
720 3.45575 0.00868904
720.2 3.45575 -0.0507869
720.4 3.45575 -0.0699201
720.6 3.45575 -0.0225665
720.8 3.45575 0.0490209
721 3.45575 0.0741866
721.2 3.45575 0.0308952
721.4 3.45575 -0.028823
721.6 3.45575 -0.0362237
721.8 3.45575 0.0186268
722 3.45575 0.0775251
722.2 3.45575 0.0775704
722.4 3.45575 0.013856
722.6 3.45575 -0.0630061
722.8 3.45575 -0.100616
723 3.45575 -0.0857793
723.2 3.45575 -0.0392177
723.4 3.45575 0.0124041
723.6 3.45575 0.0501385
723.8 3.45575 0.0603208
724 3.45575 0.0376047
724.2 3.45575 -0.00366246
724.4 3.45575 -0.032464
724.6 3.45575 -0.0275318
724.8 3.45575 -0.000125013
725 3.45575 0.0176737
725.2 3.45575 0.00916321
725.4 3.45575 -0.00953013
725.6 3.45575 -0.0123566
725.8 3.45575 0.00290809
726 3.45575 0.0129348
726.2 3.45575 -0.000370067
726.4 3.45575 -0.0277726
726.6 3.45575 -0.0465923
726.8 3.45575 -0.0487088
727 3.45575 -0.0442022
727.2 3.45575 -0.0396273
727.4 3.45575 -0.0266168
727.6 3.45575 0.000158429
727.8 3.45575 0.0236537
728 3.45575 0.0190055
728.2 3.45575 -0.0104095
728.4 3.45575 -0.0261791
728.6 3.45575 0.00330946
728.8 3.45575 0.0596831
729 3.45575 0.0889108
729.2 3.45575 0.0642237
729.4 3.45575 0.0223997
729.6 3.45575 0.0234852
729.8 3.45575 0.0769946
730 3.45575 0.123677
730.2 3.45575 0.0993209
730.4 3.45575 0.00866779
730.6 3.45575 -0.0763425
730.8 3.45575 -0.0913329
731 3.45575 -0.0411033
731.2 3.45575 0.0161359
731.4 3.45575 0.0340537
731.6 3.45575 0.0149889
731.8 3.45575 -0.0123633
732 3.45575 -0.0310695
732.2 3.45575 -0.0408211
732.4 3.45575 -0.0380678
732.6 3.45575 -0.0145338
732.8 3.45575 0.018761
733 3.45575 0.0242546
733.2 3.45575 -0.0247937
733.4 3.45575 -0.100456
733.6 3.45575 -0.132518
733.8 3.45575 -0.0783453
734 3.45575 0.0252144
734.2 3.45575 0.0932343
734.4 3.45575 0.079121
734.6 3.45575 0.0203032
734.8 3.45575 -0.00819186
735 3.45575 0.0222666
735.2 3.45575 0.0672807
735.4 3.45575 0.0657949
735.6 3.45575 0.00968731
735.8 3.45575 -0.0515225
736 3.45575 -0.0678616
736.2 3.45575 -0.0378053
736.4 3.45575 0.00134083
736.6 3.45575 0.018669
736.8 3.45575 0.0145759
737 3.45575 0.0062117
737.2 3.45575 0.00343398
737.4 3.45575 0.00519784
737.6 3.45575 0.0100523
737.8 3.45575 0.0179678
738 3.45575 0.0225829
738.2 3.45575 0.013234
738.4 3.45575 -0.00932863
738.6 3.45575 -0.0269165
738.8 3.45575 -0.0241444
739 3.45575 -0.0132564
739.2 3.45575 -0.0265717
739.4 3.45575 -0.0764984
739.6 3.45575 -0.129984
739.8 3.45575 -0.135596
740 3.45575 -0.0789042
740.2 3.45575 -0.00247411
740.4 3.45575 0.0368244
740.6 3.45575 0.0259611
740.8 3.45575 0.00224221
741 3.45575 0.00283037
741.2 3.45575 0.0205712
741.4 3.45575 0.0201671
741.6 3.45575 -0.00808754
741.8 3.45575 -0.0281464
742 3.45575 -0.000809305
742.2 3.45575 0.0619339
742.4 3.45575 0.100735
742.6 3.45575 0.0717771
742.8 3.45575 -0.0035346
743 3.45575 -0.0612163
743.2 3.45575 -0.0646134
743.4 3.45575 -0.0408876
743.6 3.45575 -0.0433958
743.8 3.45575 -0.0862227
744 3.45575 -0.127915
744.2 3.45575 -0.121668
744.4 3.45575 -0.07138
744.6 3.45575 -0.0279318
744.8 3.45575 -0.0311271
745 3.45575 -0.0652432
745.2 3.45575 -0.0783571
745.4 3.45575 -0.042471
745.6 3.45575 0.0136112
745.8 3.45575 0.0341888
746 3.45575 -0.00493387
746.2 3.45575 -0.0717315
746.4 3.45575 -0.11024
746.6 3.45575 -0.0926061
746.8 3.45575 -0.0379138
747 3.45575 0.0149606
747.2 3.45575 0.0457716
747.4 3.45575 0.0623963
747.6 3.45575 0.0781757
747.8 3.45575 0.0888147
748 3.45575 0.0764005
748.2 3.45575 0.0341315
748.4 3.45575 -0.0189273
748.6 3.45575 -0.0517008
748.8 3.45575 -0.0495181
749 3.45575 -0.0265357
749.2 3.45575 -0.0096238
749.4 3.45575 -0.0118151
749.6 3.45575 -0.0234727
749.8 3.45575 -0.0278705
750 3.45575 -0.0206576
750.2 3.45575 -0.0109464
750.4 3.45575 -0.00576255
750.6 3.45575 -2.37903e-05
750.8 3.45575 0.0141984
751 3.45575 0.0318102
751.2 3.45575 0.0356473
751.4 3.45575 0.0171106
751.6 3.45575 -0.00839575
751.8 3.45575 -0.0148079
752 3.45575 0.0026454
752.2 3.45575 0.0141813
752.4 3.45575 -0.0166548
752.6 3.45575 -0.0881748
752.8 3.45575 -0.149005
753 3.45575 -0.140185
753.2 3.45575 -0.0541536
753.4 3.45575 0.0507435
753.6 3.45575 0.100017
753.8 3.45575 0.0707947
754 3.45575 0.0101329
754.2 3.45575 -0.0140945
754.4 3.45575 0.0204852
754.6 3.45575 0.0740904
754.8 3.45575 0.0913112
755 3.45575 0.0585967
755.2 3.45575 0.0129725
755.4 3.45575 -0.00306414
755.6 3.45575 0.0120689
755.8 3.45575 0.0214168
756 3.45575 -0.0056103
756.2 3.45575 -0.0576142
756.4 3.45575 -0.0931938
756.6 3.45575 -0.0843945
756.8 3.45575 -0.042945
757 3.45575 -0.00399203
757.2 3.45575 0.0100786
757.4 3.45575 0.00585004
757.6 3.45575 0.00385309
757.8 3.45575 0.0163254
758 3.45575 0.0420679
758.2 3.45575 0.0745548
758.4 3.45575 0.104436
758.6 3.45575 0.114473
758.8 3.45575 0.0852619
759 3.45575 0.0184479
759.2 3.45575 -0.0481125
759.4 3.45575 -0.063821
759.6 3.45575 -0.0160037
759.8 3.45575 0.0466766
760 3.45575 0.0551235
760.2 3.45575 -0.00789749
760.4 3.45575 -0.0826327
760.6 3.45575 -0.0900032
760.8 3.45575 -0.0156305
761 3.45575 0.072221
761.2 3.45575 0.0941517
761.4 3.45575 0.0431753
761.6 3.45575 -0.0130893
761.8 3.45575 -0.012973
762 3.45575 0.0299637
762.2 3.45575 0.048629
762.4 3.45575 0.00797117
762.6 3.45575 -0.0484936
762.8 3.45575 -0.0478074
763 3.45575 0.024634
763.2 3.45575 0.101284
763.4 3.45575 0.101887
763.6 3.45575 0.0181223
763.8 3.45575 -0.0799681
764 3.45575 -0.118301
764.2 3.45575 -0.0892374
764.4 3.45575 -0.0449408
764.6 3.45575 -0.0314385
764.8 3.45575 -0.042023
765 3.45575 -0.0366007
765.2 3.45575 0.0042651
765.4 3.45575 0.0542889
765.6 3.45575 0.068858
765.8 3.45575 0.0304747
766 3.45575 -0.0344893
766.2 3.45575 -0.0792017
766.4 3.45575 -0.0746405
766.6 3.45575 -0.0310364
766.8 3.45575 0.0112094
767 3.45575 0.0133017
767.2 3.45575 -0.0292841
767.4 3.45575 -0.0798814
767.6 3.45575 -0.0908676
767.8 3.45575 -0.0493581
768 3.45575 0.00612345
768.2 3.45575 0.0213914
768.4 3.45575 -0.0163874
768.6 3.45575 -0.0617065
768.8 3.45575 -0.0572896
769 3.45575 0.00367032
769.2 3.45575 0.0688857
769.4 3.45575 0.0828999
769.6 3.45575 0.043811
769.8 3.45575 -0.00285702
770 3.45575 -0.0203266
770.2 3.45575 -0.0156765
770.4 3.45575 -0.0140782
770.6 3.45575 -0.0138268
770.8 3.45575 0.0116193
771 3.45575 0.0644723
771.2 3.45575 0.0968001
771.4 3.45575 0.0562643
771.6 3.45575 -0.0428657
771.8 3.45575 -0.115672
772 3.45575 -0.0899785
772.2 3.45575 0.00998339
772.4 3.45575 0.0796158
772.6 3.45575 0.040116
772.8 3.45575 -0.0795684
773 3.45575 -0.174397
773.2 3.45575 -0.17161
773.4 3.45575 -0.0964635
773.6 3.45575 -0.0306213
773.8 3.45575 -0.0202845
774 3.45575 -0.03853
774.2 3.45575 -0.0326678
774.4 3.45575 0.00918265
774.6 3.45575 0.0486217
774.8 3.45575 0.0450916
775 3.45575 -0.000917159
775.2 3.45575 -0.0537386
775.4 3.45575 -0.0799299
775.6 3.45575 -0.0719514
775.8 3.45575 -0.0420244
776 3.45575 -0.00633256
776.2 3.45575 0.0213725
776.4 3.45575 0.0310739
776.6 3.45575 0.0226305
776.8 3.45575 0.00994086
777 3.45575 0.0100654
777.2 3.45575 0.0237264
777.4 3.45575 0.031516
777.6 3.45575 0.0154136
777.8 3.45575 -0.0174836
778 3.45575 -0.0387882
778.2 3.45575 -0.0283617
778.4 3.45575 0.00418831
778.6 3.45575 0.0305759
778.8 3.45575 0.0331978
779 3.45575 0.0186555
779.2 3.45575 0.00389819
779.4 3.45575 -0.00364765
779.6 3.45575 -0.00800771
779.8 3.45575 -0.0118891
780 3.45575 -0.0103777
780.2 3.45575 0.000671919
780.4 3.45575 0.0155574
780.6 3.45575 0.022975
780.8 3.45575 0.0179172
781 3.45575 0.00561356
781.2 3.45575 -0.00542191
781.4 3.45575 -0.00972682
781.6 3.45575 -0.0037597
781.8 3.45575 0.0152459
782 3.45575 0.0436181
782.2 3.45575 0.0675178
782.4 3.45575 0.0735433
782.6 3.45575 0.0661016
782.8 3.45575 0.0669426
783 3.45575 0.0887801
783.2 3.45575 0.110902
783.4 3.45575 0.0921914
783.6 3.45575 0.0166439
783.8 3.45575 -0.0777321
784 3.45575 -0.125104
784.2 3.45575 -0.0926684
784.4 3.45575 -0.0130581
784.6 3.45575 0.0466131
784.8 3.45575 0.0466375
785 3.45575 0.00404342
785.2 3.45575 -0.0348171
785.4 3.45575 -0.0431769
785.6 3.45575 -0.0334499
785.8 3.45575 -0.0354707
786 3.45575 -0.0631375
786.2 3.45575 -0.101501
786.4 3.45575 -0.119721
786.6 3.45575 -0.0948572
786.8 3.45575 -0.0305527
787 3.45575 0.0398954
787.2 3.45575 0.0725663
787.4 3.45575 0.0472279
787.6 3.45575 -0.0100908
787.8 3.45575 -0.044391
788 3.45575 -0.0214026
788.2 3.45575 0.0374191
788.4 3.45575 0.0756685
788.6 3.45575 0.0608217
788.8 3.45575 0.0172144
789 3.45575 -0.00465564
789.2 3.45575 0.0130224
789.4 3.45575 0.0378444
789.6 3.45575 0.0305031
789.8 3.45575 -0.00570138
790 3.45575 -0.0299416
790.2 3.45575 -0.0151268
790.4 3.45575 0.020111
790.6 3.45575 0.0371722
790.8 3.45575 0.0250221
791 3.45575 0.00851959
791.2 3.45575 0.0112976
791.4 3.45575 0.0261764
791.6 3.45575 0.0318075
791.8 3.45575 0.0280149
792 3.45575 0.0365914
792.2 3.45575 0.0649279
792.4 3.45575 0.0861497
792.6 3.45575 0.0706079
792.8 3.45575 0.0309645
793 3.45575 0.0167379
793.2 3.45575 0.0560315
793.4 3.45575 0.115359
793.6 3.45575 0.132896
793.8 3.45575 0.0893761
794 3.45575 0.0297669
794.2 3.45575 0.00743823
794.4 3.45575 0.0194184
794.6 3.45575 0.0139008
794.8 3.45575 -0.0392814
795 3.45575 -0.103966
795.2 3.45575 -0.115891
795.4 3.45575 -0.0582943
795.6 3.45575 0.0161001
795.8 3.45575 0.0416365
796 3.45575 0.00671666
796.2 3.45575 -0.0424074
796.4 3.45575 -0.056268
796.6 3.45575 -0.02747
796.8 3.45575 0.0165442
797 3.45575 0.0490422
797.2 3.45575 0.0620137
797.4 3.45575 0.0584264
797.6 3.45575 0.0445252
797.8 3.45575 0.0330283
798 3.45575 0.0388867
798.2 3.45575 0.0587385
798.4 3.45575 0.0613741
798.6 3.45575 0.0167223
798.8 3.45575 -0.0597625
799 3.45575 -0.105365
799.2 3.45575 -0.0695283
799.4 3.45575 0.0250114
799.6 3.45575 0.0940843
799.8 3.45575 0.0739174
800 3.45575 -0.0138868
800.2 3.45575 -0.0859542
800.4 3.45575 -0.0830068
800.6 3.45575 -0.0238702
800.8 3.45575 0.024636
801 3.45575 0.018341
801.2 3.45575 -0.030873
801.4 3.45575 -0.081419
801.6 3.45575 -0.103214
801.8 3.45575 -0.0901375
802 3.45575 -0.0499559
802.2 3.45575 -0.000140596
802.4 3.45575 0.0305948
802.6 3.45575 0.0178687
802.8 3.45575 -0.0290512
803 3.45575 -0.0639052
803.2 3.45575 -0.0472401
803.4 3.45575 0.00481602
803.6 3.45575 0.0308568
803.8 3.45575 -0.00622421
804 3.45575 -0.0688731
804.2 3.45575 -0.0802655
804.4 3.45575 -0.0123659
804.6 3.45575 0.0757679
804.8 3.45575 0.098899
805 3.45575 0.0378226
805.2 3.45575 -0.0425561
805.4 3.45575 -0.0676698
805.6 3.45575 -0.0302097
805.8 3.45575 0.016929
806 3.45575 0.0319426
806.2 3.45575 0.0266447
806.4 3.45575 0.0331965
806.6 3.45575 0.0489788
806.8 3.45575 0.0374925
807 3.45575 -0.0165303
807.2 3.45575 -0.0745847
807.4 3.45575 -0.0831337
807.6 3.45575 -0.0379636
807.8 3.45575 0.00817709
808 3.45575 0.00699889
808.2 3.45575 -0.028964
808.4 3.45575 -0.043783
808.6 3.45575 -0.00679696
808.8 3.45575 0.0514546
809 3.45575 0.0765981
809.2 3.45575 0.0518734
809.4 3.45575 0.00922093
809.6 3.45575 -0.0171833
809.8 3.45575 -0.0315439
810 3.45575 -0.0608836
810.2 3.45575 -0.108233
810.4 3.45575 -0.138409
810.6 3.45575 -0.116264
810.8 3.45575 -0.049126
811 3.45575 0.0195384
811.2 3.45575 0.0563188
811.4 3.45575 0.0660956
811.6 3.45575 0.0702401
811.8 3.45575 0.068182
812 3.45575 0.0365468
812.2 3.45575 -0.0303939
812.4 3.45575 -0.0927821
812.6 3.45575 -0.0935261
812.8 3.45575 -0.0180709
813 3.45575 0.0827888
813.2 3.45575 0.13789
813.4 3.45575 0.122139
813.6 3.45575 0.0723709
813.8 3.45575 0.0386719
814 3.45575 0.0313155
814.2 3.45575 0.0240868
814.4 3.45575 0.00312211
814.6 3.45575 -0.00704625
814.8 3.45575 0.0220255
815 3.45575 0.0718933
815.2 3.45575 0.0831728
815.4 3.45575 0.0239785
815.6 3.45575 -0.0590564
815.8 3.45575 -0.0795164
816 3.45575 -0.00749027
816.2 3.45575 0.0865982
816.4 3.45575 0.10156
816.6 3.45575 0.0172062
816.8 3.45575 -0.0805091
817 3.45575 -0.0948007
817.2 3.45575 -0.0267554
817.4 3.45575 0.0303154
817.6 3.45575 0.00496865
817.8 3.45575 -0.0659428
818 3.45575 -0.0827512
818.2 3.45575 -0.00618534
818.4 3.45575 0.0909875
818.6 3.45575 0.107177
818.8 3.45575 0.0300059
819 3.45575 -0.0519989
819.2 3.45575 -0.0549534
819.4 3.45575 0.00676244
819.6 3.45575 0.047868
819.8 3.45575 0.018803
820 3.45575 -0.0414989
820.2 3.45575 -0.0628939
820.4 3.45575 -0.0293288
820.6 3.45575 0.0147063
820.8 3.45575 0.0317087
821 3.45575 0.0336077
821.2 3.45575 0.0458124
821.4 3.45575 0.0540181
821.6 3.45575 0.0190369
821.8 3.45575 -0.0559201
822 3.45575 -0.104673
822.2 3.45575 -0.0685661
822.4 3.45575 0.0247501
822.6 3.45575 0.0820213
822.8 3.45575 0.0506207
823 3.45575 -0.0191587
823.2 3.45575 -0.0374637
823.4 3.45575 0.0112668
823.6 3.45575 0.0472689
823.8 3.45575 -0.00365489
824 3.45575 -0.112359
824.2 3.45575 -0.173978
824.4 3.45575 -0.127524
824.6 3.45575 -0.0214236
824.8 3.45575 0.0492711
825 3.45575 0.0481764
825.2 3.45575 0.0177223
825.4 3.45575 0.00473249
825.6 3.45575 0.00150763
825.8 3.45575 -0.0228547
826 3.45575 -0.0576962
826.2 3.45575 -0.0541209
826.4 3.45575 0.00312055
826.6 3.45575 0.0589278
826.8 3.45575 0.0490187
827 3.45575 -0.0141313
827.2 3.45575 -0.047533
827.4 3.45575 0.00103887
827.6 3.45575 0.0823729
827.8 3.45575 0.10041
828 3.45575 0.0289711
828.2 3.45575 -0.0538791
828.4 3.45575 -0.0585289
828.6 3.45575 0.0104303
828.8 3.45575 0.0643243
829 3.45575 0.0396058
829.2 3.45575 -0.0295897
829.4 3.45575 -0.0595959
829.6 3.45575 -0.0186711
829.8 3.45575 0.0429857
830 3.45575 0.0603883
830.2 3.45575 0.0259872
830.4 3.45575 -0.0168315
830.6 3.45575 -0.0339225
830.8 3.45575 -0.0300977
831 3.45575 -0.0215213
831.2 3.45575 -0.00512258
831.4 3.45575 0.0280585
831.6 3.45575 0.0626019
831.8 3.45575 0.0661866
832 3.45575 0.0310152
832.2 3.45575 -0.0100214
832.4 3.45575 -0.0206059
832.6 3.45575 -0.00333665
832.8 3.45575 0.0114789
833 3.45575 0.0143938
833.2 3.45575 0.0316128
833.4 3.45575 0.0807233
833.6 3.45575 0.12938
833.8 3.45575 0.122997
834 3.45575 0.054511
834.2 3.45575 -0.0152773
834.4 3.45575 -0.0217643
834.6 3.45575 0.0306306
834.8 3.45575 0.0784087
835 3.45575 0.0781923
835.2 3.45575 0.0534749
835.4 3.45575 0.0517961
835.6 3.45575 0.0751874
835.8 3.45575 0.0799575
836 3.45575 0.0437263
836.2 3.45575 0.00299961
836.4 3.45575 0.00413707
836.6 3.45575 0.0335212
836.8 3.45575 0.0286268
837 3.45575 -0.0356554
837.2 3.45575 -0.0996445
837.4 3.45575 -0.0834591
837.6 3.45575 0.0103803
837.8 3.45575 0.0894453
838 3.45575 0.0767239
838.2 3.45575 0.00201884
838.4 3.45575 -0.035515
838.6 3.45575 0.0120425
838.8 3.45575 0.0870951
839 3.45575 0.102198
839.2 3.45575 0.0463437
839.4 3.45575 -0.0107181
839.6 3.45575 -0.0131322
839.8 3.45575 0.0145629
840 3.45575 0.0107359
840.2 3.45575 -0.0358959
840.4 3.45575 -0.0731235
840.6 3.45575 -0.0589061
840.8 3.45575 -0.0173259
841 3.45575 -0.00152174
841.2 3.45575 -0.01862
841.4 3.45575 -0.0234928
841.6 3.45575 0.00940446
841.8 3.45575 0.0388423
842 3.45575 0.00684977
842.2 3.45575 -0.0756052
842.4 3.45575 -0.126112
842.6 3.45575 -0.086362
842.8 3.45575 0.00126517
843 3.45575 0.0367767
843.2 3.45575 -0.0219684
843.4 3.45575 -0.111154
843.6 3.45575 -0.137042
843.8 3.45575 -0.0809382
844 3.45575 -0.00847192
844.2 3.45575 0.0171715
844.4 3.45575 0.00411154
844.6 3.45575 0.00403932
844.8 3.45575 0.0375659
845 3.45575 0.0731459
845.2 3.45575 0.0774227
845.4 3.45575 0.0595025
845.6 3.45575 0.0497524
845.8 3.45575 0.0507428
846 3.45575 0.0349955
846.2 3.45575 -0.00713131
846.4 3.45575 -0.0413497
846.6 3.45575 -0.028604
846.8 3.45575 0.0206263
847 3.45575 0.0534733
847.2 3.45575 0.0390611
847.4 3.45575 0.00593431
847.6 3.45575 0.0008944
847.8 3.45575 0.0226273
848 3.45575 0.0201327
848.2 3.45575 -0.0380625
848.4 3.45575 -0.11341
848.6 3.45575 -0.134841
848.8 3.45575 -0.080965
849 3.45575 -0.00475354
849.2 3.45575 0.0296688
849.4 3.45575 0.0188652
849.6 3.45575 0.0130717
849.8 3.45575 0.0445026
850 3.45575 0.0844134
850.2 3.45575 0.0809989
850.4 3.45575 0.026767
850.6 3.45575 -0.0293472
850.8 3.45575 -0.036814
851 3.45575 0.00406931
851.2 3.45575 0.0502695
851.4 3.45575 0.0656636
851.6 3.45575 0.0506318
851.8 3.45575 0.0274711
852 3.45575 0.0132695
852.2 3.45575 0.0133903
852.4 3.45575 0.0288397
852.6 3.45575 0.0542652
852.8 3.45575 0.0701353
853 3.45575 0.0526739
853.2 3.45575 0.00125018
853.4 3.45575 -0.0514519
853.6 3.45575 -0.0681288
853.8 3.45575 -0.0455264
854 3.45575 -0.0154846
854.2 3.45575 -0.00620308
854.4 3.45575 -0.0132816
854.6 3.45575 -0.0166333
854.8 3.45575 -0.0154233
855 3.45575 -0.027135
855.2 3.45575 -0.0489612
855.4 3.45575 -0.0405841
855.6 3.45575 0.0323861
855.8 3.45575 0.139409
856 3.45575 0.191903
856.2 3.45575 0.12737
856.4 3.45575 -0.0177964
856.6 3.45575 -0.134709
856.8 3.45575 -0.145898
857 3.45575 -0.0739155
857.2 3.45575 -0.00319902
857.4 3.45575 0.0144419
857.6 3.45575 0.00117883
857.8 3.45575 0.00472789
858 3.45575 0.0318726
858.2 3.45575 0.0467255
858.4 3.45575 0.026333
858.6 3.45575 -0.00537156
858.8 3.45575 -0.00902975
859 3.45575 0.0183269
859.2 3.45575 0.0402318
859.4 3.45575 0.0288874
859.6 3.45575 -0.000199339
859.8 3.45575 -0.0112526
860 3.45575 0.00398959
860.2 3.45575 0.0171809
860.4 3.45575 0.00357667
860.6 3.45575 -0.0229727
860.8 3.45575 -0.0266634
861 3.45575 0.00381771
861.2 3.45575 0.0389437
861.4 3.45575 0.0432339
861.6 3.45575 0.0179211
861.8 3.45575 -0.000450462
862 3.45575 0.017437
862.2 3.45575 0.0600109
862.4 3.45575 0.0860368
862.6 3.45575 0.0646079
862.8 3.45575 0.00164217
863 3.45575 -0.0670681
863.2 3.45575 -0.102044
863.4 3.45575 -0.0825765
863.6 3.45575 -0.0159652
863.8 3.45575 0.0666072
864 3.45575 0.127068
864.2 3.45575 0.144812
864.4 3.45575 0.129974
864.6 3.45575 0.110365
864.8 3.45575 0.10259
865 3.45575 0.0986307
865.2 3.45575 0.0832066
865.4 3.45575 0.0590805
865.6 3.45575 0.0456052
865.8 3.45575 0.0504391
866 3.45575 0.0528576
866.2 3.45575 0.0258831
866.4 3.45575 -0.0265485
866.6 3.45575 -0.0662347
866.8 3.45575 -0.0610609
867 3.45575 -0.0218041
867.2 3.45575 0.0113122
867.4 3.45575 0.0174578
867.6 3.45575 0.0176183
867.8 3.45575 0.0404983
868 3.45575 0.0750716
868.2 3.45575 0.0740976
868.4 3.45575 0.0110461
868.6 3.45575 -0.0770213
868.8 3.45575 -0.116829
869 3.45575 -0.0701682
869.2 3.45575 0.0290261
869.4 3.45575 0.110763
869.6 3.45575 0.133627
869.8 3.45575 0.108184
870 3.45575 0.0661025
870.2 3.45575 0.0241818
870.4 3.45575 -0.0154299
870.6 3.45575 -0.0445002
870.8 3.45575 -0.0484692
871 3.45575 -0.0298397
871.2 3.45575 -0.0165147
871.4 3.45575 -0.0328977
871.6 3.45575 -0.0666464
871.8 3.45575 -0.0784425
872 3.45575 -0.0492959
872.2 3.45575 -0.00743899
872.4 3.45575 0.00303116
872.6 3.45575 -0.0240686
872.8 3.45575 -0.0486523
873 3.45575 -0.0341302
873.2 3.45575 0.00626216
873.4 3.45575 0.0261429
873.6 3.45575 0.00547394
873.8 3.45575 -0.023385
874 3.45575 -0.0177021
874.2 3.45575 0.0185689
874.4 3.45575 0.0375495
874.6 3.45575 0.00929093
874.8 3.45575 -0.0359015
875 3.45575 -0.0419831
875.2 3.45575 0.000640269
875.4 3.45575 0.036083
875.6 3.45575 0.0059456
875.8 3.45575 -0.0784157
876 3.45575 -0.142035
876.2 3.45575 -0.127183
876.4 3.45575 -0.0562302
876.6 3.45575 -0.00505133
876.8 3.45575 -0.0196853
877 3.45575 -0.07168
877.2 3.45575 -0.0970903
877.4 3.45575 -0.0677683
877.6 3.45575 -0.0139855
877.8 3.45575 0.0176325
878 3.45575 0.0132381
878.2 3.45575 -0.00570174
878.4 3.45575 -0.0168788
878.6 3.45575 -0.0190102
878.8 3.45575 -0.0192509
879 3.45575 -0.0133861
879.2 3.45575 0.00931383
879.4 3.45575 0.044534
879.6 3.45575 0.0685262
879.8 3.45575 0.0617567
880 3.45575 0.032245
880.2 3.45575 0.00864258
880.4 3.45575 0.0102005
880.6 3.45575 0.0287634
880.8 3.45575 0.041713
881 3.45575 0.0376221
881.2 3.45575 0.0252648
881.4 3.45575 0.0201826
881.6 3.45575 0.0280542
881.8 3.45575 0.0414072
882 3.45575 0.0470501
882.2 3.45575 0.0343158
882.4 3.45575 0.00191895
882.6 3.45575 -0.0358982
882.8 3.45575 -0.052218
883 3.45575 -0.0277641
883.2 3.45575 0.0234633
883.4 3.45575 0.0546418
883.6 3.45575 0.0257132
883.8 3.45575 -0.0511892
884 3.45575 -0.112959
884.2 3.45575 -0.103684
884.4 3.45575 -0.034208
884.6 3.45575 0.0233171
884.8 3.45575 0.00654706
885 3.45575 -0.0732293
885.2 3.45575 -0.142388
885.4 3.45575 -0.13923
885.6 3.45575 -0.0715924
885.8 3.45575 -0.00026902
886 3.45575 0.025812
886.2 3.45575 0.00982064
886.4 3.45575 -0.0137237
886.6 3.45575 -0.0251985
886.8 3.45575 -0.035314
887 3.45575 -0.0595833
887.2 3.45575 -0.0915537
887.4 3.45575 -0.108634
887.6 3.45575 -0.0986063
887.8 3.45575 -0.0711117
888 3.45575 -0.0430822
888.2 3.45575 -0.0216288
888.4 3.45575 -0.0062596
888.6 3.45575 -0.000943902
888.8 3.45575 -0.0122405
889 3.45575 -0.0328792
889.2 3.45575 -0.0371393
889.4 3.45575 -0.00436027
889.6 3.45575 0.0512537
889.8 3.45575 0.0828272
890 3.45575 0.0514144
890.2 3.45575 -0.033156
890.4 3.45575 -0.115109
890.6 3.45575 -0.139142
890.8 3.45575 -0.0960109
891 3.45575 -0.0253193
891.2 3.45575 0.0224378
891.4 3.45575 0.0260874
891.6 3.45575 0.00238714
891.8 3.45575 -0.0166727
892 3.45575 -0.0118032
892.2 3.45575 0.0130391
892.4 3.45575 0.0402098
892.6 3.45575 0.0550692
892.8 3.45575 0.0555968
893 3.45575 0.0490972
893.2 3.45575 0.0409494
893.4 3.45575 0.0269291
893.6 3.45575 -0.00183272
893.8 3.45575 -0.0448363
894 3.45575 -0.0844179
894.2 3.45575 -0.0964887
894.4 3.45575 -0.0726348
894.6 3.45575 -0.0310983
894.8 3.45575 -0.00231145
895 3.45575 -0.00141952
895.2 3.45575 -0.015429
895.4 3.45575 -0.0184837
895.6 3.45575 0.00154188
895.8 3.45575 0.0333331
896 3.45575 0.0570864
896.2 3.45575 0.0643859
896.4 3.45575 0.0603589
896.6 3.45575 0.0497146
896.8 3.45575 0.0284161
897 3.45575 -0.00622534
897.2 3.45575 -0.0408318
897.4 3.45575 -0.0498975
897.6 3.45575 -0.020154
897.8 3.45575 0.0308041
898 3.45575 0.0662221
898.2 3.45575 0.064418
898.4 3.45575 0.0395018
898.6 3.45575 0.0241566
898.8 3.45575 0.0317993
899 3.45575 0.0412653
899.2 3.45575 0.0242768
899.4 3.45575 -0.0136825
899.6 3.45575 -0.0293141
899.8 3.45575 0.0130906
900 3.45575 0.0933814
900.2 3.45575 0.143403
900.4 3.45575 0.113439
900.6 3.45575 0.0298894
900.8 3.45575 -0.0244105
901 3.45575 0.00436393
901.2 3.45575 0.0784293
901.4 3.45575 0.102878
901.6 3.45575 0.0279919
901.8 3.45575 -0.0904057
902 3.45575 -0.143592
902.2 3.45575 -0.0844907
902.4 3.45575 0.0205029
902.6 3.45575 0.0617404
902.8 3.45575 0.00296672
903 3.45575 -0.0841126
903.2 3.45575 -0.103411
903.4 3.45575 -0.0399031
903.6 3.45575 0.0312045
903.8 3.45575 0.0360141
904 3.45575 -0.0162418
904.2 3.45575 -0.0532678
904.4 3.45575 -0.0309566
904.6 3.45575 0.0161614
904.8 3.45575 0.0218014
905 3.45575 -0.030147
905.2 3.45575 -0.0875568
905.4 3.45575 -0.0926005
905.6 3.45575 -0.0455412
905.8 3.45575 0.00297476
906 3.45575 0.0120298
906.2 3.45575 -0.013069
906.4 3.45575 -0.042933
906.6 3.45575 -0.0629007
906.8 3.45575 -0.0759796
907 3.45575 -0.0774935
907.2 3.45575 -0.0503393
907.4 3.45575 0.00561242
907.6 3.45575 0.0546728
907.8 3.45575 0.0556625
908 3.45575 0.0113872
908.2 3.45575 -0.0285013
908.4 3.45575 -0.0243515
908.6 3.45575 0.00378302
908.8 3.45575 -0.000813135
909 3.45575 -0.0590749
909.2 3.45575 -0.123236
909.4 3.45575 -0.128079
909.6 3.45575 -0.0668607
909.8 3.45575 0.000348292
910 3.45575 0.0158245
910.2 3.45575 -0.0130955
910.4 3.45575 -0.03176
910.6 3.45575 -0.00908966
910.8 3.45575 0.0285251
911 3.45575 0.0380279
911.2 3.45575 0.0170896
911.4 3.45575 0.00337367
911.6 3.45575 0.0211873
911.8 3.45575 0.0493543
912 3.45575 0.0518486
912.2 3.45575 0.0269493
912.4 3.45575 0.00695178
912.6 3.45575 0.010125
912.8 3.45575 0.0137907
913 3.45575 -0.0106496
913.2 3.45575 -0.047078
913.4 3.45575 -0.0427253
913.6 3.45575 0.0252644
913.8 3.45575 0.107779
914 3.45575 0.127566
914.2 3.45575 0.0656351
914.4 3.45575 -0.0125188
914.6 3.45575 -0.0268047
914.8 3.45575 0.0298138
915 3.45575 0.0869511
915.2 3.45575 0.079148
915.4 3.45575 0.0181541
915.6 3.45575 -0.0263667
915.8 3.45575 -0.010221
916 3.45575 0.0364734
916.2 3.45575 0.0470135
916.4 3.45575 -0.00590081
916.6 3.45575 -0.0815635
916.8 3.45575 -0.115127
917 3.45575 -0.0801176
917.2 3.45575 -0.00725725
917.4 3.45575 0.048451
917.6 3.45575 0.0518166
917.8 3.45575 0.00674096
918 3.45575 -0.052286
918.2 3.45575 -0.0820819
918.4 3.45575 -0.0558896
918.6 3.45575 0.0166631
918.8 3.45575 0.0899141
919 3.45575 0.111639
919.2 3.45575 0.0646706
919.4 3.45575 -0.0167281
919.6 3.45575 -0.0743932
919.8 3.45575 -0.0737019
920 3.45575 -0.0266613
920.2 3.45575 0.0264565
920.4 3.45575 0.0530405
920.6 3.45575 0.0469815
920.8 3.45575 0.0223007
921 3.45575 -0.00123166
921.2 3.45575 -0.00695542
921.4 3.45575 0.0120745
921.6 3.45575 0.0449559
921.8 3.45575 0.0637531
922 3.45575 0.0433831
922.2 3.45575 -0.0122864
922.4 3.45575 -0.0677549
922.6 3.45575 -0.0860808
922.8 3.45575 -0.0631795
923 3.45575 -0.0288946
923.2 3.45575 -0.0140638
923.4 3.45575 -0.0214637
923.6 3.45575 -0.031848
923.8 3.45575 -0.0323294
924 3.45575 -0.029384
924.2 3.45575 -0.033393
924.4 3.45575 -0.0406601
924.6 3.45575 -0.0397429
924.8 3.45575 -0.0316128
925 3.45575 -0.0312089
925.2 3.45575 -0.0440342
925.4 3.45575 -0.0506289
925.6 3.45575 -0.0268447
925.8 3.45575 0.0204795
926 3.45575 0.050556
926.2 3.45575 0.0310678
926.4 3.45575 -0.0211147
926.6 3.45575 -0.053504
926.8 3.45575 -0.0357984
927 3.45575 0.00485998
927.2 3.45575 0.0149844
927.4 3.45575 -0.0221845
927.6 3.45575 -0.0659875
927.8 3.45575 -0.0648405
928 3.45575 -0.0148829
928.2 3.45575 0.036852
928.4 3.45575 0.045352
928.6 3.45575 0.012443
928.8 3.45575 -0.0249189
929 3.45575 -0.0399618
929.2 3.45575 -0.0370883
929.4 3.45575 -0.0302816
929.6 3.45575 -0.0182711
929.8 3.45575 0.00605806
930 3.45575 0.0291486
930.2 3.45575 0.019718
930.4 3.45575 -0.0318476
930.6 3.45575 -0.0871605
930.8 3.45575 -0.089865
931 3.45575 -0.0262496
931.2 3.45575 0.0536851
931.4 3.45575 0.0846207
931.6 3.45575 0.0515405
931.8 3.45575 -0.00156098
932 3.45575 -0.0266785
932.2 3.45575 -0.0231645
932.4 3.45575 -0.02657
932.6 3.45575 -0.0556057
932.8 3.45575 -0.087479
933 3.45575 -0.0908279
933.2 3.45575 -0.0697486
933.4 3.45575 -0.0590541
933.6 3.45575 -0.076607
933.8 3.45575 -0.0962878
934 3.45575 -0.0790605
934.2 3.45575 -0.0237418
934.4 3.45575 0.0282401
934.6 3.45575 0.0414549
934.8 3.45575 0.0269071
935 3.45575 0.022846
935.2 3.45575 0.0415672
935.4 3.45575 0.052267
935.6 3.45575 0.0236562
935.8 3.45575 -0.0287676
936 3.45575 -0.0543607
936.2 3.45575 -0.0273391
936.4 3.45575 0.0191712
936.6 3.45575 0.0294844
936.8 3.45575 -0.0107224
937 3.45575 -0.0606717
937.2 3.45575 -0.076601
937.4 3.45575 -0.0640725
937.6 3.45575 -0.0655281
937.8 3.45575 -0.099873
938 3.45575 -0.130834
938.2 3.45575 -0.105281
938.4 3.45575 -0.0171279
938.6 3.45575 0.0782269
938.8 3.45575 0.115277
939 3.45575 0.0774421
939.2 3.45575 0.00408608
939.4 3.45575 -0.0522992
939.6 3.45575 -0.0672627
939.8 3.45575 -0.0489532
940 3.45575 -0.0182862
940.2 3.45575 0.00646071
940.4 3.45575 0.0141544
940.6 3.45575 0.0051882
940.8 3.45575 -0.0051447
941 3.45575 0.00194952
941.2 3.45575 0.0252184
941.4 3.45575 0.0362732
941.6 3.45575 0.00745272
941.8 3.45575 -0.0516158
942 3.45575 -0.0957596
942.2 3.45575 -0.0910295
942.4 3.45575 -0.0543791
942.6 3.45575 -0.0355128
942.8 3.45575 -0.0586154
943 3.45575 -0.0943012
943.2 3.45575 -0.0974787
943.4 3.45575 -0.0640423
943.6 3.45575 -0.0332261
943.8 3.45575 -0.0314527
944 3.45575 -0.0317165
944.2 3.45575 0.0139027
944.4 3.45575 0.105285
944.6 3.45575 0.178661
944.8 3.45575 0.172186
945 3.45575 0.097027
945.2 3.45575 0.0264187
945.4 3.45575 0.0126723
945.6 3.45575 0.0317623
945.8 3.45575 0.0218664
946 3.45575 -0.0335678
946.2 3.45575 -0.0816384
946.4 3.45575 -0.064252
946.6 3.45575 0.00912082
946.8 3.45575 0.069102
947 3.45575 0.063152
947.2 3.45575 0.00909744
947.4 3.45575 -0.0336672
947.6 3.45575 -0.0329086
947.8 3.45575 -0.00942576
948 3.45575 0.000185856
948.2 3.45575 -0.0129156
948.4 3.45575 -0.0320577
948.6 3.45575 -0.0465007
948.8 3.45575 -0.0608934
949 3.45575 -0.0731302
949.2 3.45575 -0.0629669
949.4 3.45575 -0.018494
949.6 3.45575 0.0334635
949.8 3.45575 0.0442564
950 3.45575 -0.000566084
950.2 3.45575 -0.0534401
950.4 3.45575 -0.0488181
950.6 3.45575 0.0239764
950.8 3.45575 0.103165
951 3.45575 0.115894
951.2 3.45575 0.0523524
951.4 3.45575 -0.0275902
951.6 3.45575 -0.0570849
951.8 3.45575 -0.0225691
952 3.45575 0.0369288
952.2 3.45575 0.0761953
952.4 3.45575 0.0794373
952.6 3.45575 0.0575178
952.8 3.45575 0.0281768
953 3.45575 0.00690097
953.2 3.45575 0.00602601
953.4 3.45575 0.0270045
953.6 3.45575 0.0514915
953.8 3.45575 0.0519477
954 3.45575 0.0200181
954.2 3.45575 -0.0196138
954.4 3.45575 -0.0327516
954.6 3.45575 -0.0135158
954.8 3.45575 0.00878172
955 3.45575 0.00341497
955.2 3.45575 -0.0278284
955.4 3.45575 -0.057038
955.6 3.45575 -0.0653853
955.8 3.45575 -0.0601796
956 3.45575 -0.0543734
956.2 3.45575 -0.0418181
956.4 3.45575 -0.00707758
956.6 3.45575 0.0414171
956.8 3.45575 0.063871
957 3.45575 0.0270519
957.2 3.45575 -0.0528032
957.4 3.45575 -0.116149
957.6 3.45575 -0.113873
957.8 3.45575 -0.0510741
958 3.45575 0.0244723
958.2 3.45575 0.0709371
958.4 3.45575 0.0830012
958.6 3.45575 0.078726
958.8 3.45575 0.0696069
959 3.45575 0.0514501
959.2 3.45575 0.0188845
959.4 3.45575 -0.0219101
959.6 3.45575 -0.0569637
959.8 3.45575 -0.0743839
960 3.45575 -0.0677478
960.2 3.45575 -0.0373883
960.4 3.45575 0.00409596
960.6 3.45575 0.0320313
960.8 3.45575 0.0283545
961 3.45575 0.00490642
961.2 3.45575 -0.00215087
961.4 3.45575 0.0262323
961.6 3.45575 0.0588474
961.8 3.45575 0.0385722
962 3.45575 -0.0503119
962.2 3.45575 -0.147515
962.4 3.45575 -0.166379
962.6 3.45575 -0.083457
962.8 3.45575 0.0313667
963 3.45575 0.0830641
963.2 3.45575 0.0463424
963.4 3.45575 -0.0170824
963.6 3.45575 -0.0341003
963.8 3.45575 0.000743755
964 3.45575 0.030012
964.2 3.45575 0.00707663
964.4 3.45575 -0.0523026
964.6 3.45575 -0.0954024
964.8 3.45575 -0.0941826
965 3.45575 -0.0668952
965.2 3.45575 -0.043552
965.4 3.45575 -0.0284917
965.6 3.45575 -0.00679809
965.8 3.45575 0.023356
966 3.45575 0.0419818
966.2 3.45575 0.0334729
966.4 3.45575 0.00884714
966.6 3.45575 -0.0073354
966.8 3.45575 -0.006169
967 3.45575 0.000805082
967.2 3.45575 0.00513995
967.4 3.45575 0.0166783
967.6 3.45575 0.0464692
967.8 3.45575 0.0817741
968 3.45575 0.0919347
968.2 3.45575 0.0629683
968.4 3.45575 0.0171319
968.6 3.45575 -0.00966576
968.8 3.45575 -0.00601135
969 3.45575 0.00754703
969.2 3.45575 0.00737221
969.4 3.45575 -0.00746389
969.6 3.45575 -0.0228207
969.8 3.45575 -0.0329341
970 3.45575 -0.0432814
970.2 3.45575 -0.0516761
970.4 3.45575 -0.0421236
970.6 3.45575 -0.00822352
970.8 3.45575 0.0255768
971 3.45575 0.0231444
971.2 3.45575 -0.017992
971.4 3.45575 -0.053837
971.6 3.45575 -0.040591
971.8 3.45575 0.00869577
972 3.45575 0.0297164
972.2 3.45575 -0.0220803
972.4 3.45575 -0.114375
972.6 3.45575 -0.165383
972.8 3.45575 -0.130008
973 3.45575 -0.0479218
973.2 3.45575 0.00109298
973.4 3.45575 -0.0164832
973.6 3.45575 -0.0575787
973.8 3.45575 -0.0589249
974 3.45575 -0.0115162
974.2 3.45575 0.0313509
974.4 3.45575 0.0176272
974.6 3.45575 -0.0432954
974.8 3.45575 -0.0897725
975 3.45575 -0.0723697
975.2 3.45575 -0.00317912
975.4 3.45575 0.0585109
975.6 3.45575 0.063895
975.8 3.45575 0.0166403
976 3.45575 -0.036698
976.2 3.45575 -0.0518915
976.4 3.45575 -0.0234775
976.6 3.45575 0.0176654
976.8 3.45575 0.0381608
977 3.45575 0.0329393
977.2 3.45575 0.024097
977.4 3.45575 0.0304451
977.6 3.45575 0.0414397
977.8 3.45575 0.0267789
978 3.45575 -0.0253404
978.2 3.45575 -0.0843285
978.4 3.45575 -0.101051
978.6 3.45575 -0.0599574
978.8 3.45575 -0.00179726
979 3.45575 0.0141556
979.2 3.45575 -0.0277114
979.4 3.45575 -0.0811676
979.6 3.45575 -0.0860377
979.8 3.45575 -0.0300149
980 3.45575 0.0429874
980.2 3.45575 0.0826612
980.4 3.45575 0.0796861
980.6 3.45575 0.0595784
980.8 3.45575 0.0412783
981 3.45575 0.0188617
981.2 3.45575 -0.0135103
981.4 3.45575 -0.0356101
981.6 3.45575 -0.0186998
981.8 3.45575 0.0311926
982 3.45575 0.0646299
982.2 3.45575 0.0368376
982.4 3.45575 -0.0401106
982.6 3.45575 -0.106493
982.8 3.45575 -0.119422
983 3.45575 -0.0966869
983.2 3.45575 -0.0871086
983.4 3.45575 -0.104006
983.6 3.45575 -0.105899
983.8 3.45575 -0.0510979
984 3.45575 0.0400337
984.2 3.45575 0.0947895
984.4 3.45575 0.0646358
984.6 3.45575 -0.0186075
984.8 3.45575 -0.0735831
985 3.45575 -0.0538141
985.2 3.45575 0.00763454
985.4 3.45575 0.0405339
985.6 3.45575 0.0156777
985.8 3.45575 -0.0281318
986 3.45575 -0.0329337
986.2 3.45575 0.0125871
986.4 3.45575 0.0620786
986.6 3.45575 0.0621493
986.8 3.45575 0.00703547
987 3.45575 -0.0575087
987.2 3.45575 -0.0790812
987.4 3.45575 -0.0445076
987.6 3.45575 0.0142449
987.8 3.45575 0.0529601
988 3.45575 0.0529136
988.2 3.45575 0.0320829
988.4 3.45575 0.0239297
988.6 3.45575 0.0445095
988.8 3.45575 0.0767671
989 3.45575 0.0861297
989.2 3.45575 0.0543302
989.4 3.45575 -0.00031776
989.6 3.45575 -0.0377992
989.8 3.45575 -0.0342016
990 3.45575 -0.0046143
990.2 3.45575 0.0135791
990.4 3.45575 0.000614418
990.6 3.45575 -0.0256274
990.8 3.45575 -0.0319777
991 3.45575 -0.00986362
991.2 3.45575 0.0126933
991.4 3.45575 0.00206586
991.6 3.45575 -0.0408935
991.8 3.45575 -0.0770121
992 3.45575 -0.0667381
992.2 3.45575 -0.0101686
992.4 3.45575 0.052331
992.6 3.45575 0.0772661
992.8 3.45575 0.0536229
993 3.45575 0.00466688
993.2 3.45575 -0.0374779
993.4 3.45575 -0.0541739
993.6 3.45575 -0.0424502
993.8 3.45575 -0.00749263
994 3.45575 0.0383016
994.2 3.45575 0.0724979
994.4 3.45575 0.0714483
994.6 3.45575 0.031704
994.8 3.45575 -0.0188223
995 3.45575 -0.0401815
995.2 3.45575 -0.018085
995.4 3.45575 0.019159
995.6 3.45575 0.0274672
995.8 3.45575 -0.00625395
996 3.45575 -0.0473818
996.2 3.45575 -0.0486192
996.4 3.45575 -0.00266479
996.6 3.45575 0.0444645
996.8 3.45575 0.0376719
997 3.45575 -0.0287332
997.2 3.45575 -0.0990268
997.4 3.45575 -0.106017
997.6 3.45575 -0.0353089
997.8 3.45575 0.0587259
998 3.45575 0.100342
998.2 3.45575 0.059047
998.4 3.45575 -0.0247244
998.6 3.45575 -0.0749648
998.8 3.45575 -0.0435228
999 3.45575 0.0513895
999.2 3.45575 0.139755
999.4 3.45575 0.153806
999.6 3.45575 0.0797441
999.8 3.45575 -0.0314592
1000 3.45575 -0.102202
0.2 3.76991 0.151924
0.4 3.76991 0.10252
0.6 3.76991 0.0307566
0.8 3.76991 0.0273789
1 3.76991 0.0826929
1.2 3.76991 0.105183
1.4 3.76991 0.0461122
1.6 3.76991 -0.0342051
1.8 3.76991 -0.044452
2 3.76991 0.0186889
2.2 3.76991 0.0664737
2.4 3.76991 0.033608
2.6 3.76991 -0.037808
2.8 3.76991 -0.0544787
3 3.76991 0.00634673
3.2 3.76991 0.0682143
3.4 3.76991 0.0557148
3.6 3.76991 -0.00800606
3.8 3.76991 -0.0328293
4 3.76991 0.0197551
4.2 3.76991 0.0848348
4.4 3.76991 0.0752823
4.6 3.76991 -0.00835191
4.8 3.76991 -0.07796
5 3.76991 -0.0653385
5.2 3.76991 -0.00130931
5.4 3.76991 0.0278746
5.6 3.76991 -0.013988
5.8 3.76991 -0.076688
6 3.76991 -0.0923631
6.2 3.76991 -0.05546
6.4 3.76991 -0.0177218
6.6 3.76991 -0.0170961
6.8 3.76991 -0.037147
7 3.76991 -0.0418848
7.2 3.76991 -0.0296591
7.4 3.76991 -0.0324947
7.6 3.76991 -0.0666737
7.8 3.76991 -0.104505
8 3.76991 -0.104952
8.2 3.76991 -0.0624322
8.4 3.76991 -0.0128221
8.6 3.76991 0.00688933
8.8 3.76991 -0.0059863
9 3.76991 -0.0262974
9.2 3.76991 -0.0318315
9.4 3.76991 -0.0195446
9.6 3.76991 0.00204068
9.8 3.76991 0.0233621
10 3.76991 0.0345134
10.2 3.76991 0.0268558
10.4 3.76991 0.00383181
10.6 3.76991 -0.0137406
10.8 3.76991 -0.0045747
11 3.76991 0.026999
11.2 3.76991 0.0489754
11.4 3.76991 0.0328997
11.6 3.76991 -0.0143893
11.8 3.76991 -0.055816
12 3.76991 -0.0611559
12.2 3.76991 -0.0346706
12.4 3.76991 -0.00569815
12.6 3.76991 0.00135266
12.8 3.76991 -0.0168539
13 3.76991 -0.0497715
13.2 3.76991 -0.0846091
13.4 3.76991 -0.108424
13.6 3.76991 -0.109295
13.8 3.76991 -0.0864915
14 3.76991 -0.0579215
14.2 3.76991 -0.0465629
14.4 3.76991 -0.0539157
14.6 3.76991 -0.0531435
14.8 3.76991 -0.0171338
15 3.76991 0.0472301
15.2 3.76991 0.100348
15.4 3.76991 0.108604
15.6 3.76991 0.0772373
15.8 3.76991 0.0412263
16 3.76991 0.0283703
16.2 3.76991 0.0381358
16.4 3.76991 0.0538399
16.6 3.76991 0.0634539
16.8 3.76991 0.0620878
17 3.76991 0.043655
17.2 3.76991 0.00572161
17.4 3.76991 -0.0348087
17.6 3.76991 -0.0448233
17.8 3.76991 -0.00746105
18 3.76991 0.0508234
18.2 3.76991 0.0788726
18.4 3.76991 0.0530333
18.6 3.76991 0.00404524
18.8 3.76991 -0.0162293
19 3.76991 0.00811045
19.2 3.76991 0.0422372
19.4 3.76991 0.043215
19.6 3.76991 0.00675323
19.8 3.76991 -0.0353432
20 3.76991 -0.0558807
20.2 3.76991 -0.0563632
20.4 3.76991 -0.0504388
20.6 3.76991 -0.0400202
20.8 3.76991 -0.0212162
21 3.76991 -0.00608022
21.2 3.76991 -0.0175085
21.4 3.76991 -0.0539982
21.6 3.76991 -0.0739928
21.8 3.76991 -0.0350247
22 3.76991 0.0500763
22.2 3.76991 0.112509
22.4 3.76991 0.0954098
22.6 3.76991 0.0167441
22.8 3.76991 -0.0484416
23 3.76991 -0.0493765
23.2 3.76991 -0.0113216
23.4 3.76991 0.00026279
23.6 3.76991 -0.0426691
23.8 3.76991 -0.102552
24 3.76991 -0.123764
24.2 3.76991 -0.0924783
24.4 3.76991 -0.0403533
24.6 3.76991 -5.50011e-05
24.8 3.76991 0.0248269
25 3.76991 0.0446341
25.2 3.76991 0.0574875
25.4 3.76991 0.0543058
25.6 3.76991 0.0434731
25.8 3.76991 0.0501542
26 3.76991 0.0821045
26.2 3.76991 0.10857
26.4 3.76991 0.0898019
26.6 3.76991 0.0273292
26.8 3.76991 -0.030085
27 3.76991 -0.0393942
27.2 3.76991 -0.0137451
27.4 3.76991 -0.00732298
27.6 3.76991 -0.0507262
27.8 3.76991 -0.114719
28 3.76991 -0.145242
28.2 3.76991 -0.12469
28.4 3.76991 -0.0846919
28.6 3.76991 -0.0599482
28.8 3.76991 -0.0468465
29 3.76991 -0.0197919
29.2 3.76991 0.0209642
29.4 3.76991 0.0388856
29.6 3.76991 0.00697988
29.8 3.76991 -0.0487461
30 3.76991 -0.0695249
30.2 3.76991 -0.0300699
30.4 3.76991 0.0285403
30.6 3.76991 0.0429547
30.8 3.76991 -0.000124741
31 3.76991 -0.0483915
31.2 3.76991 -0.0445946
31.4 3.76991 0.00694419
31.6 3.76991 0.0453108
31.8 3.76991 0.0230329
32 3.76991 -0.0404306
32.2 3.76991 -0.0823731
32.4 3.76991 -0.0677224
32.6 3.76991 -0.0238521
32.8 3.76991 -0.000970099
33 3.76991 -0.00836278
33.2 3.76991 -0.00461418
33.4 3.76991 0.0452948
33.6 3.76991 0.114887
33.8 3.76991 0.133601
34 3.76991 0.0640304
34.2 3.76991 -0.046917
34.4 3.76991 -0.105829
34.6 3.76991 -0.0647134
34.8 3.76991 0.0307667
35 3.76991 0.0894079
35.2 3.76991 0.0666251
35.4 3.76991 0.00142114
35.6 3.76991 -0.0366101
35.8 3.76991 -0.0239722
36 3.76991 0.00351472
36.2 3.76991 0.00708618
36.4 3.76991 -0.00599601
36.6 3.76991 -0.00229517
36.8 3.76991 0.020355
37 3.76991 0.0200284
37.2 3.76991 -0.0333028
37.4 3.76991 -0.103734
37.6 3.76991 -0.115498
37.8 3.76991 -0.0395647
38 3.76991 0.0621694
38.2 3.76991 0.0964976
38.4 3.76991 0.0397588
38.6 3.76991 -0.0377632
38.8 3.76991 -0.0543195
39 3.76991 -0.00867272
39.2 3.76991 0.0272847
39.4 3.76991 0.0029771
39.6 3.76991 -0.0474109
39.8 3.76991 -0.050012
40 3.76991 0.0137495
40.2 3.76991 0.0824665
40.4 3.76991 0.0909605
40.6 3.76991 0.0505005
40.8 3.76991 0.0314543
41 3.76991 0.0704842
41.2 3.76991 0.120103
41.4 3.76991 0.105652
41.6 3.76991 0.0200551
41.8 3.76991 -0.0611996
42 3.76991 -0.0644788
42.2 3.76991 -0.000656893
42.4 3.76991 0.0508776
42.6 3.76991 0.033589
42.8 3.76991 -0.0290265
43 3.76991 -0.0715766
43.2 3.76991 -0.0655803
43.4 3.76991 -0.0437475
43.6 3.76991 -0.0495027
43.8 3.76991 -0.080943
44 3.76991 -0.0954646
44.2 3.76991 -0.0618892
44.4 3.76991 0.00502984
44.6 3.76991 0.0618545
44.8 3.76991 0.0771976
45 3.76991 0.0515096
45.2 3.76991 0.00713751
45.4 3.76991 -0.0297452
45.6 3.76991 -0.0411054
45.8 3.76991 -0.0261944
46 3.76991 -0.00598662
46.2 3.76991 -0.0089938
46.4 3.76991 -0.0399902
46.6 3.76991 -0.0646682
46.8 3.76991 -0.0395881
47 3.76991 0.0351605
47.2 3.76991 0.102735
47.4 3.76991 0.103162
47.6 3.76991 0.0408023
47.8 3.76991 -0.0146798
48 3.76991 -0.00323231
48.2 3.76991 0.0569517
48.4 3.76991 0.0882299
48.6 3.76991 0.040904
48.8 3.76991 -0.0511804
49 3.76991 -0.110401
49.2 3.76991 -0.101801
49.4 3.76991 -0.0649569
49.6 3.76991 -0.0590167
49.8 3.76991 -0.0921283
50 3.76991 -0.118829
50.2 3.76991 -0.100795
50.4 3.76991 -0.0512023
50.6 3.76991 -0.0112197
50.8 3.76991 0.00399119
51 3.76991 0.0180068
51.2 3.76991 0.0521423
51.4 3.76991 0.0893315
51.6 3.76991 0.0924752
51.8 3.76991 0.0530611
52 3.76991 0.005693
52.2 3.76991 -0.0111231
52.4 3.76991 0.00203433
52.6 3.76991 0.0127373
52.8 3.76991 0.00277599
53 3.76991 -0.00768747
53.2 3.76991 0.0108982
53.4 3.76991 0.0533139
53.6 3.76991 0.0782369
53.8 3.76991 0.0538812
54 3.76991 -0.00425322
54.2 3.76991 -0.0490993
54.4 3.76991 -0.0522753
54.6 3.76991 -0.0301977
54.8 3.76991 -0.018844
55 3.76991 -0.0309934
55.2 3.76991 -0.0463682
55.4 3.76991 -0.0415794
55.6 3.76991 -0.0196622
55.8 3.76991 -0.00398986
56 3.76991 -0.0074528
56.2 3.76991 -0.01657
56.4 3.76991 -0.00930314
56.6 3.76991 0.0162692
56.8 3.76991 0.0371012
57 3.76991 0.0297043
57.2 3.76991 -0.0037748
57.4 3.76991 -0.0358806
57.6 3.76991 -0.0389512
57.8 3.76991 -0.00915193
58 3.76991 0.0315297
58.2 3.76991 0.05306
58.4 3.76991 0.0376517
58.6 3.76991 -0.0104801
58.8 3.76991 -0.0673374
59 3.76991 -0.0999637
59.2 3.76991 -0.0835897
59.4 3.76991 -0.0197625
59.6 3.76991 0.0573741
59.8 3.76991 0.0985371
60 3.76991 0.0746716
60.2 3.76991 0.00313602
60.4 3.76991 -0.0622159
60.6 3.76991 -0.0743861
60.8 3.76991 -0.0334813
61 3.76991 0.0145302
61.2 3.76991 0.0213495
61.4 3.76991 -0.0188776
61.6 3.76991 -0.0667744
61.8 3.76991 -0.0780351
62 3.76991 -0.0446702
62.2 3.76991 0.00343078
62.4 3.76991 0.0334857
62.6 3.76991 0.0406719
62.8 3.76991 0.0432753
63 3.76991 0.0532223
63.2 3.76991 0.0592566
63.4 3.76991 0.0415987
63.6 3.76991 -0.00133648
63.8 3.76991 -0.0460426
64 3.76991 -0.0636874
64.2 3.76991 -0.0438423
64.4 3.76991 0.000624785
64.6 3.76991 0.0461663
64.8 3.76991 0.0720247
65 3.76991 0.0665283
65.2 3.76991 0.0318516
65.4 3.76991 -0.0111239
65.6 3.76991 -0.0292529
65.8 3.76991 -0.00185041
66 3.76991 0.0542779
66.2 3.76991 0.0903105
66.4 3.76991 0.0668263
66.6 3.76991 -0.00541826
66.8 3.76991 -0.0697657
67 3.76991 -0.0737784
67.2 3.76991 -0.0159853
67.4 3.76991 0.0581063
67.6 3.76991 0.103267
67.8 3.76991 0.112087
68 3.76991 0.105561
68.2 3.76991 0.0965059
68.4 3.76991 0.074786
68.6 3.76991 0.0308819
68.8 3.76991 -0.0172099
69 3.76991 -0.0341232
69.2 3.76991 -0.00686415
69.4 3.76991 0.0342079
69.6 3.76991 0.0425692
69.8 3.76991 0.00310351
70 3.76991 -0.053624
70.2 3.76991 -0.0860085
70.4 3.76991 -0.0839937
70.6 3.76991 -0.0716275
70.8 3.76991 -0.0713492
71 3.76991 -0.0767648
71.2 3.76991 -0.0662816
71.4 3.76991 -0.0362157
71.6 3.76991 -0.00756874
71.8 3.76991 0.00318226
72 3.76991 0.00879726
72.2 3.76991 0.0336719
72.4 3.76991 0.0722375
72.6 3.76991 0.0807138
72.8 3.76991 0.0254741
73 3.76991 -0.062287
73.2 3.76991 -0.0980809
73.4 3.76991 -0.0265894
73.6 3.76991 0.107961
73.8 3.76991 0.189096
74 3.76991 0.13913
74.2 3.76991 0.00267954
74.4 3.76991 -0.0908324
74.6 3.76991 -0.054542
74.8 3.76991 0.0688215
75 3.76991 0.152428
75.2 3.76991 0.116018
75.4 3.76991 0.00390448
75.6 3.76991 -0.0692359
75.8 3.76991 -0.0416475
76 3.76991 0.0371424
76.2 3.76991 0.0699711
76.4 3.76991 0.0201056
76.6 3.76991 -0.0560961
76.8 3.76991 -0.0802044
77 3.76991 -0.0387784
77.2 3.76991 0.0107427
77.4 3.76991 0.0130913
77.6 3.76991 -0.0233463
77.8 3.76991 -0.0451164
78 3.76991 -0.0228004
78.2 3.76991 0.0143987
78.4 3.76991 0.0162718
78.6 3.76991 -0.0277685
78.8 3.76991 -0.0768216
79 3.76991 -0.0852084
79.2 3.76991 -0.0504032
79.4 3.76991 -0.00980863
79.6 3.76991 0.00278072
79.8 3.76991 -0.0118035
80 3.76991 -0.0290228
80.2 3.76991 -0.0313394
80.4 3.76991 -0.0208565
80.6 3.76991 -0.00700072
80.8 3.76991 0.00669254
81 3.76991 0.0194986
81.2 3.76991 0.0249782
81.4 3.76991 0.015216
81.6 3.76991 -0.0055353
81.8 3.76991 -0.0185672
82 3.76991 -0.00753948
82.2 3.76991 0.0239538
82.4 3.76991 0.0556255
82.6 3.76991 0.0709058
82.8 3.76991 0.0702392
83 3.76991 0.0634188
83.2 3.76991 0.0541698
83.4 3.76991 0.0379769
83.6 3.76991 0.0137766
83.8 3.76991 -0.0096487
84 3.76991 -0.0236972
84.2 3.76991 -0.0328578
84.4 3.76991 -0.0500611
84.6 3.76991 -0.076418
84.8 3.76991 -0.0907571
85 3.76991 -0.0668597
85.2 3.76991 -0.00377239
85.4 3.76991 0.0646463
85.6 3.76991 0.0956954
85.8 3.76991 0.0762362
86 3.76991 0.0350803
86.2 3.76991 0.0156368
86.4 3.76991 0.0343598
86.6 3.76991 0.0649045
86.8 3.76991 0.0637771
87 3.76991 0.0140217
87.2 3.76991 -0.0543795
87.4 3.76991 -0.0888107
87.6 3.76991 -0.0633868
87.8 3.76991 -0.00777863
88 3.76991 0.0152405
88.2 3.76991 -0.0324865
88.4 3.76991 -0.124646
88.6 3.76991 -0.189857
88.8 3.76991 -0.176305
89 3.76991 -0.100133
89.2 3.76991 -0.0284121
89.4 3.76991 -0.0123534
89.6 3.76991 -0.0387323
89.8 3.76991 -0.0496386
90 3.76991 -0.00857507
90.2 3.76991 0.0584902
90.4 3.76991 0.0906913
90.6 3.76991 0.0571387
90.8 3.76991 -0.011351
91 3.76991 -0.0555082
91.2 3.76991 -0.0466432
91.4 3.76991 -0.00832488
91.6 3.76991 0.016367
91.8 3.76991 0.00996345
92 3.76991 -0.0102347
92.2 3.76991 -0.0202384
92.4 3.76991 -0.0156542
92.6 3.76991 -0.00803382
92.8 3.76991 -0.00444646
93 3.76991 -0.0010501
93.2 3.76991 0.00313049
93.4 3.76991 -0.0036907
93.6 3.76991 -0.032914
93.8 3.76991 -0.0734231
94 3.76991 -0.0915318
94.2 3.76991 -0.0607662
94.4 3.76991 0.00766317
94.6 3.76991 0.0681313
94.8 3.76991 0.0778731
95 3.76991 0.0325576
95.2 3.76991 -0.0334115
95.4 3.76991 -0.0792208
95.6 3.76991 -0.0893537
95.8 3.76991 -0.0770373
96 3.76991 -0.0631136
96.2 3.76991 -0.0561627
96.4 3.76991 -0.0521189
96.6 3.76991 -0.0473083
96.8 3.76991 -0.0456959
97 3.76991 -0.0513486
97.2 3.76991 -0.0567562
97.4 3.76991 -0.0440629
97.6 3.76991 -0.00224064
97.8 3.76991 0.0561575
98 3.76991 0.0982049
98.2 3.76991 0.0950631
98.4 3.76991 0.0466762
98.6 3.76991 -0.0168337
98.8 3.76991 -0.0592235
99 3.76991 -0.0652131
99.2 3.76991 -0.0463861
99.4 3.76991 -0.0241434
99.6 3.76991 -0.0102556
99.8 3.76991 -0.00355265
100 3.76991 9.62999e-05
100.2 3.76991 0.00133967
100.4 3.76991 0.00168412
100.6 3.76991 0.00777772
100.8 3.76991 0.0240699
101 3.76991 0.040954
101.2 3.76991 0.0373882
101.4 3.76991 0.00216585
101.6 3.76991 -0.0477769
101.8 3.76991 -0.0762322
102 3.76991 -0.0591041
102.2 3.76991 -0.0061808
102.4 3.76991 0.0501202
102.6 3.76991 0.0854708
102.8 3.76991 0.0993191
103 3.76991 0.101532
103.2 3.76991 0.092222
103.4 3.76991 0.0629052
103.6 3.76991 0.0161389
103.8 3.76991 -0.0260088
104 3.76991 -0.0405455
104.2 3.76991 -0.0282303
104.4 3.76991 -0.0123406
104.6 3.76991 -0.0110775
104.8 3.76991 -0.0172569
105 3.76991 -0.0105027
105.2 3.76991 0.0143775
105.4 3.76991 0.0399998
105.6 3.76991 0.0492653
105.8 3.76991 0.0472992
106 3.76991 0.0522423
106.2 3.76991 0.0670715
106.4 3.76991 0.0719816
106.6 3.76991 0.0506058
106.8 3.76991 0.0162779
107 3.76991 0.000499002
107.2 3.76991 0.0142128
107.4 3.76991 0.0315658
107.6 3.76991 0.0208709
107.8 3.76991 -0.0135967
108 3.76991 -0.0336059
108.2 3.76991 -0.0143804
108.4 3.76991 0.0209188
108.6 3.76991 0.0260796
108.8 3.76991 -0.0109895
109 3.76991 -0.0497915
109.2 3.76991 -0.0438633
109.4 3.76991 0.00213737
109.6 3.76991 0.0354251
109.8 3.76991 0.0168187
110 3.76991 -0.0326445
110.2 3.76991 -0.0566244
110.4 3.76991 -0.0296573
110.6 3.76991 0.0148582
110.8 3.76991 0.0263449
111 3.76991 -0.00443654
111.2 3.76991 -0.0395894
111.4 3.76991 -0.0429583
111.6 3.76991 -0.0209544
111.8 3.76991 -0.00900294
112 3.76991 -0.0272581
112.2 3.76991 -0.0616733
112.4 3.76991 -0.0862035
112.6 3.76991 -0.0893901
112.8 3.76991 -0.0731492
113 3.76991 -0.0384216
113.2 3.76991 0.0105732
113.4 3.76991 0.0491916
113.6 3.76991 0.0407292
113.8 3.76991 -0.0208336
114 3.76991 -0.08357
114.2 3.76991 -0.0763887
114.4 3.76991 0.0121161
114.6 3.76991 0.104142
114.8 3.76991 0.10132
115 3.76991 -0.0114484
115.2 3.76991 -0.14104
115.4 3.76991 -0.174378
115.6 3.76991 -0.0888873
115.8 3.76991 0.0312729
116 3.76991 0.0846544
116.2 3.76991 0.0463194
116.4 3.76991 -0.0285699
116.6 3.76991 -0.0771712
116.8 3.76991 -0.0865161
117 3.76991 -0.0820012
117.2 3.76991 -0.0820943
117.4 3.76991 -0.082252
117.6 3.76991 -0.0762181
117.8 3.76991 -0.0709436
118 3.76991 -0.0710222
118.2 3.76991 -0.06217
118.4 3.76991 -0.0279504
118.6 3.76991 0.018398
118.8 3.76991 0.0366521
119 3.76991 0.00479938
119.2 3.76991 -0.0477025
119.4 3.76991 -0.0674039
119.6 3.76991 -0.0384902
119.8 3.76991 -0.00317232
120 3.76991 -0.0119809
120.2 3.76991 -0.0626922
120.4 3.76991 -0.103146
120.6 3.76991 -0.0945157
120.8 3.76991 -0.0564927
121 3.76991 -0.0398564
121.2 3.76991 -0.0638638
121.4 3.76991 -0.0977776
121.6 3.76991 -0.105653
121.8 3.76991 -0.0918237
122 3.76991 -0.0873216
122.2 3.76991 -0.0986561
122.4 3.76991 -0.0911888
122.6 3.76991 -0.0329431
122.8 3.76991 0.0569313
123 3.76991 0.119761
123.2 3.76991 0.11806
123.4 3.76991 0.0722552
123.6 3.76991 0.0314701
123.8 3.76991 0.0183604
124 3.76991 0.0156971
124.2 3.76991 0.00389708
124.4 3.76991 -0.00617422
124.6 3.76991 0.0108209
124.8 3.76991 0.0539318
125 3.76991 0.0872902
125.2 3.76991 0.0775853
125.4 3.76991 0.0320244
125.6 3.76991 -0.0082511
125.8 3.76991 -0.00901132
126 3.76991 0.0292432
126.2 3.76991 0.0804496
126.4 3.76991 0.118174
126.6 3.76991 0.127746
126.8 3.76991 0.104961
127 3.76991 0.0577142
127.2 3.76991 0.00996878
127.4 3.76991 -0.00938948
127.6 3.76991 0.00677478
127.8 3.76991 0.0306707
128 3.76991 0.0229643
128.2 3.76991 -0.0268519
128.4 3.76991 -0.0877756
128.6 3.76991 -0.117464
128.8 3.76991 -0.100941
129 3.76991 -0.0567401
129.2 3.76991 -0.0118123
129.4 3.76991 0.0192009
129.6 3.76991 0.0314182
129.8 3.76991 0.0221842
130 3.76991 -0.00159123
130.2 3.76991 -0.0151909
130.4 3.76991 0.00674881
130.6 3.76991 0.0574062
130.8 3.76991 0.0936192
131 3.76991 0.0787867
131.2 3.76991 0.0276426
131.4 3.76991 -0.00630091
131.6 3.76991 0.00666391
131.8 3.76991 0.0352081
132 3.76991 0.0259527
132.2 3.76991 -0.0261608
132.4 3.76991 -0.0661937
132.6 3.76991 -0.0457993
132.8 3.76991 0.0138962
133 3.76991 0.0450022
133.2 3.76991 0.0151627
133.4 3.76991 -0.034966
133.6 3.76991 -0.0476927
133.8 3.76991 -0.0248451
134 3.76991 -0.0233354
134.2 3.76991 -0.0736576
134.4 3.76991 -0.129409
134.6 3.76991 -0.119728
134.8 3.76991 -0.0423961
135 3.76991 0.0231109
135.2 3.76991 0.00570338
135.4 3.76991 -0.0726945
135.6 3.76991 -0.122854
135.8 3.76991 -0.0926094
136 3.76991 -0.0220533
136.2 3.76991 0.0133864
136.4 3.76991 -0.00573811
136.6 3.76991 -0.0310965
136.8 3.76991 -0.0197206
137 3.76991 0.0101197
137.2 3.76991 0.011529
137.4 3.76991 -0.0203902
137.6 3.76991 -0.0384246
137.8 3.76991 -0.00656078
138 3.76991 0.0504448
138.2 3.76991 0.0782987
138.4 3.76991 0.061873
138.6 3.76991 0.0384742
138.8 3.76991 0.0400778
139 3.76991 0.0465874
139.2 3.76991 0.0167346
139.4 3.76991 -0.0448554
139.6 3.76991 -0.079163
139.8 3.76991 -0.0418036
140 3.76991 0.0366229
140.2 3.76991 0.078817
140.4 3.76991 0.045816
140.6 3.76991 -0.0244734
140.8 3.76991 -0.0678212
141 3.76991 -0.0648409
141.2 3.76991 -0.046488
141.4 3.76991 -0.0400341
141.6 3.76991 -0.0360476
141.8 3.76991 -0.0174786
142 3.76991 0.000112715
142.2 3.76991 -0.0171308
142.4 3.76991 -0.0683302
142.6 3.76991 -0.103538
142.8 3.76991 -0.0778303
143 3.76991 -0.00884075
143.2 3.76991 0.0388915
143.4 3.76991 0.0271689
143.6 3.76991 -0.01569
143.8 3.76991 -0.0363494
144 3.76991 -0.023557
144.2 3.76991 -0.0146521
144.4 3.76991 -0.0377226
144.6 3.76991 -0.0694194
144.8 3.76991 -0.0641139
145 3.76991 -0.0137102
145.2 3.76991 0.0413753
145.4 3.76991 0.0619098
145.6 3.76991 0.0525872
145.8 3.76991 0.0445813
146 3.76991 0.0485011
146.2 3.76991 0.0450467
146.4 3.76991 0.0227252
146.6 3.76991 0.00383119
146.8 3.76991 0.0174387
147 3.76991 0.0556554
147.2 3.76991 0.0765236
147.4 3.76991 0.0535739
147.6 3.76991 0.00610402
147.8 3.76991 -0.0306702
148 3.76991 -0.0529972
148.2 3.76991 -0.0854007
148.4 3.76991 -0.130497
148.6 3.76991 -0.146249
148.8 3.76991 -0.093044
149 3.76991 0.00503706
149.2 3.76991 0.0709013
149.4 3.76991 0.0561514
149.6 3.76991 -0.00285102
149.8 3.76991 -0.0270362
150 3.76991 0.0128193
150.2 3.76991 0.0650746
150.4 3.76991 0.0637407
150.6 3.76991 0.00815182
150.8 3.76991 -0.0409975
151 3.76991 -0.037649
151.2 3.76991 0.00100445
151.4 3.76991 0.0290905
151.6 3.76991 0.0343521
151.8 3.76991 0.0421241
152 3.76991 0.0616516
152.2 3.76991 0.0581268
152.4 3.76991 -0.00168145
152.6 3.76991 -0.0888297
152.8 3.76991 -0.126459
153 3.76991 -0.0758857
153.2 3.76991 0.00835392
153.4 3.76991 0.0299465
153.6 3.76991 -0.0430139
153.8 3.76991 -0.139266
154 3.76991 -0.159529
154.2 3.76991 -0.0805432
154.4 3.76991 0.0262862
154.6 3.76991 0.0737418
154.8 3.76991 0.0405863
155 3.76991 -0.0271477
155.2 3.76991 -0.0774672
155.4 3.76991 -0.0956247
155.6 3.76991 -0.0903499
155.8 3.76991 -0.0620456
156 3.76991 -0.00448337
156.2 3.76991 0.0664873
156.4 3.76991 0.106903
156.6 3.76991 0.0816488
156.8 3.76991 0.00465783
157 3.76991 -0.0680129
157.2 3.76991 -0.0892594
157.4 3.76991 -0.0622511
157.6 3.76991 -0.0296801
157.8 3.76991 -0.0262622
158 3.76991 -0.0460985
158.2 3.76991 -0.0553901
158.4 3.76991 -0.031718
158.6 3.76991 0.0122298
158.8 3.76991 0.0418467
159 3.76991 0.034502
159.2 3.76991 0.000362402
159.4 3.76991 -0.0286588
159.6 3.76991 -0.0303303
159.8 3.76991 -0.0136169
160 3.76991 -0.00910906
160.2 3.76991 -0.0371101
160.4 3.76991 -0.0853056
160.6 3.76991 -0.119658
160.8 3.76991 -0.117817
161 3.76991 -0.0895437
161.2 3.76991 -0.062345
161.4 3.76991 -0.0496494
161.6 3.76991 -0.0384807
161.8 3.76991 -0.0101347
162 3.76991 0.0319391
162.2 3.76991 0.0608883
162.4 3.76991 0.0534723
162.6 3.76991 0.0141761
162.8 3.76991 -0.0294544
163 3.76991 -0.0524236
163.2 3.76991 -0.0506454
163.4 3.76991 -0.0375998
163.6 3.76991 -0.0294025
163.8 3.76991 -0.0338896
164 3.76991 -0.0472297
164.2 3.76991 -0.0551207
164.4 3.76991 -0.0407171
164.6 3.76991 -0.000520256
164.8 3.76991 0.0446376
165 3.76991 0.0617846
165.2 3.76991 0.0368973
165.4 3.76991 -0.00773723
165.6 3.76991 -0.0350378
165.8 3.76991 -0.0336311
166 3.76991 -0.0288263
166.2 3.76991 -0.0468325
166.4 3.76991 -0.0746897
166.6 3.76991 -0.0695769
166.8 3.76991 -0.01183
167 3.76991 0.0631257
167.2 3.76991 0.0984049
167.4 3.76991 0.0782386
167.6 3.76991 0.0427136
167.8 3.76991 0.0348218
168 3.76991 0.0461014
168.2 3.76991 0.031549
168.4 3.76991 -0.0236551
168.6 3.76991 -0.072885
168.8 3.76991 -0.0584956
169 3.76991 0.0143437
169.2 3.76991 0.0742575
169.4 3.76991 0.0612832
169.6 3.76991 -0.00458446
169.8 3.76991 -0.0460305
170 3.76991 -0.0157559
170.2 3.76991 0.0540429
170.4 3.76991 0.0937013
170.6 3.76991 0.0736143
170.8 3.76991 0.0258505
171 3.76991 -0.00547771
171.2 3.76991 -0.0143922
171.4 3.76991 -0.023437
171.6 3.76991 -0.0381485
171.8 3.76991 -0.0340315
172 3.76991 0.00521588
172.2 3.76991 0.0527534
172.4 3.76991 0.0597873
172.6 3.76991 0.0120595
172.8 3.76991 -0.0481971
173 3.76991 -0.0653756
173.2 3.76991 -0.0305115
173.4 3.76991 0.0105638
173.6 3.76991 0.00929217
173.8 3.76991 -0.0326329
174 3.76991 -0.0664321
174.2 3.76991 -0.0489052
174.4 3.76991 0.0125623
174.6 3.76991 0.0668026
174.8 3.76991 0.0674019
175 3.76991 0.0153447
175.2 3.76991 -0.0424914
175.4 3.76991 -0.0561021
175.6 3.76991 -0.0178041
175.8 3.76991 0.0313068
176 3.76991 0.0420582
176.2 3.76991 0.00754269
176.4 3.76991 -0.0292262
176.6 3.76991 -0.0233908
176.8 3.76991 0.0167926
177 3.76991 0.0329596
177.2 3.76991 -0.0172151
177.4 3.76991 -0.102116
177.6 3.76991 -0.138925
177.8 3.76991 -0.0811195
178 3.76991 0.0257067
178.2 3.76991 0.0881901
178.4 3.76991 0.0645405
178.6 3.76991 0.00656427
178.8 3.76991 -0.00421852
179 3.76991 0.04834
179.2 3.76991 0.099623
179.4 3.76991 0.0838046
179.6 3.76991 0.012015
179.8 3.76991 -0.0416025
180 3.76991 -0.0248746
180.2 3.76991 0.0378018
180.4 3.76991 0.0787067
180.6 3.76991 0.0604691
180.8 3.76991 0.00569998
181 3.76991 -0.0378616
181.2 3.76991 -0.0437057
181.4 3.76991 -0.0162201
181.6 3.76991 0.0266816
181.8 3.76991 0.0638532
182 3.76991 0.0719128
182.2 3.76991 0.0395554
182.4 3.76991 -0.00939993
182.6 3.76991 -0.0234518
182.8 3.76991 0.0252004
183 3.76991 0.097473
183.2 3.76991 0.115587
183.4 3.76991 0.0467752
183.6 3.76991 -0.0513113
183.8 3.76991 -0.0856275
184 3.76991 -0.0282046
184.2 3.76991 0.0536305
184.4 3.76991 0.0738129
184.6 3.76991 0.0208617
184.8 3.76991 -0.0399759
185 3.76991 -0.0503061
185.2 3.76991 -0.0204292
185.4 3.76991 0.00144431
185.6 3.76991 0.00108652
185.8 3.76991 0.0118527
186 3.76991 0.0560063
186.2 3.76991 0.100475
186.4 3.76991 0.0936946
186.6 3.76991 0.0369118
186.8 3.76991 -0.00910757
187 3.76991 0.00123753
187.2 3.76991 0.0363909
187.4 3.76991 0.0227002
187.6 3.76991 -0.0614859
187.8 3.76991 -0.149618
188 3.76991 -0.15767
188.2 3.76991 -0.0794728
188.4 3.76991 0.00564672
188.6 3.76991 0.0194614
188.8 3.76991 -0.0364786
189 3.76991 -0.0943365
189.2 3.76991 -0.0981086
189.4 3.76991 -0.0537691
189.6 3.76991 -0.00774692
189.8 3.76991 0.00461712
190 3.76991 -0.0176298
190.2 3.76991 -0.052743
190.4 3.76991 -0.0729734
190.6 3.76991 -0.0547452
190.8 3.76991 0.0049133
191 3.76991 0.0711441
191.2 3.76991 0.0862294
191.4 3.76991 0.0245922
191.6 3.76991 -0.0658304
191.8 3.76991 -0.0975316
192 3.76991 -0.0337559
192.2 3.76991 0.0637387
192.4 3.76991 0.0948647
192.6 3.76991 0.0307108
192.8 3.76991 -0.0532603
193 3.76991 -0.0633913
193.2 3.76991 0.00511298
193.4 3.76991 0.066131
193.6 3.76991 0.0468587
193.8 3.76991 -0.0274431
194 3.76991 -0.0682357
194.2 3.76991 -0.0319314
194.4 3.76991 0.030823
194.6 3.76991 0.0407364
194.8 3.76991 -0.0141283
195 3.76991 -0.068025
195.2 3.76991 -0.059491
195.4 3.76991 -0.00222608
195.6 3.76991 0.0369118
195.8 3.76991 0.0179311
196 3.76991 -0.0331436
196.2 3.76991 -0.0654334
196.4 3.76991 -0.0650076
196.6 3.76991 -0.0617357
196.8 3.76991 -0.0813699
197 3.76991 -0.108625
197.2 3.76991 -0.10561
197.4 3.76991 -0.0584923
197.6 3.76991 0.00501884
197.8 3.76991 0.0448572
198 3.76991 0.0483458
198.2 3.76991 0.038579
198.4 3.76991 0.048237
198.6 3.76991 0.0885644
198.8 3.76991 0.1409
199 3.76991 0.174091
199.2 3.76991 0.171297
199.4 3.76991 0.144492
199.6 3.76991 0.123166
199.8 3.76991 0.123935
200 3.76991 0.129223
200.2 3.76991 0.101713
200.4 3.76991 0.0265088
200.6 3.76991 -0.0633688
200.8 3.76991 -0.11296
201 3.76991 -0.101349
201.2 3.76991 -0.0651799
201.4 3.76991 -0.0583827
201.6 3.76991 -0.0911002
201.8 3.76991 -0.119681
202 3.76991 -0.101371
202.2 3.76991 -0.0483303
202.4 3.76991 -0.0145831
202.6 3.76991 -0.0313925
202.8 3.76991 -0.0709677
203 3.76991 -0.0833148
203.2 3.76991 -0.0588263
203.4 3.76991 -0.036783
203.6 3.76991 -0.0494051
203.8 3.76991 -0.0745025
204 3.76991 -0.0601448
204.2 3.76991 0.00701613
204.4 3.76991 0.0756254
204.6 3.76991 0.0814377
204.8 3.76991 0.0174971
205 3.76991 -0.0588779
205.2 3.76991 -0.0874033
205.4 3.76991 -0.0611422
205.6 3.76991 -0.0181144
205.8 3.76991 0.0101609
206 3.76991 0.0264702
206.2 3.76991 0.0458591
206.4 3.76991 0.0634468
206.6 3.76991 0.0579185
206.8 3.76991 0.0229396
207 3.76991 -0.0189763
207.2 3.76991 -0.039879
207.4 3.76991 -0.0367642
207.6 3.76991 -0.0311969
207.8 3.76991 -0.0415089
208 3.76991 -0.0635318
208.2 3.76991 -0.080093
208.4 3.76991 -0.0818291
208.6 3.76991 -0.0729696
208.8 3.76991 -0.0612219
209 3.76991 -0.0506712
209.2 3.76991 -0.0452448
209.4 3.76991 -0.0503181
209.6 3.76991 -0.0641673
209.8 3.76991 -0.0719034
210 3.76991 -0.0569647
210.2 3.76991 -0.0206957
210.4 3.76991 0.0161251
210.6 3.76991 0.0360556
210.8 3.76991 0.0444873
211 3.76991 0.0582596
211.2 3.76991 0.0754192
211.4 3.76991 0.0675266
211.6 3.76991 0.0121033
211.8 3.76991 -0.0694076
212 3.76991 -0.117677
212.2 3.76991 -0.0881258
212.4 3.76991 0.00298583
212.6 3.76991 0.0899341
212.8 3.76991 0.116567
213 3.76991 0.0828811
213.2 3.76991 0.0344999
213.4 3.76991 0.0124189
213.6 3.76991 0.0181079
213.8 3.76991 0.025515
214 3.76991 0.0184442
214.2 3.76991 0.00865756
214.4 3.76991 0.0171732
214.6 3.76991 0.0437211
214.8 3.76991 0.0611537
215 3.76991 0.0433633
215.2 3.76991 -0.00191166
215.4 3.76991 -0.0318649
215.6 3.76991 -0.00584271
215.8 3.76991 0.0719055
216 3.76991 0.147556
216.2 3.76991 0.161602
216.4 3.76991 0.103195
216.6 3.76991 0.0214926
216.8 3.76991 -0.0201831
217 3.76991 -0.00362868
217.2 3.76991 0.0313458
217.4 3.76991 0.0326445
217.6 3.76991 -0.00927971
217.8 3.76991 -0.0553916
218 3.76991 -0.0638133
218.2 3.76991 -0.0341144
218.4 3.76991 -0.00307989
218.6 3.76991 -0.00261979
218.8 3.76991 -0.0302923
219 3.76991 -0.0608139
219.2 3.76991 -0.0760372
219.4 3.76991 -0.0754465
219.6 3.76991 -0.062758
219.8 3.76991 -0.0365699
220 3.76991 -0.00098077
220.2 3.76991 0.0234431
220.4 3.76991 0.0133779
220.6 3.76991 -0.0291108
220.8 3.76991 -0.0709598
221 3.76991 -0.0791047
221.2 3.76991 -0.0550577
221.4 3.76991 -0.0313208
221.6 3.76991 -0.0324709
221.8 3.76991 -0.0471809
222 3.76991 -0.0441859
222.2 3.76991 -0.0114341
222.4 3.76991 0.0290057
222.6 3.76991 0.0455779
222.8 3.76991 0.0289624
223 3.76991 -0.00505182
223.2 3.76991 -0.0373833
223.4 3.76991 -0.0599787
223.6 3.76991 -0.0688297
223.8 3.76991 -0.0556886
224 3.76991 -0.0183841
224.2 3.76991 0.0230572
224.4 3.76991 0.0334493
224.6 3.76991 -0.0054783
224.8 3.76991 -0.0720329
225 3.76991 -0.119817
225.2 3.76991 -0.117683
225.4 3.76991 -0.0731957
225.6 3.76991 -0.0190568
225.8 3.76991 0.0171687
226 3.76991 0.0286395
226.2 3.76991 0.0236777
226.4 3.76991 0.0152369
226.6 3.76991 0.0152246
226.8 3.76991 0.0281588
227 3.76991 0.0432413
227.2 3.76991 0.0390028
227.4 3.76991 0.00705385
227.6 3.76991 -0.0286027
227.8 3.76991 -0.0285964
228 3.76991 0.0158566
228.2 3.76991 0.0607875
228.4 3.76991 0.0490413
228.6 3.76991 -0.0223304
228.8 3.76991 -0.0856696
229 3.76991 -0.0681345
229.2 3.76991 0.026288
229.4 3.76991 0.112276
229.6 3.76991 0.108426
229.8 3.76991 0.021346
230 3.76991 -0.0642292
230.2 3.76991 -0.0766537
230.4 3.76991 -0.0268702
230.6 3.76991 0.0170027
230.8 3.76991 0.0117121
231 3.76991 -0.0204029
231.2 3.76991 -0.0319178
231.4 3.76991 -0.0129045
231.6 3.76991 0.00269421
231.8 3.76991 -0.0115356
232 3.76991 -0.0358612
232.2 3.76991 -0.0288366
232.4 3.76991 0.016926
232.6 3.76991 0.0586348
232.8 3.76991 0.0485166
233 3.76991 -0.0120414
233.2 3.76991 -0.0714687
233.4 3.76991 -0.0800333
233.6 3.76991 -0.0374559
233.8 3.76991 0.0113537
234 3.76991 0.0220092
234.2 3.76991 -0.0109203
234.4 3.76991 -0.0552583
234.6 3.76991 -0.072937
234.8 3.76991 -0.0504984
235 3.76991 -0.00671808
235.2 3.76991 0.0230821
235.4 3.76991 0.0129532
235.6 3.76991 -0.0344587
235.8 3.76991 -0.0892699
236 3.76991 -0.117676
236.2 3.76991 -0.109583
236.4 3.76991 -0.0853726
236.6 3.76991 -0.074039
236.8 3.76991 -0.0843355
237 3.76991 -0.0993316
237.2 3.76991 -0.099612
237.4 3.76991 -0.0873926
237.6 3.76991 -0.0819596
237.8 3.76991 -0.0904309
238 3.76991 -0.0891593
238.2 3.76991 -0.0425292
238.4 3.76991 0.0555613
238.6 3.76991 0.161382
238.8 3.76991 0.209122
239 3.76991 0.165947
239.2 3.76991 0.0631237
239.4 3.76991 -0.0282675
239.6 3.76991 -0.0567243
239.8 3.76991 -0.0301186
240 3.76991 0.000936872
240.2 3.76991 -0.00168249
240.4 3.76991 -0.0262325
240.6 3.76991 -0.029916
240.8 3.76991 0.00696123
241 3.76991 0.0521325
241.2 3.76991 0.0532935
241.4 3.76991 -0.00128311
241.6 3.76991 -0.0620563
241.8 3.76991 -0.0661726
242 3.76991 -0.00572294
242.2 3.76991 0.0597835
242.4 3.76991 0.064171
242.6 3.76991 0.00401002
242.8 3.76991 -0.0594648
243 3.76991 -0.0671744
243.2 3.76991 -0.0223002
243.4 3.76991 0.0211372
243.6 3.76991 0.0222885
243.8 3.76991 -0.00633231
244 3.76991 -0.0241627
244.2 3.76991 -0.0146847
244.4 3.76991 0.00138726
244.6 3.76991 0.00225931
244.8 3.76991 -0.00225843
245 3.76991 0.0144514
245.2 3.76991 0.0551984
245.4 3.76991 0.0890573
245.6 3.76991 0.0875748
245.8 3.76991 0.0607215
246 3.76991 0.0452505
246.2 3.76991 0.0594763
246.4 3.76991 0.0819499
246.6 3.76991 0.0805497
246.8 3.76991 0.053715
247 3.76991 0.0308126
247.2 3.76991 0.0322885
247.4 3.76991 0.042075
247.6 3.76991 0.0283601
247.8 3.76991 -0.0135264
248 3.76991 -0.0504392
248.2 3.76991 -0.0467517
248.4 3.76991 -0.00353174
248.6 3.76991 0.042771
248.8 3.76991 0.0565177
249 3.76991 0.031302
249.2 3.76991 -0.0147598
249.4 3.76991 -0.0602671
249.6 3.76991 -0.0904786
249.8 3.76991 -0.09393
250 3.76991 -0.0638191
250.2 3.76991 -0.00870821
250.4 3.76991 0.0453203
250.6 3.76991 0.0729483
250.8 3.76991 0.0715384
251 3.76991 0.0601452
251.2 3.76991 0.0555688
251.4 3.76991 0.0545099
251.6 3.76991 0.0428486
251.8 3.76991 0.0178371
252 3.76991 -0.00680608
252.2 3.76991 -0.0186691
252.4 3.76991 -0.0223503
252.6 3.76991 -0.0321542
252.8 3.76991 -0.0526441
253 3.76991 -0.0732823
253.2 3.76991 -0.0823411
253.4 3.76991 -0.0789735
253.6 3.76991 -0.067794
253.8 3.76991 -0.0481083
254 3.76991 -0.0179595
254.2 3.76991 0.01155
254.4 3.76991 0.0172471
254.6 3.76991 -0.0117355
254.8 3.76991 -0.0539769
255 3.76991 -0.0707751
255.2 3.76991 -0.0452629
255.4 3.76991 -0.000560475
255.6 3.76991 0.0268812
255.8 3.76991 0.0279102
256 3.76991 0.025758
256.2 3.76991 0.0401317
256.4 3.76991 0.0574814
256.6 3.76991 0.0473839
256.8 3.76991 0.00533859
257 3.76991 -0.0336249
257.2 3.76991 -0.030833
257.4 3.76991 0.0127857
257.6 3.76991 0.0585458
257.8 3.76991 0.0732242
258 3.76991 0.0598099
258.2 3.76991 0.0406788
258.4 3.76991 0.0210044
258.6 3.76991 -0.0156027
258.8 3.76991 -0.072884
259 3.76991 -0.11854
259.2 3.76991 -0.111363
259.4 3.76991 -0.0531341
259.6 3.76991 -0.000128155
259.8 3.76991 -0.0109156
260 3.76991 -0.0827216
260.2 3.76991 -0.148106
260.4 3.76991 -0.140045
260.6 3.76991 -0.0583372
260.8 3.76991 0.0313794
261 3.76991 0.0626475
261.2 3.76991 0.0283757
261.4 3.76991 -0.0218331
261.6 3.76991 -0.0372135
261.8 3.76991 -0.0131416
262 3.76991 0.0140635
262.2 3.76991 0.0114107
262.4 3.76991 -0.0169814
262.6 3.76991 -0.0384221
262.8 3.76991 -0.027921
263 3.76991 0.00759164
263.2 3.76991 0.0397663
263.4 3.76991 0.0490308
263.6 3.76991 0.0408907
263.8 3.76991 0.0326047
264 3.76991 0.0283432
264.2 3.76991 0.0137834
264.4 3.76991 -0.0218974
264.6 3.76991 -0.0629142
264.8 3.76991 -0.0742718
265 3.76991 -0.0378254
265.2 3.76991 0.0218927
265.4 3.76991 0.055752
265.6 3.76991 0.0385695
265.8 3.76991 -0.00335027
266 3.76991 -0.0185759
266.2 3.76991 0.0151048
266.4 3.76991 0.0674055
266.6 3.76991 0.0894275
266.8 3.76991 0.0663865
267 3.76991 0.0301852
267.2 3.76991 0.0198127
267.4 3.76991 0.0377499
267.6 3.76991 0.0528957
267.8 3.76991 0.0430881
268 3.76991 0.0232709
268.2 3.76991 0.0248398
268.4 3.76991 0.0528295
268.6 3.76991 0.0752214
268.8 3.76991 0.0590573
269 3.76991 0.0104914
269.2 3.76991 -0.0297602
269.4 3.76991 -0.0311038
269.6 3.76991 -0.00587756
269.8 3.76991 0.00727306
270 3.76991 -0.0109061
270.2 3.76991 -0.0385488
270.4 3.76991 -0.0386851
270.6 3.76991 -0.00213147
270.8 3.76991 0.0406848
271 3.76991 0.0500703
271.2 3.76991 0.0149835
271.4 3.76991 -0.0399811
271.6 3.76991 -0.0807884
271.8 3.76991 -0.0922878
272 3.76991 -0.0824182
272.2 3.76991 -0.0656845
272.4 3.76991 -0.0485478
272.6 3.76991 -0.0300455
272.8 3.76991 -0.0105719
273 3.76991 0.00498935
273.2 3.76991 0.0123839
273.4 3.76991 0.0128243
273.6 3.76991 0.0110458
273.8 3.76991 0.0101685
274 3.76991 0.0102539
274.2 3.76991 0.0106716
274.4 3.76991 0.0104893
274.6 3.76991 0.00530823
274.8 3.76991 -0.0127265
275 3.76991 -0.0462857
275.2 3.76991 -0.0825998
275.4 3.76991 -0.0967653
275.6 3.76991 -0.0725963
275.8 3.76991 -0.0229413
276 3.76991 0.0153068
276.2 3.76991 0.0134017
276.4 3.76991 -0.0194826
276.6 3.76991 -0.0424889
276.8 3.76991 -0.0236126
277 3.76991 0.0258552
277.2 3.76991 0.0610494
277.4 3.76991 0.0493533
277.6 3.76991 0.00349928
277.8 3.76991 -0.0342107
278 3.76991 -0.038381
278.2 3.76991 -0.024518
278.4 3.76991 -0.0239663
278.6 3.76991 -0.0411001
278.8 3.76991 -0.0455332
279 3.76991 -0.010175
279.2 3.76991 0.050016
279.4 3.76991 0.0864575
279.6 3.76991 0.0656198
279.8 3.76991 0.00331796
280 3.76991 -0.0534824
280.2 3.76991 -0.0750275
280.4 3.76991 -0.0725921
280.6 3.76991 -0.0747518
280.8 3.76991 -0.0891383
281 3.76991 -0.0954312
281.2 3.76991 -0.0737291
281.4 3.76991 -0.0303568
281.6 3.76991 0.00969003
281.8 3.76991 0.0311869
282 3.76991 0.0423121
282.2 3.76991 0.0594981
282.4 3.76991 0.0853437
282.6 3.76991 0.105932
282.8 3.76991 0.106706
283 3.76991 0.0854283
283.2 3.76991 0.05026
283.4 3.76991 0.0121575
283.6 3.76991 -0.0170711
283.8 3.76991 -0.0251253
284 3.76991 -0.00757272
284.2 3.76991 0.0220487
284.4 3.76991 0.038454
284.6 3.76991 0.0293919
284.8 3.76991 0.013005
285 3.76991 0.0217536
285.2 3.76991 0.0639248
285.4 3.76991 0.10601
285.6 3.76991 0.102426
285.8 3.76991 0.0453622
286 3.76991 -0.0205509
286.2 3.76991 -0.039534
286.4 3.76991 -0.000926929
286.6 3.76991 0.0495999
286.8 3.76991 0.0560831
287 3.76991 0.00705934
287.2 3.76991 -0.0566409
287.4 3.76991 -0.0846832
287.6 3.76991 -0.0631714
287.8 3.76991 -0.0198068
288 3.76991 0.00820379
288.2 3.76991 0.00521703
288.4 3.76991 -0.0196103
288.6 3.76991 -0.0488072
288.8 3.76991 -0.0689342
289 3.76991 -0.0708253
289.2 3.76991 -0.0488854
289.4 3.76991 -0.00778589
289.6 3.76991 0.0326261
289.8 3.76991 0.0473426
290 3.76991 0.0271327
290.2 3.76991 -0.0108019
290.4 3.76991 -0.0362298
290.6 3.76991 -0.0317698
290.8 3.76991 -0.00516895
291 3.76991 0.0235057
291.2 3.76991 0.0440133
291.4 3.76991 0.0626931
291.6 3.76991 0.0881601
291.8 3.76991 0.115018
292 3.76991 0.126231
292.2 3.76991 0.111665
292.4 3.76991 0.0806419
292.6 3.76991 0.0530938
292.8 3.76991 0.0395448
293 3.76991 0.0331246
293.2 3.76991 0.0217974
293.4 3.76991 0.00394604
293.6 3.76991 -0.012757
293.8 3.76991 -0.0262613
294 3.76991 -0.0462235
294.2 3.76991 -0.0792493
294.4 3.76991 -0.111117
294.6 3.76991 -0.113349
294.8 3.76991 -0.0736518
295 3.76991 -0.0161177
295.2 3.76991 0.0176781
295.4 3.76991 0.0111521
295.6 3.76991 -0.00915528
295.8 3.76991 -0.00407434
296 3.76991 0.0314083
296.2 3.76991 0.0600103
296.4 3.76991 0.0447662
296.6 3.76991 -0.00621819
296.8 3.76991 -0.0464017
297 3.76991 -0.0426988
297.2 3.76991 -0.0119683
297.4 3.76991 0.000764839
297.6 3.76991 -0.0240704
297.8 3.76991 -0.0593256
298 3.76991 -0.0661948
298.2 3.76991 -0.0411865
298.4 3.76991 -0.0178814
298.6 3.76991 -0.0233213
298.8 3.76991 -0.0444196
299 3.76991 -0.0452171
299.2 3.76991 -0.0119439
299.4 3.76991 0.0299721
299.6 3.76991 0.0459801
299.8 3.76991 0.0308153
300 3.76991 0.0103431
300.2 3.76991 0.00981994
300.4 3.76991 0.0298434
300.6 3.76991 0.0540981
300.8 3.76991 0.0696225
301 3.76991 0.0708068
301.2 3.76991 0.0501176
301.4 3.76991 0.00125131
301.6 3.76991 -0.0616973
301.8 3.76991 -0.0993367
302 3.76991 -0.0781145
302.2 3.76991 -0.0102278
302.4 3.76991 0.0482368
302.6 3.76991 0.0498108
302.8 3.76991 0.00462314
303 3.76991 -0.0311267
303.2 3.76991 -0.0168962
303.4 3.76991 0.0297578
303.6 3.76991 0.057349
303.8 3.76991 0.0398233
304 3.76991 0.00090279
304.2 3.76991 -0.020565
304.4 3.76991 -0.0162998
304.6 3.76991 -0.0093082
304.8 3.76991 -0.0154271
305 3.76991 -0.0207112
305.2 3.76991 -0.00413186
305.4 3.76991 0.0282686
305.6 3.76991 0.047414
305.8 3.76991 0.0401738
306 3.76991 0.0300512
306.2 3.76991 0.0473523
306.4 3.76991 0.0839374
306.6 3.76991 0.0931146
306.8 3.76991 0.0419777
307 3.76991 -0.043561
307.2 3.76991 -0.0971505
307.4 3.76991 -0.0774272
307.6 3.76991 -0.00922632
307.8 3.76991 0.0425677
308 3.76991 0.0351954
308.2 3.76991 -0.0190471
308.4 3.76991 -0.0741695
308.6 3.76991 -0.0931981
308.8 3.76991 -0.0690077
309 3.76991 -0.0172946
309.2 3.76991 0.0364424
309.4 3.76991 0.0647507
309.6 3.76991 0.0499488
309.8 3.76991 0.00119435
310 3.76991 -0.0441547
310.2 3.76991 -0.050287
310.4 3.76991 -0.0205734
310.6 3.76991 0.00191347
310.8 3.76991 -0.0195933
311 3.76991 -0.0713321
311.2 3.76991 -0.101318
311.4 3.76991 -0.0795888
311.6 3.76991 -0.0364081
311.8 3.76991 -0.028689
312 3.76991 -0.0699132
312.2 3.76991 -0.108061
312.4 3.76991 -0.0838633
312.6 3.76991 -0.00481543
312.8 3.76991 0.0545437
313 3.76991 0.0328365
313.2 3.76991 -0.0473238
313.4 3.76991 -0.101322
313.6 3.76991 -0.0753938
313.8 3.76991 -0.00498285
314 3.76991 0.0278089
314.2 3.76991 -0.0121873
314.4 3.76991 -0.0762442
314.6 3.76991 -0.0916379
314.8 3.76991 -0.0453628
315 3.76991 0.00575786
315.2 3.76991 0.00630555
315.4 3.76991 -0.0328505
315.6 3.76991 -0.0522956
315.8 3.76991 -0.0190503
316 3.76991 0.033487
316.2 3.76991 0.0471009
316.4 3.76991 0.00864548
316.6 3.76991 -0.0366679
316.8 3.76991 -0.0411679
317 3.76991 -0.00865496
317.2 3.76991 0.0180535
317.4 3.76991 0.0148488
317.6 3.76991 0.00348031
317.8 3.76991 0.0156511
318 3.76991 0.045048
318.2 3.76991 0.0535311
318.4 3.76991 0.0251019
318.6 3.76991 -0.00499128
318.8 3.76991 0.00998468
319 3.76991 0.0653421
319.2 3.76991 0.10067
319.4 3.76991 0.0671198
319.6 3.76991 -0.0118816
319.8 3.76991 -0.0621822
320 3.76991 -0.0408974
320.2 3.76991 0.0177522
320.4 3.76991 0.0468365
320.6 3.76991 0.0267006
320.8 3.76991 0.00341356
321 3.76991 0.0254918
321.2 3.76991 0.0791206
321.4 3.76991 0.10239
321.6 3.76991 0.0603821
321.8 3.76991 -0.0115851
322 3.76991 -0.0481033
322.2 3.76991 -0.0262197
322.4 3.76991 0.0161481
322.6 3.76991 0.0317288
322.8 3.76991 0.0163593
323 3.76991 0.00108101
323.2 3.76991 0.00464755
323.4 3.76991 0.01395
323.6 3.76991 0.0136151
323.8 3.76991 0.014912
324 3.76991 0.0372277
324.2 3.76991 0.0674585
324.4 3.76991 0.0618371
324.6 3.76991 0.000752412
324.8 3.76991 -0.071537
325 3.76991 -0.0839202
325.2 3.76991 -0.019279
325.4 3.76991 0.0575035
325.6 3.76991 0.0663843
325.8 3.76991 0.00111198
326 3.76991 -0.0637634
326.2 3.76991 -0.0572399
326.4 3.76991 0.010954
326.6 3.76991 0.0682866
326.8 3.76991 0.0643715
327 3.76991 0.0187574
327.2 3.76991 -0.0187003
327.4 3.76991 -0.0335886
327.6 3.76991 -0.0516218
327.8 3.76991 -0.0832847
328 3.76991 -0.0925034
328.2 3.76991 -0.0402635
328.4 3.76991 0.0512961
328.6 3.76991 0.105975
328.8 3.76991 0.0762742
329 3.76991 0.00421984
329.2 3.76991 -0.0211041
329.4 3.76991 0.0329239
329.6 3.76991 0.0999364
329.8 3.76991 0.0878679
330 3.76991 -0.0138664
330.2 3.76991 -0.117829
330.4 3.76991 -0.132519
330.6 3.76991 -0.0592308
330.8 3.76991 0.0162687
331 3.76991 0.022155
331.2 3.76991 -0.0256597
331.4 3.76991 -0.052534
331.6 3.76991 -0.0146722
331.8 3.76991 0.0553114
332 3.76991 0.0909393
332.2 3.76991 0.0652801
332.4 3.76991 0.0131266
332.6 3.76991 -0.0131227
332.8 3.76991 0.0031106
333 3.76991 0.0344801
333.2 3.76991 0.0438819
333.4 3.76991 0.0181259
333.6 3.76991 -0.027362
333.8 3.76991 -0.065204
334 3.76991 -0.0739516
334.2 3.76991 -0.0487517
334.4 3.76991 -0.00529377
334.6 3.76991 0.0269954
334.8 3.76991 0.0250348
335 3.76991 -0.00749394
335.2 3.76991 -0.0418443
335.4 3.76991 -0.0516209
335.6 3.76991 -0.0389766
335.8 3.76991 -0.0296521
336 3.76991 -0.0414839
336.2 3.76991 -0.0635113
336.4 3.76991 -0.0711915
336.6 3.76991 -0.0587341
336.8 3.76991 -0.0469444
337 3.76991 -0.0548242
337.2 3.76991 -0.0702228
337.4 3.76991 -0.0595416
337.6 3.76991 -0.00958424
337.8 3.76991 0.0481596
338 3.76991 0.0648303
338.2 3.76991 0.0272314
338.4 3.76991 -0.0231575
338.6 3.76991 -0.031181
338.8 3.76991 0.0123125
339 3.76991 0.0574023
339.2 3.76991 0.0462275
339.4 3.76991 -0.0235864
339.6 3.76991 -0.0911774
339.8 3.76991 -0.0913277
340 3.76991 -0.0211812
340.2 3.76991 0.0543847
340.4 3.76991 0.0660047
340.6 3.76991 0.00840043
340.8 3.76991 -0.0556114
341 3.76991 -0.0599382
341.2 3.76991 -0.00182939
341.4 3.76991 0.058841
341.6 3.76991 0.0662174
341.8 3.76991 0.028342
342 3.76991 0.0042607
342.2 3.76991 0.0319874
342.4 3.76991 0.0788059
342.6 3.76991 0.0738674
342.8 3.76991 -0.00930164
343 3.76991 -0.113159
343.2 3.76991 -0.148989
343.4 3.76991 -0.0887078
343.6 3.76991 0.00544894
343.8 3.76991 0.0472244
344 3.76991 0.0154791
344.2 3.76991 -0.0321318
344.4 3.76991 -0.0312745
344.6 3.76991 0.0183088
344.8 3.76991 0.0637241
345 3.76991 0.0704204
345.2 3.76991 0.0614903
345.4 3.76991 0.077419
345.6 3.76991 0.112548
345.8 3.76991 0.115227
346 3.76991 0.0556491
346.2 3.76991 -0.0262606
346.4 3.76991 -0.0607415
346.6 3.76991 -0.0323416
346.8 3.76991 -0.00189717
347 3.76991 -0.0318426
347.2 3.76991 -0.103009
347.4 3.76991 -0.129715
347.6 3.76991 -0.0629271
347.8 3.76991 0.0420331
348 3.76991 0.0818399
348.2 3.76991 0.0254753
348.4 3.76991 -0.0444727
348.6 3.76991 -0.0247167
348.8 3.76991 0.0866876
349 3.76991 0.182793
349.2 3.76991 0.166394
349.4 3.76991 0.0589114
349.6 3.76991 -0.0256608
349.8 3.76991 -0.00921658
350 3.76991 0.0677124
350.2 3.76991 0.0994445
350.4 3.76991 0.0367284
350.6 3.76991 -0.0634073
350.8 3.76991 -0.107723
351 3.76991 -0.0678977
351.2 3.76991 0.000300787
351.4 3.76991 0.0279932
351.6 3.76991 0.00363962
351.8 3.76991 -0.03127
352 3.76991 -0.0397338
352.2 3.76991 -0.0255912
352.4 3.76991 -0.0158956
352.6 3.76991 -0.0247975
352.8 3.76991 -0.0443762
353 3.76991 -0.0616826
353.2 3.76991 -0.0703801
353.4 3.76991 -0.0656493
353.6 3.76991 -0.0417603
353.8 3.76991 -0.00412928
354 3.76991 0.0237652
354.2 3.76991 0.0195992
354.4 3.76991 -0.00893911
354.6 3.76991 -0.0256476
354.8 3.76991 -0.00506371
355 3.76991 0.0347242
355.2 3.76991 0.0498402
355.4 3.76991 0.0225466
355.6 3.76991 -0.0157672
355.8 3.76991 -0.021813
356 3.76991 0.0061121
356.2 3.76991 0.0260855
356.4 3.76991 0.00665871
356.6 3.76991 -0.0312509
356.8 3.76991 -0.0413174
357 3.76991 -0.0171201
357.2 3.76991 -0.0104314
357.4 3.76991 -0.0690602
357.6 3.76991 -0.162651
357.8 3.76991 -0.191756
358 3.76991 -0.0867462
358.2 3.76991 0.104888
358.4 3.76991 0.243782
358.6 3.76991 0.222722
358.8 3.76991 0.0681877
359 3.76991 -0.0826423
359.2 3.76991 -0.107246
359.4 3.76991 -0.00373583
359.6 3.76991 0.11997
359.8 3.76991 0.152729
360 3.76991 0.0750736
360.2 3.76991 -0.0411994
360.4 3.76991 -0.11207
360.6 3.76991 -0.11277
360.8 3.76991 -0.0781668
361 3.76991 -0.0491524
361.2 3.76991 -0.0315571
361.4 3.76991 -0.00748158
361.6 3.76991 0.026159
361.8 3.76991 0.0455992
362 3.76991 0.031043
362.2 3.76991 5.12018e-05
362.4 3.76991 -0.00341926
362.6 3.76991 0.04176
362.8 3.76991 0.103096
363 3.76991 0.123163
363.2 3.76991 0.0803127
363.4 3.76991 0.0130868
363.6 3.76991 -0.0217001
363.8 3.76991 -0.0100109
364 3.76991 0.00945238
364.2 3.76991 -0.00348
364.4 3.76991 -0.0409318
364.6 3.76991 -0.0588826
364.8 3.76991 -0.0337626
365 3.76991 0.00752838
365.2 3.76991 0.0207047
365.4 3.76991 -0.00309815
365.6 3.76991 -0.0316985
365.8 3.76991 -0.0377152
366 3.76991 -0.0336457
366.2 3.76991 -0.0496667
366.4 3.76991 -0.0849848
366.6 3.76991 -0.0998692
366.8 3.76991 -0.0619345
367 3.76991 0.0123548
367.2 3.76991 0.0748181
367.4 3.76991 0.0981671
367.6 3.76991 0.0950841
367.8 3.76991 0.0829525
368 3.76991 0.0503565
368.2 3.76991 -0.0203814
368.4 3.76991 -0.102848
368.6 3.76991 -0.127274
368.8 3.76991 -0.0517472
369 3.76991 0.0759811
369.2 3.76991 0.151446
369.4 3.76991 0.117254
369.6 3.76991 0.0213801
369.8 3.76991 -0.0390347
370 3.76991 -0.0227046
370.2 3.76991 0.0246576
370.4 3.76991 0.041817
370.6 3.76991 0.0290185
370.8 3.76991 0.0334862
371 3.76991 0.0702336
371.2 3.76991 0.0898393
371.4 3.76991 0.0408706
371.6 3.76991 -0.0539046
371.8 3.76991 -0.111128
372 3.76991 -0.0794997
372.2 3.76991 0.00330445
372.4 3.76991 0.060173
372.6 3.76991 0.0661806
372.8 3.76991 0.0658485
373 3.76991 0.0989536
373.2 3.76991 0.137243
373.4 3.76991 0.118601
373.6 3.76991 0.0346091
373.8 3.76991 -0.0456944
374 3.76991 -0.0521491
374.2 3.76991 0.00456052
374.4 3.76991 0.0488494
374.6 3.76991 0.0336402
374.8 3.76991 -0.00740646
375 3.76991 -0.0123484
375.2 3.76991 0.0233702
375.4 3.76991 0.0401232
375.6 3.76991 -0.0059422
375.8 3.76991 -0.0811661
376 3.76991 -0.111522
376.2 3.76991 -0.0716023
376.4 3.76991 -0.012955
376.6 3.76991 0.0026973
376.8 3.76991 -0.0204221
377 3.76991 -0.0211285
377.2 3.76991 0.0386416
377.4 3.76991 0.122909
377.6 3.76991 0.159581
377.8 3.76991 0.117425
378 3.76991 0.0325721
378.2 3.76991 -0.0361447
378.4 3.76991 -0.061756
378.6 3.76991 -0.0558765
378.8 3.76991 -0.0387247
379 3.76991 -0.0207349
379.2 3.76991 -0.0104697
379.4 3.76991 -0.0199236
379.6 3.76991 -0.0489478
379.8 3.76991 -0.0731104
380 3.76991 -0.0640915
380.2 3.76991 -0.0257312
380.4 3.76991 0.00208844
380.6 3.76991 -0.0144708
380.8 3.76991 -0.0615103
381 3.76991 -0.0880121
381.2 3.76991 -0.0598182
381.4 3.76991 0.004299
381.6 3.76991 0.0544503
381.8 3.76991 0.0610256
382 3.76991 0.0375147
382.2 3.76991 0.0158374
382.4 3.76991 0.0103325
382.6 3.76991 0.0107221
382.8 3.76991 0.00272889
383 3.76991 -0.0143127
383.2 3.76991 -0.0295754
383.4 3.76991 -0.0317084
383.6 3.76991 -0.0147413
383.8 3.76991 0.0191657
384 3.76991 0.0553335
384.2 3.76991 0.0690102
384.4 3.76991 0.043776
384.6 3.76991 -0.0082277
384.8 3.76991 -0.0518694
385 3.76991 -0.0629003
385.2 3.76991 -0.0533253
385.4 3.76991 -0.0542371
385.6 3.76991 -0.0727481
385.8 3.76991 -0.0771796
386 3.76991 -0.0343895
386.2 3.76991 0.0432578
386.4 3.76991 0.101542
386.6 3.76991 0.0997685
386.8 3.76991 0.0536186
387 3.76991 0.0142759
387.2 3.76991 0.00986043
387.4 3.76991 0.0202579
387.6 3.76991 0.0122789
387.8 3.76991 -0.0144883
388 3.76991 -0.0308204
388.2 3.76991 -0.0221721
388.4 3.76991 -0.0112605
388.6 3.76991 -0.0260241
388.8 3.76991 -0.0556426
389 3.76991 -0.0570928
389.2 3.76991 -0.0101584
389.4 3.76991 0.0474866
389.6 3.76991 0.0544493
389.8 3.76991 -0.00607525
390 3.76991 -0.0832908
390.2 3.76991 -0.10965
390.4 3.76991 -0.0691791
390.6 3.76991 -0.00866616
390.8 3.76991 0.0154758
391 3.76991 -0.00766376
391.2 3.76991 -0.0432609
391.4 3.76991 -0.0560021
391.6 3.76991 -0.0454592
391.8 3.76991 -0.0364196
392 3.76991 -0.0427446
392.2 3.76991 -0.0481009
392.4 3.76991 -0.0234053
392.6 3.76991 0.0383643
392.8 3.76991 0.104945
393 3.76991 0.123854
393.2 3.76991 0.0651802
393.4 3.76991 -0.0461639
393.6 3.76991 -0.140235
393.8 3.76991 -0.152802
394 3.76991 -0.0776661
394.2 3.76991 0.0277902
394.4 3.76991 0.0919455
394.6 3.76991 0.0874958
394.8 3.76991 0.0433627
395 3.76991 0.00440763
395.2 3.76991 -0.0114978
395.4 3.76991 -0.0135474
395.6 3.76991 -0.00705954
395.8 3.76991 0.0189028
396 3.76991 0.0666622
396.2 3.76991 0.106501
396.4 3.76991 0.0977315
396.6 3.76991 0.0373765
396.8 3.76991 -0.0256186
397 3.76991 -0.0374441
397.2 3.76991 0.00296121
397.4 3.76991 0.0451714
397.6 3.76991 0.0474796
397.8 3.76991 0.0224215
398 3.76991 0.0125155
398.2 3.76991 0.0299324
398.4 3.76991 0.0396867
398.6 3.76991 0.00838398
398.8 3.76991 -0.0465476
399 3.76991 -0.0741694
399.2 3.76991 -0.0535321
399.4 3.76991 -0.02057
399.6 3.76991 -0.021113
399.8 3.76991 -0.049793
400 3.76991 -0.0554993
400.2 3.76991 -0.00956221
400.4 3.76991 0.0496562
400.6 3.76991 0.0555568
400.8 3.76991 -0.00882736
401 3.76991 -0.0875799
401.2 3.76991 -0.110703
401.4 3.76991 -0.0647918
401.6 3.76991 0.00354361
401.8 3.76991 0.0451414
402 3.76991 0.0528396
402.2 3.76991 0.0480337
402.4 3.76991 0.0420609
402.6 3.76991 0.0275744
402.8 3.76991 0.00247365
403 3.76991 -0.0183447
403.2 3.76991 -0.0244306
403.4 3.76991 -0.0300986
403.6 3.76991 -0.055931
403.8 3.76991 -0.0911674
404 3.76991 -0.0930593
404.2 3.76991 -0.0364384
404.4 3.76991 0.043944
404.6 3.76991 0.0783291
404.8 3.76991 0.0348404
405 3.76991 -0.0424244
405.2 3.76991 -0.0780927
405.4 3.76991 -0.0447024
405.6 3.76991 0.013294
405.8 3.76991 0.0353632
406 3.76991 0.0128589
406.2 3.76991 -0.00913514
406.4 3.76991 0.00679037
406.6 3.76991 0.041814
406.8 3.76991 0.04234
407 3.76991 -0.0151319
407.2 3.76991 -0.0913548
407.4 3.76991 -0.120982
407.6 3.76991 -0.0785416
407.8 3.76991 -0.00413526
408 3.76991 0.035695
408.2 3.76991 0.0101452
408.4 3.76991 -0.0515903
408.6 3.76991 -0.0939645
408.8 3.76991 -0.0892264
409 3.76991 -0.0581275
409.2 3.76991 -0.0394592
409.4 3.76991 -0.0437049
409.6 3.76991 -0.0421351
409.8 3.76991 -0.00392168
410 3.76991 0.0609543
410.2 3.76991 0.105209
410.4 3.76991 0.0952456
410.6 3.76991 0.0521047
410.8 3.76991 0.0305583
411 3.76991 0.0551947
411.2 3.76991 0.0879574
411.4 3.76991 0.0699058
411.6 3.76991 -0.00817055
411.8 3.76991 -0.0905578
412 3.76991 -0.117528
412.2 3.76991 -0.0898315
412.4 3.76991 -0.05892
412.6 3.76991 -0.05733
412.8 3.76991 -0.0601003
413 3.76991 -0.0275361
413.2 3.76991 0.02847
413.4 3.76991 0.0478577
413.6 3.76991 -0.000623389
413.8 3.76991 -0.067444
414 3.76991 -0.0715124
414.2 3.76991 0.00109942
414.4 3.76991 0.072149
414.6 3.76991 0.0598791
414.8 3.76991 -0.0212025
415 3.76991 -0.0725055
415.2 3.76991 -0.0256737
415.4 3.76991 0.076077
415.6 3.76991 0.126712
415.8 3.76991 0.0764859
416 3.76991 -0.0189601
416.2 3.76991 -0.069884
416.4 3.76991 -0.0499414
416.6 3.76991 -0.00560035
416.8 3.76991 0.0171601
417 3.76991 0.024439
417.2 3.76991 0.042954
417.4 3.76991 0.0621005
417.6 3.76991 0.0384119
417.8 3.76991 -0.0401755
418 3.76991 -0.120177
418.2 3.76991 -0.13228
418.4 3.76991 -0.0680118
418.6 3.76991 0.0119798
418.8 3.76991 0.0474901
419 3.76991 0.0398998
419.2 3.76991 0.0344754
419.4 3.76991 0.0560451
419.6 3.76991 0.08285
419.8 3.76991 0.0839685
420 3.76991 0.0611729
420.2 3.76991 0.0391215
420.4 3.76991 0.0259258
420.6 3.76991 0.00607499
420.8 3.76991 -0.0243265
421 3.76991 -0.0365321
421.2 3.76991 -0.00202788
421.4 3.76991 0.0597138
421.6 3.76991 0.0878019
421.8 3.76991 0.0434707
422 3.76991 -0.0433881
422.2 3.76991 -0.102697
422.4 3.76991 -0.0948793
422.6 3.76991 -0.0422354
422.8 3.76991 0.00679649
423 3.76991 0.0274081
423.2 3.76991 0.024734
423.4 3.76991 0.00712929
423.6 3.76991 -0.0236435
423.8 3.76991 -0.0543149
424 3.76991 -0.0555015
424.2 3.76991 -0.0138567
424.4 3.76991 0.0393653
424.6 3.76991 0.0542304
424.8 3.76991 0.0219225
425 3.76991 -0.00919408
425.2 3.76991 0.00769902
425.4 3.76991 0.0538029
425.6 3.76991 0.062772
425.8 3.76991 0.00624162
426 3.76991 -0.0620489
426.2 3.76991 -0.0680223
426.4 3.76991 -0.0126011
426.6 3.76991 0.0242422
426.8 3.76991 -0.0157249
427 3.76991 -0.0882283
427.2 3.76991 -0.094461
427.4 3.76991 -0.00559625
427.6 3.76991 0.0921903
427.8 3.76991 0.0950231
428 3.76991 0.00553369
428.2 3.76991 -0.0703015
428.4 3.76991 -0.0517656
428.6 3.76991 0.0213398
428.8 3.76991 0.0445121
429 3.76991 -0.0159661
429.2 3.76991 -0.0789727
429.4 3.76991 -0.0513413
429.6 3.76991 0.0518714
429.8 3.76991 0.120793
430 3.76991 0.0818918
430.2 3.76991 -0.0149084
430.4 3.76991 -0.0583247
430.6 3.76991 -0.00844603
430.8 3.76991 0.0614364
431 3.76991 0.059179
431.2 3.76991 -0.015308
431.4 3.76991 -0.0744825
431.6 3.76991 -0.0497909
431.8 3.76991 0.0316151
432 3.76991 0.0848553
432.2 3.76991 0.0635951
432.4 3.76991 -0.000730134
432.6 3.76991 -0.0498599
432.8 3.76991 -0.0638315
433 3.76991 -0.0629262
433.2 3.76991 -0.0601036
433.4 3.76991 -0.0375429
433.6 3.76991 0.0214859
433.8 3.76991 0.0929597
434 3.76991 0.123426
434.2 3.76991 0.0842836
434.4 3.76991 0.00576179
434.6 3.76991 -0.0498999
434.8 3.76991 -0.0463911
435 3.76991 -0.00152464
435.2 3.76991 0.0381905
435.4 3.76991 0.0435602
435.6 3.76991 0.0227368
435.8 3.76991 0.0031768
436 3.76991 0.00104335
436.2 3.76991 0.00812586
436.4 3.76991 0.00349394
436.6 3.76991 -0.0248728
436.8 3.76991 -0.0677492
437 3.76991 -0.100518
437.2 3.76991 -0.101353
437.4 3.76991 -0.0670106
437.6 3.76991 -0.0139475
437.8 3.76991 0.0340441
438 3.76991 0.0594025
438.2 3.76991 0.055402
438.4 3.76991 0.0245244
438.6 3.76991 -0.0215454
438.8 3.76991 -0.0611403
439 3.76991 -0.0708756
439.2 3.76991 -0.0437162
439.4 3.76991 1.73396e-05
439.6 3.76991 0.0260972
439.8 3.76991 0.0160705
440 3.76991 -0.0168168
440.2 3.76991 -0.0434012
440.4 3.76991 -0.0480034
440.6 3.76991 -0.0378428
440.8 3.76991 -0.0249122
441 3.76991 -0.00764402
441.2 3.76991 0.0223743
441.4 3.76991 0.0597331
441.6 3.76991 0.082583
441.8 3.76991 0.0755292
442 3.76991 0.0485774
442.2 3.76991 0.0251629
442.4 3.76991 0.0139288
442.6 3.76991 0.00259831
442.8 3.76991 -0.0172595
443 3.76991 -0.0304676
443.2 3.76991 -0.0154163
443.4 3.76991 0.0216909
443.6 3.76991 0.0454499
443.8 3.76991 0.0332168
444 3.76991 0.00920284
444.2 3.76991 0.0200159
444.4 3.76991 0.0732713
444.6 3.76991 0.115638
444.8 3.76991 0.0867246
445 3.76991 -0.00761406
445.2 3.76991 -0.0903013
445.4 3.76991 -0.0885405
445.6 3.76991 -0.00731291
445.8 3.76991 0.079926
446 3.76991 0.108277
446.2 3.76991 0.0770693
446.4 3.76991 0.029867
446.6 3.76991 -0.00310903
446.8 3.76991 -0.0267131
447 3.76991 -0.0520746
447.2 3.76991 -0.0692184
447.4 3.76991 -0.0620437
447.6 3.76991 -0.039957
447.8 3.76991 -0.0346064
448 3.76991 -0.0601738
448.2 3.76991 -0.0906986
448.4 3.76991 -0.0892047
448.6 3.76991 -0.0540271
448.8 3.76991 -0.0218716
449 3.76991 -0.0221368
449.2 3.76991 -0.0411499
449.4 3.76991 -0.0421192
449.6 3.76991 -0.0135199
449.8 3.76991 0.0179918
450 3.76991 0.0252999
450.2 3.76991 0.0161767
450.4 3.76991 0.0179319
450.6 3.76991 0.0339134
450.8 3.76991 0.0350918
451 3.76991 0.00267897
451.2 3.76991 -0.0353522
451.4 3.76991 -0.0292869
451.6 3.76991 0.0302053
451.8 3.76991 0.0918827
452 3.76991 0.0979705
452.2 3.76991 0.0508087
452.4 3.76991 0.00994494
452.6 3.76991 0.0200952
452.8 3.76991 0.0566891
453 3.76991 0.0561936
453.2 3.76991 -0.00409319
453.4 3.76991 -0.0727599
453.6 3.76991 -0.0786646
453.8 3.76991 -0.0102505
454 3.76991 0.0705857
454.2 3.76991 0.0933339
454.4 3.76991 0.0480798
454.6 3.76991 -0.0137198
454.8 3.76991 -0.0384188
455 3.76991 -0.0199069
455.2 3.76991 0.00775722
455.4 3.76991 0.014327
455.6 3.76991 0.00121422
455.8 3.76991 -0.00990896
456 3.76991 -0.00495944
456.2 3.76991 0.0107504
456.4 3.76991 0.0231393
456.6 3.76991 0.0249984
456.8 3.76991 0.020619
457 3.76991 0.0189262
457.2 3.76991 0.0238413
457.4 3.76991 0.029806
457.6 3.76991 0.0262763
457.8 3.76991 0.00932295
458 3.76991 -0.00934342
458.2 3.76991 -0.00797466
458.4 3.76991 0.0249027
458.6 3.76991 0.0739385
458.8 3.76991 0.104322
459 3.76991 0.0903689
459.2 3.76991 0.0378492
459.4 3.76991 -0.0226376
459.6 3.76991 -0.0632222
459.8 3.76991 -0.0775666
460 3.76991 -0.0751332
460.2 3.76991 -0.0645803
460.4 3.76991 -0.0483288
460.6 3.76991 -0.0293038
460.8 3.76991 -0.0131516
461 3.76991 0.000237342
461.2 3.76991 0.0203222
461.4 3.76991 0.0521767
461.6 3.76991 0.0805782
461.8 3.76991 0.0789298
462 3.76991 0.041597
462.2 3.76991 0.00137211
462.4 3.76991 0.00182761
462.6 3.76991 0.0472945
462.8 3.76991 0.0883246
463 3.76991 0.0675076
463.2 3.76991 -0.0189677
463.4 3.76991 -0.111786
463.6 3.76991 -0.14404
463.8 3.76991 -0.102581
464 3.76991 -0.0320098
464.2 3.76991 0.0156299
464.4 3.76991 0.0250893
464.6 3.76991 0.0130737
464.8 3.76991 -0.00499992
465 3.76991 -0.0281593
465.2 3.76991 -0.0522089
465.4 3.76991 -0.0573418
465.6 3.76991 -0.0281008
465.8 3.76991 0.0183026
466 3.76991 0.0397105
466.2 3.76991 0.0136713
466.4 3.76991 -0.0326886
466.6 3.76991 -0.0491836
466.8 3.76991 -0.0193797
467 3.76991 0.0194019
467.2 3.76991 0.0196475
467.4 3.76991 -0.0192243
467.6 3.76991 -0.0492449
467.8 3.76991 -0.0314232
468 3.76991 0.0157348
468.2 3.76991 0.0360643
468.4 3.76991 0.00238973
468.6 3.76991 -0.0483818
468.8 3.76991 -0.0544448
469 3.76991 0.000663127
469.2 3.76991 0.0663933
469.4 3.76991 0.0769273
469.6 3.76991 0.0198702
469.8 3.76991 -0.0510677
470 3.76991 -0.0696388
470.2 3.76991 -0.0186138
470.4 3.76991 0.0601061
470.6 3.76991 0.108432
470.8 3.76991 0.0996253
471 3.76991 0.049609
471.2 3.76991 -0.00560814
471.4 3.76991 -0.0364853
471.6 3.76991 -0.0311607
471.8 3.76991 0.00485073
472 3.76991 0.0513434
472.2 3.76991 0.0804343
472.4 3.76991 0.0728231
472.6 3.76991 0.0344841
472.8 3.76991 -0.00476817
473 3.76991 -0.0160438
473.2 3.76991 0.00166144
473.4 3.76991 0.02059
473.6 3.76991 0.0132118
473.8 3.76991 -0.0177244
474 3.76991 -0.0402032
474.2 3.76991 -0.02548
474.4 3.76991 0.0209854
474.6 3.76991 0.0626169
474.8 3.76991 0.0658609
475 3.76991 0.030835
475.2 3.76991 -0.0115318
475.4 3.76991 -0.0306031
475.6 3.76991 -0.0226674
475.8 3.76991 -0.0081913
476 3.76991 -0.00704101
476.2 3.76991 -0.0197873
476.4 3.76991 -0.0324049
476.6 3.76991 -0.034599
476.8 3.76991 -0.0293498
477 3.76991 -0.0250437
477.2 3.76991 -0.0227988
477.4 3.76991 -0.0155224
477.6 3.76991 0.000874908
477.8 3.76991 0.0191216
478 3.76991 0.0265024
478.2 3.76991 0.0188762
478.4 3.76991 0.00656754
478.6 3.76991 0.00467183
478.8 3.76991 0.0176702
479 3.76991 0.0341678
479.2 3.76991 0.0365406
479.4 3.76991 0.0154295
479.6 3.76991 -0.0240236
479.8 3.76991 -0.0671733
480 3.76991 -0.0989829
480.2 3.76991 -0.109562
480.4 3.76991 -0.0955948
480.6 3.76991 -0.0608353
480.8 3.76991 -0.0163185
481 3.76991 0.0229073
481.2 3.76991 0.0452857
481.4 3.76991 0.0494013
481.6 3.76991 0.0428759
481.8 3.76991 0.0337149
482 3.76991 0.0228983
482.2 3.76991 0.0067159
482.4 3.76991 -0.0134574
482.6 3.76991 -0.0262962
482.8 3.76991 -0.0194146
483 3.76991 0.00482702
483.2 3.76991 0.0249422
483.4 3.76991 0.0173367
483.6 3.76991 -0.0184298
483.8 3.76991 -0.0528811
484 3.76991 -0.0506479
484.2 3.76991 -0.00538445
484.4 3.76991 0.0500395
484.6 3.76991 0.0724086
484.8 3.76991 0.0494772
485 3.76991 0.0112446
485.2 3.76991 -0.00204554
485.4 3.76991 0.0181266
485.6 3.76991 0.0422226
485.8 3.76991 0.0389
486 3.76991 0.0128049
486.2 3.76991 -2.64291e-05
486.4 3.76991 0.0248806
486.6 3.76991 0.0682272
486.8 3.76991 0.083809
487 3.76991 0.0472735
487.2 3.76991 -0.0174554
487.4 3.76991 -0.0630153
487.6 3.76991 -0.0656777
487.8 3.76991 -0.0421021
488 3.76991 -0.0213568
488.2 3.76991 -0.0101478
488.4 3.76991 0.006536
488.6 3.76991 0.0343872
488.8 3.76991 0.0524455
489 3.76991 0.0354873
489.2 3.76991 -0.0105065
489.4 3.76991 -0.0467268
489.6 3.76991 -0.0414939
489.8 3.76991 -0.00697867
490 3.76991 0.0123129
490.2 3.76991 -0.010506
490.4 3.76991 -0.0522111
490.6 3.76991 -0.0628502
490.8 3.76991 -0.0208751
491 3.76991 0.0397167
491.2 3.76991 0.0598378
491.4 3.76991 0.0121121
491.6 3.76991 -0.0726981
491.8 3.76991 -0.132643
492 3.76991 -0.12665
492.2 3.76991 -0.0651502
492.4 3.76991 0.00164245
492.6 3.76991 0.0232071
492.8 3.76991 -0.0150066
493 3.76991 -0.0818634
493.2 3.76991 -0.123424
493.4 3.76991 -0.104615
493.6 3.76991 -0.0396961
493.8 3.76991 0.0165034
494 3.76991 0.0156158
494.2 3.76991 -0.0384699
494.4 3.76991 -0.0908812
494.6 3.76991 -0.0879442
494.8 3.76991 -0.0298858
495 3.76991 0.0308701
495.2 3.76991 0.0445306
495.4 3.76991 0.0125138
495.6 3.76991 -0.0225985
495.8 3.76991 -0.0305601
496 3.76991 -0.0260185
496.2 3.76991 -0.0428105
496.4 3.76991 -0.0844107
496.6 3.76991 -0.113888
496.8 3.76991 -0.0970709
497 3.76991 -0.0457719
497.2 3.76991 -0.0067156
497.4 3.76991 -0.00879902
497.6 3.76991 -0.0331361
497.8 3.76991 -0.0417646
498 3.76991 -0.0274131
498.2 3.76991 -0.0206491
498.4 3.76991 -0.0454216
498.6 3.76991 -0.0807789
498.8 3.76991 -0.0804002
499 3.76991 -0.0291557
499.2 3.76991 0.0325761
499.4 3.76991 0.0488162
499.6 3.76991 0.00667097
499.8 3.76991 -0.0537491
500 3.76991 -0.0861144
500.2 3.76991 -0.0829616
500.4 3.76991 -0.068888
500.6 3.76991 -0.0593878
500.8 3.76991 -0.0431084
501 3.76991 -0.00824304
501.2 3.76991 0.0281067
501.4 3.76991 0.0333581
501.6 3.76991 0.00225835
501.8 3.76991 -0.0282301
502 3.76991 -0.0177951
502.2 3.76991 0.0281092
502.4 3.76991 0.0601997
502.6 3.76991 0.0401968
502.8 3.76991 -0.0149751
503 3.76991 -0.0523573
503.2 3.76991 -0.0434298
503.4 3.76991 -0.0153892
503.6 3.76991 -0.0178061
503.8 3.76991 -0.064838
504 3.76991 -0.118576
504.2 3.76991 -0.128809
504.4 3.76991 -0.0821203
504.6 3.76991 -0.00944639
504.8 3.76991 0.0473643
505 3.76991 0.0693541
505.2 3.76991 0.0650306
505.4 3.76991 0.053979
505.6 3.76991 0.0520474
505.8 3.76991 0.0651532
506 3.76991 0.0852645
506.2 3.76991 0.090349
506.4 3.76991 0.0589048
506.6 3.76991 -0.00507249
506.8 3.76991 -0.0633835
507 3.76991 -0.0713026
507.2 3.76991 -0.0217151
507.4 3.76991 0.0407365
507.6 3.76991 0.0570977
507.8 3.76991 0.0089309
508 3.76991 -0.065162
508.2 3.76991 -0.107511
508.4 3.76991 -0.0929528
508.6 3.76991 -0.0427945
508.8 3.76991 0.00471584
509 3.76991 0.0287857
509.2 3.76991 0.0314254
509.4 3.76991 0.0205828
509.6 3.76991 7.3702e-06
509.8 3.76991 -0.0238779
510 3.76991 -0.0363095
510.2 3.76991 -0.0256251
510.4 3.76991 -0.000208742
510.6 3.76991 0.0139166
510.8 3.76991 -0.0019302
511 3.76991 -0.0374097
511.2 3.76991 -0.0601461
511.4 3.76991 -0.0459083
511.6 3.76991 -0.00153914
511.8 3.76991 0.0413218
512 3.76991 0.0541509
512.2 3.76991 0.0348065
512.4 3.76991 0.00763586
512.6 3.76991 0.00239793
512.8 3.76991 0.0290035
513 3.76991 0.0670301
513.2 3.76991 0.0798104
513.4 3.76991 0.0456431
513.6 3.76991 -0.0186854
513.8 3.76991 -0.0668721
514 3.76991 -0.0624371
514.2 3.76991 -0.0142044
514.4 3.76991 0.0295797
514.6 3.76991 0.0267158
514.8 3.76991 -0.0182836
515 3.76991 -0.0600858
515.2 3.76991 -0.057977
515.4 3.76991 -0.0125099
515.6 3.76991 0.0418147
515.8 3.76991 0.0725753
516 3.76991 0.0716834
516.2 3.76991 0.0473819
516.4 3.76991 0.00847799
516.6 3.76991 -0.0347378
516.8 3.76991 -0.0622966
517 3.76991 -0.0545505
517.2 3.76991 -0.0182542
517.4 3.76991 0.00725464
517.6 3.76991 -0.0153911
517.8 3.76991 -0.0781939
518 3.76991 -0.128865
518.2 3.76991 -0.123289
518.4 3.76991 -0.0725956
518.6 3.76991 -0.0291533
518.8 3.76991 -0.0266612
519 3.76991 -0.0453656
519.2 3.76991 -0.0424284
519.4 3.76991 -0.00751431
519.6 3.76991 0.0264421
519.8 3.76991 0.0283397
520 3.76991 0.00881343
520.2 3.76991 0.00237883
520.4 3.76991 0.0165023
520.6 3.76991 0.0179951
520.8 3.76991 -0.0212632
521 3.76991 -0.0778317
521.2 3.76991 -0.0942859
521.4 3.76991 -0.0455125
521.6 3.76991 0.0272797
521.8 3.76991 0.060138
522 3.76991 0.0369745
522.2 3.76991 0.00254416
522.4 3.76991 0.00306578
522.6 3.76991 0.0291737
522.8 3.76991 0.0314324
523 3.76991 -0.0129637
523.2 3.76991 -0.0666394
523.4 3.76991 -0.0735949
523.6 3.76991 -0.0243178
523.8 3.76991 0.0343418
524 3.76991 0.0531898
524.2 3.76991 0.0313606
524.4 3.76991 0.00575523
524.6 3.76991 -0.000120329
524.8 3.76991 -0.00139515
525 3.76991 -0.0239558
525.2 3.76991 -0.0646426
525.4 3.76991 -0.0913722
525.6 3.76991 -0.0806323
525.8 3.76991 -0.0437563
526 3.76991 -0.011635
526.2 3.76991 -0.000171096
526.4 3.76991 0.00185036
526.6 3.76991 0.013242
526.8 3.76991 0.0372302
527 3.76991 0.0599602
527.2 3.76991 0.0661596
527.4 3.76991 0.0518212
527.6 3.76991 0.0253981
527.8 3.76991 0.00264066
528 3.76991 -0.00173777
528.2 3.76991 0.0133088
528.4 3.76991 0.0270377
528.6 3.76991 0.00975846
528.8 3.76991 -0.0452276
529 3.76991 -0.103097
529.2 3.76991 -0.113147
529.4 3.76991 -0.061525
529.6 3.76991 0.0070781
529.8 3.76991 0.031855
530 3.76991 0.00125019
530.2 3.76991 -0.0336995
530.4 3.76991 -0.0185153
530.6 3.76991 0.0395762
530.8 3.76991 0.0784543
531 3.76991 0.053795
531.2 3.76991 -0.00775106
531.4 3.76991 -0.0385805
531.6 3.76991 -0.00697751
531.8 3.76991 0.0505815
532 3.76991 0.0761745
532.2 3.76991 0.0553614
532.4 3.76991 0.0230347
532.6 3.76991 0.0123295
532.8 3.76991 0.0181747
533 3.76991 0.0191262
533.2 3.76991 0.018254
533.4 3.76991 0.0396023
533.6 3.76991 0.0829123
533.8 3.76991 0.10446
534 3.76991 0.0624505
534.2 3.76991 -0.0233375
534.4 3.76991 -0.0783775
534.6 3.76991 -0.0500436
534.8 3.76991 0.03306
535 3.76991 0.0916978
535.2 3.76991 0.0826389
535.4 3.76991 0.0391736
535.6 3.76991 0.0204358
535.8 3.76991 0.036143
536 3.76991 0.040495
536.2 3.76991 -0.000908153
536.4 3.76991 -0.0590537
536.6 3.76991 -0.0718592
536.8 3.76991 -0.0193129
537 3.76991 0.0499071
537.2 3.76991 0.0722866
537.4 3.76991 0.0376478
537.6 3.76991 -0.00782821
537.8 3.76991 -0.0200547
538 3.76991 -0.00168663
538.2 3.76991 0.015673
538.4 3.76991 0.018846
538.6 3.76991 0.025563
538.8 3.76991 0.0510014
539 3.76991 0.0789648
539.2 3.76991 0.0784392
539.4 3.76991 0.0433402
539.6 3.76991 0.00287317
539.8 3.76991 -0.0105338
540 3.76991 0.00535695
540.2 3.76991 0.02675
540.4 3.76991 0.0349998
540.6 3.76991 0.0337362
540.8 3.76991 0.0358368
541 3.76991 0.0442026
541.2 3.76991 0.0513344
541.4 3.76991 0.0506277
541.6 3.76991 0.0378833
541.8 3.76991 0.00419359
542 3.76991 -0.0581834
542.2 3.76991 -0.134436
542.4 3.76991 -0.181078
542.6 3.76991 -0.158688
542.8 3.76991 -0.0767422
543 3.76991 0.00436202
543.2 3.76991 0.0278651
543.4 3.76991 -0.0037511
543.6 3.76991 -0.0364812
543.8 3.76991 -0.02895
544 3.76991 0.00232005
544.2 3.76991 0.0100062
544.4 3.76991 -0.0193828
544.6 3.76991 -0.0455985
544.8 3.76991 -0.026314
545 3.76991 0.0237347
545.2 3.76991 0.0423711
545.4 3.76991 -0.00850167
545.6 3.76991 -0.0940434
545.8 3.76991 -0.140176
546 3.76991 -0.111682
546.2 3.76991 -0.045849
546.4 3.76991 -0.00647104
546.6 3.76991 -0.0160515
546.8 3.76991 -0.0431926
547 3.76991 -0.0507396
547.2 3.76991 -0.0400984
547.4 3.76991 -0.0403263
547.6 3.76991 -0.0633361
547.8 3.76991 -0.0854205
548 3.76991 -0.0765164
548.2 3.76991 -0.0375471
548.4 3.76991 0.00119151
548.6 3.76991 0.0164553
548.8 3.76991 0.0171494
549 3.76991 0.0289296
549.2 3.76991 0.0594867
549.4 3.76991 0.0865719
549.6 3.76991 0.0816013
549.8 3.76991 0.0410311
550 3.76991 -0.0079514
550.2 3.76991 -0.0314693
550.4 3.76991 -0.0181181
550.6 3.76991 0.0127136
550.8 3.76991 0.0289754
551 3.76991 0.0147004
551.2 3.76991 -0.0144712
551.4 3.76991 -0.0247914
551.6 3.76991 0.000845012
551.8 3.76991 0.0387629
552 3.76991 0.0414313
552.2 3.76991 -0.0113663
552.4 3.76991 -0.0776385
552.6 3.76991 -0.0815351
552.8 3.76991 0.0103398
553 3.76991 0.140749
553.2 3.76991 0.202221
553.4 3.76991 0.136846
553.6 3.76991 -0.00441727
553.8 3.76991 -0.108786
554 3.76991 -0.109014
554.2 3.76991 -0.0404833
554.4 3.76991 0.00910792
554.6 3.76991 -0.00340063
554.8 3.76991 -0.0404656
555 3.76991 -0.0406605
555.2 3.76991 0.00517614
555.4 3.76991 0.0472367
555.6 3.76991 0.040498
555.8 3.76991 -0.00177212
556 3.76991 -0.0262074
556.2 3.76991 -0.00182607
556.4 3.76991 0.048913
556.6 3.76991 0.0810756
556.8 3.76991 0.0758279
557 3.76991 0.0496635
557.2 3.76991 0.0241083
557.4 3.76991 0.00204546
557.6 3.76991 -0.0221337
557.8 3.76991 -0.0421846
558 3.76991 -0.0435095
558.2 3.76991 -0.0250074
558.4 3.76991 -0.00376289
558.6 3.76991 0.00834879
558.8 3.76991 0.0232251
559 3.76991 0.0591202
559.2 3.76991 0.106397
559.4 3.76991 0.12583
559.6 3.76991 0.0917246
559.8 3.76991 0.030176
560 3.76991 -0.000224757
560.2 3.76991 0.0293406
560.4 3.76991 0.0846801
560.6 3.76991 0.106866
560.8 3.76991 0.0792543
561 3.76991 0.0436585
561.2 3.76991 0.046367
561.4 3.76991 0.0798218
561.6 3.76991 0.0915806
561.8 3.76991 0.0497793
562 3.76991 -0.0150988
562.2 3.76991 -0.0435102
562.4 3.76991 -0.0156624
562.6 3.76991 0.0261842
562.8 3.76991 0.0273234
563 3.76991 -0.0175511
563.2 3.76991 -0.0606823
563.4 3.76991 -0.0557349
563.6 3.76991 -0.00536116
563.8 3.76991 0.0477001
564 3.76991 0.066705
564.2 3.76991 0.0497402
564.4 3.76991 0.018072
564.6 3.76991 -0.00956159
564.8 3.76991 -0.0252709
565 3.76991 -0.025323
565.2 3.76991 -0.0100582
565.4 3.76991 0.00815587
565.6 3.76991 0.0094292
565.8 3.76991 -0.0108921
566 3.76991 -0.0283942
566.2 3.76991 -0.0110843
566.4 3.76991 0.0408402
566.6 3.76991 0.0853558
566.8 3.76991 0.0785593
567 3.76991 0.0226397
567.2 3.76991 -0.0351094
567.4 3.76991 -0.0546247
567.6 3.76991 -0.046177
567.8 3.76991 -0.0525138
568 3.76991 -0.0915486
568.2 3.76991 -0.129948
568.4 3.76991 -0.121522
568.6 3.76991 -0.0650522
568.8 3.76991 -0.0110549
569 3.76991 -0.00775274
569.2 3.76991 -0.0484256
569.4 3.76991 -0.0807268
569.6 3.76991 -0.0653911
569.8 3.76991 -0.0165295
570 3.76991 0.0185985
570.2 3.76991 0.0118888
570.4 3.76991 -0.0209281
570.6 3.76991 -0.0438402
570.8 3.76991 -0.0378311
571 3.76991 -0.0109521
571.2 3.76991 0.0192842
571.4 3.76991 0.0418968
571.6 3.76991 0.0507431
571.8 3.76991 0.0387955
572 3.76991 0.00446196
572.2 3.76991 -0.0379947
572.4 3.76991 -0.0638404
572.6 3.76991 -0.0590279
572.8 3.76991 -0.0333138
573 3.76991 -0.00885126
573.2 3.76991 0.00194588
573.4 3.76991 0.00269903
573.6 3.76991 -0.000662864
573.8 3.76991 -0.0109661
574 3.76991 -0.0312578
574.2 3.76991 -0.0501841
574.4 3.76991 -0.0467346
574.6 3.76991 -0.0143404
574.8 3.76991 0.0255377
575 3.76991 0.0417005
575.2 3.76991 0.0257873
575.4 3.76991 0.000769868
575.6 3.76991 -0.00569663
575.8 3.76991 0.00825238
576 3.76991 0.0200587
576.2 3.76991 0.0120147
576.4 3.76991 -0.0089514
576.6 3.76991 -0.0240719
576.8 3.76991 -0.0284489
577 3.76991 -0.0342986
577.2 3.76991 -0.0476253
577.4 3.76991 -0.0509063
577.6 3.76991 -0.0188077
577.8 3.76991 0.0481964
578 3.76991 0.112667
578.2 3.76991 0.128904
578.4 3.76991 0.0840212
578.6 3.76991 0.0103503
578.8 3.76991 -0.0414396
579 3.76991 -0.0406795
579.2 3.76991 0.00572082
579.4 3.76991 0.0644627
579.6 3.76991 0.10007
579.8 3.76991 0.0948407
580 3.76991 0.0568241
580.2 3.76991 0.0140849
580.4 3.76991 -0.00407079
580.6 3.76991 0.0108327
580.8 3.76991 0.0391521
581 3.76991 0.0504469
581.2 3.76991 0.0318475
581.4 3.76991 -0.000169266
581.6 3.76991 -0.0167038
581.8 3.76991 -0.00416347
582 3.76991 0.0252498
582.2 3.76991 0.0471534
582.4 3.76991 0.0444964
582.6 3.76991 0.0148415
582.8 3.76991 -0.0325921
583 3.76991 -0.0787397
583.2 3.76991 -0.0971979
583.4 3.76991 -0.0690895
583.6 3.76991 -0.00644046
583.8 3.76991 0.0436332
584 3.76991 0.0330155
584.2 3.76991 -0.0385732
584.4 3.76991 -0.113211
584.6 3.76991 -0.124847
584.8 3.76991 -0.0651823
585 3.76991 0.00529857
585.2 3.76991 0.0184752
585.4 3.76991 -0.0300049
585.6 3.76991 -0.0762381
585.8 3.76991 -0.0565197
586 3.76991 0.0251284
586.2 3.76991 0.102058
586.4 3.76991 0.114499
586.6 3.76991 0.0665319
586.8 3.76991 0.0125056
587 3.76991 -0.00463054
587.2 3.76991 0.0074102
587.4 3.76991 0.0115157
587.6 3.76991 -0.00947212
587.8 3.76991 -0.0338564
588 3.76991 -0.0295196
588.2 3.76991 0.00790317
588.4 3.76991 0.0508276
588.6 3.76991 0.0700711
588.8 3.76991 0.0625912
589 3.76991 0.0476623
589.2 3.76991 0.0411269
589.4 3.76991 0.0391912
589.6 3.76991 0.0276239
589.8 3.76991 0.00173203
590 3.76991 -0.0269829
590.2 3.76991 -0.0432135
590.4 3.76991 -0.0427801
590.6 3.76991 -0.0328344
590.8 3.76991 -0.0190407
591 3.76991 0.00288807
591.2 3.76991 0.0395902
591.4 3.76991 0.0846099
591.6 3.76991 0.114797
591.8 3.76991 0.106942
592 3.76991 0.0599529
592.2 3.76991 -0.00083485
592.4 3.76991 -0.0440687
592.6 3.76991 -0.05795
592.8 3.76991 -0.0551887
593 3.76991 -0.0536384
593.2 3.76991 -0.0555634
593.4 3.76991 -0.0488514
593.6 3.76991 -0.0270988
593.8 3.76991 -0.00296118
594 3.76991 0.00225231
594.2 3.76991 -0.0186953
594.4 3.76991 -0.0498195
594.6 3.76991 -0.0655857
594.8 3.76991 -0.0513231
595 3.76991 -0.0107717
595.2 3.76991 0.040026
595.4 3.76991 0.0803563
595.6 3.76991 0.0897444
595.8 3.76991 0.0575731
596 3.76991 -0.00278225
596.2 3.76991 -0.0528366
596.4 3.76991 -0.054512
596.6 3.76991 -0.0047216
596.8 3.76991 0.0587057
597 3.76991 0.0918772
597.2 3.76991 0.0853214
597.4 3.76991 0.0639474
597.6 3.76991 0.0480446
597.8 3.76991 0.0266811
598 3.76991 -0.0193477
598.2 3.76991 -0.0745673
598.4 3.76991 -0.0890399
598.6 3.76991 -0.0345916
598.8 3.76991 0.0480739
599 3.76991 0.0784099
599.2 3.76991 0.0209093
599.4 3.76991 -0.0702404
599.6 3.76991 -0.105226
599.8 3.76991 -0.0552611
600 3.76991 0.0191137
600.2 3.76991 0.0413119
600.4 3.76991 0.00666149
600.6 3.76991 -0.0195733
600.8 3.76991 0.0108394
601 3.76991 0.0655174
601.2 3.76991 0.0696913
601.4 3.76991 -0.000683225
601.6 3.76991 -0.0850444
601.8 3.76991 -0.10449
602 3.76991 -0.0475812
602.2 3.76991 0.0239519
602.4 3.76991 0.0495619
602.6 3.76991 0.0302911
602.8 3.76991 0.00815316
603 3.76991 0.00271221
603.2 3.76991 -0.0093197
603.4 3.76991 -0.0496178
603.6 3.76991 -0.0942923
603.8 3.76991 -0.093224
604 3.76991 -0.0307247
604.2 3.76991 0.0484239
604.4 3.76991 0.0809976
604.6 3.76991 0.0463349
604.8 3.76991 -0.0209507
605 3.76991 -0.072022
605.2 3.76991 -0.0862418
605.4 3.76991 -0.0742272
605.6 3.76991 -0.0547905
605.8 3.76991 -0.0404812
606 3.76991 -0.0387396
606.2 3.76991 -0.0501586
606.4 3.76991 -0.0603795
606.6 3.76991 -0.0461311
606.8 3.76991 -0.00223045
607 3.76991 0.0409843
607.2 3.76991 0.041843
607.4 3.76991 -0.00519039
607.6 3.76991 -0.0560421
607.8 3.76991 -0.0618777
608 3.76991 -0.0235442
608.2 3.76991 0.0112327
608.4 3.76991 0.00797429
608.6 3.76991 -0.0106579
608.8 3.76991 0.00595851
609 3.76991 0.0681802
609.2 3.76991 0.124125
609.4 3.76991 0.11454
609.6 3.76991 0.0402237
609.8 3.76991 -0.0380824
610 3.76991 -0.0645673
610.2 3.76991 -0.0402181
610.4 3.76991 -0.00607998
610.6 3.76991 0.0103669
610.8 3.76991 0.0163431
611 3.76991 0.0262158
611.2 3.76991 0.034792
611.4 3.76991 0.0306145
611.6 3.76991 0.0231853
611.8 3.76991 0.0344999
612 3.76991 0.0597649
612.2 3.76991 0.0566906
612.4 3.76991 -0.0065774
612.6 3.76991 -0.097799
612.8 3.76991 -0.13753
613 3.76991 -0.081899
613.2 3.76991 0.0213218
613.4 3.76991 0.0767469
613.6 3.76991 0.0423825
613.8 3.76991 -0.027641
614 3.76991 -0.0487455
614.2 3.76991 -0.00296999
614.4 3.76991 0.0465398
614.6 3.76991 0.0375166
614.8 3.76991 -0.0144928
615 3.76991 -0.0370174
615.2 3.76991 0.00776637
615.4 3.76991 0.0730954
615.6 3.76991 0.0803768
615.8 3.76991 0.012126
616 3.76991 -0.0646575
616.2 3.76991 -0.0719816
616.4 3.76991 -0.00666855
616.6 3.76991 0.0580165
616.8 3.76991 0.0538911
617 3.76991 -0.0104566
617.2 3.76991 -0.0644043
617.4 3.76991 -0.0553639
617.6 3.76991 -0.00367257
617.8 3.76991 0.025358
618 3.76991 -0.00263501
618.2 3.76991 -0.0512624
618.4 3.76991 -0.0525853
618.6 3.76991 0.017306
618.8 3.76991 0.107296
619 3.76991 0.138468
619.2 3.76991 0.0822801
619.4 3.76991 -0.0108269
619.6 3.76991 -0.0619692
619.8 3.76991 -0.0415513
620 3.76991 0.00574377
620.2 3.76991 0.0123127
620.4 3.76991 -0.0407322
620.6 3.76991 -0.106948
620.8 3.76991 -0.125987
621 3.76991 -0.082821
621.2 3.76991 -0.0128764
621.4 3.76991 0.0431904
621.6 3.76991 0.0760864
621.8 3.76991 0.0970293
622 3.76991 0.10477
622.2 3.76991 0.0814791
622.4 3.76991 0.0241733
622.6 3.76991 -0.0343155
622.8 3.76991 -0.0509863
623 3.76991 -0.0189679
623.2 3.76991 0.0228018
623.4 3.76991 0.0320718
623.6 3.76991 0.00818452
623.8 3.76991 -0.0140515
624 3.76991 -0.0113875
624.2 3.76991 -0.00024061
624.4 3.76991 -0.0121798
624.6 3.76991 -0.0507919
624.8 3.76991 -0.0855247
625 3.76991 -0.0880893
625.2 3.76991 -0.0636708
625.4 3.76991 -0.0396641
625.6 3.76991 -0.0318344
625.8 3.76991 -0.0332012
626 3.76991 -0.0345575
626.2 3.76991 -0.0415776
626.4 3.76991 -0.0630387
626.6 3.76991 -0.090442
626.8 3.76991 -0.10325
627 3.76991 -0.0946329
627.2 3.76991 -0.0787221
627.4 3.76991 -0.0646698
627.6 3.76991 -0.0351879
627.8 3.76991 0.030917
628 3.76991 0.113518
628.2 3.76991 0.148455
628.4 3.76991 0.0893472
628.6 3.76991 -0.0297462
628.8 3.76991 -0.11196
629 3.76991 -0.0894738
629.2 3.76991 0.00664067
629.4 3.76991 0.0786557
629.6 3.76991 0.0629624
629.8 3.76991 -0.0101918
630 3.76991 -0.0579219
630.2 3.76991 -0.0336995
630.4 3.76991 0.0335857
630.6 3.76991 0.0810372
630.8 3.76991 0.0755776
631 3.76991 0.0333739
631.2 3.76991 -0.00797453
631.4 3.76991 -0.0216072
631.6 3.76991 -0.00177332
631.8 3.76991 0.0372688
632 3.76991 0.063515
632.2 3.76991 0.0429312
632.4 3.76991 -0.0270822
632.6 3.76991 -0.0989873
632.8 3.76991 -0.108196
633 3.76991 -0.0383521
633.2 3.76991 0.0524376
633.4 3.76991 0.0857387
633.6 3.76991 0.0450899
633.8 3.76991 -0.00771355
634 3.76991 -0.0045203
634.2 3.76991 0.051692
634.4 3.76991 0.0951079
634.6 3.76991 0.0783898
634.8 3.76991 0.0256979
635 3.76991 -0.00553748
635.2 3.76991 -0.00103405
635.4 3.76991 -0.00455868
635.6 3.76991 -0.0533719
635.8 3.76991 -0.120058
636 3.76991 -0.138053
636.2 3.76991 -0.080669
636.4 3.76991 0.00532827
636.6 3.76991 0.0521427
636.8 3.76991 0.0427594
637 3.76991 0.01623
637.2 3.76991 0.00955955
637.4 3.76991 0.0162059
637.6 3.76991 0.0101833
637.8 3.76991 -0.00714142
638 3.76991 -0.00748375
638.2 3.76991 0.0173248
638.4 3.76991 0.0313152
638.6 3.76991 -0.00538681
638.8 3.76991 -0.0796166
639 3.76991 -0.127805
639.2 3.76991 -0.102507
639.4 3.76991 -0.0250255
639.6 3.76991 0.0386845
639.8 3.76991 0.0487528
640 3.76991 0.0246316
640.2 3.76991 0.00794904
640.4 3.76991 0.00817076
640.6 3.76991 -0.000851566
640.8 3.76991 -0.0356499
641 3.76991 -0.0722735
641.2 3.76991 -0.0702418
641.4 3.76991 -0.0206706
641.6 3.76991 0.0402477
641.8 3.76991 0.0667375
642 3.76991 0.0454947
642.2 3.76991 0.00128139
642.4 3.76991 -0.0320559
642.6 3.76991 -0.0399216
642.8 3.76991 -0.0309751
643 3.76991 -0.0227012
643.2 3.76991 -0.0257103
643.4 3.76991 -0.0358472
643.6 3.76991 -0.036718
643.8 3.76991 -0.0139204
644 3.76991 0.0263005
644.2 3.76991 0.0535282
644.4 3.76991 0.0373189
644.6 3.76991 -0.0193254
644.8 3.76991 -0.0751971
645 3.76991 -0.0875405
645.2 3.76991 -0.0550099
645.4 3.76991 -0.0181704
645.6 3.76991 -0.0144614
645.8 3.76991 -0.0375964
646 3.76991 -0.0469482
646.2 3.76991 -0.0141566
646.4 3.76991 0.0473991
646.6 3.76991 0.100359
646.8 3.76991 0.121709
647 3.76991 0.116407
647.2 3.76991 0.0989771
647.4 3.76991 0.0743244
647.6 3.76991 0.041474
647.8 3.76991 0.00703727
648 3.76991 -0.0159461
648.2 3.76991 -0.0224392
648.4 3.76991 -0.0201798
648.6 3.76991 -0.0175235
648.8 3.76991 -0.0138409
649 3.76991 -0.00748535
649.2 3.76991 -0.00653383
649.4 3.76991 -0.0201145
649.6 3.76991 -0.0392447
649.8 3.76991 -0.0400934
650 3.76991 -0.0158765
650.2 3.76991 0.00317085
650.4 3.76991 -0.0208508
650.6 3.76991 -0.0809454
650.8 3.76991 -0.118632
651 3.76991 -0.0856076
651.2 3.76991 -0.00723234
651.4 3.76991 0.0355547
651.6 3.76991 -0.003833
651.8 3.76991 -0.0796661
652 3.76991 -0.102993
652.2 3.76991 -0.0458983
652.4 3.76991 0.0236727
652.6 3.76991 0.0220313
652.8 3.76991 -0.0493457
653 3.76991 -0.104147
653.2 3.76991 -0.0733683
653.4 3.76991 0.0136383
653.6 3.76991 0.0656754
653.8 3.76991 0.0369751
654 3.76991 -0.0248177
654.2 3.76991 -0.0428242
654.4 3.76991 -0.0038795
654.6 3.76991 0.032229
654.8 3.76991 0.0112407
655 3.76991 -0.0506905
655.2 3.76991 -0.0915429
655.4 3.76991 -0.0795858
655.6 3.76991 -0.0453001
655.8 3.76991 -0.0364209
656 3.76991 -0.0588853
656.2 3.76991 -0.0751119
656.4 3.76991 -0.0542343
656.6 3.76991 -0.0085748
656.8 3.76991 0.0234161
657 3.76991 0.019799
657.2 3.76991 -0.00685749
657.4 3.76991 -0.0286276
657.6 3.76991 -0.0296417
657.8 3.76991 -0.0151778
658 3.76991 -0.00292095
658.2 3.76991 -0.00865046
658.4 3.76991 -0.0326286
658.6 3.76991 -0.0532097
658.8 3.76991 -0.0402023
659 3.76991 0.013036
659.2 3.76991 0.0699653
659.4 3.76991 0.0777915
659.6 3.76991 0.0256545
659.8 3.76991 -0.0313301
660 3.76991 -0.023494
660.2 3.76991 0.0525526
660.4 3.76991 0.119045
660.6 3.76991 0.0977272
660.8 3.76991 0.000512228
661 3.76991 -0.0782529
661.2 3.76991 -0.0665486
661.4 3.76991 0.00331707
661.6 3.76991 0.0341333
661.8 3.76991 -0.0200383
662 3.76991 -0.0995638
662.2 3.76991 -0.112115
662.4 3.76991 -0.044703
662.6 3.76991 0.0207695
662.8 3.76991 0.00648802
663 3.76991 -0.0682144
663.2 3.76991 -0.11016
663.4 3.76991 -0.0615038
663.6 3.76991 0.0360918
663.8 3.76991 0.0934644
664 3.76991 0.0733281
664.2 3.76991 0.0207891
664.4 3.76991 -0.000654537
664.6 3.76991 0.0186456
664.8 3.76991 0.0377574
665 3.76991 0.0272153
665.2 3.76991 0.00592968
665.4 3.76991 0.0104521
665.6 3.76991 0.0420073
665.8 3.76991 0.0598377
666 3.76991 0.0275075
666.2 3.76991 -0.044162
666.4 3.76991 -0.105803
666.6 3.76991 -0.117145
666.8 3.76991 -0.0823653
667 3.76991 -0.0415247
667.2 3.76991 -0.0317395
667.4 3.76991 -0.054559
667.6 3.76991 -0.0751464
667.8 3.76991 -0.0528495
668 3.76991 0.0200097
668.2 3.76991 0.103439
668.4 3.76991 0.138011
668.6 3.76991 0.0977163
668.8 3.76991 0.0182466
669 3.76991 -0.0330125
669.2 3.76991 -0.0212525
669.4 3.76991 0.023322
669.6 3.76991 0.041367
669.8 3.76991 0.00969589
670 3.76991 -0.0372828
670.2 3.76991 -0.0516384
670.4 3.76991 -0.0258316
670.6 3.76991 0.00778733
670.8 3.76991 0.0246684
671 3.76991 0.0360209
671.2 3.76991 0.0604805
671.4 3.76991 0.0822639
671.6 3.76991 0.0607999
671.8 3.76991 -0.012822
672 3.76991 -0.0874958
672.2 3.76991 -0.099966
672.4 3.76991 -0.0490498
672.6 3.76991 -0.00324463
672.8 3.76991 -0.0238408
673 3.76991 -0.0916166
673.2 3.76991 -0.126832
673.4 3.76991 -0.0823683
673.6 3.76991 0.000547385
673.8 3.76991 0.0413969
674 3.76991 0.0149863
674.2 3.76991 -0.0217305
674.4 3.76991 -0.00223037
674.6 3.76991 0.0663084
674.8 3.76991 0.109403
675 3.76991 0.0729201
675.2 3.76991 -0.0116808
675.4 3.76991 -0.0603138
675.6 3.76991 -0.0277925
675.8 3.76991 0.0459683
676 3.76991 0.0823713
676.2 3.76991 0.0469038
676.4 3.76991 -0.0212553
676.6 3.76991 -0.0563002
676.8 3.76991 -0.0318357
677 3.76991 0.0212409
677.2 3.76991 0.0523561
677.4 3.76991 0.0379405
677.6 3.76991 -0.00634974
677.8 3.76991 -0.0485245
678 3.76991 -0.0680892
678.2 3.76991 -0.0651856
678.4 3.76991 -0.0510422
678.6 3.76991 -0.0344613
678.8 3.76991 -0.016051
679 3.76991 0.00795693
679.2 3.76991 0.0376921
679.4 3.76991 0.0645593
679.6 3.76991 0.0739786
679.8 3.76991 0.0551392
680 3.76991 0.0109119
680.2 3.76991 -0.0403004
680.4 3.76991 -0.0741809
680.6 3.76991 -0.0765721
680.8 3.76991 -0.0548934
681 3.76991 -0.03452
681.2 3.76991 -0.0391937
681.4 3.76991 -0.0690033
681.6 3.76991 -0.0968351
681.8 3.76991 -0.0918894
682 3.76991 -0.0516671
682.2 3.76991 -0.00929364
682.4 3.76991 -0.00278617
682.6 3.76991 -0.0343909
682.8 3.76991 -0.0649283
683 3.76991 -0.0537727
683.2 3.76991 -0.00323625
683.4 3.76991 0.0431982
683.6 3.76991 0.04819
683.8 3.76991 0.018875
684 3.76991 -0.00848109
684.2 3.76991 -0.0169891
684.4 3.76991 -0.0288844
684.6 3.76991 -0.0706199
684.8 3.76991 -0.128414
685 3.76991 -0.154433
685.2 3.76991 -0.121431
685.4 3.76991 -0.0595893
685.6 3.76991 -0.0272076
685.8 3.76991 -0.0467573
686 3.76991 -0.0810032
686.2 3.76991 -0.0759386
686.4 3.76991 -0.0190656
686.6 3.76991 0.0518421
686.8 3.76991 0.0909728
687 3.76991 0.0828505
687.2 3.76991 0.0408258
687.4 3.76991 -0.0143423
687.6 3.76991 -0.0602455
687.8 3.76991 -0.0676886
688 3.76991 -0.0156149
688.2 3.76991 0.0760397
688.4 3.76991 0.143346
688.6 3.76991 0.131626
688.8 3.76991 0.0561903
689 3.76991 -0.0064813
689.2 3.76991 -0.00103939
689.4 3.76991 0.042122
689.6 3.76991 0.0424679
689.8 3.76991 -0.0294157
690 3.76991 -0.105573
690.2 3.76991 -0.0918384
690.4 3.76991 0.021616
690.6 3.76991 0.140624
690.8 3.76991 0.164109
691 3.76991 0.0862455
691.2 3.76991 -0.00987618
691.4 3.76991 -0.050908
691.6 3.76991 -0.0434104
691.8 3.76991 -0.0411959
692 3.76991 -0.0651031
692.2 3.76991 -0.0795424
692.4 3.76991 -0.0472048
692.6 3.76991 0.016758
692.8 3.76991 0.0606213
693 3.76991 0.0553906
693.2 3.76991 0.0198683
693.4 3.76991 -0.013412
693.6 3.76991 -0.0375213
693.8 3.76991 -0.0641543
694 3.76991 -0.0896356
694.2 3.76991 -0.0897577
694.4 3.76991 -0.0526278
694.6 3.76991 -0.000369525
694.8 3.76991 0.0347575
695 3.76991 0.0473896
695.2 3.76991 0.0566403
695.4 3.76991 0.0682956
695.6 3.76991 0.0601089
695.8 3.76991 0.0177415
696 3.76991 -0.0281768
696.2 3.76991 -0.0259201
696.4 3.76991 0.030702
696.6 3.76991 0.0794915
696.8 3.76991 0.0530684
697 3.76991 -0.0404276
697.2 3.76991 -0.119755
697.4 3.76991 -0.120108
697.6 3.76991 -0.0636083
697.8 3.76991 -0.0250364
698 3.76991 -0.0372897
698.2 3.76991 -0.0556228
698.4 3.76991 -0.023797
698.6 3.76991 0.046408
698.8 3.76991 0.0872819
699 3.76991 0.0629405
699.2 3.76991 0.0170278
699.4 3.76991 0.0149105
699.6 3.76991 0.0539939
699.8 3.76991 0.0614585
700 3.76991 -0.0113455
700.2 3.76991 -0.114809
700.4 3.76991 -0.145377
700.6 3.76991 -0.0612936
700.8 3.76991 0.0672842
701 3.76991 0.132827
701.2 3.76991 0.101576
701.4 3.76991 0.0342014
701.6 3.76991 0.00277207
701.8 3.76991 0.0114466
702 3.76991 0.0119217
702.2 3.76991 -0.0187828
702.4 3.76991 -0.0428599
702.6 3.76991 -0.0119552
702.8 3.76991 0.0640911
703 3.76991 0.11786
703.2 3.76991 0.0951737
703.4 3.76991 0.0132641
703.6 3.76991 -0.0580904
703.8 3.76991 -0.0672101
704 3.76991 -0.0250627
704.2 3.76991 0.0159866
704.4 3.76991 0.0173966
704.6 3.76991 -0.0145422
704.8 3.76991 -0.0439808
705 3.76991 -0.0425078
705.2 3.76991 -0.0127642
705.4 3.76991 0.0163019
705.6 3.76991 0.0143244
705.8 3.76991 -0.0242842
706 3.76991 -0.0720472
706.2 3.76991 -0.08759
706.4 3.76991 -0.0506597
706.6 3.76991 0.0171135
706.8 3.76991 0.0681786
707 3.76991 0.0693561
707.2 3.76991 0.0283134
707.4 3.76991 -0.0191225
707.6 3.76991 -0.0443786
707.8 3.76991 -0.0461314
708 3.76991 -0.0387507
708.2 3.76991 -0.0304248
708.4 3.76991 -0.0185658
708.6 3.76991 -0.00235944
708.8 3.76991 0.0104883
709 3.76991 0.013702
709.2 3.76991 0.0131262
709.4 3.76991 0.0193428
709.6 3.76991 0.0297055
709.8 3.76991 0.0255701
710 3.76991 -0.00654357
710.2 3.76991 -0.0530081
710.4 3.76991 -0.0788821
710.6 3.76991 -0.0594453
710.8 3.76991 -0.00532166
711 3.76991 0.0452246
711.2 3.76991 0.0597022
711.4 3.76991 0.0389084
711.6 3.76991 0.0147376
711.8 3.76991 0.0214807
712 3.76991 0.0642502
712.2 3.76991 0.109225
712.4 3.76991 0.106422
712.6 3.76991 0.0323287
712.8 3.76991 -0.0810087
713 3.76991 -0.16132
713.2 3.76991 -0.153022
713.4 3.76991 -0.0682896
713.6 3.76991 0.0196855
713.8 3.76991 0.0418156
714 3.76991 -0.00487068
714.2 3.76991 -0.06057
714.4 3.76991 -0.0671869
714.6 3.76991 -0.0239265
714.8 3.76991 0.0235214
715 3.76991 0.0406426
715.2 3.76991 0.0385714
715.4 3.76991 0.0485818
715.6 3.76991 0.074823
715.8 3.76991 0.0867466
716 3.76991 0.0584989
716.2 3.76991 0.00306589
716.4 3.76991 -0.0417985
716.6 3.76991 -0.0555276
716.8 3.76991 -0.0509707
717 3.76991 -0.0484935
717.2 3.76991 -0.0468492
717.4 3.76991 -0.0297193
717.6 3.76991 0.00467077
717.8 3.76991 0.0348661
718 3.76991 0.0414162
718.2 3.76991 0.0310494
718.4 3.76991 0.0259716
718.6 3.76991 0.0336356
718.8 3.76991 0.0396234
719 3.76991 0.0328744
719.2 3.76991 0.0251499
719.4 3.76991 0.0333114
719.6 3.76991 0.0477126
719.8 3.76991 0.0359454
720 3.76991 -0.0137218
720.2 3.76991 -0.064115
720.4 3.76991 -0.0616869
720.6 3.76991 0.000301839
720.8 3.76991 0.0648608
721 3.76991 0.0685945
721.2 3.76991 0.0120199
721.4 3.76991 -0.0395498
721.6 3.76991 -0.0279824
721.8 3.76991 0.0341135
722 3.76991 0.0786123
722.2 3.76991 0.0551731
722.4 3.76991 -0.0201431
722.6 3.76991 -0.0878006
722.8 3.76991 -0.103865
723 3.76991 -0.0697523
723.2 3.76991 -0.0146755
723.4 3.76991 0.0342267
723.6 3.76991 0.061087
723.8 3.76991 0.0569484
724 3.76991 0.0235483
724.2 3.76991 -0.0182128
724.4 3.76991 -0.037764
724.6 3.76991 -0.0227419
724.8 3.76991 0.00642492
725 3.76991 0.0178246
725.2 3.76991 0.00349062
725.4 3.76991 -0.0139596
725.6 3.76991 -0.0117772
725.8 3.76991 0.00418573
726 3.76991 0.00848434
726.2 3.76991 -0.010549
726.4 3.76991 -0.0370435
726.6 3.76991 -0.0491859
726.8 3.76991 -0.0445662
727 3.76991 -0.035777
727.2 3.76991 -0.0270896
727.4 3.76991 -0.0094782
727.6 3.76991 0.0178895
727.8 3.76991 0.034647
728 3.76991 0.0214817
728.2 3.76991 -0.00768309
728.4 3.76991 -0.0122583
728.6 3.76991 0.0275657
728.8 3.76991 0.0798198
729 3.76991 0.0920841
729.2 3.76991 0.0544508
729.4 3.76991 0.0163282
729.6 3.76991 0.0298367
729.8 3.76991 0.083901
730 3.76991 0.110405
730.2 3.76991 0.0603112
730.4 3.76991 -0.0376252
730.6 3.76991 -0.104305
730.8 3.76991 -0.092062
731 3.76991 -0.0279662
731.2 3.76991 0.0235639
731.4 3.76991 0.0277546
731.6 3.76991 0.000400589
731.8 3.76991 -0.0267601
732 3.76991 -0.0410421
732.2 3.76991 -0.0448167
732.4 3.76991 -0.035054
732.6 3.76991 -0.00762321
732.8 3.76991 0.0197018
733 3.76991 0.0104054
733.2 3.76991 -0.0481732
733.4 3.76991 -0.112941
733.6 3.76991 -0.116168
733.8 3.76991 -0.0375354
734 3.76991 0.0648321
734.2 3.76991 0.108279
734.4 3.76991 0.0700376
734.6 3.76991 0.00759376
734.8 3.76991 -0.0081305
735 3.76991 0.0302898
735.2 3.76991 0.0653375
735.4 3.76991 0.0449883
735.6 3.76991 -0.0193826
735.8 3.76991 -0.0702244
736 3.76991 -0.0680161
736.2 3.76991 -0.0269873
736.4 3.76991 0.0103894
736.6 3.76991 0.0201098
736.8 3.76991 0.0109168
737 3.76991 0.00178667
737.2 3.76991 -0.000188301
737.4 3.76991 0.00199108
737.6 3.76991 0.00653396
737.8 3.76991 0.0123576
738 3.76991 0.0120346
738.2 3.76991 -0.00283288
738.4 3.76991 -0.0265961
738.6 3.76991 -0.0398233
738.8 3.76991 -0.0330894
739 3.76991 -0.0254548
739.2 3.76991 -0.0466761
739.4 3.76991 -0.0969998
739.6 3.76991 -0.134741
739.8 3.76991 -0.115509
740 3.76991 -0.0430255
740.2 3.76991 0.0291031
740.4 3.76991 0.0514701
740.6 3.76991 0.0281041
740.8 3.76991 0.00411126
741 3.76991 0.00871724
741.2 3.76991 0.0238763
741.4 3.76991 0.0156664
741.6 3.76991 -0.0139679
741.8 3.76991 -0.0237923
742 3.76991 0.0143843
742.2 3.76991 0.0723762
742.4 3.76991 0.0890692
742.6 3.76991 0.037618
742.8 3.76991 -0.042275
743 3.76991 -0.0864443
743.2 3.76991 -0.0752773
743.4 3.76991 -0.0501636
743.6 3.76991 -0.0602237
743.8 3.76991 -0.103411
744 3.76991 -0.130472
744.2 3.76991 -0.104945
744.4 3.76991 -0.0473785
744.6 3.76991 -0.0124372
744.8 3.76991 -0.0267161
745 3.76991 -0.0596498
745.2 3.76991 -0.0598054
745.4 3.76991 -0.0143832
745.6 3.76991 0.0350475
745.8 3.76991 0.036864
746 3.76991 -0.0159089
746.2 3.76991 -0.0780728
746.4 3.76991 -0.0968222
746.6 3.76991 -0.0594217
746.8 3.76991 0.00274713
747 3.76991 0.0506619
747.2 3.76991 0.0721215
747.4 3.76991 0.0806803
747.6 3.76991 0.0882298
747.8 3.76991 0.0869665
748 3.76991 0.0608566
748.2 3.76991 0.0106464
748.4 3.76991 -0.0388213
748.6 3.76991 -0.0591494
748.8 3.76991 -0.0449858
749 3.76991 -0.0179137
749.2 3.76991 -0.00405022
749.4 3.76991 -0.00977657
749.6 3.76991 -0.0205391
749.8 3.76991 -0.0208125
750 3.76991 -0.0105735
750.2 3.76991 -0.000626028
750.4 3.76991 0.00418563
750.6 3.76991 0.0107082
750.8 3.76991 0.0246979
751 3.76991 0.0375393
751.2 3.76991 0.0329872
751.4 3.76991 0.00873069
751.6 3.76991 -0.0148856
751.8 3.76991 -0.0152295
752 3.76991 0.00290371
752.2 3.76991 0.00516429
752.4 3.76991 -0.0364415
752.6 3.76991 -0.104722
752.8 3.76991 -0.141914
753 3.76991 -0.10158
753.2 3.76991 0.00112603
753.4 3.76991 0.0954867
753.6 3.76991 0.117182
753.8 3.76991 0.0668519
754 3.76991 0.00645185
754.2 3.76991 -0.00290589
754.4 3.76991 0.0413627
754.6 3.76991 0.0873248
754.8 3.76991 0.0862358
755 3.76991 0.0411597
755.2 3.76991 -0.00246603
755.4 3.76991 -0.00959863
755.6 3.76991 0.00806722
755.8 3.76991 0.00998369
756 3.76991 -0.0246567
756.2 3.76991 -0.0726752
756.4 3.76991 -0.0920056
756.6 3.76991 -0.0657411
756.8 3.76991 -0.0168274
757 3.76991 0.0185143
757.2 3.76991 0.0258186
757.4 3.76991 0.0191839
757.6 3.76991 0.0198396
757.8 3.76991 0.0358276
758 3.76991 0.06201
758.2 3.76991 0.0898207
758.4 3.76991 0.108575
758.6 3.76991 0.101714
758.8 3.76991 0.0562407
759 3.76991 -0.015118
759.2 3.76991 -0.0684302
759.4 3.76991 -0.0616151
759.6 3.76991 -0.00116846
759.8 3.76991 0.0523637
760 3.76991 0.0394883
760.2 3.76991 -0.0332178
760.4 3.76991 -0.0923484
760.6 3.76991 -0.0712581
760.8 3.76991 0.0174594
761 3.76991 0.0921037
761.2 3.76991 0.0875619
761.4 3.76991 0.0228634
761.6 3.76991 -0.0249837
761.8 3.76991 -0.0101606
762 3.76991 0.0331021
762.2 3.76991 0.0372989
762.4 3.76991 -0.0127508
762.6 3.76991 -0.0582918
762.8 3.76991 -0.035817
763 3.76991 0.0441138
763.2 3.76991 0.101328
763.4 3.76991 0.0706383
763.6 3.76991 -0.0286014
763.8 3.76991 -0.114224
764 3.76991 -0.125885
764.2 3.76991 -0.0787376
764.4 3.76991 -0.0334096
764.6 3.76991 -0.0254209
764.8 3.76991 -0.0346209
765 3.76991 -0.0207406
765.2 3.76991 0.0237466
765.4 3.76991 0.0634524
765.6 3.76991 0.0583702
765.8 3.76991 0.00532766
766 3.76991 -0.0583967
766.2 3.76991 -0.0876843
766.4 3.76991 -0.0658685
766.6 3.76991 -0.0161374
766.8 3.76991 0.0175284
767 3.76991 0.00503783
767.2 3.76991 -0.0438286
767.4 3.76991 -0.0847853
767.6 3.76991 -0.0771645
767.8 3.76991 -0.0243367
768 3.76991 0.0252037
768.2 3.76991 0.0246305
768.4 3.76991 -0.0207541
768.6 3.76991 -0.0556293
768.8 3.76991 -0.032578
769 3.76991 0.035489
769.2 3.76991 0.0877279
769.4 3.76991 0.0800481
769.6 3.76991 0.028726
769.8 3.76991 -0.0148639
770 3.76991 -0.0233723
770.2 3.76991 -0.0139849
770.4 3.76991 -0.0107057
770.6 3.76991 -0.00545839
770.8 3.76991 0.0256441
771 3.76991 0.0726346
771.2 3.76991 0.0828849
771.4 3.76991 0.0194179
771.6 3.76991 -0.0801546
771.8 3.76991 -0.126343
772 3.76991 -0.0709726
772.2 3.76991 0.0315608
772.4 3.76991 0.0726398
772.6 3.76991 0.00151825
772.8 3.76991 -0.121116
773 3.76991 -0.186739
773.2 3.76991 -0.148743
773.4 3.76991 -0.0593318
773.6 3.76991 -0.00207422
773.8 3.76991 -0.0038401
774 3.76991 -0.0220777
774.2 3.76991 -0.00819631
774.4 3.76991 0.0345599
774.6 3.76991 0.0612238
774.8 3.76991 0.0403082
775 3.76991 -0.0137658
775.2 3.76991 -0.0603437
775.4 3.76991 -0.0721339
775.6 3.76991 -0.0508891
775.8 3.76991 -0.0141906
776 3.76991 0.0209135
776.2 3.76991 0.0423162
776.4 3.76991 0.0436776
776.6 3.76991 0.029811
776.8 3.76991 0.0172016
777 3.76991 0.0198465
777.2 3.76991 0.0323639
777.4 3.76991 0.0334831
777.6 3.76991 0.0109394
777.8 3.76991 -0.0205647
778 3.76991 -0.0321141
778.2 3.76991 -0.011589
778.4 3.76991 0.0229668
778.6 3.76991 0.0427917
778.8 3.76991 0.0370803
779 3.76991 0.018626
779.2 3.76991 0.00461917
779.4 3.76991 -0.000837078
779.6 3.76991 -0.00340125
779.8 3.76991 -0.00476686
780 3.76991 0.000252974
780.2 3.76991 0.0134878
780.4 3.76991 0.0269083
780.6 3.76991 0.0300873
780.8 3.76991 0.0214373
781 3.76991 0.0087391
781.2 3.76991 0.000508261
781.4 3.76991 0.000940956
781.6 3.76991 0.0121772
781.8 3.76991 0.0347253
782 3.76991 0.0618671
782.2 3.76991 0.0790014
782.4 3.76991 0.0768017
782.6 3.76991 0.065336
782.8 3.76991 0.0663191
783 3.76991 0.0847148
783.2 3.76991 0.0927962
783.4 3.76991 0.0541323
783.6 3.76991 -0.0314232
783.8 3.76991 -0.11348
784 3.76991 -0.131569
784.2 3.76991 -0.0735044
784.4 3.76991 0.0104966
784.6 3.76991 0.0543481
784.8 3.76991 0.0351127
785 3.76991 -0.0147296
785.2 3.76991 -0.047773
785.4 3.76991 -0.0477498
785.6 3.76991 -0.0361809
785.8 3.76991 -0.0419661
786 3.76991 -0.0706246
786.2 3.76991 -0.100216
786.4 3.76991 -0.100715
786.6 3.76991 -0.0578739
786.8 3.76991 0.013499
787 3.76991 0.0743472
787.2 3.76991 0.0863211
787.4 3.76991 0.044096
787.6 3.76991 -0.0133882
787.8 3.76991 -0.0324214
788 3.76991 0.00562184
788.2 3.76991 0.0639278
788.4 3.76991 0.0865521
788.6 3.76991 0.0564909
788.8 3.76991 0.0115555
789 3.76991 -0.000672987
789.2 3.76991 0.023133
789.4 3.76991 0.0425081
789.6 3.76991 0.025799
789.8 3.76991 -0.010647
790 3.76991 -0.0240849
790.2 3.76991 0.00121431
790.4 3.76991 0.0362472
790.6 3.76991 0.04515
790.8 3.76991 0.0278664
791 3.76991 0.0142164
791.2 3.76991 0.0219975
791.4 3.76991 0.0371786
791.6 3.76991 0.0401482
791.8 3.76991 0.0370154
792 3.76991 0.0492435
792.2 3.76991 0.0761275
792.4 3.76991 0.0868951
792.6 3.76991 0.0606254
792.8 3.76991 0.0223641
793 3.76991 0.0209191
793.2 3.76991 0.0683407
793.4 3.76991 0.11754
793.6 3.76991 0.112502
793.8 3.76991 0.0534761
794 3.76991 -0.00378239
794.2 3.76991 -0.0157188
794.4 3.76991 -0.00208862
794.6 3.76991 -0.0164051
794.8 3.76991 -0.0728747
795 3.76991 -0.122091
795.2 3.76991 -0.107409
795.4 3.76991 -0.0338005
795.6 3.76991 0.0338934
795.8 3.76991 0.0402244
796 3.76991 -0.00588582
796.2 3.76991 -0.0486835
796.4 3.76991 -0.0469653
796.6 3.76991 -0.00744488
796.8 3.76991 0.0363449
797 3.76991 0.0611073
797.2 3.76991 0.0645624
797.4 3.76991 0.0532422
797.6 3.76991 0.0356558
797.8 3.76991 0.0251853
798 3.76991 0.0327325
798.2 3.76991 0.0475249
798.4 3.76991 0.0367268
798.6 3.76991 -0.0189181
798.8 3.76991 -0.088903
799 3.76991 -0.109197
799.2 3.76991 -0.0484156
799.4 3.76991 0.0475492
799.6 3.76991 0.0918276
799.8 3.76991 0.043152
800 3.76991 -0.051134
800.2 3.76991 -0.104258
800.4 3.76991 -0.077491
800.6 3.76991 -0.0116043
800.8 3.76991 0.0241374
801 3.76991 0.0010272
801.2 3.76991 -0.0535605
801.4 3.76991 -0.0952049
801.6 3.76991 -0.101037
801.8 3.76991 -0.0733555
802 3.76991 -0.0258758
802.2 3.76991 0.0202225
802.4 3.76991 0.0374005
802.6 3.76991 0.0106809
802.8 3.76991 -0.0381647
803 3.76991 -0.0602885
803.2 3.76991 -0.0294306
803.4 3.76991 0.021861
803.6 3.76991 0.0321465
803.8 3.76991 -0.0167214
804 3.76991 -0.0700802
804.2 3.76991 -0.0574482
804.4 3.76991 0.023914
804.6 3.76991 0.0983804
804.8 3.76991 0.0921959
805 3.76991 0.0137581
805.2 3.76991 -0.0579668
805.4 3.76991 -0.0610942
805.6 3.76991 -0.0108519
805.8 3.76991 0.0323671
806 3.76991 0.037881
806.2 3.76991 0.0288244
806.4 3.76991 0.0344577
806.6 3.76991 0.042697
806.8 3.76991 0.0182352
807 3.76991 -0.0404596
807.2 3.76991 -0.0858155
807.4 3.76991 -0.0736232
807.6 3.76991 -0.0185241
807.8 3.76991 0.0200195
808 3.76991 0.0068167
808.2 3.76991 -0.0287638
808.4 3.76991 -0.0304866
808.6 3.76991 0.0161417
808.8 3.76991 0.0674936
809 3.76991 0.0739963
809.2 3.76991 0.0346525
809.4 3.76991 -0.0103575
809.6 3.76991 -0.0329745
809.8 3.76991 -0.0462766
810 3.76991 -0.0755824
810.2 3.76991 -0.11415
810.4 3.76991 -0.123529
810.6 3.76991 -0.079053
810.8 3.76991 -0.00241856
811 3.76991 0.0594187
811.2 3.76991 0.0823027
811.4 3.76991 0.0807483
811.6 3.76991 0.0760754
811.8 3.76991 0.0627832
812 3.76991 0.0199099
812.2 3.76991 -0.0466899
812.4 3.76991 -0.0897016
812.6 3.76991 -0.0615577
812.8 3.76991 0.0308203
813 3.76991 0.123044
813.2 3.76991 0.151726
813.4 3.76991 0.11265
813.6 3.76991 0.055785
813.8 3.76991 0.0263888
814 3.76991 0.0223889
814.2 3.76991 0.0142642
814.4 3.76991 -0.00436715
814.6 3.76991 -0.00493937
814.8 3.76991 0.0315624
815 3.76991 0.0735991
815.2 3.76991 0.0641504
815.4 3.76991 -0.00801525
815.6 3.76991 -0.0788446
815.8 3.76991 -0.0704129
816 3.76991 0.0178495
816.2 3.76991 0.0965382
816.4 3.76991 0.0787387
816.6 3.76991 -0.0219012
816.8 3.76991 -0.103051
817 3.76991 -0.0871731
817.2 3.76991 -0.00771339
817.4 3.76991 0.0340963
817.6 3.76991 -0.00844942
817.8 3.76991 -0.0721419
818 3.76991 -0.0622641
818.2 3.76991 0.0292827
818.4 3.76991 0.109699
818.6 3.76991 0.0930483
818.8 3.76991 0.000398689
819 3.76991 -0.0668915
819.2 3.76991 -0.045843
819.4 3.76991 0.0211021
819.6 3.76991 0.0460325
819.8 3.76991 0.00206654
820 3.76991 -0.0533649
820.2 3.76991 -0.0566225
820.4 3.76991 -0.011577
820.6 3.76991 0.0292546
820.8 3.76991 0.0379218
821 3.76991 0.0357041
821.2 3.76991 0.0437762
821.4 3.76991 0.0402868
821.6 3.76991 -0.00725289
821.8 3.76991 -0.0783137
822 3.76991 -0.102441
822.2 3.76991 -0.0414994
822.4 3.76991 0.0517812
822.6 3.76991 0.0845368
822.8 3.76991 0.0311902
823 3.76991 -0.0360102
823.2 3.76991 -0.0367321
823.4 3.76991 0.0163481
823.6 3.76991 0.0333007
823.8 3.76991 -0.0375613
824 3.76991 -0.138428
824.2 3.76991 -0.164882
824.4 3.76991 -0.0860981
824.6 3.76991 0.0235794
824.8 3.76991 0.0739533
825 3.76991 0.0532435
825.2 3.76991 0.0176467
825.4 3.76991 0.00625152
825.6 3.76991 0.000680871
825.8 3.76991 -0.0256882
826 3.76991 -0.0513277
826.2 3.76991 -0.0307836
826.4 3.76991 0.0326601
826.6 3.76991 0.0740879
826.8 3.76991 0.0444515
827 3.76991 -0.0197375
827.2 3.76991 -0.0334554
827.4 3.76991 0.030487
827.6 3.76991 0.10068
827.8 3.76991 0.0902125
828 3.76991 0.00393661
828.2 3.76991 -0.0641822
828.4 3.76991 -0.042782
828.6 3.76991 0.0334875
828.8 3.76991 0.0698368
829 3.76991 0.0261023
829.2 3.76991 -0.0403346
829.4 3.76991 -0.0498435
829.6 3.76991 0.00526626
829.8 3.76991 0.0602934
830 3.76991 0.0599066
830.2 3.76991 0.0155249
830.4 3.76991 -0.0230745
830.6 3.76991 -0.0301853
830.8 3.76991 -0.0190628
831 3.76991 -0.0055355
831.2 3.76991 0.0156811
831.4 3.76991 0.0494784
831.6 3.76991 0.0751481
831.8 3.76991 0.0645391
832 3.76991 0.0220947
832.2 3.76991 -0.0130223
832.4 3.76991 -0.0119482
832.6 3.76991 0.0115063
832.8 3.76991 0.0263245
833 3.76991 0.0312571
833.2 3.76991 0.0543907
833.4 3.76991 0.10269
833.6 3.76991 0.134769
833.8 3.76991 0.104814
834 3.76991 0.0266655
834.2 3.76991 -0.0296364
834.4 3.76991 -0.014132
834.6 3.76991 0.0464661
834.8 3.76991 0.0839694
835 3.76991 0.0706839
835.2 3.76991 0.0441119
835.4 3.76991 0.046919
835.6 3.76991 0.0671472
835.8 3.76991 0.0597662
836 3.76991 0.0164311
836.2 3.76991 -0.0173602
836.4 3.76991 -0.00578638
836.6 3.76991 0.0210361
836.8 3.76991 0.00269854
837 3.76991 -0.0643779
837.2 3.76991 -0.10717
837.4 3.76991 -0.0616488
837.6 3.76991 0.0400712
837.8 3.76991 0.0976231
838 3.76991 0.0587448
838.2 3.76991 -0.0180823
838.4 3.76991 -0.0349928
838.6 3.76991 0.0274953
838.8 3.76991 0.0916275
839 3.76991 0.0815459
839.2 3.76991 0.0131245
839.4 3.76991 -0.0352195
839.6 3.76991 -0.0249381
839.8 3.76991 0.00150978
840 3.76991 -0.0128251
840.2 3.76991 -0.0605938
840.4 3.76991 -0.083659
840.6 3.76991 -0.0546003
840.8 3.76991 -0.0121904
841 3.76991 -0.00492113
841.2 3.76991 -0.0243057
841.4 3.76991 -0.0223265
841.6 3.76991 0.0119372
841.8 3.76991 0.0271502
842 3.76991 -0.0218417
842.2 3.76991 -0.101264
842.4 3.76991 -0.12598
842.6 3.76991 -0.0626433
842.8 3.76991 0.0214464
843 3.76991 0.0315558
843.2 3.76991 -0.0440554
843.4 3.76991 -0.120953
843.6 3.76991 -0.117163
843.8 3.76991 -0.0423129
844 3.76991 0.0257955
844.2 3.76991 0.0378875
844.4 3.76991 0.0205879
844.6 3.76991 0.0260768
844.8 3.76991 0.0611662
845 3.76991 0.087121
845.2 3.76991 0.0785717
845.4 3.76991 0.0546839
845.6 3.76991 0.0441141
845.8 3.76991 0.0410519
846 3.76991 0.0181315
846.2 3.76991 -0.0239078
846.4 3.76991 -0.0454874
846.6 3.76991 -0.0179757
846.8 3.76991 0.0328306
847 3.76991 0.0530586
847.2 3.76991 0.0268081
847.4 3.76991 -0.0056898
847.6 3.76991 -0.00420221
847.8 3.76991 0.0149459
848 3.76991 -0.000589786
848.2 3.76991 -0.0652778
848.4 3.76991 -0.125726
848.6 3.76991 -0.118297
848.8 3.76991 -0.0447485
849 3.76991 0.0288772
849.2 3.76991 0.0489193
849.4 3.76991 0.031032
849.6 3.76991 0.0295833
849.8 3.76991 0.063118
850 3.76991 0.0913376
850.2 3.76991 0.0693598
850.4 3.76991 0.00748971
850.6 3.76991 -0.0377879
850.8 3.76991 -0.0270815
851 3.76991 0.0224533
851.2 3.76991 0.0625203
851.4 3.76991 0.0655172
851.6 3.76991 0.0424139
851.8 3.76991 0.0186425
852 3.76991 0.00831971
852.2 3.76991 0.0131798
852.4 3.76991 0.0310572
852.6 3.76991 0.0527812
852.8 3.76991 0.0573925
853 3.76991 0.0269348
853.2 3.76991 -0.0285444
853.4 3.76991 -0.0713403
853.6 3.76991 -0.0714822
853.8 3.76991 -0.0384686
854 3.76991 -0.00897184
854.2 3.76991 -0.00453557
854.4 3.76991 -0.0128437
854.6 3.76991 -0.0143071
854.8 3.76991 -0.012949
855 3.76991 -0.0245153
855.2 3.76991 -0.0379379
855.4 3.76991 -0.0122213
855.6 3.76991 0.0711901
855.8 3.76991 0.162505
856 3.76991 0.174506
856.2 3.76991 0.0724227
856.4 3.76991 -0.0772915
856.6 3.76991 -0.163213
856.8 3.76991 -0.135193
857 3.76991 -0.0449383
857.2 3.76991 0.0192683
857.4 3.76991 0.0244424
857.6 3.76991 0.00875998
857.8 3.76991 0.0166894
858 3.76991 0.0422762
858.2 3.76991 0.047061
858.4 3.76991 0.0190314
858.6 3.76991 -0.00898334
858.8 3.76991 -0.00314003
859 3.76991 0.0267747
859.2 3.76991 0.0408647
859.4 3.76991 0.0211677
859.6 3.76991 -0.00698418
859.8 3.76991 -0.0104726
860 3.76991 0.00827732
860.2 3.76991 0.016967
860.4 3.76991 -0.00112811
860.6 3.76991 -0.0231785
860.8 3.76991 -0.0159444
861 3.76991 0.0202335
861.2 3.76991 0.0494656
861.4 3.76991 0.0432805
861.6 3.76991 0.0150278
861.8 3.76991 0.00408347
862 3.76991 0.0299002
862.2 3.76991 0.0692821
862.4 3.76991 0.08006
862.6 3.76991 0.0421411
862.8 3.76991 -0.0256617
863 3.76991 -0.0823888
863.2 3.76991 -0.0936761
863.4 3.76991 -0.0502334
863.6 3.76991 0.0291816
863.8 3.76991 0.107811
864 3.76991 0.151184
864.2 3.76991 0.149212
864.4 3.76991 0.121524
864.6 3.76991 0.0972051
864.8 3.76991 0.0869464
865 3.76991 0.0780148
865.2 3.76991 0.0573113
865.4 3.76991 0.0325795
865.6 3.76991 0.0225596
865.8 3.76991 0.0279555
866 3.76991 0.0239413
866.2 3.76991 -0.0102898
866.4 3.76991 -0.0598559
866.6 3.76991 -0.0841075
866.8 3.76991 -0.0614853
867 3.76991 -0.0152774
867.2 3.76991 0.01364
867.4 3.76991 0.0148619
867.6 3.76991 0.0162243
867.8 3.76991 0.0401111
868 3.76991 0.0647577
868.2 3.76991 0.0446332
868.4 3.76991 -0.0297241
868.6 3.76991 -0.105926
868.8 3.76991 -0.115324
869 3.76991 -0.0421171
869.2 3.76991 0.0604886
869.4 3.76991 0.123034
869.6 3.76991 0.120164
869.8 3.76991 0.0767093
870 3.76991 0.0270093
870.2 3.76991 -0.0158778
870.4 3.76991 -0.0513479
870.6 3.76991 -0.0709756
870.8 3.76991 -0.0642851
871 3.76991 -0.0414369
871.2 3.76991 -0.0324276
871.4 3.76991 -0.0533897
871.6 3.76991 -0.0819949
871.8 3.76991 -0.0801531
872 3.76991 -0.0414601
872.2 3.76991 -0.00337438
872.4 3.76991 -0.00402821
872.6 3.76991 -0.0351155
872.8 3.76991 -0.0513029
873 3.76991 -0.0266108
873.2 3.76991 0.0126062
873.4 3.76991 0.0210708
873.6 3.76991 -0.00730223
873.8 3.76991 -0.03142
874 3.76991 -0.0165981
874.2 3.76991 0.018659
874.4 3.76991 0.0248392
874.6 3.76991 -0.0134786
874.8 3.76991 -0.0535233
875 3.76991 -0.0458894
875.2 3.76991 -0.000120692
875.4 3.76991 0.019967
875.6 3.76991 -0.0288724
875.8 3.76991 -0.112828
876 3.76991 -0.152999
876.2 3.76991 -0.111822
876.4 3.76991 -0.0342942
876.6 3.76991 0.0026532
876.8 3.76991 -0.0270741
877 3.76991 -0.0770327
877.2 3.76991 -0.0857033
877.4 3.76991 -0.0422969
877.6 3.76991 0.010825
877.8 3.76991 0.0311506
878 3.76991 0.0170542
878.2 3.76991 -0.00378895
878.4 3.76991 -0.0122032
878.6 3.76991 -0.0114796
878.8 3.76991 -0.0086899
879 3.76991 0.001867
879.2 3.76991 0.0280305
879.4 3.76991 0.0598213
879.6 3.76991 0.0727047
879.8 3.76991 0.0542814
880 3.76991 0.0209855
880.2 3.76991 0.00228155
880.4 3.76991 0.0101555
880.6 3.76991 0.0293127
880.8 3.76991 0.0371744
881 3.76991 0.0279662
881.2 3.76991 0.0147298
881.4 3.76991 0.0118806
881.6 3.76991 0.0207944
881.8 3.76991 0.0309339
882 3.76991 0.0294186
882.2 3.76991 0.0089961
882.4 3.76991 -0.0263801
882.6 3.76991 -0.0583236
882.8 3.76991 -0.0615612
883 3.76991 -0.0263044
883.2 3.76991 0.0222546
883.4 3.76991 0.0360487
883.6 3.76991 -0.0112744
883.8 3.76991 -0.0895127
884 3.76991 -0.131481
884.2 3.76991 -0.0979098
884.4 3.76991 -0.0221222
884.6 3.76991 0.0183128
884.8 3.76991 -0.0207682
885 3.76991 -0.104158
885.2 3.76991 -0.15258
885.4 3.76991 -0.121815
885.6 3.76991 -0.0418861
885.8 3.76991 0.0205664
886 3.76991 0.0291107
886.2 3.76991 0.00178712
886.4 3.76991 -0.0238621
886.6 3.76991 -0.0350559
886.8 3.76991 -0.0471434
887 3.76991 -0.0721546
887.2 3.76991 -0.0980709
887.4 3.76991 -0.102993
887.6 3.76991 -0.0814169
887.8 3.76991 -0.0483793
888 3.76991 -0.0205466
888.2 3.76991 -0.0021143
888.4 3.76991 0.00856234
888.6 3.76991 0.0078202
888.8 3.76991 -0.00769742
889 3.76991 -0.0257472
889.2 3.76991 -0.0207863
889.4 3.76991 0.018757
889.6 3.76991 0.067566
889.8 3.76991 0.0779546
890 3.76991 0.0246081
890.2 3.76991 -0.0650695
890.4 3.76991 -0.129614
890.6 3.76991 -0.125438
890.8 3.76991 -0.0622202
891 3.76991 0.00991424
891.2 3.76991 0.045119
891.4 3.76991 0.0354136
891.6 3.76991 0.00737955
891.8 3.76991 -0.00691828
892 3.76991 0.00483757
892.2 3.76991 0.0318007
892.4 3.76991 0.0544806
892.6 3.76991 0.061251
892.8 3.76991 0.0541777
893 3.76991 0.0421211
893.2 3.76991 0.0290864
893.4 3.76991 0.00958178
893.6 3.76991 -0.0231806
893.8 3.76991 -0.063866
894 3.76991 -0.0921045
894.2 3.76991 -0.0876929
894.4 3.76991 -0.0511482
894.6 3.76991 -0.00734523
894.8 3.76991 0.0151018
895 3.76991 0.00956512
895.2 3.76991 -0.00405178
895.4 3.76991 -0.000971335
895.6 3.76991 0.023876
895.8 3.76991 0.0537859
896 3.76991 0.0699104
896.2 3.76991 0.0684805
896.4 3.76991 0.0573673
896.6 3.76991 0.0408213
896.8 3.76991 0.0150003
897 3.76991 -0.0192019
897.2 3.76991 -0.0448533
897.4 3.76991 -0.0390786
897.6 3.76991 0.00196857
897.8 3.76991 0.0522064
898 3.76991 0.0759418
898.2 3.76991 0.0617334
898.4 3.76991 0.0329642
898.6 3.76991 0.0213162
898.8 3.76991 0.0311048
899 3.76991 0.0357184
899.2 3.76991 0.0129275
899.4 3.76991 -0.0206281
899.6 3.76991 -0.0201474
899.8 3.76991 0.0361007
900 3.76991 0.110897
900.2 3.76991 0.135372
900.4 3.76991 0.0798736
900.6 3.76991 -0.00698814
900.8 3.76991 -0.0419602
901 3.76991 0.00489915
901.2 3.76991 0.0721487
901.4 3.76991 0.0682419
901.6 3.76991 -0.0273327
901.8 3.76991 -0.13409
902 3.76991 -0.15082
902.2 3.76991 -0.0639682
902.4 3.76991 0.0354366
902.6 3.76991 0.0479257
902.8 3.76991 -0.0295505
903 3.76991 -0.105309
903.2 3.76991 -0.0970033
903.4 3.76991 -0.0196493
903.6 3.76991 0.0392823
903.8 3.76991 0.0230462
904 3.76991 -0.0348639
904.2 3.76991 -0.0591266
904.4 3.76991 -0.025043
904.6 3.76991 0.0163044
904.8 3.76991 0.00500062
905 3.76991 -0.0542912
905.2 3.76991 -0.099412
905.4 3.76991 -0.0843325
905.6 3.76991 -0.0283725
905.8 3.76991 0.0123384
906 3.76991 0.00783704
906.2 3.76991 -0.0240812
906.4 3.76991 -0.0520445
906.6 3.76991 -0.0662367
906.8 3.76991 -0.0715997
907 3.76991 -0.0622356
907.2 3.76991 -0.0246663
907.4 3.76991 0.0315989
907.6 3.76991 0.0663615
907.8 3.76991 0.0481702
908 3.76991 -0.00413574
908.2 3.76991 -0.0367589
908.4 3.76991 -0.0234039
908.6 3.76991 0.00116065
908.8 3.76991 -0.01665
909 3.76991 -0.0790874
909.2 3.76991 -0.126732
909.4 3.76991 -0.105367
909.6 3.76991 -0.0307016
909.8 3.76991 0.0284195
910 3.76991 0.0280278
910.2 3.76991 -0.00569738
910.4 3.76991 -0.0159031
910.6 3.76991 0.0141949
910.8 3.76991 0.047253
911 3.76991 0.0458975
911.2 3.76991 0.0209395
911.4 3.76991 0.0126702
911.6 3.76991 0.0347857
911.8 3.76991 0.0573539
912 3.76991 0.049222
912.2 3.76991 0.019942
912.4 3.76991 0.00386947
912.6 3.76991 0.0101297
912.8 3.76991 0.0102103
913 3.76991 -0.016702
913.2 3.76991 -0.0430281
913.4 3.76991 -0.0193227
913.6 3.76991 0.0578989
913.8 3.76991 0.125377
914 3.76991 0.116018
914.2 3.76991 0.0372188
914.4 3.76991 -0.0312636
914.6 3.76991 -0.0232072
914.8 3.76991 0.0420498
915 3.76991 0.0846073
915.2 3.76991 0.0557696
915.4 3.76991 -0.0102441
915.6 3.76991 -0.0412313
915.8 3.76991 -0.0117257
916 3.76991 0.0309223
916.2 3.76991 0.0239319
916.4 3.76991 -0.0399009
916.6 3.76991 -0.105651
916.8 3.76991 -0.114319
917 3.76991 -0.0584952
917.2 3.76991 0.0167633
917.4 3.76991 0.0575073
917.6 3.76991 0.0414713
917.8 3.76991 -0.0133469
918 3.76991 -0.0657304
918.2 3.76991 -0.076388
918.4 3.76991 -0.0311679
918.6 3.76991 0.0460605
918.8 3.76991 0.103932
919 3.76991 0.0990558
919.2 3.76991 0.0323897
919.4 3.76991 -0.0485124
919.6 3.76991 -0.087722
919.8 3.76991 -0.065514
920 3.76991 -0.00835565
920.2 3.76991 0.0400309
920.4 3.76991 0.0540367
920.6 3.76991 0.036977
920.8 3.76991 0.00828055
921 3.76991 -0.0119773
921.2 3.76991 -0.0107157
921.4 3.76991 0.0127289
921.6 3.76991 0.0413835
921.8 3.76991 0.0468347
922 3.76991 0.0120352
922.2 3.76991 -0.0477875
922.4 3.76991 -0.092858
922.6 3.76991 -0.0939471
922.8 3.76991 -0.0596512
923 3.76991 -0.0254921
923.2 3.76991 -0.0169359
923.4 3.76991 -0.0280596
923.6 3.76991 -0.0371348
923.8 3.76991 -0.0353784
924 3.76991 -0.0325398
924.2 3.76991 -0.0370866
924.4 3.76991 -0.0422835
924.6 3.76991 -0.0380563
924.8 3.76991 -0.0293215
925 3.76991 -0.0307156
925.2 3.76991 -0.0420378
925.4 3.76991 -0.0407519
925.6 3.76991 -0.00916984
925.8 3.76991 0.0352415
926 3.76991 0.0501924
926.2 3.76991 0.0156655
926.4 3.76991 -0.0374265
926.6 3.76991 -0.0569023
926.8 3.76991 -0.0276405
927 3.76991 0.0101994
927.2 3.76991 0.00747534
927.4 3.76991 -0.035831
927.6 3.76991 -0.0696067
927.8 3.76991 -0.0513664
928 3.76991 0.005278
928.2 3.76991 0.0467637
928.4 3.76991 0.038518
928.6 3.76991 -0.00299529
928.8 3.76991 -0.0370118
929 3.76991 -0.0441083
929.2 3.76991 -0.0357271
929.4 3.76991 -0.0257677
929.6 3.76991 -0.0110272
929.8 3.76991 0.0124611
930 3.76991 0.0265553
930.2 3.76991 0.00397211
930.4 3.76991 -0.0516648
930.6 3.76991 -0.0931792
930.8 3.76991 -0.0727032
931 3.76991 0.00314504
931.2 3.76991 0.0725085
931.4 3.76991 0.079297
931.6 3.76991 0.0288036
931.8 3.76991 -0.0248815
932 3.76991 -0.0419891
932.2 3.76991 -0.0354279
932.4 3.76991 -0.0427153
932.6 3.76991 -0.0727559
932.8 3.76991 -0.0961146
933 3.76991 -0.0875241
933.2 3.76991 -0.0616882
933.4 3.76991 -0.0539349
933.6 3.76991 -0.0714192
933.8 3.76991 -0.0804509
934 3.76991 -0.0487173
934.2 3.76991 0.0110161
934.4 3.76991 0.0529771
934.6 3.76991 0.0521718
934.8 3.76991 0.0316363
935 3.76991 0.0287008
935.2 3.76991 0.0445824
935.4 3.76991 0.0436578
935.6 3.76991 0.00430754
935.8 3.76991 -0.0453492
936 3.76991 -0.0561644
936.2 3.76991 -0.0183514
936.4 3.76991 0.0225636
936.6 3.76991 0.0168159
936.8 3.76991 -0.0326353
937 3.76991 -0.0765458
937.2 3.76991 -0.0802527
937.4 3.76991 -0.0629214
937.6 3.76991 -0.0671346
937.8 3.76991 -0.0983798
938 3.76991 -0.111465
938.2 3.76991 -0.0627109
938.4 3.76991 0.0338424
938.6 3.76991 0.112839
938.8 3.76991 0.11947
939 3.76991 0.0580962
939.2 3.76991 -0.0193856
939.4 3.76991 -0.0639879
939.6 3.76991 -0.0632706
939.8 3.76991 -0.0347819
940 3.76991 -0.00221047
940.2 3.76991 0.0179831
940.4 3.76991 0.0188899
940.6 3.76991 0.00605841
940.8 3.76991 -0.00275993
941 3.76991 0.0072565
941.2 3.76991 0.0271093
941.4 3.76991 0.0262045
941.6 3.76991 -0.0143057
941.8 3.76991 -0.072516
942 3.76991 -0.101647
942.2 3.76991 -0.0805243
942.4 3.76991 -0.0399157
942.6 3.76991 -0.0286264
942.8 3.76991 -0.0564807
943 3.76991 -0.0837813
943.2 3.76991 -0.0715653
943.4 3.76991 -0.0297933
943.6 3.76991 -0.00114514
943.8 3.76991 -0.000709203
944 3.76991 0.0081017
944.2 3.76991 0.0650762
944.4 3.76991 0.151213
944.6 3.76991 0.196537
944.8 3.76991 0.156497
945 3.76991 0.0661332
945.2 3.76991 0.00332468
945.4 3.76991 0.00222103
945.6 3.76991 0.0208549
945.8 3.76991 0.00109384
946 3.76991 -0.0545481
946.2 3.76991 -0.0843553
946.4 3.76991 -0.0445909
946.6 3.76991 0.0335163
946.8 3.76991 0.0764311
947 3.76991 0.0493003
947.2 3.76991 -0.010887
947.4 3.76991 -0.0438657
947.6 3.76991 -0.0319212
947.8 3.76991 -0.00704447
948 3.76991 -0.00316837
948.2 3.76991 -0.0201583
948.4 3.76991 -0.0380598
948.6 3.76991 -0.0490227
948.8 3.76991 -0.05863
949 3.76991 -0.0618668
949.2 3.76991 -0.0395928
949.4 3.76991 0.0106776
949.6 3.76991 0.0538204
949.8 3.76991 0.0470949
950 3.76991 -0.00598605
950.2 3.76991 -0.0468622
950.4 3.76991 -0.020551
950.6 3.76991 0.0603844
950.8 3.76991 0.122712
951 3.76991 0.106789
951.2 3.76991 0.027464
951.4 3.76991 -0.0437726
951.6 3.76991 -0.050923
951.8 3.76991 -0.000458929
952 3.76991 0.0582731
952.2 3.76991 0.0848153
952.4 3.76991 0.0741606
952.6 3.76991 0.0441962
952.8 3.76991 0.0141701
953 3.76991 -0.00197016
953.2 3.76991 0.00406026
953.4 3.76991 0.0273973
953.6 3.76991 0.0455534
953.8 3.76991 0.0346782
954 3.76991 -0.00363916
954.2 3.76991 -0.0384995
954.4 3.76991 -0.0407643
954.6 3.76991 -0.0159408
954.8 3.76991 0.00161522
955 3.76991 -0.0121304
955.2 3.76991 -0.0452437
955.4 3.76991 -0.0676267
955.6 3.76991 -0.0667874
955.8 3.76991 -0.0553281
956 3.76991 -0.0446302
956.2 3.76991 -0.0257681
956.4 3.76991 0.0125162
956.6 3.76991 0.0534121
956.8 3.76991 0.0567093
957 3.76991 0.00243311
957.2 3.76991 -0.0768773
957.4 3.76991 -0.119013
957.6 3.76991 -0.0896604
957.8 3.76991 -0.0124315
958 3.76991 0.0587319
958.2 3.76991 0.0901854
958.4 3.76991 0.0876898
958.6 3.76991 0.0731685
958.8 3.76991 0.0557768
959 3.76991 0.0299682
959.2 3.76991 -0.00702013
959.4 3.76991 -0.0458099
959.6 3.76991 -0.0722779
959.8 3.76991 -0.0772401
960 3.76991 -0.058256
960.2 3.76991 -0.0204432
960.4 3.76991 0.0194857
960.6 3.76991 0.0376732
960.8 3.76991 0.0239485
961 3.76991 -0.00103705
961.2 3.76991 -0.00203592
961.4 3.76991 0.027719
961.6 3.76991 0.0468783
961.8 3.76991 0.00568632
962 3.76991 -0.0896033
962.2 3.76991 -0.16473
962.4 3.76991 -0.145548
962.6 3.76991 -0.0388181
962.8 3.76991 0.0672067
963 3.76991 0.089448
963.2 3.76991 0.0315187
963.4 3.76991 -0.0294703
963.6 3.76991 -0.032104
963.8 3.76991 0.00716452
964 3.76991 0.0245408
964.2 3.76991 -0.0122781
964.4 3.76991 -0.0712065
964.6 3.76991 -0.0993428
964.8 3.76991 -0.08187
965 3.76991 -0.046987
965.2 3.76991 -0.0226119
965.4 3.76991 -0.00657255
965.6 3.76991 0.0162584
965.8 3.76991 0.0425668
966 3.76991 0.0513732
966.2 3.76991 0.0337138
966.4 3.76991 0.0073035
966.6 3.76991 -0.00438748
966.8 3.76991 0.00124597
967 3.76991 0.00981793
967.2 3.76991 0.015729
967.4 3.76991 0.0304396
967.6 3.76991 0.0602185
967.8 3.76991 0.0864455
968 3.76991 0.0807982
968.2 3.76991 0.0399006
968.4 3.76991 -0.00600228
968.6 3.76991 -0.0243444
968.8 3.76991 -0.0140459
969 3.76991 -0.00127014
969.2 3.76991 -0.0059048
969.4 3.76991 -0.0225785
969.6 3.76991 -0.0360622
969.8 3.76991 -0.0434016
970 3.76991 -0.0504239
970.2 3.76991 -0.0524664
970.4 3.76991 -0.0348784
970.6 3.76991 0.00116465
970.8 3.76991 0.0259143
971 3.76991 0.00973551
971.2 3.76991 -0.0358144
971.4 3.76991 -0.0615127
971.6 3.76991 -0.035879
971.8 3.76991 0.0106052
972 3.76991 0.0124569
972.2 3.76991 -0.0552036
972.4 3.76991 -0.139786
972.6 3.76991 -0.161879
972.8 3.76991 -0.100395
973 3.76991 -0.0156039
973.2 3.76991 0.0167796
973.4 3.76991 -0.0144146
973.6 3.76991 -0.0512875
973.8 3.76991 -0.0387286
974 3.76991 0.0125943
974.2 3.76991 0.0420064
974.4 3.76991 0.011038
974.6 3.76991 -0.0516931
974.8 3.76991 -0.0808352
975 3.76991 -0.0427637
975.2 3.76991 0.0312558
975.4 3.76991 0.0778497
975.6 3.76991 0.0618552
975.8 3.76991 0.00449626
976 3.76991 -0.0416896
976.2 3.76991 -0.0414535
976.4 3.76991 -0.00337244
976.6 3.76991 0.0352412
976.8 3.76991 0.0461765
977 3.76991 0.0339073
977.2 3.76991 0.0239066
977.4 3.76991 0.0293181
977.6 3.76991 0.0328913
977.8 3.76991 0.0067261
978 3.76991 -0.0494955
978.2 3.76991 -0.0967752
978.4 3.76991 -0.0921592
978.6 3.76991 -0.0373452
978.8 3.76991 0.0157491
979 3.76991 0.0154274
979.2 3.76991 -0.0344548
979.4 3.76991 -0.0765801
979.6 3.76991 -0.0597915
979.8 3.76991 0.0088428
980 3.76991 0.0754971
980.2 3.76991 0.0973521
980.4 3.76991 0.078923
980.6 3.76991 0.0511591
980.8 3.76991 0.0289705
981 3.76991 0.00368221
981.2 3.76991 -0.0264571
981.4 3.76991 -0.0381885
981.6 3.76991 -0.0102938
981.8 3.76991 0.0378382
982 3.76991 0.0534761
982.2 3.76991 0.00584958
982.4 3.76991 -0.0746549
982.6 3.76991 -0.125289
982.8 3.76991 -0.118179
983 3.76991 -0.0862092
983.2 3.76991 -0.0762394
983.4 3.76991 -0.0874117
983.6 3.76991 -0.0726904
983.8 3.76991 -0.00381576
984 3.76991 0.0807459
984.2 3.76991 0.108403
984.4 3.76991 0.0524561
984.6 3.76991 -0.033381
984.8 3.76991 -0.0687092
985 3.76991 -0.0291836
985.2 3.76991 0.0329238
985.4 3.76991 0.0505523
985.6 3.76991 0.0141069
985.8 3.76991 -0.0245511
986 3.76991 -0.0147801
986.2 3.76991 0.0363904
986.4 3.76991 0.0738608
986.6 3.76991 0.0543085
986.8 3.76991 -0.00979453
987 3.76991 -0.0641512
987.2 3.76991 -0.0646996
987.4 3.76991 -0.014674
987.6 3.76991 0.0440983
987.8 3.76991 0.0710403
988 3.76991 0.0593074
988.2 3.76991 0.0357178
988.4 3.76991 0.0322397
988.6 3.76991 0.0554856
988.8 3.76991 0.0805837
989 3.76991 0.0749364
989.2 3.76991 0.0310696
989.4 3.76991 -0.022989
989.6 3.76991 -0.0482257
989.8 3.76991 -0.0318865
990 3.76991 0.000463299
990.2 3.76991 0.011946
990.4 3.76991 -0.00703359
990.6 3.76991 -0.0304558
990.8 3.76991 -0.0282395
991 3.76991 -0.00237885
991.2 3.76991 0.0137528
991.4 3.76991 -0.00639037
991.6 3.76991 -0.0493329
991.8 3.76991 -0.0715632
992 3.76991 -0.0431749
992.2 3.76991 0.0208049
992.4 3.76991 0.0737257
992.6 3.76991 0.0795313
992.8 3.76991 0.0406824
993 3.76991 -0.0112789
993.2 3.76991 -0.0453207
993.4 3.76991 -0.0490937
993.6 3.76991 -0.0257388
993.8 3.76991 0.015014
994 3.76991 0.0573516
994.2 3.76991 0.0786279
994.4 3.76991 0.0613021
994.6 3.76991 0.0124912
994.8 3.76991 -0.0333046
995 3.76991 -0.0409123
995.2 3.76991 -0.00922767
995.4 3.76991 0.0244113
995.6 3.76991 0.0207698
995.8 3.76991 -0.0189611
996 3.76991 -0.0516765
996.2 3.76991 -0.0375638
996.4 3.76991 0.0140292
996.6 3.76991 0.0490274
996.8 3.76991 0.0229794
997 3.76991 -0.0495171
997.2 3.76991 -0.102911
997.4 3.76991 -0.0816171
997.6 3.76991 0.0053193
997.8 3.76991 0.0895646
998 3.76991 0.103706
998.2 3.76991 0.0406341
998.4 3.76991 -0.041073
998.6 3.76991 -0.0677036
998.8 3.76991 -0.0115536
999 3.76991 0.0872674
999.2 3.76991 0.152742
999.4 3.76991 0.131709
999.6 3.76991 0.0346491
999.8 3.76991 -0.0717886
1000 3.76991 -0.114686
0.2 4.08407 0.157084
0.4 4.08407 0.0844821
0.6 4.08407 0.0181874
0.8 4.08407 0.0311582
1 4.08407 0.0846071
1.2 4.08407 0.0850974
1.4 4.08407 0.0110596
1.6 4.08407 -0.0573731
1.8 4.08407 -0.043026
2 4.08407 0.0273325
2.2 4.08407 0.057774
2.4 4.08407 0.00761657
2.6 4.08407 -0.0570087
2.8 4.08407 -0.0505598
3 4.08407 0.0205702
3.2 4.08407 0.0673521
3.4 4.08407 0.0343226
3.6 4.08407 -0.0293349
3.8 4.08407 -0.0354277
4 4.08407 0.0271606
4.2 4.08407 0.0762502
4.4 4.08407 0.0403542
4.6 4.08407 -0.0503865
4.8 4.08407 -0.100631
5 4.08407 -0.0654522
5.2 4.08407 -0.000496361
5.4 4.08407 0.0106467
5.6 4.08407 -0.0438151
5.8 4.08407 -0.0981948
6 4.08407 -0.0947583
6.2 4.08407 -0.0483103
6.4 4.08407 -0.0163312
6.6 4.08407 -0.0245807
6.8 4.08407 -0.0451977
7 4.08407 -0.0454572
7.2 4.08407 -0.0338593
7.4 4.08407 -0.0431012
7.6 4.08407 -0.0787237
7.8 4.08407 -0.105372
8 4.08407 -0.0885192
8.2 4.08407 -0.0366383
8.4 4.08407 0.00826423
8.6 4.08407 0.016435
8.8 4.08407 -0.00352576
9 4.08407 -0.0223815
9.2 4.08407 -0.0221273
9.4 4.08407 -0.0055054
9.6 4.08407 0.016234
9.8 4.08407 0.0332425
10 4.08407 0.0367477
10.2 4.08407 0.0217565
10.4 4.08407 -0.00299681
10.6 4.08407 -0.0150746
10.8 4.08407 0.000761067
11 4.08407 0.0310018
11.2 4.08407 0.0414531
11.4 4.08407 0.012419
11.6 4.08407 -0.0377317
11.8 4.08407 -0.0694805
12 4.08407 -0.0615163
12.2 4.08407 -0.0290234
12.4 4.08407 -0.00433156
12.6 4.08407 -0.00640231
12.8 4.08407 -0.0314622
13 4.08407 -0.0652068
13.2 4.08407 -0.0941649
13.4 4.08407 -0.10655
13.6 4.08407 -0.0942886
13.8 4.08407 -0.0627373
14 4.08407 -0.0332028
14.2 4.08407 -0.0245982
14.4 4.08407 -0.0299959
14.6 4.08407 -0.0196174
14.8 4.08407 0.0258304
15 4.08407 0.0880451
15.2 4.08407 0.125022
15.4 4.08407 0.113249
15.6 4.08407 0.0706423
15.8 4.08407 0.035512
16 4.08407 0.0287072
16.2 4.08407 0.0414946
16.4 4.08407 0.0547956
16.6 4.08407 0.0584823
16.8 4.08407 0.0495482
17 4.08407 0.0241164
17.2 4.08407 -0.0152083
17.4 4.08407 -0.0467196
17.6 4.08407 -0.0404607
17.8 4.08407 0.0080055
18 4.08407 0.0614421
18.2 4.08407 0.0721136
18.4 4.08407 0.0322626
18.6 4.08407 -0.015369
18.8 4.08407 -0.0236706
19 4.08407 0.00765436
19.2 4.08407 0.0351085
19.4 4.08407 0.0227902
19.6 4.08407 -0.0203315
19.8 4.08407 -0.0577094
20 4.08407 -0.0683667
20.2 4.08407 -0.0609914
20.4 4.08407 -0.0500491
20.6 4.08407 -0.0357515
20.8 4.08407 -0.0162133
21 4.08407 -0.00622862
21.2 4.08407 -0.0240267
21.4 4.08407 -0.0572929
21.6 4.08407 -0.0609969
21.8 4.08407 -0.00566258
22 4.08407 0.076952
22.2 4.08407 0.114614
22.4 4.08407 0.0694124
22.6 4.08407 -0.0177405
22.8 4.08407 -0.0689784
23 4.08407 -0.0528029
23.2 4.08407 -0.0133338
23.4 4.08407 -0.0138779
23.6 4.08407 -0.0638654
23.8 4.08407 -0.113101
24 4.08407 -0.11249
24.2 4.08407 -0.0643487
24.4 4.08407 -0.00834603
24.6 4.08407 0.0275357
24.8 4.08407 0.046782
25 4.08407 0.0606693
25.2 4.08407 0.0657167
25.4 4.08407 0.0557051
25.6 4.08407 0.0438753
25.8 4.08407 0.0532289
26 4.08407 0.0816258
26.2 4.08407 0.0926543
26.4 4.08407 0.0550608
26.6 4.08407 -0.0141331
26.8 4.08407 -0.0615199
27 4.08407 -0.0568452
27.2 4.08407 -0.0292063
27.4 4.08407 -0.0331235
27.6 4.08407 -0.0835209
27.8 4.08407 -0.13809
28 4.08407 -0.147259
28.2 4.08407 -0.109159
28.4 4.08407 -0.0639277
28.6 4.08407 -0.0402989
28.8 4.08407 -0.0258415
29 4.08407 0.00326834
29.2 4.08407 0.0376989
29.4 4.08407 0.0399319
29.6 4.08407 -0.00409165
29.8 4.08407 -0.0551824
30 4.08407 -0.0582916
30.2 4.08407 -0.00696575
30.4 4.08407 0.0444411
30.6 4.08407 0.040476
30.8 4.08407 -0.0117026
31 4.08407 -0.0502601
31.2 4.08407 -0.0303365
31.4 4.08407 0.0238876
31.6 4.08407 0.0472238
31.8 4.08407 0.00844142
32 4.08407 -0.0547737
32.2 4.08407 -0.0796723
32.4 4.08407 -0.0481008
32.6 4.08407 -0.00112685
32.8 4.08407 0.0153806
33 4.08407 0.00669301
33.2 4.08407 0.0186452
33.4 4.08407 0.0729535
33.6 4.08407 0.127737
33.8 4.08407 0.116159
34 4.08407 0.0246409
34.2 4.08407 -0.0790964
34.4 4.08407 -0.106756
34.6 4.08407 -0.0382279
34.8 4.08407 0.0574171
35 4.08407 0.0926118
35.2 4.08407 0.0475208
35.4 4.08407 -0.0198166
35.6 4.08407 -0.0441944
35.8 4.08407 -0.0204953
36 4.08407 0.00586054
36.2 4.08407 0.00364446
36.4 4.08407 -0.00924844
36.6 4.08407 -0.00165388
36.8 4.08407 0.0173686
37 4.08407 0.00435175
37.2 4.08407 -0.0554168
37.4 4.08407 -0.110888
37.6 4.08407 -0.0931142
37.8 4.08407 0.000588814
38 4.08407 0.0901474
38.2 4.08407 0.0939496
38.4 4.08407 0.0183123
38.6 4.08407 -0.0508296
38.8 4.08407 -0.046447
39 4.08407 0.00696107
39.2 4.08407 0.0317581
39.4 4.08407 -0.00324755
39.6 4.08407 -0.0454171
39.8 4.08407 -0.0274699
40 4.08407 0.0454996
40.2 4.08407 0.100941
40.4 4.08407 0.0887816
40.6 4.08407 0.0422471
40.8 4.08407 0.0327014
41 4.08407 0.0759658
41.2 4.08407 0.109243
41.4 4.08407 0.0692714
41.6 4.08407 -0.024937
41.8 4.08407 -0.088104
42 4.08407 -0.0654036
42.2 4.08407 0.00600752
42.4 4.08407 0.0419903
42.6 4.08407 0.00590024
42.8 4.08407 -0.0585941
43 4.08407 -0.0871955
43.2 4.08407 -0.0685224
43.4 4.08407 -0.045924
43.6 4.08407 -0.0556416
43.8 4.08407 -0.0821761
44 4.08407 -0.0807385
44.2 4.08407 -0.0321593
44.4 4.08407 0.0359279
44.6 4.08407 0.0788512
44.8 4.08407 0.074912
45 4.08407 0.0355894
45.2 4.08407 -0.0115344
45.4 4.08407 -0.041633
45.6 4.08407 -0.0426479
45.8 4.08407 -0.0215794
46 4.08407 -0.00364109
46.2 4.08407 -0.0127968
46.4 4.08407 -0.0428557
46.6 4.08407 -0.0539407
46.8 4.08407 -0.0119962
47 4.08407 0.065106
47.2 4.08407 0.113598
47.4 4.08407 0.0880047
47.6 4.08407 0.0154307
47.8 4.08407 -0.0281555
48 4.08407 -0.000761678
48.2 4.08407 0.0567598
48.4 4.08407 0.0653895
48.6 4.08407 -0.00265592
48.8 4.08407 -0.0927969
49 4.08407 -0.130384
49.2 4.08407 -0.102022
49.4 4.08407 -0.0620708
49.6 4.08407 -0.0625816
49.8 4.08407 -0.0943331
50 4.08407 -0.106237
50.2 4.08407 -0.0715133
50.4 4.08407 -0.0163883
50.6 4.08407 0.0186801
50.8 4.08407 0.0291412
51 4.08407 0.0432769
51.2 4.08407 0.0752249
51.4 4.08407 0.10015
51.6 4.08407 0.0853205
51.8 4.08407 0.0354324
52 4.08407 -0.00824339
52.2 4.08407 -0.0147652
52.4 4.08407 0.0032391
52.6 4.08407 0.0112585
52.8 4.08407 -0.000279188
53 4.08407 -0.00516708
53.2 4.08407 0.0199965
53.4 4.08407 0.0586004
53.6 4.08407 0.0676756
53.8 4.08407 0.0275696
54 4.08407 -0.032799
54.2 4.08407 -0.0660148
54.4 4.08407 -0.0559275
54.6 4.08407 -0.0297177
54.8 4.08407 -0.0218914
55 4.08407 -0.0357023
55.2 4.08407 -0.0458099
55.4 4.08407 -0.033612
55.6 4.08407 -0.00966126
55.8 4.08407 0.00208249
56 4.08407 -0.00469492
56.2 4.08407 -0.0115402
56.4 4.08407 0.000450065
56.6 4.08407 0.0256049
56.8 4.08407 0.0380975
57 4.08407 0.0204778
57.2 4.08407 -0.0159719
57.4 4.08407 -0.0406636
57.6 4.08407 -0.0319243
57.8 4.08407 0.00427967
58 4.08407 0.0403543
58.2 4.08407 0.0486516
58.4 4.08407 0.019594
58.6 4.08407 -0.0337172
58.8 4.08407 -0.0825155
59 4.08407 -0.0961493
59.2 4.08407 -0.0593443
59.4 4.08407 0.0138336
59.6 4.08407 0.0816859
59.8 4.08407 0.0992476
60 4.08407 0.0526752
60.2 4.08407 -0.025146
60.4 4.08407 -0.077175
60.6 4.08407 -0.0687709
60.8 4.08407 -0.017437
61 4.08407 0.0238423
61.2 4.08407 0.0160331
61.4 4.08407 -0.0306168
61.6 4.08407 -0.0692775
61.8 4.08407 -0.063098
62 4.08407 -0.0179756
62.2 4.08407 0.0294182
62.4 4.08407 0.0511612
62.6 4.08407 0.0511538
62.8 4.08407 0.0502784
63 4.08407 0.0559755
63.2 4.08407 0.0533134
63.4 4.08407 0.0260671
63.6 4.08407 -0.0193082
63.8 4.08407 -0.0552066
64 4.08407 -0.0571402
64.2 4.08407 -0.023809
64.4 4.08407 0.0249941
64.6 4.08407 0.0645278
64.8 4.08407 0.0776002
65 4.08407 0.0588244
65.2 4.08407 0.0176464
65.4 4.08407 -0.0202545
65.6 4.08407 -0.0244347
65.8 4.08407 0.0145928
66 4.08407 0.0681001
66.2 4.08407 0.0864002
66.4 4.08407 0.0438027
66.6 4.08407 -0.0315416
66.8 4.08407 -0.0782337
67 4.08407 -0.0568367
67.2 4.08407 0.015341
67.4 4.08407 0.0849811
67.6 4.08407 0.114405
67.8 4.08407 0.108224
68 4.08407 0.0916331
68.2 4.08407 0.0738428
68.4 4.08407 0.0431143
68.6 4.08407 -0.00444659
68.8 4.08407 -0.0449625
69 4.08407 -0.0470494
69.2 4.08407 -0.0106456
69.4 4.08407 0.0248632
69.6 4.08407 0.0181747
69.8 4.08407 -0.0311281
70 4.08407 -0.083346
70.2 4.08407 -0.101719
70.4 4.08407 -0.0878657
70.6 4.08407 -0.0709738
70.8 4.08407 -0.0683804
71 4.08407 -0.0673906
71.2 4.08407 -0.0480988
71.4 4.08407 -0.0139389
71.6 4.08407 0.0117824
71.8 4.08407 0.0185939
72 4.08407 0.0247903
72.2 4.08407 0.0503964
72.4 4.08407 0.0798578
72.6 4.08407 0.0690132
72.8 4.08407 0.00029108
73 4.08407 -0.0768597
73.2 4.08407 -0.0803061
73.4 4.08407 0.0178528
73.6 4.08407 0.145009
73.8 4.08407 0.185786
74 4.08407 0.0963298
74.2 4.08407 -0.0434851
74.4 4.08407 -0.10308
74.6 4.08407 -0.0306933
74.8 4.08407 0.0946556
75 4.08407 0.145015
75.2 4.08407 0.0738658
75.4 4.08407 -0.0418835
75.6 4.08407 -0.0889878
75.8 4.08407 -0.0366308
76 4.08407 0.0400932
76.2 4.08407 0.0499852
76.4 4.08407 -0.0159389
76.6 4.08407 -0.0838284
76.8 4.08407 -0.0856518
77 4.08407 -0.0317002
77.2 4.08407 0.0109391
77.4 4.08407 -6.21807e-05
77.6 4.08407 -0.0386352
77.8 4.08407 -0.0500108
78 4.08407 -0.0195831
78.2 4.08407 0.0118397
78.4 4.08407 -0.000102432
78.6 4.08407 -0.049814
78.8 4.08407 -0.0886424
79 4.08407 -0.0797598
79.2 4.08407 -0.0355289
79.4 4.08407 0.00136673
79.6 4.08407 0.00476382
79.8 4.08407 -0.0142551
80 4.08407 -0.0285572
80.2 4.08407 -0.0253443
80.4 4.08407 -0.0114557
80.6 4.08407 0.00302104
80.8 4.08407 0.015558
81 4.08407 0.0251514
81.2 4.08407 0.0252771
81.4 4.08407 0.0110118
81.6 4.08407 -0.00884905
81.8 4.08407 -0.0148351
82 4.08407 0.00409777
82.2 4.08407 0.0375559
82.4 4.08407 0.0634639
82.6 4.08407 0.0694205
82.8 4.08407 0.0607503
83 4.08407 0.0482435
83.2 4.08407 0.0339846
83.4 4.08407 0.0134134
83.6 4.08407 -0.0122046
83.8 4.08407 -0.0330483
84 4.08407 -0.0431256
84.2 4.08407 -0.0500009
84.4 4.08407 -0.0651485
84.6 4.08407 -0.0842203
84.8 4.08407 -0.0836389
85 4.08407 -0.0435384
85.2 4.08407 0.025476
85.4 4.08407 0.0834736
85.6 4.08407 0.0941847
85.8 4.08407 0.0586765
86 4.08407 0.0151017
86.2 4.08407 0.00295152
86.4 4.08407 0.0257025
86.6 4.08407 0.0479289
86.8 4.08407 0.0303607
87 4.08407 -0.0297466
87.2 4.08407 -0.0916782
87.4 4.08407 -0.106818
87.6 4.08407 -0.0659151
87.8 4.08407 -0.0130702
88 4.08407 -0.00881769
88.2 4.08407 -0.0726293
88.4 4.08407 -0.159445
88.6 4.08407 -0.197053
88.8 4.08407 -0.152543
89 4.08407 -0.063449
89.2 4.08407 -0.00082804
89.4 4.08407 3.5696e-05
89.6 4.08407 -0.0292862
89.8 4.08407 -0.0293146
90 4.08407 0.0205551
90.2 4.08407 0.079178
90.4 4.08407 0.0883279
90.6 4.08407 0.0352478
90.8 4.08407 -0.0342643
91 4.08407 -0.0636098
91.2 4.08407 -0.0400247
91.4 4.08407 0.000638664
91.6 4.08407 0.0172483
91.8 4.08407 0.00309681
92 4.08407 -0.0177134
92.2 4.08407 -0.0236744
92.4 4.08407 -0.0163245
92.6 4.08407 -0.00910007
92.8 4.08407 -0.00689411
93 4.08407 -0.00491561
93.2 4.08407 -0.00418907
93.4 4.08407 -0.0167973
93.6 4.08407 -0.0488097
93.8 4.08407 -0.0821612
94 4.08407 -0.0834951
94.2 4.08407 -0.0370865
94.4 4.08407 0.032729
94.6 4.08407 0.0769791
94.8 4.08407 0.0632244
95 4.08407 0.00258041
95.2 4.08407 -0.0625961
95.4 4.08407 -0.0958619
95.6 4.08407 -0.0922397
95.8 4.08407 -0.071997
96 4.08407 -0.0556561
96.2 4.08407 -0.0478804
96.4 4.08407 -0.042544
96.6 4.08407 -0.036779
96.8 4.08407 -0.0349489
97 4.08407 -0.0387653
97.2 4.08407 -0.0379145
97.4 4.08407 -0.0159902
97.6 4.08407 0.0310789
97.8 4.08407 0.0833006
98 4.08407 0.107178
98.2 4.08407 0.0825386
98.4 4.08407 0.0213972
98.6 4.08407 -0.0399443
98.8 4.08407 -0.0692681
99 4.08407 -0.061142
99.2 4.08407 -0.034451
99.4 4.08407 -0.0110422
99.6 4.08407 0.0010887
99.8 4.08407 0.0060495
100 4.08407 0.00842092
100.2 4.08407 0.00885707
100.4 4.08407 0.00965925
100.6 4.08407 0.0171186
100.8 4.08407 0.0324566
101 4.08407 0.0427243
101.2 4.08407 0.0287967
101.4 4.08407 -0.0123911
101.6 4.08407 -0.0562445
101.8 4.08407 -0.0676881
102 4.08407 -0.033021
102.2 4.08407 0.0271225
102.4 4.08407 0.0780093
102.6 4.08407 0.101358
102.8 4.08407 0.103086
103 4.08407 0.0943297
103.2 4.08407 0.0740108
103.4 4.08407 0.0358707
103.6 4.08407 -0.0120493
103.8 4.08407 -0.0456736
104 4.08407 -0.0477306
104.2 4.08407 -0.0275306
104.4 4.08407 -0.0108629
104.6 4.08407 -0.010486
104.8 4.08407 -0.0134084
105 4.08407 -0.000618185
105.2 4.08407 0.0266004
105.4 4.08407 0.0479813
105.6 4.08407 0.050848
105.8 4.08407 0.0458275
106 4.08407 0.0500349
106.2 4.08407 0.060602
106.4 4.08407 0.0561965
106.6 4.08407 0.0271799
106.8 4.08407 -0.00586072
107 4.08407 -0.0136619
107.2 4.08407 0.00445981
107.4 4.08407 0.0168641
107.6 4.08407 -0.00151924
107.8 4.08407 -0.035167
108 4.08407 -0.0446655
108.2 4.08407 -0.0169048
108.4 4.08407 0.0143822
108.6 4.08407 0.00743276
108.8 4.08407 -0.0345878
109 4.08407 -0.06354
109.2 4.08407 -0.0431403
109.4 4.08407 0.00533685
109.6 4.08407 0.0259604
109.8 4.08407 -0.0058941
110 4.08407 -0.0539181
110.2 4.08407 -0.0636888
110.4 4.08407 -0.0262334
110.6 4.08407 0.0135364
110.8 4.08407 0.0112948
111 4.08407 -0.0267689
111.2 4.08407 -0.0564974
111.4 4.08407 -0.0504899
111.6 4.08407 -0.0268347
111.8 4.08407 -0.0217895
112 4.08407 -0.0461955
112.2 4.08407 -0.0783382
112.4 4.08407 -0.0932399
112.6 4.08407 -0.0850151
112.8 4.08407 -0.0591992
113 4.08407 -0.019065
113.2 4.08407 0.0266845
113.4 4.08407 0.0504992
113.6 4.08407 0.0230322
113.8 4.08407 -0.0450262
114 4.08407 -0.09197
114.2 4.08407 -0.0591986
114.4 4.08407 0.0372875
114.6 4.08407 0.105225
114.8 4.08407 0.0638192
115 4.08407 -0.0663837
115.2 4.08407 -0.17401
115.4 4.08407 -0.164555
115.6 4.08407 -0.0527049
115.8 4.08407 0.0577135
116 4.08407 0.079212
116.2 4.08407 0.0160712
116.4 4.08407 -0.061334
116.6 4.08407 -0.0978369
116.8 4.08407 -0.0956237
117 4.08407 -0.0857417
117.2 4.08407 -0.0826097
117.4 4.08407 -0.0784773
117.6 4.08407 -0.0688912
117.8 4.08407 -0.0618391
118 4.08407 -0.0585958
118.2 4.08407 -0.0431603
118.4 4.08407 -0.00520194
118.6 4.08407 0.0336183
118.8 4.08407 0.0347903
119 4.08407 -0.00985074
119.2 4.08407 -0.0592674
119.4 4.08407 -0.0651318
119.6 4.08407 -0.0287714
119.8 4.08407 -0.0015951
120 4.08407 -0.0241597
120.2 4.08407 -0.0769941
120.4 4.08407 -0.104218
120.6 4.08407 -0.0809549
120.8 4.08407 -0.0412256
121 4.08407 -0.0336886
121.2 4.08407 -0.0631738
121.4 4.08407 -0.0907523
121.6 4.08407 -0.0872178
121.8 4.08407 -0.0672786
122 4.08407 -0.0611381
122.2 4.08407 -0.0653253
122.4 4.08407 -0.0421809
122.6 4.08407 0.0283516
122.8 4.08407 0.112393
123 4.08407 0.151541
123.2 4.08407 0.124729
123.4 4.08407 0.0677857
123.6 4.08407 0.0296529
123.8 4.08407 0.0217522
124 4.08407 0.0202719
124.2 4.08407 0.00986807
124.4 4.08407 0.00675086
124.6 4.08407 0.0319876
124.8 4.08407 0.0742821
125 4.08407 0.0947214
125.2 4.08407 0.0699075
125.4 4.08407 0.0202576
125.6 4.08407 -0.0100531
125.8 4.08407 0.00393894
126 4.08407 0.0499476
126.2 4.08407 0.0970183
126.4 4.08407 0.121321
126.6 4.08407 0.113833
126.8 4.08407 0.0765668
127 4.08407 0.0234856
127.2 4.08407 -0.0188707
127.4 4.08407 -0.0268694
127.6 4.08407 -0.00439623
127.8 4.08407 0.0139533
128 4.08407 -0.00572374
128.2 4.08407 -0.060536
128.4 4.08407 -0.111331
128.6 4.08407 -0.120674
128.8 4.08407 -0.0858739
129 4.08407 -0.0336191
129.2 4.08407 0.00952226
129.4 4.08407 0.0332386
129.6 4.08407 0.0363379
129.8 4.08407 0.0200724
130 4.08407 -0.00364866
130.2 4.08407 -0.00892659
130.4 4.08407 0.0218083
130.6 4.08407 0.069968
130.8 4.08407 0.0899419
131 4.08407 0.0575226
131.2 4.08407 0.00247194
131.4 4.08407 -0.0215584
131.6 4.08407 -0.000370241
131.8 4.08407 0.02253
132 4.08407 0.000802941
132.2 4.08407 -0.0526064
132.4 4.08407 -0.0771533
132.6 4.08407 -0.0401363
132.8 4.08407 0.0186121
133 4.08407 0.0325308
133.2 4.08407 -0.0109595
133.4 4.08407 -0.0577237
133.6 4.08407 -0.0590677
133.8 4.08407 -0.034792
134 4.08407 -0.0432811
134.2 4.08407 -0.0967832
134.4 4.08407 -0.135527
134.6 4.08407 -0.100777
134.8 4.08407 -0.0161051
135 4.08407 0.0309551
135.2 4.08407 -0.00941552
135.4 4.08407 -0.0886503
135.6 4.08407 -0.11628
135.8 4.08407 -0.0645043
136 4.08407 0.00624665
136.2 4.08407 0.0264667
136.4 4.08407 -0.00220978
136.6 4.08407 -0.0227666
136.8 4.08407 -0.0041304
137 4.08407 0.022294
137.2 4.08407 0.0140909
137.4 4.08407 -0.0184747
137.6 4.08407 -0.0244262
137.8 4.08407 0.0181325
138 4.08407 0.0704051
138.2 4.08407 0.0820554
138.4 4.08407 0.0538239
138.6 4.08407 0.0296312
138.8 4.08407 0.0317311
139 4.08407 0.0303107
139.2 4.08407 -0.00915029
139.4 4.08407 -0.0662294
139.6 4.08407 -0.079705
139.8 4.08407 -0.0238448
140 4.08407 0.0510958
140.2 4.08407 0.0703146
140.4 4.08407 0.01706
140.6 4.08407 -0.0537143
140.8 4.08407 -0.0825889
141 4.08407 -0.0668443
141.2 4.08407 -0.0450906
141.4 4.08407 -0.0385464
141.6 4.08407 -0.0319996
141.8 4.08407 -0.0128725
142 4.08407 -0.00280953
142.2 4.08407 -0.0298825
142.4 4.08407 -0.0791037
142.6 4.08407 -0.0965529
142.8 4.08407 -0.0520423
143 4.08407 0.0184874
143.2 4.08407 0.0499201
143.4 4.08407 0.0217647
143.6 4.08407 -0.0228381
143.8 4.08407 -0.034781
144 4.08407 -0.0175651
144.2 4.08407 -0.013146
144.4 4.08407 -0.038763
144.6 4.08407 -0.0608304
144.8 4.08407 -0.0392654
145 4.08407 0.0186593
145.2 4.08407 0.0660073
145.4 4.08407 0.0726373
145.6 4.08407 0.0551503
145.8 4.08407 0.0454245
146 4.08407 0.0465417
146.2 4.08407 0.0370668
146.4 4.08407 0.0124713
146.6 4.08407 -0.000372313
146.8 4.08407 0.0203469
147 4.08407 0.0551083
147.2 4.08407 0.0611664
147.4 4.08407 0.0240782
147.6 4.08407 -0.0265742
147.8 4.08407 -0.0584475
148 4.08407 -0.076583
148.2 4.08407 -0.105146
148.4 4.08407 -0.136992
148.6 4.08407 -0.127648
148.8 4.08407 -0.0527387
149 4.08407 0.0444823
149.2 4.08407 0.0872143
149.4 4.08407 0.0496779
149.6 4.08407 -0.0110379
149.8 4.08407 -0.0202167
150 4.08407 0.0282521
150.2 4.08407 0.0691571
150.4 4.08407 0.048123
150.6 4.08407 -0.0140411
150.8 4.08407 -0.0512026
151 4.08407 -0.0323074
151.2 4.08407 0.0101654
151.4 4.08407 0.0317298
151.6 4.08407 0.031156
151.8 4.08407 0.036174
152 4.08407 0.047354
152.2 4.08407 0.0269837
152.4 4.08407 -0.044394
152.6 4.08407 -0.12124
152.8 4.08407 -0.130603
153 4.08407 -0.0594522
153.2 4.08407 0.0171527
153.4 4.08407 0.012206
153.6 4.08407 -0.0751391
153.8 4.08407 -0.15428
154 4.08407 -0.139476
154.2 4.08407 -0.0392189
154.4 4.08407 0.0579346
154.6 4.08407 0.0768648
154.8 4.08407 0.0214681
155 4.08407 -0.0490349
155.2 4.08407 -0.0879621
155.4 4.08407 -0.0914098
155.6 4.08407 -0.0726306
155.8 4.08407 -0.0328136
156 4.08407 0.0291198
156.2 4.08407 0.0895557
156.4 4.08407 0.105246
156.6 4.08407 0.055137
156.8 4.08407 -0.0299834
157 4.08407 -0.0902872
157.2 4.08407 -0.0914592
157.4 4.08407 -0.0530787
157.6 4.08407 -0.0225177
157.8 4.08407 -0.0253628
158 4.08407 -0.0445088
158.2 4.08407 -0.044925
158.4 4.08407 -0.0133208
158.6 4.08407 0.0282881
158.8 4.08407 0.0453636
159 4.08407 0.0245962
159.2 4.08407 -0.0142649
159.4 4.08407 -0.0383444
159.6 4.08407 -0.0334703
159.8 4.08407 -0.0173188
160 4.08407 -0.0207941
160.2 4.08407 -0.055459
160.4 4.08407 -0.0999181
160.6 4.08407 -0.120044
160.8 4.08407 -0.102505
161 4.08407 -0.0659331
161.2 4.08407 -0.0381197
161.4 4.08407 -0.0258229
161.6 4.08407 -0.0117566
161.8 4.08407 0.0190033
162 4.08407 0.0557926
162.2 4.08407 0.0704501
162.4 4.08407 0.0472617
162.6 4.08407 0.00031359
162.8 4.08407 -0.0398341
163 4.08407 -0.0533133
163.2 4.08407 -0.0435411
163.4 4.08407 -0.0277955
163.6 4.08407 -0.0209564
163.8 4.08407 -0.026877
164 4.08407 -0.037818
164.2 4.08407 -0.0382625
164.4 4.08407 -0.015004
164.6 4.08407 0.0279815
164.8 4.08407 0.0646377
165 4.08407 0.0656182
165.2 4.08407 0.0281171
165.4 4.08407 -0.0171062
165.6 4.08407 -0.0360723
165.8 4.08407 -0.0281724
166 4.08407 -0.023787
166.2 4.08407 -0.0419348
166.4 4.08407 -0.0598451
166.6 4.08407 -0.0370673
166.8 4.08407 0.0309082
167 4.08407 0.0971985
167.2 4.08407 0.111303
167.4 4.08407 0.0752268
167.6 4.08407 0.0380212
167.8 4.08407 0.0337611
168 4.08407 0.040883
168.2 4.08407 0.0160825
168.4 4.08407 -0.0398731
168.6 4.08407 -0.0718396
168.8 4.08407 -0.0351394
169 4.08407 0.0428517
169.2 4.08407 0.0851505
169.4 4.08407 0.0508077
169.6 4.08407 -0.0172876
169.8 4.08407 -0.0406591
170 4.08407 0.00687508
170.2 4.08407 0.0740709
170.4 4.08407 0.0943152
170.6 4.08407 0.05677
170.8 4.08407 0.00576037
171 4.08407 -0.0193242
171.2 4.08407 -0.0230933
171.4 4.08407 -0.0296378
171.6 4.08407 -0.0381678
171.8 4.08407 -0.0234572
172 4.08407 0.0207503
172.2 4.08407 0.0586144
172.4 4.08407 0.047113
172.6 4.08407 -0.0108792
172.8 4.08407 -0.0629547
173 4.08407 -0.0620589
173.2 4.08407 -0.017384
173.4 4.08407 0.0172624
173.6 4.08407 0.0036417
173.8 4.08407 -0.039976
174 4.08407 -0.0602197
174.2 4.08407 -0.0261531
174.4 4.08407 0.0383357
174.6 4.08407 0.0777317
174.8 4.08407 0.0576353
175 4.08407 -0.00371472
175.2 4.08407 -0.0525226
175.4 4.08407 -0.0482202
175.6 4.08407 -4.62834e-05
175.8 4.08407 0.0424296
176 4.08407 0.0381339
176.2 4.08407 -0.00360307
176.4 4.08407 -0.0329497
176.6 4.08407 -0.0158208
176.8 4.08407 0.0229889
177 4.08407 0.0232598
177.2 4.08407 -0.0391303
177.4 4.08407 -0.113036
177.6 4.08407 -0.118448
177.8 4.08407 -0.0346077
178 4.08407 0.0701717
178.2 4.08407 0.10742
178.4 4.08407 0.0624752
178.6 4.08407 0.00637674
178.8 4.08407 0.0114729
179 4.08407 0.0689263
179.2 4.08407 0.103619
179.4 4.08407 0.0658744
179.6 4.08407 -0.00983978
179.8 4.08407 -0.0459337
180 4.08407 -0.00981677
180.2 4.08407 0.0541117
180.4 4.08407 0.0784817
180.6 4.08407 0.043339
180.8 4.08407 -0.0139711
181 4.08407 -0.0460523
181.2 4.08407 -0.0367414
181.4 4.08407 0.000388367
181.6 4.08407 0.0435265
181.8 4.08407 0.0714027
182 4.08407 0.0650237
182.2 4.08407 0.0233542
182.4 4.08407 -0.0201281
182.6 4.08407 -0.0171095
182.8 4.08407 0.0421651
183 4.08407 0.102688
183.2 4.08407 0.0929171
183.4 4.08407 0.00611769
183.6 4.08407 -0.08102
183.8 4.08407 -0.0855755
184 4.08407 -0.00926011
184.2 4.08407 0.0634517
184.4 4.08407 0.0596335
184.6 4.08407 -0.00553099
184.8 4.08407 -0.0567777
185 4.08407 -0.0500279
185.2 4.08407 -0.0130647
185.4 4.08407 0.00601894
185.6 4.08407 0.00534139
185.8 4.08407 0.0217019
186 4.08407 0.0656688
186.2 4.08407 0.0948291
186.4 4.08407 0.0670109
186.6 4.08407 0.00250601
186.8 4.08407 -0.0335901
187 4.08407 -0.0131806
187.2 4.08407 0.0144951
187.4 4.08407 -0.0180604
187.6 4.08407 -0.107565
187.8 4.08407 -0.173525
188 4.08407 -0.147509
188.2 4.08407 -0.0527349
188.4 4.08407 0.0200095
188.6 4.08407 0.00998065
188.8 4.08407 -0.0554528
189 4.08407 -0.101005
189.2 4.08407 -0.0853145
189.4 4.08407 -0.0323189
189.6 4.08407 0.00742128
189.8 4.08407 0.00767293
190 4.08407 -0.0215724
190.2 4.08407 -0.0533592
190.4 4.08407 -0.0611499
190.6 4.08407 -0.0285913
190.8 4.08407 0.0354374
191 4.08407 0.0876282
191.2 4.08407 0.0767103
191.4 4.08407 -0.00158143
191.6 4.08407 -0.0819843
191.8 4.08407 -0.0843997
192 4.08407 -0.000805635
192.2 4.08407 0.0860832
192.4 4.08407 0.086924
192.6 4.08407 0.00471995
192.8 4.08407 -0.0673461
193 4.08407 -0.0518819
193.2 4.08407 0.0251355
193.4 4.08407 0.0682803
193.6 4.08407 0.02677
193.8 4.08407 -0.0481187
194 4.08407 -0.0687344
194.2 4.08407 -0.0167888
194.4 4.08407 0.0387615
194.6 4.08407 0.0287013
194.8 4.08407 -0.0340346
195 4.08407 -0.074382
195.2 4.08407 -0.04713
195.4 4.08407 0.0127753
195.6 4.08407 0.0367524
195.8 4.08407 0.00228544
196 4.08407 -0.0497935
196.2 4.08407 -0.0718191
196.4 4.08407 -0.0632011
196.6 4.08407 -0.0590402
196.8 4.08407 -0.0770042
197 4.08407 -0.0928431
197.2 4.08407 -0.0716876
197.4 4.08407 -0.0122609
197.6 4.08407 0.0493932
197.8 4.08407 0.0776266
198 4.08407 0.0715843
198.2 4.08407 0.061582
198.4 4.08407 0.0768495
198.6 4.08407 0.118864
198.8 4.08407 0.16209
199 4.08407 0.17724
199.2 4.08407 0.156302
199.4 4.08407 0.119275
199.6 4.08407 0.0953639
199.8 4.08407 0.092635
200 4.08407 0.0859031
200.2 4.08407 0.0412895
200.4 4.08407 -0.0424509
200.6 4.08407 -0.121941
200.8 4.08407 -0.147744
201 4.08407 -0.116644
201.2 4.08407 -0.0771612
201.4 4.08407 -0.0767663
201.6 4.08407 -0.109017
201.8 4.08407 -0.123667
202 4.08407 -0.0894934
202.2 4.08407 -0.0342978
202.4 4.08407 -0.0125908
202.6 4.08407 -0.0401919
202.8 4.08407 -0.0766269
203 4.08407 -0.07677
203.2 4.08407 -0.0458807
203.4 4.08407 -0.0282509
203.6 4.08407 -0.0448682
203.8 4.08407 -0.0616807
204 4.08407 -0.0319001
204.2 4.08407 0.0393424
204.4 4.08407 0.0906092
204.6 4.08407 0.0695495
204.8 4.08407 -0.00827262
205 4.08407 -0.0755791
205.2 4.08407 -0.0831667
205.4 4.08407 -0.042156
205.6 4.08407 0.00262643
205.8 4.08407 0.0260986
206 4.08407 0.038101
206.2 4.08407 0.0524823
206.4 4.08407 0.0600041
206.6 4.08407 0.0414515
206.8 4.08407 -0.00112089
207 4.08407 -0.0402952
207.2 4.08407 -0.0528244
207.4 4.08407 -0.0445008
207.6 4.08407 -0.039922
207.8 4.08407 -0.0525629
208 4.08407 -0.0724632
208.2 4.08407 -0.082166
208.4 4.08407 -0.0763789
208.6 4.08407 -0.0625124
208.8 4.08407 -0.0485334
209 4.08407 -0.037851
209.2 4.08407 -0.0338783
209.4 4.08407 -0.0400226
209.6 4.08407 -0.0509539
209.8 4.08407 -0.0504233
210 4.08407 -0.026163
210.2 4.08407 0.0136056
210.4 4.08407 0.0459464
210.6 4.08407 0.0583003
210.8 4.08407 0.0613926
211 4.08407 0.0704529
211.2 4.08407 0.0773904
211.4 4.08407 0.0537235
211.6 4.08407 -0.011822
211.8 4.08407 -0.0847049
212 4.08407 -0.105986
212.2 4.08407 -0.0485965
212.4 4.08407 0.0508528
212.6 4.08407 0.121873
212.8 4.08407 0.122754
213 4.08407 0.0726526
213.2 4.08407 0.0240929
213.4 4.08407 0.009898
213.6 4.08407 0.0201169
213.8 4.08407 0.0260486
214 4.08407 0.0175489
214.2 4.08407 0.0112926
214.4 4.08407 0.0249642
214.6 4.08407 0.0504732
214.8 4.08407 0.0584589
215 4.08407 0.0309455
215.2 4.08407 -0.0126944
215.4 4.08407 -0.0270176
215.6 4.08407 0.016879
215.8 4.08407 0.0973071
216 4.08407 0.15344
216.2 4.08407 0.137361
216.4 4.08407 0.0593589
216.6 4.08407 -0.0195879
216.8 4.08407 -0.0441771
217 4.08407 -0.0153677
217.2 4.08407 0.0159933
217.4 4.08407 0.00490012
217.6 4.08407 -0.0422125
217.8 4.08407 -0.0791588
218 4.08407 -0.0725897
218.2 4.08407 -0.0358867
218.4 4.08407 -0.0101681
218.6 4.08407 -0.0193207
218.8 4.08407 -0.0506634
219 4.08407 -0.0763678
219.2 4.08407 -0.0827626
219.4 4.08407 -0.0736838
219.6 4.08407 -0.0540847
219.8 4.08407 -0.024106
220 4.08407 0.00839274
220.2 4.08407 0.0216072
220.4 4.08407 -0.001341
220.6 4.08407 -0.0479009
220.8 4.08407 -0.0811137
221 4.08407 -0.0756986
221.2 4.08407 -0.0447548
221.4 4.08407 -0.0236998
221.6 4.08407 -0.0290175
221.8 4.08407 -0.0408458
222 4.08407 -0.0295256
222.2 4.08407 0.00722155
222.4 4.08407 0.0408901
222.6 4.08407 0.0437916
222.8 4.08407 0.0159095
223 4.08407 -0.0215225
223.2 4.08407 -0.0504549
223.4 4.08407 -0.0657214
223.6 4.08407 -0.0648233
223.8 4.08407 -0.0421793
224 4.08407 -0.00179041
224.2 4.08407 0.0311477
224.4 4.08407 0.0249224
224.6 4.08407 -0.0263398
224.8 4.08407 -0.0897233
225 4.08407 -0.11936
225.2 4.08407 -0.0959558
225.4 4.08407 -0.0395437
225.6 4.08407 0.0135683
225.8 4.08407 0.0409373
226 4.08407 0.0429419
226.2 4.08407 0.0322455
226.4 4.08407 0.0226325
226.6 4.08407 0.0239511
226.8 4.08407 0.0363482
227 4.08407 0.0454026
227.2 4.08407 0.03187
227.4 4.08407 -0.00410508
227.6 4.08407 -0.0321768
227.8 4.08407 -0.0186165
228 4.08407 0.0302498
228.2 4.08407 0.0620873
228.4 4.08407 0.0307873
228.6 4.08407 -0.0446212
228.8 4.08407 -0.0876147
229 4.08407 -0.042664
229.2 4.08407 0.0582399
229.4 4.08407 0.120606
229.6 4.08407 0.0836902
229.8 4.08407 -0.0162772
230 4.08407 -0.0862252
230.2 4.08407 -0.0739091
230.4 4.08407 -0.0144186
230.6 4.08407 0.0203363
230.8 4.08407 0.00336447
231 4.08407 -0.0286876
231.2 4.08407 -0.0317601
231.4 4.08407 -0.00909029
231.6 4.08407 0.00114749
231.8 4.08407 -0.0177599
232 4.08407 -0.0365796
232.2 4.08407 -0.018654
232.4 4.08407 0.0287841
232.6 4.08407 0.0563221
232.8 4.08407 0.0270127
233 4.08407 -0.0400124
233.2 4.08407 -0.0870876
233.4 4.08407 -0.0761316
233.6 4.08407 -0.0241721
233.8 4.08407 0.0174182
234 4.08407 0.0130834
234.2 4.08407 -0.0283353
234.4 4.08407 -0.0677796
234.6 4.08407 -0.0721834
234.8 4.08407 -0.0395058
235 4.08407 0.0028777
235.2 4.08407 0.0199738
235.4 4.08407 -0.00530986
235.6 4.08407 -0.0593457
235.8 4.08407 -0.107416
236 4.08407 -0.120857
236.2 4.08407 -0.100186
236.4 4.08407 -0.0724379
236.6 4.08407 -0.0638271
236.8 4.08407 -0.074969
237 4.08407 -0.0846443
237.2 4.08407 -0.0770425
237.4 4.08407 -0.0602297
237.6 4.08407 -0.0531497
237.8 4.08407 -0.0558826
238 4.08407 -0.0402922
238.2 4.08407 0.0223192
238.4 4.08407 0.122543
238.6 4.08407 0.206466
238.8 4.08407 0.215327
239 4.08407 0.137714
239.2 4.08407 0.0240891
239.4 4.08407 -0.0531275
239.6 4.08407 -0.0590037
239.8 4.08407 -0.0202049
240 4.08407 0.00815834
240.2 4.08407 -0.000774424
240.4 4.08407 -0.0226578
240.6 4.08407 -0.015601
240.8 4.08407 0.0266236
241 4.08407 0.0618532
241.2 4.08407 0.0448589
241.4 4.08407 -0.0175102
241.6 4.08407 -0.0655973
241.8 4.08407 -0.0475724
242 4.08407 0.0223288
242.2 4.08407 0.0745475
242.4 4.08407 0.0561398
242.6 4.08407 -0.0135368
242.8 4.08407 -0.0647696
243 4.08407 -0.052142
243.2 4.08407 0.00145197
243.4 4.08407 0.0371709
243.6 4.08407 0.026758
243.8 4.08407 -0.00383245
244 4.08407 -0.0143525
244.2 4.08407 0.00141625
244.4 4.08407 0.0172852
244.6 4.08407 0.0167814
244.8 4.08407 0.0163281
245 4.08407 0.0395319
245.2 4.08407 0.0795331
245.4 4.08407 0.10213
245.6 4.08407 0.0875425
245.8 4.08407 0.0564906
246 4.08407 0.0455824
246.2 4.08407 0.0626836
246.4 4.08407 0.0789646
246.6 4.08407 0.0670267
246.8 4.08407 0.0355046
247 4.08407 0.0160981
247.2 4.08407 0.0210483
247.4 4.08407 0.0268501
247.6 4.08407 0.00552396
247.8 4.08407 -0.0364789
248 4.08407 -0.0613385
248.2 4.08407 -0.0418385
248.4 4.08407 0.00774165
248.6 4.08407 0.0461134
248.8 4.08407 0.044675
249 4.08407 0.00790338
249.2 4.08407 -0.0401737
249.4 4.08407 -0.0783761
249.6 4.08407 -0.0946494
249.8 4.08407 -0.0812572
250 4.08407 -0.0373748
250.2 4.08407 0.0217405
250.4 4.08407 0.0680401
250.6 4.08407 0.0819015
250.8 4.08407 0.0692766
251 4.08407 0.0526663
251.2 4.08407 0.0452382
251.4 4.08407 0.0392168
251.6 4.08407 0.0213707
251.8 4.08407 -0.00638555
252 4.08407 -0.0285693
252.2 4.08407 -0.0364199
252.4 4.08407 -0.0387531
252.6 4.08407 -0.0492312
252.8 4.08407 -0.0681005
253 4.08407 -0.0825683
253.2 4.08407 -0.083097
253.4 4.08407 -0.0720222
253.6 4.08407 -0.0547332
253.8 4.08407 -0.0305816
254 4.08407 -0.000147354
254.2 4.08407 0.0224357
254.4 4.08407 0.0165549
254.6 4.08407 -0.0193921
254.8 4.08407 -0.0562868
255 4.08407 -0.0585394
255.2 4.08407 -0.0214117
255.4 4.08407 0.0231969
255.6 4.08407 0.0422407
255.8 4.08407 0.0367345
256 4.08407 0.0338984
256.2 4.08407 0.0471568
256.4 4.08407 0.0563167
256.6 4.08407 0.0348261
256.8 4.08407 -0.0103434
257 4.08407 -0.0390241
257.2 4.08407 -0.0213466
257.4 4.08407 0.0277088
257.6 4.08407 0.0649231
257.8 4.08407 0.0652682
258 4.08407 0.041515
258.2 4.08407 0.0169571
258.4 4.08407 -0.00797292
258.6 4.08407 -0.0490474
258.8 4.08407 -0.101824
259 4.08407 -0.12961
259.2 4.08407 -0.100945
259.4 4.08407 -0.0351088
259.6 4.08407 0.00509758
259.8 4.08407 -0.0246882
260 4.08407 -0.0992121
260.2 4.08407 -0.14324
260.4 4.08407 -0.105589
260.6 4.08407 -0.0104214
260.8 4.08407 0.0671603
261 4.08407 0.0739391
261.2 4.08407 0.0242789
261.4 4.08407 -0.02307
261.6 4.08407 -0.0264726
261.8 4.08407 0.00354736
262 4.08407 0.0253641
262.2 4.08407 0.0139857
262.4 4.08407 -0.0155056
262.6 4.08407 -0.0283338
262.8 4.08407 -0.00766852
263 4.08407 0.0302294
263.2 4.08407 0.0555895
263.4 4.08407 0.0552928
263.6 4.08407 0.0411948
263.8 4.08407 0.0304149
264 4.08407 0.0227643
264.2 4.08407 0.00310087
264.4 4.08407 -0.0334321
264.6 4.08407 -0.0647073
264.8 4.08407 -0.0584349
265 4.08407 -0.0088318
265.2 4.08407 0.0487277
265.4 4.08407 0.0677324
265.6 4.08407 0.0378549
265.8 4.08407 -0.00223113
266 4.08407 -0.00422803
266.2 4.08407 0.0387223
266.4 4.08407 0.085265
266.6 4.08407 0.091343
266.8 4.08407 0.0568982
267 4.08407 0.0220296
267.2 4.08407 0.0194758
267.4 4.08407 0.0399627
267.6 4.08407 0.0494226
267.8 4.08407 0.0338904
268 4.08407 0.0160091
268.2 4.08407 0.0237369
268.4 4.08407 0.0513902
268.6 4.08407 0.0626516
268.8 4.08407 0.0332378
269 4.08407 -0.0181087
269.2 4.08407 -0.0483749
269.4 4.08407 -0.0375841
269.6 4.08407 -0.00952957
269.8 4.08407 -0.00252899
270 4.08407 -0.0249715
270.2 4.08407 -0.046825
270.4 4.08407 -0.0354525
270.6 4.08407 0.00603529
270.8 4.08407 0.0402437
271 4.08407 0.0332054
271.2 4.08407 -0.0134488
271.4 4.08407 -0.0672486
271.6 4.08407 -0.0966284
271.8 4.08407 -0.0946616
272 4.08407 -0.0752308
272.2 4.08407 -0.0533726
272.4 4.08407 -0.0335596
272.6 4.08407 -0.014048
272.8 4.08407 0.00407973
273 4.08407 0.0159279
273.2 4.08407 0.0188438
273.4 4.08407 0.0158366
273.6 4.08407 0.0120318
273.8 4.08407 0.00975264
274 4.08407 0.00832483
274.2 4.08407 0.00678178
274.4 4.08407 0.00365001
274.6 4.08407 -0.00586123
274.8 4.08407 -0.0280055
275 4.08407 -0.0611542
275.2 4.08407 -0.0886797
275.4 4.08407 -0.0874615
275.6 4.08407 -0.0499735
275.8 4.08407 0.00165295
276 4.08407 0.0297594
276.2 4.08407 0.0156491
276.4 4.08407 -0.0194066
276.6 4.08407 -0.0325965
276.8 4.08407 -0.00283391
277 4.08407 0.0455788
277.2 4.08407 0.0663165
277.4 4.08407 0.0386925
277.6 4.08407 -0.0115985
277.8 4.08407 -0.0413667
278 4.08407 -0.0358425
278.2 4.08407 -0.0195356
278.4 4.08407 -0.0210748
278.6 4.08407 -0.035255
278.8 4.08407 -0.0289903
279 4.08407 0.0150272
279.2 4.08407 0.0696517
279.4 4.08407 0.0862183
279.6 4.08407 0.0450503
279.8 4.08407 -0.0236261
280 4.08407 -0.0715623
280.2 4.08407 -0.0799019
280.4 4.08407 -0.0697559
280.6 4.08407 -0.0687831
280.8 4.08407 -0.0770719
281 4.08407 -0.0713744
281.2 4.08407 -0.0376958
281.4 4.08407 0.0099786
281.6 4.08407 0.0459673
281.8 4.08407 0.0611578
282 4.08407 0.0687901
282.2 4.08407 0.0839251
282.4 4.08407 0.104278
282.6 4.08407 0.114033
282.8 4.08407 0.101874
283 4.08407 0.0705303
283.2 4.08407 0.0312056
283.4 4.08407 -0.00439176
283.6 4.08407 -0.0252356
283.8 4.08407 -0.0221818
284 4.08407 0.00332194
284.2 4.08407 0.0328335
284.4 4.08407 0.0427191
284.6 4.08407 0.0289339
284.8 4.08407 0.0160698
285 4.08407 0.0327409
285.2 4.08407 0.0753786
285.4 4.08407 0.103546
285.6 4.08407 0.0794739
285.8 4.08407 0.0121997
286 4.08407 -0.044696
286.2 4.08407 -0.0445613
286.4 4.08407 0.00439665
286.6 4.08407 0.0466629
286.8 4.08407 0.035003
287 4.08407 -0.0240243
287.2 4.08407 -0.0800061
287.4 4.08407 -0.0894534
287.6 4.08407 -0.0534007
287.8 4.08407 -0.00842489
288 4.08407 0.0112263
288.2 4.08407 -0.00098933
288.4 4.08407 -0.0292292
288.6 4.08407 -0.0547461
288.8 4.08407 -0.0659276
289 4.08407 -0.0564835
289.2 4.08407 -0.0251128
289.4 4.08407 0.0182511
289.6 4.08407 0.0512545
289.8 4.08407 0.0529293
290 4.08407 0.0230674
290.2 4.08407 -0.014188
290.4 4.08407 -0.0297503
290.6 4.08407 -0.0140469
290.8 4.08407 0.0181439
291 4.08407 0.046169
291.2 4.08407 0.0639228
291.4 4.08407 0.08031
291.6 4.08407 0.101748
291.8 4.08407 0.119361
292 4.08407 0.116926
292.2 4.08407 0.0900623
292.4 4.08407 0.0533898
292.6 4.08407 0.0264835
292.8 4.08407 0.0148935
293 4.08407 0.00797935
293.2 4.08407 -0.00531994
293.4 4.08407 -0.0235655
293.6 4.08407 -0.0386979
293.8 4.08407 -0.0510219
294 4.08407 -0.0704187
294.2 4.08407 -0.0989481
294.4 4.08407 -0.117903
294.6 4.08407 -0.101911
294.8 4.08407 -0.0494607
295 4.08407 0.00685037
295.2 4.08407 0.028898
295.4 4.08407 0.0128905
295.6 4.08407 -0.00612696
295.8 4.08407 0.00570534
296 4.08407 0.0405355
296.2 4.08407 0.0562778
296.4 4.08407 0.0259845
296.6 4.08407 -0.028134
296.8 4.08407 -0.057466
297 4.08407 -0.0413962
297.2 4.08407 -0.00948124
297.4 4.08407 -0.00535763
297.6 4.08407 -0.0356688
297.8 4.08407 -0.0646918
298 4.08407 -0.0592962
298.2 4.08407 -0.0282452
298.4 4.08407 -0.00876923
298.6 4.08407 -0.0190749
298.8 4.08407 -0.0364361
299 4.08407 -0.026742
299.2 4.08407 0.012625
299.4 4.08407 0.049216
299.6 4.08407 0.053595
299.8 4.08407 0.0313123
300 4.08407 0.0126943
300.2 4.08407 0.0177742
300.4 4.08407 0.039619
300.6 4.08407 0.059454
300.8 4.08407 0.0662919
301 4.08407 0.0565938
301.2 4.08407 0.0250714
301.4 4.08407 -0.0288256
301.6 4.08407 -0.0837174
301.8 4.08407 -0.100344
302 4.08407 -0.0577095
302.2 4.08407 0.0158659
302.4 4.08407 0.06082
302.6 4.08407 0.0439525
302.8 4.08407 -0.00654395
303 4.08407 -0.0314109
303.2 4.08407 -0.00448763
303.4 4.08407 0.0415606
303.6 4.08407 0.0558561
303.8 4.08407 0.0263088
304 4.08407 -0.0129073
304.2 4.08407 -0.0264839
304.4 4.08407 -0.0164689
304.6 4.08407 -0.00923154
304.8 4.08407 -0.0146885
305 4.08407 -0.0143057
305.2 4.08407 0.00832549
305.4 4.08407 0.0393452
305.6 4.08407 0.0501369
305.8 4.08407 0.0367865
306 4.08407 0.0284169
306.2 4.08407 0.0484007
306.4 4.08407 0.0767828
306.6 4.08407 0.0664375
306.8 4.08407 -0.000240274
307 4.08407 -0.0812408
307.2 4.08407 -0.111458
307.4 4.08407 -0.0685871
307.6 4.08407 0.00399021
307.8 4.08407 0.0406486
308 4.08407 0.0145069
308.2 4.08407 -0.0457872
308.4 4.08407 -0.090638
308.6 4.08407 -0.0914939
308.8 4.08407 -0.0524399
309 4.08407 0.00362914
309.2 4.08407 0.0493478
309.4 4.08407 0.0608696
309.6 4.08407 0.0296536
309.8 4.08407 -0.0246447
310 4.08407 -0.061699
310.2 4.08407 -0.0549855
310.4 4.08407 -0.0216685
310.6 4.08407 -0.00843424
310.8 4.08407 -0.0404227
311 4.08407 -0.089506
311.2 4.08407 -0.10371
311.4 4.08407 -0.0685832
311.6 4.08407 -0.0274624
311.8 4.08407 -0.031495
312 4.08407 -0.0753647
312.2 4.08407 -0.0980688
312.4 4.08407 -0.0541329
312.6 4.08407 0.0264432
312.8 4.08407 0.0642119
313 4.08407 0.0182581
313.2 4.08407 -0.064336
313.4 4.08407 -0.0975611
313.6 4.08407 -0.0509362
313.8 4.08407 0.0182277
314 4.08407 0.0314824
314.2 4.08407 -0.022446
314.4 4.08407 -0.0785637
314.6 4.08407 -0.0733564
314.8 4.08407 -0.0163724
315 4.08407 0.0263286
315.2 4.08407 0.0128911
315.4 4.08407 -0.0272548
315.6 4.08407 -0.0337619
315.8 4.08407 0.00935605
316 4.08407 0.0551498
316.2 4.08407 0.0517638
316.4 4.08407 0.00436411
316.6 4.08407 -0.0333423
316.8 4.08407 -0.0238704
317 4.08407 0.0138065
317.2 4.08407 0.0347516
317.4 4.08407 0.0259135
317.6 4.08407 0.0169277
317.8 4.08407 0.0336989
318 4.08407 0.0594604
318.2 4.08407 0.0569602
318.4 4.08407 0.0231077
318.6 4.08407 0.00112061
318.8 4.08407 0.0280164
319 4.08407 0.0813847
319.2 4.08407 0.0971742
319.4 4.08407 0.0441015
319.6 4.08407 -0.0341655
319.8 4.08407 -0.0637641
320 4.08407 -0.0226757
320.2 4.08407 0.037143
320.4 4.08407 0.0534748
320.6 4.08407 0.0258906
320.8 4.08407 0.00948422
321 4.08407 0.0406996
321.2 4.08407 0.0885299
321.4 4.08407 0.0913377
321.6 4.08407 0.033009
321.8 4.08407 -0.0353651
322 4.08407 -0.0534217
322.2 4.08407 -0.01719
322.4 4.08407 0.0243055
322.6 4.08407 0.030627
322.8 4.08407 0.0106978
323 4.08407 -0.00131342
323.2 4.08407 0.00608745
323.4 4.08407 0.014915
323.6 4.08407 0.0136636
323.8 4.08407 0.017611
324 4.08407 0.0408455
324.2 4.08407 0.061533
324.4 4.08407 0.0388196
324.6 4.08407 -0.0301005
324.8 4.08407 -0.0883516
325 4.08407 -0.0743608
325.2 4.08407 0.00390302
325.4 4.08407 0.0679548
325.6 4.08407 0.0520502
325.8 4.08407 -0.0228192
326 4.08407 -0.0721306
326.2 4.08407 -0.0426625
326.4 4.08407 0.0312766
326.6 4.08407 0.0727561
326.8 4.08407 0.0489947
327 4.08407 -0.00349381
327.2 4.08407 -0.0360097
327.4 4.08407 -0.045693
327.6 4.08407 -0.0610176
327.8 4.08407 -0.0833812
328 4.08407 -0.0728202
328.2 4.08407 -0.00388713
328.4 4.08407 0.082821
328.6 4.08407 0.111715
328.8 4.08407 0.0588284
329 4.08407 -0.0122789
329.2 4.08407 -0.0185385
329.4 4.08407 0.044757
329.6 4.08407 0.0938804
329.8 4.08407 0.0516579
330 4.08407 -0.0606655
330.2 4.08407 -0.142273
330.4 4.08407 -0.121738
330.6 4.08407 -0.0316755
330.8 4.08407 0.0328746
331 4.08407 0.0200004
331.2 4.08407 -0.0301815
331.4 4.08407 -0.0413108
331.6 4.08407 0.010424
331.8 4.08407 0.0750566
332 4.08407 0.0900576
332.2 4.08407 0.0473887
332.4 4.08407 -0.00539717
332.6 4.08407 -0.0207963
332.8 4.08407 0.00323288
333 4.08407 0.0307474
333.2 4.08407 0.0284602
333.4 4.08407 -0.00657466
333.6 4.08407 -0.0515951
333.8 4.08407 -0.0790518
334 4.08407 -0.0732741
334.2 4.08407 -0.0376724
334.4 4.08407 0.00574962
334.6 4.08407 0.0277361
334.8 4.08407 0.0129505
335 4.08407 -0.0251594
335.2 4.08407 -0.0547103
335.4 4.08407 -0.0557167
335.6 4.08407 -0.0392811
335.8 4.08407 -0.0328969
336 4.08407 -0.0476585
336.2 4.08407 -0.0661429
336.4 4.08407 -0.0657507
336.6 4.08407 -0.0482768
336.8 4.08407 -0.0374548
337 4.08407 -0.0460438
337.2 4.08407 -0.0544408
337.4 4.08407 -0.0315454
337.6 4.08407 0.0236265
337.8 4.08407 0.0709248
338 4.08407 0.0679461
338.2 4.08407 0.0184148
338.4 4.08407 -0.0262823
338.6 4.08407 -0.0194799
338.8 4.08407 0.0292741
339 4.08407 0.0612631
339.2 4.08407 0.0303136
339.4 4.08407 -0.0448619
339.6 4.08407 -0.0949224
339.8 4.08407 -0.0687856
340 4.08407 0.012724
340.2 4.08407 0.0749047
340.4 4.08407 0.0624259
340.6 4.08407 -0.00606266
340.8 4.08407 -0.0577995
341 4.08407 -0.040207
341.2 4.08407 0.0271147
341.4 4.08407 0.0763982
341.6 4.08407 0.0655813
341.8 4.08407 0.0217482
342 4.08407 0.00631375
342.2 4.08407 0.0403784
342.4 4.08407 0.0754037
342.6 4.08407 0.0464798
342.8 4.08407 -0.0486449
343 4.08407 -0.135596
343.2 4.08407 -0.136112
343.4 4.08407 -0.0509232
343.6 4.08407 0.0397606
343.8 4.08407 0.0601705
344 4.08407 0.0150264
344.2 4.08407 -0.0251995
344.4 4.08407 -0.00802335
344.6 4.08407 0.0470834
344.8 4.08407 0.082975
345 4.08407 0.078283
345.2 4.08407 0.0669633
345.4 4.08407 0.0832829
345.6 4.08407 0.107935
345.8 4.08407 0.0893468
346 4.08407 0.0153676
346.2 4.08407 -0.0593747
346.4 4.08407 -0.0730411
346.6 4.08407 -0.0329978
346.8 4.08407 -0.0100728
347 4.08407 -0.050375
347.2 4.08407 -0.111648
347.4 4.08407 -0.108679
347.6 4.08407 -0.0194841
347.8 4.08407 0.0776174
348 4.08407 0.0890451
348.2 4.08407 0.0171388
348.4 4.08407 -0.0370205
348.6 4.08407 0.0106041
348.8 4.08407 0.125877
349 4.08407 0.190507
349.2 4.08407 0.134643
349.4 4.08407 0.0155971
349.6 4.08407 -0.0477262
349.8 4.08407 -0.00707917
350 4.08407 0.0673302
350.2 4.08407 0.0729466
350.4 4.08407 -0.00939844
350.6 4.08407 -0.100611
350.8 4.08407 -0.116412
351 4.08407 -0.0557535
351.2 4.08407 0.0102418
351.4 4.08407 0.0222101
351.6 4.08407 -0.0121067
351.8 4.08407 -0.0437427
352 4.08407 -0.0438939
352.2 4.08407 -0.0268012
352.4 4.08407 -0.0205213
352.6 4.08407 -0.0329737
352.8 4.08407 -0.0516166
353 4.08407 -0.0637308
353.2 4.08407 -0.0647548
353.4 4.08407 -0.0513076
353.6 4.08407 -0.0209309
353.8 4.08407 0.0158876
354 4.08407 0.0345984
354.2 4.08407 0.0201523
354.4 4.08407 -0.00985297
354.6 4.08407 -0.0181874
354.8 4.08407 0.00988931
355 4.08407 0.0454533
355.2 4.08407 0.0470323
355.4 4.08407 0.0106167
355.6 4.08407 -0.0235785
355.8 4.08407 -0.0192567
356 4.08407 0.0110409
356.2 4.08407 0.0218579
356.4 4.08407 -0.00650944
356.6 4.08407 -0.0415593
356.8 4.08407 -0.0415732
357 4.08407 -0.0157899
357.2 4.08407 -0.0207456
357.4 4.08407 -0.0868893
357.6 4.08407 -0.161434
357.8 4.08407 -0.146438
358 4.08407 -0.00461555
358.2 4.08407 0.18101
358.4 4.08407 0.268695
358.6 4.08407 0.188547
358.8 4.08407 0.0119134
359 4.08407 -0.112006
359.2 4.08407 -0.0908138
359.4 4.08407 0.0345344
359.6 4.08407 0.139005
359.8 4.08407 0.131508
360 4.08407 0.0271408
360.2 4.08407 -0.0847101
360.4 4.08407 -0.13012
360.6 4.08407 -0.106392
360.8 4.08407 -0.0605152
361 4.08407 -0.029341
361.2 4.08407 -0.0100583
361.4 4.08407 0.015997
361.6 4.08407 0.0460235
361.8 4.08407 0.0550294
362 4.08407 0.0319328
362.2 4.08407 0.00394021
362.4 4.08407 0.01251
362.6 4.08407 0.0639708
362.8 4.08407 0.114022
363 4.08407 0.110593
363.2 4.08407 0.0504546
363.4 4.08407 -0.0154389
363.6 4.08407 -0.0366306
363.8 4.08407 -0.0159346
364 4.08407 0.000165432
364.2 4.08407 -0.0194361
364.4 4.08407 -0.0536879
364.6 4.08407 -0.058396
364.8 4.08407 -0.0231928
365 4.08407 0.0148004
365.2 4.08407 0.0163254
365.4 4.08407 -0.0141074
365.6 4.08407 -0.0391462
365.8 4.08407 -0.0391626
366 4.08407 -0.0347999
366.2 4.08407 -0.0524296
366.4 4.08407 -0.0803608
366.6 4.08407 -0.0767858
366.8 4.08407 -0.0216737
367 4.08407 0.0545928
367.2 4.08407 0.103439
367.4 4.08407 0.109014
367.6 4.08407 0.0922734
367.8 4.08407 0.0686155
368 4.08407 0.0244376
368.2 4.08407 -0.0492278
368.4 4.08407 -0.113804
368.6 4.08407 -0.103604
368.8 4.08407 -0.00188799
369 4.08407 0.119662
369.2 4.08407 0.160613
369.4 4.08407 0.0941154
369.6 4.08407 -0.00575859
369.8 4.08407 -0.0460092
370 4.08407 -0.0111646
370.2 4.08407 0.0366345
370.4 4.08407 0.044596
370.6 4.08407 0.0294603
370.8 4.08407 0.0386057
371 4.08407 0.0717259
371.2 4.08407 0.0728511
371.4 4.08407 0.00667911
371.6 4.08407 -0.0822466
371.8 4.08407 -0.110582
372 4.08407 -0.0511829
372.2 4.08407 0.036816
372.4 4.08407 0.0803743
372.6 4.08407 0.0749799
372.8 4.08407 0.0740318
373 4.08407 0.104828
373.2 4.08407 0.1257
373.4 4.08407 0.0826502
373.6 4.08407 -0.00972519
373.8 4.08407 -0.0728916
374 4.08407 -0.0542545
374.2 4.08407 0.0105832
374.4 4.08407 0.0425105
374.6 4.08407 0.0141537
374.8 4.08407 -0.0243639
375 4.08407 -0.018249
375.2 4.08407 0.0176955
375.4 4.08407 0.0196355
375.6 4.08407 -0.0381742
375.8 4.08407 -0.104128
376 4.08407 -0.109566
376.2 4.08407 -0.0518702
376.4 4.08407 0.00459289
376.6 4.08407 0.00954245
376.8 4.08407 -0.013252
377 4.08407 -0.000505906
377.2 4.08407 0.0673909
377.4 4.08407 0.137796
377.6 4.08407 0.143714
377.8 4.08407 0.0754262
378 4.08407 -0.0151759
378.2 4.08407 -0.0719595
378.4 4.08407 -0.081324
378.6 4.08407 -0.064319
378.8 4.08407 -0.0424197
379 4.08407 -0.0246899
379.2 4.08407 -0.0188844
379.4 4.08407 -0.0336031
379.6 4.08407 -0.0619183
379.8 4.08407 -0.076276
380 4.08407 -0.0553116
380.2 4.08407 -0.0144766
380.4 4.08407 0.0036732
380.6 4.08407 -0.0232729
380.8 4.08407 -0.0673999
381 4.08407 -0.0770479
381.2 4.08407 -0.032403
381.4 4.08407 0.0333579
381.6 4.08407 0.0702097
381.8 4.08407 0.060895
382 4.08407 0.0297794
382.2 4.08407 0.00878304
382.4 4.08407 0.00523923
382.6 4.08407 0.00451948
382.8 4.08407 -0.00570563
383 4.08407 -0.0220148
383.2 4.08407 -0.0321653
383.4 4.08407 -0.0267155
383.6 4.08407 -0.00340372
383.8 4.08407 0.0311498
384 4.08407 0.0590783
384.2 4.08407 0.0576549
384.4 4.08407 0.0190824
384.6 4.08407 -0.0352418
384.8 4.08407 -0.0694633
385 4.08407 -0.0685457
385.2 4.08407 -0.0535139
385.4 4.08407 -0.0536864
385.6 4.08407 -0.0663307
385.8 4.08407 -0.0559672
386 4.08407 0.000293681
386.2 4.08407 0.0755015
386.4 4.08407 0.113723
386.6 4.08407 0.0890935
386.8 4.08407 0.0334008
387 4.08407 -0.00128012
387.2 4.08407 0.00053785
387.4 4.08407 0.00925944
387.6 4.08407 -0.00422832
387.8 4.08407 -0.0306867
388 4.08407 -0.0399975
388.2 4.08407 -0.0265318
388.4 4.08407 -0.0184569
388.6 4.08407 -0.0368236
388.8 4.08407 -0.0603584
389 4.08407 -0.0477436
389.2 4.08407 0.00608808
389.4 4.08407 0.0520216
389.6 4.08407 0.0364459
389.8 4.08407 -0.0363036
390 4.08407 -0.102919
390.2 4.08407 -0.105328
390.4 4.08407 -0.0488878
390.6 4.08407 0.00822785
390.8 4.08407 0.0177015
391 4.08407 -0.0149643
391.2 4.08407 -0.0475771
391.4 4.08407 -0.0512374
391.6 4.08407 -0.0353431
391.8 4.08407 -0.0263183
392 4.08407 -0.0312835
392.2 4.08407 -0.0286128
392.4 4.08407 0.0064305
392.6 4.08407 0.0691481
392.8 4.08407 0.119063
393 4.08407 0.108771
393.2 4.08407 0.0261863
393.4 4.08407 -0.085541
393.6 4.08407 -0.15307
393.8 4.08407 -0.128559
394 4.08407 -0.0303217
394.2 4.08407 0.0710648
394.4 4.08407 0.111894
394.6 4.08407 0.0847348
394.8 4.08407 0.0320553
395 4.08407 -0.0028853
395.2 4.08407 -0.0113331
395.4 4.08407 -0.00705024
395.6 4.08407 0.00598582
395.8 4.08407 0.0374541
396 4.08407 0.0822594
396.2 4.08407 0.106098
396.4 4.08407 0.0766746
396.6 4.08407 0.00763235
396.8 4.08407 -0.0445876
397 4.08407 -0.0374346
397.2 4.08407 0.0115488
397.4 4.08407 0.0461436
397.6 4.08407 0.0364868
397.8 4.08407 0.00853405
398 4.08407 0.00333145
398.2 4.08407 0.0205666
398.4 4.08407 0.0202294
398.6 4.08407 -0.0204
398.8 4.08407 -0.0708695
399 4.08407 -0.0824706
399.2 4.08407 -0.0499919
399.4 4.08407 -0.0189872
399.6 4.08407 -0.0266689
399.8 4.08407 -0.0525523
400 4.08407 -0.0448614
400.2 4.08407 0.00856565
400.4 4.08407 0.0559614
400.6 4.08407 0.0388258
400.8 4.08407 -0.0370736
401 4.08407 -0.103149
401.2 4.08407 -0.100249
401.4 4.08407 -0.0367693
401.6 4.08407 0.0302507
401.8 4.08407 0.0591252
402 4.08407 0.0550364
402.2 4.08407 0.04314
402.4 4.08407 0.0313473
402.6 4.08407 0.0113596
402.8 4.08407 -0.0152734
403 4.08407 -0.0326763
403.2 4.08407 -0.0355787
403.4 4.08407 -0.0421276
403.6 4.08407 -0.0675573
403.8 4.08407 -0.092081
404 4.08407 -0.074497
404.2 4.08407 -0.00538605
404.4 4.08407 0.0660767
404.6 4.08407 0.075189
404.8 4.08407 0.0124923
405 4.08407 -0.0607634
405.2 4.08407 -0.0754044
405.4 4.08407 -0.0261813
405.6 4.08407 0.0286185
405.8 4.08407 0.0363971
406 4.08407 0.00627634
406.2 4.08407 -0.0108519
406.4 4.08407 0.0105385
406.6 4.08407 0.0381502
406.8 4.08407 0.021227
407 4.08407 -0.0461176
407.2 4.08407 -0.11142
407.4 4.08407 -0.115751
407.6 4.08407 -0.0543504
407.8 4.08407 0.0176328
408 4.08407 0.0382563
408.2 4.08407 -0.00442199
408.4 4.08407 -0.0663274
408.6 4.08407 -0.0937695
408.8 4.08407 -0.0732811
409 4.08407 -0.0366932
409.2 4.08407 -0.020273
409.4 4.08407 -0.0236018
409.6 4.08407 -0.0131958
409.8 4.08407 0.0332727
410 4.08407 0.0932609
410.2 4.08407 0.118487
410.4 4.08407 0.0893212
410.6 4.08407 0.0411555
410.8 4.08407 0.0268284
411 4.08407 0.0542654
411.2 4.08407 0.0737318
411.4 4.08407 0.0348624
411.6 4.08407 -0.0510179
411.8 4.08407 -0.118865
412 4.08407 -0.121464
412.2 4.08407 -0.0790339
412.4 4.08407 -0.0473935
412.6 4.08407 -0.0464833
412.8 4.08407 -0.0416672
413 4.08407 -0.00124341
413.2 4.08407 0.048149
413.4 4.08407 0.0478253
413.6 4.08407 -0.0127521
413.8 4.08407 -0.0680271
414 4.08407 -0.0477899
414.2 4.08407 0.0339222
414.4 4.08407 0.0868417
414.6 4.08407 0.0493262
414.8 4.08407 -0.0342638
415 4.08407 -0.0614332
415.2 4.08407 0.008279
415.4 4.08407 0.103792
415.6 4.08407 0.123122
415.8 4.08407 0.0471283
416 4.08407 -0.0460867
416.2 4.08407 -0.0746685
416.4 4.08407 -0.0366277
416.6 4.08407 0.00965197
416.8 4.08407 0.0266149
417 4.08407 0.0309291
417.2 4.08407 0.046171
417.4 4.08407 0.0530309
417.6 4.08407 0.0123729
417.8 4.08407 -0.0699333
418 4.08407 -0.12987
418.2 4.08407 -0.110597
418.4 4.08407 -0.0278001
418.6 4.08407 0.0475393
418.8 4.08407 0.0675501
419 4.08407 0.0514523
419.2 4.08407 0.0474826
419.4 4.08407 0.0693349
419.6 4.08407 0.0874843
419.8 4.08407 0.0762529
420 4.08407 0.0466255
420.2 4.08407 0.0239628
420.4 4.08407 0.0104826
420.6 4.08407 -0.0101591
420.8 4.08407 -0.035308
421 4.08407 -0.0341301
421.2 4.08407 0.0109282
421.4 4.08407 0.0662655
421.6 4.08407 0.0719803
421.8 4.08407 0.0082725
422 4.08407 -0.0766556
422.2 4.08407 -0.114074
422.4 4.08407 -0.0828776
422.6 4.08407 -0.0212458
422.8 4.08407 0.0221864
423 4.08407 0.0322468
423.2 4.08407 0.020885
423.4 4.08407 -0.00211733
423.6 4.08407 -0.0328659
423.8 4.08407 -0.0546513
424 4.08407 -0.0412022
424.2 4.08407 0.00872708
424.4 4.08407 0.0546777
424.6 4.08407 0.0534196
424.8 4.08407 0.0133308
425 4.08407 -0.0103154
425.2 4.08407 0.0159402
425.4 4.08407 0.0559568
425.6 4.08407 0.0457831
425.8 4.08407 -0.0212623
426 4.08407 -0.077314
426.2 4.08407 -0.0614072
426.4 4.08407 -5.42702e-05
426.6 4.08407 0.0214353
426.8 4.08407 -0.0316758
427 4.08407 -0.0918858
427.2 4.08407 -0.0689072
427.4 4.08407 0.0331183
427.6 4.08407 0.110231
427.8 4.08407 0.0792565
428 4.08407 -0.0212991
428.2 4.08407 -0.076776
428.4 4.08407 -0.0342825
428.6 4.08407 0.0374045
428.8 4.08407 0.0394127
429 4.08407 -0.0301566
429.2 4.08407 -0.0737825
429.4 4.08407 -0.0194777
429.6 4.08407 0.0844016
429.8 4.08407 0.123896
430 4.08407 0.056449
430.2 4.08407 -0.0387312
430.4 4.08407 -0.0568867
430.6 4.08407 0.00913686
430.8 4.08407 0.0671321
431 4.08407 0.0413149
431.2 4.08407 -0.038352
431.4 4.08407 -0.0770017
431.6 4.08407 -0.0289533
431.8 4.08407 0.0533316
432 4.08407 0.0851054
432.2 4.08407 0.0421661
432.4 4.08407 -0.0262449
432.6 4.08407 -0.064468
432.8 4.08407 -0.0657763
433 4.08407 -0.0561304
433.2 4.08407 -0.0440459
433.4 4.08407 -0.0101013
433.6 4.08407 0.0534102
433.8 4.08407 0.112354
434 4.08407 0.116903
434.2 4.08407 0.0561708
434.4 4.08407 -0.0240415
434.6 4.08407 -0.0630249
434.8 4.08407 -0.0407337
435 4.08407 0.0100945
435.2 4.08407 0.0417905
435.4 4.08407 0.0354877
435.6 4.08407 0.0092466
435.8 4.08407 -0.00847784
436 4.08407 -0.00780207
436.2 4.08407 -0.0026689
436.4 4.08407 -0.0133835
436.6 4.08407 -0.0456935
436.8 4.08407 -0.0840719
437 4.08407 -0.103107
437.2 4.08407 -0.0867862
437.4 4.08407 -0.0402911
437.6 4.08407 0.0145017
437.8 4.08407 0.054082
438 4.08407 0.0653532
438.2 4.08407 0.047218
438.4 4.08407 0.00734491
438.6 4.08407 -0.0385648
438.8 4.08407 -0.0680892
439 4.08407 -0.0628757
439.2 4.08407 -0.0253287
439.4 4.08407 0.0172224
439.6 4.08407 0.0325761
439.8 4.08407 0.0120734
440 4.08407 -0.0224901
440.2 4.08407 -0.0420647
440.4 4.08407 -0.0376806
440.6 4.08407 -0.0215564
440.8 4.08407 -0.00493184
441 4.08407 0.0158496
441.2 4.08407 0.047022
441.4 4.08407 0.0786013
441.6 4.08407 0.0888866
441.8 4.08407 0.0694506
442 4.08407 0.0371445
442.2 4.08407 0.0148536
442.4 4.08407 0.00545649
442.6 4.08407 -0.00552814
442.8 4.08407 -0.0222765
443 4.08407 -0.0265116
443.2 4.08407 -0.00211454
443.4 4.08407 0.0354033
443.6 4.08407 0.0500144
443.8 4.08407 0.0302726
444 4.08407 0.010266
444.2 4.08407 0.030867
444.4 4.08407 0.0826329
444.6 4.08407 0.104656
444.8 4.08407 0.0512809
445 4.08407 -0.047495
445.2 4.08407 -0.107144
445.4 4.08407 -0.0738049
445.6 4.08407 0.0207682
445.8 4.08407 0.0945725
446 4.08407 0.0976727
446.2 4.08407 0.0492447
446.4 4.08407 -0.00135592
446.6 4.08407 -0.0313123
446.8 4.08407 -0.0517551
447 4.08407 -0.0720186
447.2 4.08407 -0.0797117
447.4 4.08407 -0.063647
447.6 4.08407 -0.0406294
447.8 4.08407 -0.0410362
448 4.08407 -0.0684718
448.2 4.08407 -0.0898376
448.4 4.08407 -0.0743194
448.6 4.08407 -0.0328779
448.8 4.08407 -0.00581894
449 4.08407 -0.0128681
449.2 4.08407 -0.0299857
449.4 4.08407 -0.0223357
449.6 4.08407 0.0106657
449.8 4.08407 0.0370999
450 4.08407 0.0364844
450.2 4.08407 0.0250261
450.4 4.08407 0.0283912
450.6 4.08407 0.0414508
450.8 4.08407 0.0339237
451 4.08407 -0.00240026
451.2 4.08407 -0.0303732
451.4 4.08407 -0.00715592
451.6 4.08407 0.0583543
451.8 4.08407 0.106111
452 4.08407 0.0906431
452.2 4.08407 0.0344749
452.4 4.08407 0.00187897
452.6 4.08407 0.0217586
452.8 4.08407 0.0530957
453 4.08407 0.0362661
453.2 4.08407 -0.0308266
453.4 4.08407 -0.0839394
453.6 4.08407 -0.0632331
453.8 4.08407 0.0184283
454 4.08407 0.0873526
454.2 4.08407 0.0854025
454.4 4.08407 0.025109
454.6 4.08407 -0.0321071
454.8 4.08407 -0.0419366
455 4.08407 -0.0138076
455.2 4.08407 0.0124806
455.4 4.08407 0.0131693
455.6 4.08407 -0.00171628
455.8 4.08407 -0.00892586
456 4.08407 0.000721621
456.2 4.08407 0.017281
456.4 4.08407 0.0267111
456.6 4.08407 0.0251413
456.8 4.08407 0.0195208
457 4.08407 0.018454
457.2 4.08407 0.0233572
457.4 4.08407 0.0267454
457.6 4.08407 0.0192841
457.8 4.08407 0.00127965
458 4.08407 -0.0121168
458.2 4.08407 -0.00128633
458.4 4.08407 0.037189
458.6 4.08407 0.0802548
458.8 4.08407 0.0935089
459 4.08407 0.0608252
459.2 4.08407 -0.000939623
459.4 4.08407 -0.0574761
459.6 4.08407 -0.0859441
459.8 4.08407 -0.0874154
460 4.08407 -0.0749786
460.2 4.08407 -0.0571592
460.4 4.08407 -0.0360173
460.6 4.08407 -0.0148909
460.8 4.08407 0.00145321
461 4.08407 0.0153805
461.2 4.08407 0.0362616
461.4 4.08407 0.0647957
461.6 4.08407 0.0820693
461.8 4.08407 0.0657066
462 4.08407 0.0210982
462.2 4.08407 -0.0126328
462.4 4.08407 9.31555e-05
462.6 4.08407 0.0470009
462.8 4.08407 0.0710826
463 4.08407 0.0269548
463.2 4.08407 -0.0675722
463.4 4.08407 -0.143301
463.6 4.08407 -0.145109
463.8 4.08407 -0.0814841
464 4.08407 -0.00841424
464.2 4.08407 0.0279609
464.4 4.08407 0.0250829
464.6 4.08407 0.00603704
464.8 4.08407 -0.0148231
465 4.08407 -0.0373341
465.2 4.08407 -0.054955
465.4 4.08407 -0.0485781
465.6 4.08407 -0.0110438
465.8 4.08407 0.0313788
466 4.08407 0.0384427
466.2 4.08407 0.00133444
466.4 4.08407 -0.0415059
466.6 4.08407 -0.0442305
466.8 4.08407 -0.00619514
467 4.08407 0.0261987
467.2 4.08407 0.0139048
467.4 4.08407 -0.0276193
467.6 4.08407 -0.0462203
467.8 4.08407 -0.0160849
468 4.08407 0.029297
468.2 4.08407 0.0353602
468.4 4.08407 -0.00780937
468.6 4.08407 -0.0502584
468.8 4.08407 -0.0372658
469 4.08407 0.0271601
469.2 4.08407 0.0808637
469.4 4.08407 0.0684311
469.6 4.08407 -0.000405035
469.8 4.08407 -0.0603264
470 4.08407 -0.0549081
470.2 4.08407 0.0121613
470.4 4.08407 0.0862973
470.6 4.08407 0.114169
470.8 4.08407 0.0842519
471 4.08407 0.0248563
471.2 4.08407 -0.0254976
471.4 4.08407 -0.0427692
471.6 4.08407 -0.0234148
471.8 4.08407 0.0195856
472 4.08407 0.061964
472.2 4.08407 0.0777269
472.4 4.08407 0.055712
472.6 4.08407 0.0113449
472.8 4.08407 -0.0225316
473 4.08407 -0.0235779
473.2 4.08407 -0.00100814
473.4 4.08407 0.0136219
473.6 4.08407 -0.000653849
473.8 4.08407 -0.0310375
474 4.08407 -0.0429635
474.2 4.08407 -0.0161779
474.4 4.08407 0.0322825
474.6 4.08407 0.0626516
474.8 4.08407 0.0498591
475 4.08407 0.00611047
475.2 4.08407 -0.032965
475.4 4.08407 -0.0425183
475.6 4.08407 -0.0281351
475.8 4.08407 -0.0140748
476 4.08407 -0.016408
476.2 4.08407 -0.0299442
476.4 4.08407 -0.0391371
476.6 4.08407 -0.0367399
476.8 4.08407 -0.0287645
477 4.08407 -0.0232434
477.2 4.08407 -0.0191239
477.4 4.08407 -0.00914749
477.6 4.08407 0.00806414
477.8 4.08407 0.0229438
478 4.08407 0.0242714
478.2 4.08407 0.0123213
478.4 4.08407 0.000273643
478.6 4.08407 0.00131908
478.8 4.08407 0.0149016
479 4.08407 0.0262765
479.2 4.08407 0.0193652
479.4 4.08407 -0.00994777
479.6 4.08407 -0.0515192
479.8 4.08407 -0.0889003
480 4.08407 -0.10864
480.2 4.08407 -0.104371
480.4 4.08407 -0.0769196
480.6 4.08407 -0.0338904
480.8 4.08407 0.0113412
481 4.08407 0.044284
481.2 4.08407 0.0568729
481.4 4.08407 0.0519747
481.6 4.08407 0.0394316
481.8 4.08407 0.0265934
482 4.08407 0.0130248
482.2 4.08407 -0.00449073
482.4 4.08407 -0.022372
482.6 4.08407 -0.0287414
482.8 4.08407 -0.015022
483 4.08407 0.0103646
483.2 4.08407 0.0237284
483.4 4.08407 0.00709458
483.6 4.08407 -0.0302431
483.8 4.08407 -0.0542934
484 4.08407 -0.036317
484.2 4.08407 0.0169563
484.4 4.08407 0.0652577
484.6 4.08407 0.0712926
484.8 4.08407 0.0367307
485 4.08407 -0.000143805
485.2 4.08407 -0.00427919
485.4 4.08407 0.0205754
485.6 4.08407 0.0393219
485.8 4.08407 0.0276098
486 4.08407 0.000858832
486.2 4.08407 -0.0037533
486.4 4.08407 0.0273544
486.6 4.08407 0.0639448
486.8 4.08407 0.0618629
487 4.08407 0.0108869
487.2 4.08407 -0.0530036
487.4 4.08407 -0.0842391
487.6 4.08407 -0.0714423
487.8 4.08407 -0.0406613
488 4.08407 -0.0195236
488.2 4.08407 -0.00823952
488.4 4.08407 0.00927854
488.6 4.08407 0.0331607
488.8 4.08407 0.0396074
489 4.08407 0.0103448
489.2 4.08407 -0.0376572
489.4 4.08407 -0.0633953
489.6 4.08407 -0.0458988
489.8 4.08407 -0.0100009
490 4.08407 -0.000539982
490.2 4.08407 -0.0315217
490.4 4.08407 -0.0680101
490.6 4.08407 -0.0634007
490.8 4.08407 -0.012218
491 4.08407 0.0392766
491.2 4.08407 0.0368511
491.4 4.08407 -0.0285004
491.6 4.08407 -0.110718
491.8 4.08407 -0.148918
492 4.08407 -0.117958
492.2 4.08407 -0.0457143
492.4 4.08407 0.0117966
492.6 4.08407 0.0132279
492.8 4.08407 -0.0392515
493 4.08407 -0.10261
493.2 4.08407 -0.124847
493.4 4.08407 -0.0857667
493.6 4.08407 -0.0158978
493.8 4.08407 0.0263813
494 4.08407 0.00600931
494.2 4.08407 -0.054426
494.4 4.08407 -0.0937082
494.6 4.08407 -0.0707077
494.8 4.08407 -0.00485031
495 4.08407 0.0446167
495.2 4.08407 0.0392762
495.4 4.08407 -0.00316862
495.6 4.08407 -0.0360848
495.8 4.08407 -0.0391373
496 4.08407 -0.0363749
496.2 4.08407 -0.0581579
496.4 4.08407 -0.0965368
496.6 4.08407 -0.110977
496.8 4.08407 -0.0780535
497 4.08407 -0.0232423
497.2 4.08407 0.00578173
497.4 4.08407 -0.00743335
497.6 4.08407 -0.0332326
497.8 4.08407 -0.0365828
498 4.08407 -0.021108
498.2 4.08407 -0.0205534
498.4 4.08407 -0.0492132
498.6 4.08407 -0.0762249
498.8 4.08407 -0.0596631
499 4.08407 -0.000586173
499.2 4.08407 0.0504383
499.4 4.08407 0.0454212
499.6 4.08407 -0.0104215
499.8 4.08407 -0.0674363
500 4.08407 -0.0860672
500.2 4.08407 -0.0713778
500.4 4.08407 -0.0520909
500.6 4.08407 -0.0388216
500.8 4.08407 -0.0174547
501 4.08407 0.0184745
501.2 4.08407 0.0462654
501.4 4.08407 0.0380685
501.6 4.08407 0.00108709
501.8 4.08407 -0.0220963
502 4.08407 -0.000805047
502.2 4.08407 0.0444094
502.4 4.08407 0.0613291
502.6 4.08407 0.0251949
502.8 4.08407 -0.0319875
503 4.08407 -0.0575739
503.2 4.08407 -0.0378843
503.4 4.08407 -0.0119785
503.6 4.08407 -0.0246738
503.8 4.08407 -0.0743444
504 4.08407 -0.113932
504.2 4.08407 -0.100435
504.4 4.08407 -0.0363767
504.6 4.08407 0.0376326
504.8 4.08407 0.0828148
505 4.08407 0.0901889
505.2 4.08407 0.075959
505.4 4.08407 0.0613515
505.6 4.08407 0.0593576
505.8 4.08407 0.0709804
506 4.08407 0.0836018
506.2 4.08407 0.0748379
506.4 4.08407 0.0301927
506.6 4.08407 -0.035426
506.8 4.08407 -0.0792355
507 4.08407 -0.0656587
507.2 4.08407 -0.00490376
507.4 4.08407 0.0485908
507.6 4.08407 0.0438977
507.8 4.08407 -0.0182727
508 4.08407 -0.0867069
508.2 4.08407 -0.108391
508.4 4.08407 -0.0739103
508.6 4.08407 -0.0163878
508.8 4.08407 0.0260594
509 4.08407 0.0400823
509.2 4.08407 0.0336665
509.4 4.08407 0.0165565
509.6 4.08407 -0.00661446
509.8 4.08407 -0.0277678
510 4.08407 -0.0328074
510.2 4.08407 -0.0154969
510.4 4.08407 0.00945493
510.6 4.08407 0.0159135
510.8 4.08407 -0.00702269
511 4.08407 -0.0403985
511.2 4.08407 -0.0512543
511.4 4.08407 -0.0240663
511.6 4.08407 0.0241228
511.8 4.08407 0.059014
512 4.08407 0.0588902
512.2 4.08407 0.0316666
512.4 4.08407 0.00657651
512.6 4.08407 0.00922756
512.8 4.08407 0.0397244
513 4.08407 0.0703508
513.2 4.08407 0.066731
513.4 4.08407 0.0187322
513.6 4.08407 -0.0450776
513.8 4.08407 -0.0774877
514 4.08407 -0.0543963
514.2 4.08407 8.34569e-05
514.4 4.08407 0.0338675
514.6 4.08407 0.0162751
514.8 4.08407 -0.0325713
515 4.08407 -0.0627937
515.2 4.08407 -0.0438327
515.4 4.08407 0.0096949
515.6 4.08407 0.0580579
515.8 4.08407 0.0743405
516 4.08407 0.0588023
516.2 4.08407 0.0243325
516.4 4.08407 -0.018427
516.6 4.08407 -0.0574142
516.8 4.08407 -0.0732918
517 4.08407 -0.0536112
517.2 4.08407 -0.0155976
517.4 4.08407 -0.00132819
517.6 4.08407 -0.037129
517.8 4.08407 -0.0993665
518 4.08407 -0.132181
518.2 4.08407 -0.105037
518.4 4.08407 -0.0458104
518.6 4.08407 -0.00902106
518.8 4.08407 -0.0150615
519 4.08407 -0.0321791
519.2 4.08407 -0.0207167
519.4 4.08407 0.0169168
519.6 4.08407 0.0425163
519.8 4.08407 0.0334959
520 4.08407 0.0107838
520.2 4.08407 0.00712632
520.4 4.08407 0.0193849
520.6 4.08407 0.0111802
520.8 4.08407 -0.034326
521 4.08407 -0.0810982
521.2 4.08407 -0.0755139
521.4 4.08407 -0.0115165
521.6 4.08407 0.0559247
521.8 4.08407 0.0699862
522 4.08407 0.0339865
522.2 4.08407 0.00177469
522.4 4.08407 0.00926501
522.6 4.08407 0.0323762
522.8 4.08407 0.022275
523 4.08407 -0.0282129
523.2 4.08407 -0.0707639
523.4 4.08407 -0.057545
523.6 4.08407 0.00223658
523.8 4.08407 0.0532234
524 4.08407 0.0559171
524.2 4.08407 0.024433
524.4 4.08407 -0.000768672
524.6 4.08407 -0.00467421
524.8 4.08407 -0.00914012
525 4.08407 -0.0356563
525.2 4.08407 -0.0718999
525.4 4.08407 -0.0845182
525.6 4.08407 -0.0591437
525.8 4.08407 -0.0165207
526 4.08407 0.0124246
526.2 4.08407 0.0192923
526.4 4.08407 0.0207553
526.6 4.08407 0.0337273
526.8 4.08407 0.0559736
527 4.08407 0.0712803
527.2 4.08407 0.0671534
527.4 4.08407 0.0445776
527.6 4.08407 0.0156526
527.8 4.08407 -0.00359926
528 4.08407 -0.002392
528.2 4.08407 0.0137014
528.4 4.08407 0.0201521
528.6 4.08407 -0.00769137
528.8 4.08407 -0.0643691
529 4.08407 -0.107338
529.2 4.08407 -0.0932964
529.4 4.08407 -0.0266666
529.6 4.08407 0.0367163
529.8 4.08407 0.0447414
530 4.08407 0.00575298
530.2 4.08407 -0.020262
530.4 4.08407 0.00880827
530.6 4.08407 0.0665686
530.8 4.08407 0.087998
531 4.08407 0.0463456
531.2 4.08407 -0.0137957
531.4 4.08407 -0.0271811
531.6 4.08407 0.0183989
531.8 4.08407 0.0723229
532 4.08407 0.0824708
532.2 4.08407 0.0508053
532.4 4.08407 0.0195939
532.6 4.08407 0.0149594
532.8 4.08407 0.0232999
533 4.08407 0.0244985
533.2 4.08407 0.027291
533.4 4.08407 0.0528921
533.6 4.08407 0.0902548
533.8 4.08407 0.09271
534 4.08407 0.0330564
534.2 4.08407 -0.0496784
534.4 4.08407 -0.0798593
534.6 4.08407 -0.0263955
534.8 4.08407 0.0597364
535 4.08407 0.0997139
535.2 4.08407 0.0713061
535.4 4.08407 0.0243364
535.6 4.08407 0.0126376
535.8 4.08407 0.0292607
536 4.08407 0.0239055
536.2 4.08407 -0.0238388
536.4 4.08407 -0.0710753
536.6 4.08407 -0.0613863
536.8 4.08407 0.00466338
537 4.08407 0.0660782
537.2 4.08407 0.0689099
537.4 4.08407 0.0227309
537.6 4.08407 -0.0180678
537.8 4.08407 -0.0187275
538 4.08407 0.00543209
538.2 4.08407 0.0214087
538.4 4.08407 0.0235145
538.6 4.08407 0.0326395
538.8 4.08407 0.0578066
539 4.08407 0.0767447
539.2 4.08407 0.0625826
539.4 4.08407 0.020331
539.6 4.08407 -0.0153704
539.8 4.08407 -0.0182291
540 4.08407 0.00385211
540.2 4.08407 0.0237659
540.4 4.08407 0.0275822
540.6 4.08407 0.0238787
540.8 4.08407 0.0251021
541 4.08407 0.0308363
541.2 4.08407 0.0322721
541.4 4.08407 0.0237775
541.6 4.08407 0.00199874
541.8 4.08407 -0.0401966
542 4.08407 -0.104434
542.2 4.08407 -0.167828
542.4 4.08407 -0.186668
542.6 4.08407 -0.135196
542.8 4.08407 -0.0414972
543 4.08407 0.0281883
543.2 4.08407 0.0310299
543.4 4.08407 -0.0106816
543.6 4.08407 -0.0376914
543.8 4.08407 -0.0215239
544 4.08407 0.0075703
544.2 4.08407 0.00480179
544.4 4.08407 -0.0287263
544.6 4.08407 -0.0461661
544.8 4.08407 -0.0168093
545 4.08407 0.0282151
545.2 4.08407 0.0269083
545.4 4.08407 -0.0394887
545.6 4.08407 -0.11829
545.8 4.08407 -0.139199
546 4.08407 -0.0886234
546.2 4.08407 -0.020288
546.4 4.08407 0.0064084
546.6 4.08407 -0.0140195
546.8 4.08407 -0.0406477
547 4.08407 -0.0422037
547.2 4.08407 -0.0301926
547.4 4.08407 -0.0339244
547.6 4.08407 -0.0563652
547.8 4.08407 -0.0685314
548 4.08407 -0.0464748
548.2 4.08407 -0.00168352
548.4 4.08407 0.0327841
548.6 4.08407 0.0410061
548.8 4.08407 0.0395221
549 4.08407 0.0526701
549.2 4.08407 0.0800723
549.4 4.08407 0.0950842
549.6 4.08407 0.0746014
549.8 4.08407 0.0256657
550 4.08407 -0.0189676
550.2 4.08407 -0.0300558
550.4 4.08407 -0.00677699
550.6 4.08407 0.02411
550.8 4.08407 0.0324575
551 4.08407 0.0115079
551.2 4.08407 -0.0152116
551.4 4.08407 -0.0156476
551.6 4.08407 0.0163875
551.8 4.08407 0.0478541
552 4.08407 0.0353897
552.2 4.08407 -0.0240666
552.4 4.08407 -0.0748881
552.6 4.08407 -0.0487409
552.8 4.08407 0.0609459
553 4.08407 0.174849
553.2 4.08407 0.192212
553.4 4.08407 0.0881014
553.6 4.08407 -0.0569588
553.8 4.08407 -0.131658
554 4.08407 -0.0981073
554.2 4.08407 -0.0185389
554.4 4.08407 0.0200144
554.6 4.08407 -0.00345624
554.8 4.08407 -0.0353842
555 4.08407 -0.0212825
555.2 4.08407 0.0294702
555.4 4.08407 0.0605609
555.6 4.08407 0.039806
555.8 4.08407 -0.00346963
556 4.08407 -0.0153652
556.2 4.08407 0.0205598
556.4 4.08407 0.0693774
556.6 4.08407 0.0882182
556.8 4.08407 0.0696444
557 4.08407 0.0374204
557.2 4.08407 0.0114093
557.4 4.08407 -0.00923819
557.6 4.08407 -0.0295293
557.8 4.08407 -0.0411037
558 4.08407 -0.031821
558.2 4.08407 -0.00641641
558.4 4.08407 0.0162607
558.6 4.08407 0.0289851
558.8 4.08407 0.0471796
559 4.08407 0.0842342
559.2 4.08407 0.122094
559.4 4.08407 0.12232
559.6 4.08407 0.0728941
559.8 4.08407 0.0133116
560 4.08407 -0.000698719
560.2 4.08407 0.0417585
560.4 4.08407 0.0926008
560.6 4.08407 0.0983039
560.8 4.08407 0.0599167
561 4.08407 0.0280515
561.2 4.08407 0.0389064
561.4 4.08407 0.0692671
561.6 4.08407 0.0656808
561.8 4.08407 0.0120767
562 4.08407 -0.0471569
562.2 4.08407 -0.0574568
562.4 4.08407 -0.0175731
562.6 4.08407 0.0193676
562.8 4.08407 0.00747924
563 4.08407 -0.0407501
563.2 4.08407 -0.0709534
563.4 4.08407 -0.0478829
563.6 4.08407 0.0098699
563.8 4.08407 0.0547885
564 4.08407 0.0586214
564.2 4.08407 0.0305093
564.4 4.08407 -0.00399786
564.6 4.08407 -0.0281664
564.8 4.08407 -0.0372926
565 4.08407 -0.0304398
565.2 4.08407 -0.0116245
565.4 4.08407 0.00407371
565.6 4.08407 -0.000397155
565.8 4.08407 -0.0217898
566 4.08407 -0.0313263
566.2 4.08407 -0.0037446
566.4 4.08407 0.0477304
566.6 4.08407 0.0761193
566.8 4.08407 0.0481589
567 4.08407 -0.017505
567.2 4.08407 -0.0685984
567.4 4.08407 -0.0762006
567.6 4.08407 -0.0639232
567.8 4.08407 -0.0740202
568 4.08407 -0.111437
568.2 4.08407 -0.134652
568.4 4.08407 -0.106093
568.6 4.08407 -0.0415076
568.8 4.08407 0.00266531
569 4.08407 -0.00933273
569.2 4.08407 -0.0534442
569.4 4.08407 -0.0738792
569.6 4.08407 -0.0445607
569.8 4.08407 0.00595004
570 4.08407 0.0298411
570.2 4.08407 0.0111729
570.4 4.08407 -0.0234332
570.6 4.08407 -0.0383812
570.8 4.08407 -0.0231317
571 4.08407 0.0073431
571.2 4.08407 0.034559
571.4 4.08407 0.0495711
571.6 4.08407 0.0481124
571.8 4.08407 0.0259007
572 4.08407 -0.0136236
572.2 4.08407 -0.0520245
572.4 4.08407 -0.0663005
572.6 4.08407 -0.049935
572.8 4.08407 -0.0194551
573 4.08407 0.00270854
573.2 4.08407 0.00879914
573.4 4.08407 0.00588821
573.6 4.08407 -0.000324838
573.8 4.08407 -0.0129647
574 4.08407 -0.0322247
574.2 4.08407 -0.0438733
574.4 4.08407 -0.0298236
574.6 4.08407 0.0081352
574.8 4.08407 0.0429779
575 4.08407 0.0475535
575.2 4.08407 0.0236264
575.4 4.08407 -0.000311349
575.6 4.08407 -0.00115563
575.8 4.08407 0.0144503
576 4.08407 0.0215287
576.2 4.08407 0.00798884
576.4 4.08407 -0.013312
576.6 4.08407 -0.0243104
576.8 4.08407 -0.0249099
577 4.08407 -0.0283894
577.2 4.08407 -0.0361398
577.4 4.08407 -0.027677
577.6 4.08407 0.0164041
577.8 4.08407 0.0840475
578 4.08407 0.132243
578.2 4.08407 0.123277
578.4 4.08407 0.0604573
578.6 4.08407 -0.0127471
578.8 4.08407 -0.0480397
579 4.08407 -0.0275303
579.2 4.08407 0.0288426
579.4 4.08407 0.082651
579.6 4.08407 0.102684
579.8 4.08407 0.0810289
580 4.08407 0.0350618
580.2 4.08407 -0.00389596
580.4 4.08407 -0.0115914
580.6 4.08407 0.0107043
580.8 4.08407 0.0368865
581 4.08407 0.0390357
581.2 4.08407 0.0133291
581.4 4.08407 -0.0169693
581.6 4.08407 -0.0248243
581.8 4.08407 -0.00487224
582 4.08407 0.0239587
582.2 4.08407 0.0372567
582.4 4.08407 0.0232283
582.6 4.08407 -0.014321
582.8 4.08407 -0.0614357
583 4.08407 -0.0969169
583.2 4.08407 -0.0972909
583.4 4.08407 -0.0534573
583.6 4.08407 0.0105715
583.8 4.08407 0.0444391
584 4.08407 0.0123214
584.2 4.08407 -0.0661999
584.4 4.08407 -0.124313
584.6 4.08407 -0.108601
584.8 4.08407 -0.034073
585 4.08407 0.027939
585.2 4.08407 0.0222989
585.4 4.08407 -0.0321489
585.6 4.08407 -0.0628456
585.8 4.08407 -0.0212584
586 4.08407 0.0656468
586.2 4.08407 0.124339
586.4 4.08407 0.110306
586.6 4.08407 0.0481857
586.8 4.08407 -0.00203351
587 4.08407 -0.00894346
587.2 4.08407 0.00654712
587.4 4.08407 0.00675958
587.6 4.08407 -0.0155483
587.8 4.08407 -0.0320093
588 4.08407 -0.0154529
588.2 4.08407 0.0276535
588.4 4.08407 0.0648752
588.6 4.08407 0.0724413
588.8 4.08407 0.0560918
589 4.08407 0.0382411
589.2 4.08407 0.0309295
589.4 4.08407 0.025988
589.6 4.08407 0.00992484
589.8 4.08407 -0.0173069
590 4.08407 -0.0413256
590.2 4.08407 -0.0488609
590.4 4.08407 -0.0400916
590.6 4.08407 -0.0242581
590.8 4.08407 -0.00590846
591 4.08407 0.0199635
591.2 4.08407 0.0570708
591.4 4.08407 0.0942335
591.6 4.08407 0.107554
591.8 4.08407 0.0803464
592 4.08407 0.0215563
592.2 4.08407 -0.0380238
592.4 4.08407 -0.070579
592.6 4.08407 -0.0729279
592.8 4.08407 -0.0632746
593 4.08407 -0.05804
593.2 4.08407 -0.0552616
593.4 4.08407 -0.0424634
593.6 4.08407 -0.0177579
593.8 4.08407 0.00256838
594 4.08407 -7.74214e-05
594.2 4.08407 -0.0254079
594.4 4.08407 -0.052076
594.6 4.08407 -0.0561512
594.8 4.08407 -0.0297403
595 4.08407 0.0166788
595.2 4.08407 0.0636719
595.4 4.08407 0.0909403
595.6 4.08407 0.0825132
595.8 4.08407 0.0364291
596 4.08407 -0.0247286
596.2 4.08407 -0.0603814
596.4 4.08407 -0.0419431
596.6 4.08407 0.0186456
596.8 4.08407 0.0760118
597 4.08407 0.0927398
597.2 4.08407 0.0720335
597.4 4.08407 0.0441467
597.6 4.08407 0.0244154
597.8 4.08407 -0.00246867
598 4.08407 -0.0499294
598.2 4.08407 -0.0929574
598.4 4.08407 -0.0842716
598.6 4.08407 -0.0142289
598.8 4.08407 0.0598736
599 4.08407 0.0635411
599.2 4.08407 -0.0125973
599.4 4.08407 -0.0948338
599.6 4.08407 -0.102064
599.8 4.08407 -0.0330984
600 4.08407 0.0355368
600.2 4.08407 0.0394085
600.4 4.08407 -0.00250895
600.6 4.08407 -0.0190155
600.8 4.08407 0.0201295
601 4.08407 0.064478
601.2 4.08407 0.0453067
601.4 4.08407 -0.0367973
601.6 4.08407 -0.106708
601.8 4.08407 -0.0981709
602 4.08407 -0.0253295
602.2 4.08407 0.0392524
602.4 4.08407 0.0473808
602.6 4.08407 0.0176154
602.8 4.08407 -0.00518254
603 4.08407 -0.0111488
603.2 4.08407 -0.0280196
603.4 4.08407 -0.0686866
603.6 4.08407 -0.0998185
603.8 4.08407 -0.0770321
604 4.08407 -0.00297181
604.2 4.08407 0.0657743
604.4 4.08407 0.0736663
604.6 4.08407 0.0193222
604.8 4.08407 -0.0503474
605 4.08407 -0.0897574
605.2 4.08407 -0.0895797
605.4 4.08407 -0.068286
605.6 4.08407 -0.0458246
605.8 4.08407 -0.0327029
606 4.08407 -0.0333244
606.2 4.08407 -0.0439546
606.4 4.08407 -0.0472453
606.6 4.08407 -0.0236136
606.8 4.08407 0.022262
607 4.08407 0.0541328
607.2 4.08407 0.037762
607.4 4.08407 -0.0166305
607.6 4.08407 -0.0576085
607.8 4.08407 -0.0464904
608 4.08407 -0.000799648
608.2 4.08407 0.0277933
608.4 4.08407 0.0175027
608.6 4.08407 0.00329288
608.8 4.08407 0.0306521
609 4.08407 0.0922638
609.2 4.08407 0.127907
609.4 4.08407 0.0914824
609.6 4.08407 0.00554619
609.8 4.08407 -0.0616663
610 4.08407 -0.0673137
610.2 4.08407 -0.0298831
610.4 4.08407 0.00502411
610.6 4.08407 0.0177198
610.8 4.08407 0.0219098
611 4.08407 0.0302551
611.2 4.08407 0.0345612
611.4 4.08407 0.0264092
611.6 4.08407 0.0196006
611.8 4.08407 0.0322176
612 4.08407 0.0498799
612.2 4.08407 0.0298344
612.4 4.08407 -0.0441263
612.6 4.08407 -0.122749
612.8 4.08407 -0.130287
613 4.08407 -0.0486569
613.2 4.08407 0.0518543
613.4 4.08407 0.081392
613.6 4.08407 0.026091
613.8 4.08407 -0.040057
614 4.08407 -0.0417636
614.2 4.08407 0.0135062
614.4 4.08407 0.0518963
614.6 4.08407 0.0268036
614.8 4.08407 -0.0249304
615 4.08407 -0.0309502
615.2 4.08407 0.0247096
615.4 4.08407 0.0784185
615.6 4.08407 0.0610783
615.8 4.08407 -0.0187507
616 4.08407 -0.0810238
616.2 4.08407 -0.0628003
616.4 4.08407 0.0125148
616.6 4.08407 0.0625068
616.8 4.08407 0.036219
617 4.08407 -0.0339795
617.2 4.08407 -0.0727266
617.4 4.08407 -0.0451575
617.6 4.08407 0.00916198
617.8 4.08407 0.0253992
618 4.08407 -0.012133
618.2 4.08407 -0.0518996
618.4 4.08407 -0.0322659
618.6 4.08407 0.0482857
618.8 4.08407 0.12337
619 4.08407 0.122692
619.2 4.08407 0.0428964
619.4 4.08407 -0.048166
619.6 4.08407 -0.0784875
619.8 4.08407 -0.0415047
620 4.08407 0.00282367
620.2 4.08407 -0.00581012
620.4 4.08407 -0.065616
620.6 4.08407 -0.118341
620.8 4.08407 -0.111967
621 4.08407 -0.0497403
621.2 4.08407 0.0230289
621.4 4.08407 0.0701776
621.6 4.08407 0.091222
621.8 4.08407 0.0996579
622 4.08407 0.0919918
622.2 4.08407 0.0533003
622.4 4.08407 -0.00967828
622.6 4.08407 -0.0583496
622.8 4.08407 -0.0573875
623 4.08407 -0.0153698
623.2 4.08407 0.0214328
623.4 4.08407 0.0188257
623.6 4.08407 -0.0107056
623.8 4.08407 -0.0293871
624 4.08407 -0.0228873
624.2 4.08407 -0.0154347
624.4 4.08407 -0.0347104
624.6 4.08407 -0.0737469
624.8 4.08407 -0.0982605
625 4.08407 -0.0876342
625.2 4.08407 -0.0568146
625.4 4.08407 -0.0345694
625.6 4.08407 -0.0307278
625.8 4.08407 -0.0341601
626 4.08407 -0.0371224
626.2 4.08407 -0.0468832
626.4 4.08407 -0.0689097
626.6 4.08407 -0.0903109
626.8 4.08407 -0.0920586
627 4.08407 -0.0736478
627.2 4.08407 -0.0518168
627.4 4.08407 -0.0315683
627.6 4.08407 0.00651184
627.8 4.08407 0.0750239
628 4.08407 0.141292
628.2 4.08407 0.142673
628.4 4.08407 0.0548063
628.6 4.08407 -0.0639803
628.8 4.08407 -0.116329
629 4.08407 -0.061422
629.2 4.08407 0.0409619
629.4 4.08407 0.0912031
629.6 4.08407 0.0508567
629.8 4.08407 -0.0251454
630 4.08407 -0.0540838
630.2 4.08407 -0.0108148
630.4 4.08407 0.0572955
630.6 4.08407 0.0885173
630.8 4.08407 0.065059
631 4.08407 0.0159474
631.2 4.08407 -0.0197743
631.4 4.08407 -0.0221503
631.6 4.08407 0.00567662
631.8 4.08407 0.0424564
632 4.08407 0.0549429
632.2 4.08407 0.017773
632.4 4.08407 -0.0560483
632.6 4.08407 -0.110108
632.8 4.08407 -0.0900809
633 4.08407 -0.00323192
633.2 4.08407 0.0781246
633.4 4.08407 0.08664
633.6 4.08407 0.0312259
633.8 4.08407 -0.0142023
634 4.08407 0.0047216
634.2 4.08407 0.0625234
634.4 4.08407 0.0886874
634.6 4.08407 0.0530005
634.8 4.08407 -0.00362788
635 4.08407 -0.027109
635.2 4.08407 -0.0194676
635.4 4.08407 -0.0301403
635.6 4.08407 -0.0827682
635.8 4.08407 -0.13488
636 4.08407 -0.124733
636.2 4.08407 -0.0474651
636.4 4.08407 0.0353
636.6 4.08407 0.0634354
636.8 4.08407 0.0391757
637 4.08407 0.0103556
637.2 4.08407 0.00637646
637.4 4.08407 0.0113252
637.6 4.08407 0.00120847
637.8 4.08407 -0.01494
638 4.08407 -0.00988434
638.2 4.08407 0.0138654
638.4 4.08407 0.015456
638.6 4.08407 -0.0334971
638.8 4.08407 -0.102797
639 4.08407 -0.127024
639.2 4.08407 -0.0768453
639.4 4.08407 0.00672321
639.6 4.08407 0.0566165
639.8 4.08407 0.049125
640 4.08407 0.0175837
640.2 4.08407 0.00178663
640.4 4.08407 0.00102085
640.6 4.08407 -0.0132453
640.8 4.08407 -0.0486958
641 4.08407 -0.0740381
641.2 4.08407 -0.0546348
641.4 4.08407 0.00382991
641.6 4.08407 0.056995
641.8 4.08407 0.0654025
642 4.08407 0.0295698
642.2 4.08407 -0.0173188
642.4 4.08407 -0.0437281
642.6 4.08407 -0.0430764
642.8 4.08407 -0.0299008
643 4.08407 -0.021928
643.2 4.08407 -0.0258338
643.4 4.08407 -0.0332261
643.6 4.08407 -0.0273201
643.8 4.08407 0.000973563
644 4.08407 0.0378793
644.2 4.08407 0.0511873
644.4 4.08407 0.0191086
644.6 4.08407 -0.0420989
644.8 4.08407 -0.0861951
645 4.08407 -0.0798405
645.2 4.08407 -0.0367886
645.4 4.08407 -0.0029378
645.6 4.08407 -0.00631762
645.8 4.08407 -0.0277981
646 4.08407 -0.0250843
646.2 4.08407 0.0191952
646.4 4.08407 0.0803157
646.6 4.08407 0.12031
646.8 4.08407 0.124486
647 4.08407 0.105142
647.2 4.08407 0.0779597
647.4 4.08407 0.0465017
647.6 4.08407 0.0106539
647.8 4.08407 -0.0212268
648 4.08407 -0.0375733
648.2 4.08407 -0.0376923
648.4 4.08407 -0.031924
648.6 4.08407 -0.0275986
648.8 4.08407 -0.0228496
649 4.08407 -0.0172615
649.2 4.08407 -0.0195998
649.4 4.08407 -0.0353326
649.6 4.08407 -0.0508071
649.8 4.08407 -0.0443811
650 4.08407 -0.0186353
650.2 4.08407 -0.00884936
650.4 4.08407 -0.0437616
650.6 4.08407 -0.100467
650.8 4.08407 -0.117501
651 4.08407 -0.064328
651.2 4.08407 0.0127325
651.4 4.08407 0.0336364
651.6 4.08407 -0.0238038
651.8 4.08407 -0.092907
652 4.08407 -0.0921486
652.2 4.08407 -0.0215793
652.4 4.08407 0.0353682
652.6 4.08407 0.0109031
652.8 4.08407 -0.0648945
653 4.08407 -0.0986554
653.2 4.08407 -0.0445491
653.4 4.08407 0.0420189
653.6 4.08407 0.0710833
653.8 4.08407 0.0224485
654 4.08407 -0.0373172
654.2 4.08407 -0.040016
654.4 4.08407 0.00443111
654.6 4.08407 0.0277774
654.8 4.08407 -0.00907325
655 4.08407 -0.071119
655.2 4.08407 -0.0963335
655.4 4.08407 -0.0698647
655.6 4.08407 -0.0344759
655.8 4.08407 -0.032252
656 4.08407 -0.0551064
656.2 4.08407 -0.0612755
656.4 4.08407 -0.0298241
656.6 4.08407 0.015649
656.8 4.08407 0.036778
657 4.08407 0.0216405
657.2 4.08407 -0.00851502
657.4 4.08407 -0.0257965
657.6 4.08407 -0.02068
657.8 4.08407 -0.00434608
658 4.08407 0.00437841
658.2 4.08407 -0.00618248
658.4 4.08407 -0.0295915
658.6 4.08407 -0.040645
658.8 4.08407 -0.0144854
659 4.08407 0.0429539
659.2 4.08407 0.0872434
659.4 4.08407 0.0738661
659.6 4.08407 0.0117434
659.8 4.08407 -0.0333665
660 4.08407 -0.00503865
660.2 4.08407 0.0743339
660.4 4.08407 0.117387
660.6 4.08407 0.0659767
660.8 4.08407 -0.0384612
661 4.08407 -0.0957243
661.2 4.08407 -0.0589333
661.4 4.08407 0.0121945
661.6 4.08407 0.0225127
661.8 4.08407 -0.0455141
662 4.08407 -0.111993
662.2 4.08407 -0.0970028
662.4 4.08407 -0.0175279
662.6 4.08407 0.0332393
662.8 4.08407 -0.00163023
663 4.08407 -0.0748707
663.2 4.08407 -0.0914825
663.4 4.08407 -0.0197218
663.6 4.08407 0.0750444
663.8 4.08407 0.108015
664 4.08407 0.0666274
664.2 4.08407 0.0121394
664.4 4.08407 0.000601634
664.6 4.08407 0.0243174
664.8 4.08407 0.0371814
665 4.08407 0.0199802
665.2 4.08407 0.00085212
665.4 4.08407 0.0114177
665.6 4.08407 0.0403369
665.8 4.08407 0.043424
666 4.08407 -0.00415798
666.2 4.08407 -0.0766594
666.4 4.08407 -0.121869
666.6 4.08407 -0.111311
666.8 4.08407 -0.0639633
667 4.08407 -0.0246011
667.2 4.08407 -0.0220876
667.4 4.08407 -0.0452242
667.6 4.08407 -0.0537928
667.8 4.08407 -0.0148674
668 4.08407 0.0637347
668.2 4.08407 0.132233
668.4 4.08407 0.137781
668.6 4.08407 0.0739972
668.8 4.08407 -0.00761023
669 4.08407 -0.0426555
669.2 4.08407 -0.0152505
669.4 4.08407 0.0288824
669.6 4.08407 0.033777
669.8 4.08407 -0.00683114
670 4.08407 -0.047717
670.2 4.08407 -0.0473509
670.4 4.08407 -0.0122971
670.6 4.08407 0.0201077
670.8 4.08407 0.0322695
671 4.08407 0.0412577
671.2 4.08407 0.0609558
671.4 4.08407 0.0684187
671.6 4.08407 0.0283373
671.8 4.08407 -0.051405
672 4.08407 -0.110553
672.2 4.08407 -0.098524
672.4 4.08407 -0.0372451
672.6 4.08407 -0.002582
672.8 4.08407 -0.0378906
673 4.08407 -0.101066
673.2 4.08407 -0.111819
673.4 4.08407 -0.0461677
673.6 4.08407 0.0346497
673.8 4.08407 0.0563256
674 4.08407 0.0178357
674.2 4.08407 -0.0111641
674.4 4.08407 0.0220969
674.6 4.08407 0.087549
674.8 4.08407 0.107157
675 4.08407 0.0481101
675.2 4.08407 -0.0357814
675.4 4.08407 -0.0622959
675.6 4.08407 -0.0102448
675.8 4.08407 0.0604079
676 4.08407 0.0753338
676.2 4.08407 0.0222281
676.4 4.08407 -0.0435016
676.6 4.08407 -0.0608374
676.8 4.08407 -0.0216937
677 4.08407 0.0301186
677.2 4.08407 0.0469344
677.4 4.08407 0.0181584
677.6 4.08407 -0.0302826
677.8 4.08407 -0.0657466
678 4.08407 -0.0739548
678.2 4.08407 -0.0613297
678.4 4.08407 -0.0413596
678.6 4.08407 -0.0217298
678.8 4.08407 -0.00157675
679 4.08407 0.0224235
679.2 4.08407 0.0481947
679.4 4.08407 0.0654389
679.6 4.08407 0.0609353
679.8 4.08407 0.0288561
680 4.08407 -0.0216877
680.2 4.08407 -0.0689194
680.4 4.08407 -0.0909188
680.6 4.08407 -0.0808711
680.8 4.08407 -0.053708
681 4.08407 -0.0366883
681.2 4.08407 -0.0476326
681.4 4.08407 -0.0774171
681.6 4.08407 -0.0950413
681.8 4.08407 -0.0760531
682 4.08407 -0.0296111
682.2 4.08407 0.00582283
682.4 4.08407 -0.00016637
682.6 4.08407 -0.0360741
682.8 4.08407 -0.057298
683 4.08407 -0.032677
683.2 4.08407 0.0206974
683.4 4.08407 0.0550642
683.6 4.08407 0.0434422
683.8 4.08407 0.00561684
684 4.08407 -0.0211081
684.2 4.08407 -0.0291227
684.4 4.08407 -0.0458161
684.6 4.08407 -0.0900954
684.8 4.08407 -0.137146
685 4.08407 -0.140551
685.2 4.08407 -0.0887668
685.4 4.08407 -0.0255703
685.6 4.08407 -0.00512574
685.8 4.08407 -0.0323054
686 4.08407 -0.0584106
686.2 4.08407 -0.0363831
686.4 4.08407 0.0293112
686.6 4.08407 0.091783
686.8 4.08407 0.110992
687 4.08407 0.0837471
687.2 4.08407 0.0316647
687.4 4.08407 -0.0217841
687.6 4.08407 -0.0540679
687.8 4.08407 -0.0403055
688 4.08407 0.0279937
688.2 4.08407 0.115938
688.4 4.08407 0.157624
688.6 4.08407 0.116461
688.8 4.08407 0.0308285
689 4.08407 -0.0190093
689.2 4.08407 0.00181574
689.4 4.08407 0.0418
689.6 4.08407 0.0248165
689.8 4.08407 -0.0523977
690 4.08407 -0.105651
690.2 4.08407 -0.0571327
690.4 4.08407 0.0689528
690.6 4.08407 0.163561
690.8 4.08407 0.146241
691 4.08407 0.0448042
691.2 4.08407 -0.0455233
691.4 4.08407 -0.0681043
691.6 4.08407 -0.0505675
691.8 4.08407 -0.0482341
692 4.08407 -0.068143
692.2 4.08407 -0.0682192
692.4 4.08407 -0.0221142
692.6 4.08407 0.0406298
692.8 4.08407 0.0684912
693 4.08407 0.0462841
693.2 4.08407 0.00371459
693.4 4.08407 -0.0282538
693.6 4.08407 -0.0491022
693.8 4.08407 -0.0706829
694 4.08407 -0.0849282
694.2 4.08407 -0.0691074
694.4 4.08407 -0.0208501
694.6 4.08407 0.0306614
694.8 4.08407 0.0569961
695 4.08407 0.0615377
695.2 4.08407 0.0651932
695.4 4.08407 0.0683528
695.6 4.08407 0.0482263
695.8 4.08407 0.000449951
696 4.08407 -0.0358916
696.2 4.08407 -0.0172915
696.4 4.08407 0.0423433
696.6 4.08407 0.0722009
696.8 4.08407 0.0214081
697 4.08407 -0.0761409
697.2 4.08407 -0.133211
697.4 4.08407 -0.105838
697.6 4.08407 -0.0395133
697.8 4.08407 -0.00861709
698 4.08407 -0.0257726
698.2 4.08407 -0.0341476
698.4 4.08407 0.0105443
698.6 4.08407 0.0770715
698.8 4.08407 0.0975006
699 4.08407 0.0563659
699.2 4.08407 0.0120984
699.4 4.08407 0.0197229
699.6 4.08407 0.0549943
699.8 4.08407 0.0424659
700 4.08407 -0.0428618
700.2 4.08407 -0.128897
700.4 4.08407 -0.120313
700.6 4.08407 -0.00896185
700.8 4.08407 0.111429
701 4.08407 0.144103
701.2 4.08407 0.0863927
701.4 4.08407 0.0162864
701.6 4.08407 -0.00464957
701.8 4.08407 0.00851566
702 4.08407 0.00466086
702.2 4.08407 -0.0254092
702.4 4.08407 -0.0356812
702.6 4.08407 0.010563
702.8 4.08407 0.0842488
703 4.08407 0.114545
703.2 4.08407 0.0657326
703.4 4.08407 -0.0231626
703.6 4.08407 -0.0789397
703.8 4.08407 -0.0664474
704 4.08407 -0.015216
704.2 4.08407 0.0188058
704.4 4.08407 0.00848633
704.6 4.08407 -0.0269078
704.8 4.08407 -0.0487688
705 4.08407 -0.0366183
705.2 4.08407 -0.00330718
705.4 4.08407 0.0186822
705.6 4.08407 0.00513952
705.8 4.08407 -0.0383033
706 4.08407 -0.0770881
706.2 4.08407 -0.0739501
706.4 4.08407 -0.0220335
706.6 4.08407 0.0451108
706.8 4.08407 0.080006
707 4.08407 0.0615144
707.2 4.08407 0.0104533
707.4 4.08407 -0.033892
707.6 4.08407 -0.0495092
707.8 4.08407 -0.0429809
708 4.08407 -0.0309638
708.2 4.08407 -0.0196657
708.4 4.08407 -0.00565089
708.6 4.08407 0.0102855
708.8 4.08407 0.0199696
709 4.08407 0.0197985
709.2 4.08407 0.0180384
709.4 4.08407 0.0234133
709.6 4.08407 0.0291157
709.8 4.08407 0.0166233
710 4.08407 -0.0205425
710.2 4.08407 -0.061074
710.4 4.08407 -0.0706458
710.6 4.08407 -0.0349077
710.8 4.08407 0.0239993
711 4.08407 0.0654037
711.2 4.08407 0.0655089
711.4 4.08407 0.036957
711.6 4.08407 0.0162223
711.8 4.08407 0.0308476
712 4.08407 0.073289
712.2 4.08407 0.1022
712.4 4.08407 0.0736462
712.6 4.08407 -0.0181209
712.8 4.08407 -0.12473
713 4.08407 -0.174148
713.2 4.08407 -0.130516
713.4 4.08407 -0.0302053
713.6 4.08407 0.0459812
713.8 4.08407 0.0446737
714 4.08407 -0.0134164
714.2 4.08407 -0.0594081
714.4 4.08407 -0.0473909
714.6 4.08407 0.00518693
714.8 4.08407 0.0474948
715 4.08407 0.0550334
715.2 4.08407 0.049105
715.4 4.08407 0.0588762
715.6 4.08407 0.0789797
715.8 4.08407 0.076358
716 4.08407 0.0345529
716.2 4.08407 -0.0227265
716.4 4.08407 -0.0577844
716.6 4.08407 -0.0595288
716.8 4.08407 -0.047805
717 4.08407 -0.0409872
717.2 4.08407 -0.0330332
717.4 4.08407 -0.00896569
717.6 4.08407 0.0266276
717.8 4.08407 0.0501193
718 4.08407 0.048026
718.2 4.08407 0.0340559
718.4 4.08407 0.0299895
718.6 4.08407 0.0373331
718.8 4.08407 0.0393614
719 4.08407 0.029399
719.2 4.08407 0.0226557
719.4 4.08407 0.0316217
719.6 4.08407 0.0398447
719.8 4.08407 0.0173863
720 4.08407 -0.0347892
720.2 4.08407 -0.071167
720.4 4.08407 -0.0474152
720.6 4.08407 0.0231407
720.8 4.08407 0.0743517
721 4.08407 0.056288
721.2 4.08407 -0.00803197
721.4 4.08407 -0.0464051
721.6 4.08407 -0.017002
721.8 4.08407 0.046261
722 4.08407 0.0720046
722.2 4.08407 0.027375
722.4 4.08407 -0.0521704
722.6 4.08407 -0.104001
722.8 4.08407 -0.0969476
723 4.08407 -0.0468977
723.2 4.08407 0.0113034
723.4 4.08407 0.0526993
723.6 4.08407 0.0660558
723.8 4.08407 0.0480017
724 4.08407 0.00718678
724.2 4.08407 -0.0309803
724.4 4.08407 -0.0393673
724.6 4.08407 -0.015726
724.8 4.08407 0.012346
725 4.08407 0.0162308
725.2 4.08407 -0.00252372
725.4 4.08407 -0.0170228
725.6 4.08407 -0.0100451
725.8 4.08407 0.00505362
726 4.08407 0.00320343
726.2 4.08407 -0.0196954
726.4 4.08407 -0.0426882
726.6 4.08407 -0.0469647
726.8 4.08407 -0.0360611
727 4.08407 -0.02385
727.2 4.08407 -0.0119003
727.4 4.08407 0.00858842
727.6 4.08407 0.0338696
727.8 4.08407 0.0422488
728 4.08407 0.0218552
728.2 4.08407 -0.00420487
728.4 4.08407 0.00286238
728.6 4.08407 0.0491236
728.8 4.08407 0.0921432
729 4.08407 0.0862433
729.2 4.08407 0.0393482
729.4 4.08407 0.00865815
729.6 4.08407 0.033268
729.8 4.08407 0.0825945
730 4.08407 0.086326
730.2 4.08407 0.015398
730.4 4.08407 -0.0802351
730.6 4.08407 -0.122058
730.8 4.08407 -0.0837795
731 4.08407 -0.0120917
731.2 4.08407 0.0286853
731.4 4.08407 0.0187388
731.6 4.08407 -0.0142269
731.8 4.08407 -0.0385376
732 4.08407 -0.0469971
732.2 4.08407 -0.0444255
732.4 4.08407 -0.0286089
732.6 4.08407 3.34378e-05
732.8 4.08407 0.0187138
733 4.08407 -0.00446228
733.2 4.08407 -0.0668371
733.4 4.08407 -0.114371
733.6 4.08407 -0.0884476
733.8 4.08407 0.00694871
734 4.08407 0.0981039
734.2 4.08407 0.112725
734.4 4.08407 0.0540987
734.6 4.08407 -0.00585875
734.8 4.08407 -0.00727327
735 4.08407 0.0353483
735.2 4.08407 0.0569983
735.4 4.08407 0.0197782
735.6 4.08407 -0.0465553
735.8 4.08407 -0.0820522
736 4.08407 -0.0615129
736.2 4.08407 -0.0135279
736.4 4.08407 0.018421
736.6 4.08407 0.0195819
736.8 4.08407 0.00618901
737 4.08407 -0.00281327
737.2 4.08407 -0.00379203
737.4 4.08407 -0.00141059
737.6 4.08407 0.00237596
737.8 4.08407 0.00553786
738 4.08407 0.000308271
738.2 4.08407 -0.0186225
738.4 4.08407 -0.0412603
738.6 4.08407 -0.0488318
738.8 4.08407 -0.0387958
739 4.08407 -0.0351617
739.2 4.08407 -0.0622111
739.4 4.08407 -0.108006
739.6 4.08407 -0.126308
739.8 4.08407 -0.0841164
740 4.08407 -0.00293488
740.2 4.08407 0.0578315
740.4 4.08407 0.0610775
740.6 4.08407 0.027496
740.8 4.08407 0.0055778
741 4.08407 0.0137508
741.2 4.08407 0.0248442
741.4 4.08407 0.00963195
741.6 4.08407 -0.0184808
741.8 4.08407 -0.0171093
742 4.08407 0.0281697
742.2 4.08407 0.0757337
742.4 4.08407 0.0686845
742.6 4.08407 -0.000223184
742.8 4.08407 -0.0768772
743 4.08407 -0.10321
743.2 4.08407 -0.0785727
743.4 4.08407 -0.0545294
743.6 4.08407 -0.0711559
743.8 4.08407 -0.110478
744 4.08407 -0.120258
744.2 4.08407 -0.0779484
744.4 4.08407 -0.0187401
744.6 4.08407 0.00427504
744.8 4.08407 -0.01969
745 4.08407 -0.0482172
745.2 4.08407 -0.0353996
745.4 4.08407 0.0151126
745.6 4.08407 0.0530529
745.8 4.08407 0.0359306
746 4.08407 -0.0253267
746.2 4.08407 -0.0767721
746.4 4.08407 -0.0739269
746.6 4.08407 -0.0204204
746.8 4.08407 0.043139
747 4.08407 0.0814036
747.2 4.08407 0.0914118
747.4 4.08407 0.0910673
747.6 4.08407 0.0896471
747.8 4.08407 0.0766058
748 4.08407 0.0393556
748.2 4.08407 -0.0138808
748.4 4.08407 -0.0549151
748.6 4.08407 -0.0608081
748.8 4.08407 -0.03605
749 4.08407 -0.00753799
749.2 4.08407 0.00191984
749.4 4.08407 -0.00678108
749.6 4.08407 -0.0155949
749.8 4.08407 -0.0117173
750 4.08407 0.000545691
750.2 4.08407 0.00975562
750.4 4.08407 0.013724
750.6 4.08407 0.0203921
750.8 4.08407 0.0327797
751 4.08407 0.0395939
751.2 4.08407 0.0270981
751.4 4.08407 -0.000504108
751.6 4.08407 -0.0199182
751.8 4.08407 -0.0141602
752 4.08407 0.00287759
752.2 4.08407 -0.00435824
752.4 4.08407 -0.0526612
752.6 4.08407 -0.111017
752.8 4.08407 -0.120932
753 4.08407 -0.0530315
753.2 4.08407 0.0562954
753.4 4.08407 0.130883
753.6 4.08407 0.122877
753.8 4.08407 0.0563647
754 4.08407 0.00213996
754.2 4.08407 0.00856714
754.4 4.08407 0.0581908
754.6 4.08407 0.0920108
754.8 4.08407 0.0727194
755 4.08407 0.0196939
755.2 4.08407 -0.0176632
755.4 4.08407 -0.0151935
755.6 4.08407 0.00327579
755.8 4.08407 -0.00242666
756 4.08407 -0.0412894
756.2 4.08407 -0.0806216
756.4 4.08407 -0.0818114
756.6 4.08407 -0.0406522
756.8 4.08407 0.0109373
757 4.08407 0.0392084
757.2 4.08407 0.0390313
757.4 4.08407 0.0306401
757.6 4.08407 0.0338841
757.8 4.08407 0.0518224
758 4.08407 0.0758822
758.2 4.08407 0.0962938
758.4 4.08407 0.102086
758.6 4.08407 0.0789992
758.8 4.08407 0.0217142
759 4.08407 -0.0472041
759.2 4.08407 -0.0820494
759.4 4.08407 -0.0533779
759.6 4.08407 0.013781
759.8 4.08407 0.0529249
760 4.08407 0.0199878
760.2 4.08407 -0.0552865
760.4 4.08407 -0.0930238
760.6 4.08407 -0.0455375
760.8 4.08407 0.0488404
761 4.08407 0.102971
761.2 4.08407 0.0724009
761.4 4.08407 0.000313846
761.6 4.08407 -0.0344322
761.8 4.08407 -0.00635357
762 4.08407 0.0330003
762.2 4.08407 0.0223176
762.4 4.08407 -0.0322247
762.6 4.08407 -0.0623838
762.8 4.08407 -0.0203207
763 4.08407 0.0592755
763.2 4.08407 0.0914531
763.4 4.08407 0.0324753
763.6 4.08407 -0.072526
763.8 4.08407 -0.1373
764 4.08407 -0.121147
764.2 4.08407 -0.0605308
764.4 4.08407 -0.0186081
764.6 4.08407 -0.0169147
764.8 4.08407 -0.0238296
765 4.08407 -0.00285033
765.2 4.08407 0.0409034
765.4 4.08407 0.0664048
765.6 4.08407 0.0421687
765.8 4.08407 -0.0203408
766 4.08407 -0.0765878
766.2 4.08407 -0.0875837
766.4 4.08407 -0.0506487
766.6 4.08407 0.000341186
766.8 4.08407 0.0221316
767 4.08407 -0.00371919
767.2 4.08407 -0.0540828
767.4 4.08407 -0.0813895
767.6 4.08407 -0.0559075
767.8 4.08407 0.00306692
768 4.08407 0.041817
768.2 4.08407 0.0254588
768.4 4.08407 -0.0230892
768.6 4.08407 -0.0441067
768.8 4.08407 -0.00467734
769 4.08407 0.0638339
769.2 4.08407 0.0979828
769.4 4.08407 0.0693607
769.6 4.08407 0.0108291
769.8 4.08407 -0.0254157
770 4.08407 -0.0241301
770.2 4.08407 -0.0109246
770.4 4.08407 -0.00628537
770.6 4.08407 0.0034442
770.8 4.08407 0.0371585
771 4.08407 0.0736864
771.2 4.08407 0.0608562
771.4 4.08407 -0.0193293
771.6 4.08407 -0.109597
771.8 4.08407 -0.124646
772 4.08407 -0.0450191
772.2 4.08407 0.0500489
772.4 4.08407 0.0585534
772.6 4.08407 -0.0372283
772.8 4.08407 -0.150808
773 4.08407 -0.180803
773.2 4.08407 -0.111316
773.4 4.08407 -0.016392
773.6 4.08407 0.0266755
773.8 4.08407 0.0129802
774 4.08407 -0.00346424
774.2 4.08407 0.0170775
774.4 4.08407 0.0565542
774.6 4.08407 0.0678328
774.8 4.08407 0.0315789
775 4.08407 -0.025267
775.2 4.08407 -0.0610417
775.4 4.08407 -0.057277
775.6 4.08407 -0.0248456
775.8 4.08407 0.0150323
776 4.08407 0.0461122
776.2 4.08407 0.059118
776.4 4.08407 0.0520059
776.6 4.08407 0.0340738
776.8 4.08407 0.0227788
777 4.08407 0.0276851
777.2 4.08407 0.0378334
777.4 4.08407 0.0321725
777.6 4.08407 0.0053945
777.8 4.08407 -0.0216329
778 4.08407 -0.0222966
778.2 4.08407 0.00631814
778.4 4.08407 0.0394969
778.6 4.08407 0.050819
778.8 4.08407 0.0373331
779 4.08407 0.0167732
779.2 4.08407 0.00488788
779.4 4.08407 0.00205542
779.6 4.08407 0.00153826
779.8 4.08407 0.002822
780 4.08407 0.0108588
780.2 4.08407 0.0249835
780.4 4.08407 0.0356254
780.6 4.08407 0.0342546
780.8 4.08407 0.0228589
781 4.08407 0.0110092
781.2 4.08407 0.00638872
781.4 4.08407 0.0115166
781.6 4.08407 0.026922
781.8 4.08407 0.0508052
782 4.08407 0.0740596
782.2 4.08407 0.0827519
782.4 4.08407 0.0725427
782.6 4.08407 0.0581745
782.8 4.08407 0.0592037
783 4.08407 0.0723571
783.2 4.08407 0.0656074
783.4 4.08407 0.0107742
783.6 4.08407 -0.0764144
783.8 4.08407 -0.138121
784 4.08407 -0.125155
784.2 4.08407 -0.0471449
784.4 4.08407 0.0330239
784.6 4.08407 0.0567629
784.8 4.08407 0.020151
785 4.08407 -0.0320606
785.2 4.08407 -0.0560527
785.4 4.08407 -0.0476483
785.6 4.08407 -0.0353705
785.8 4.08407 -0.044354
786 4.08407 -0.071199
786.2 4.08407 -0.0891198
786.4 4.08407 -0.0718509
786.6 4.08407 -0.0152256
786.8 4.08407 0.0562296
787 4.08407 0.101521
787.2 4.08407 0.091626
787.4 4.08407 0.0366479
787.6 4.08407 -0.0153749
787.8 4.08407 -0.0172784
788 4.08407 0.032096
788.2 4.08407 0.0841795
788.4 4.08407 0.0889636
788.6 4.08407 0.0466307
788.8 4.08407 0.00476552
789 4.08407 0.00337525
789.2 4.08407 0.0309791
789.4 4.08407 0.0430106
789.6 4.08407 0.0185696
789.8 4.08407 -0.0145505
790 4.08407 -0.0158707
790.2 4.08407 0.0174367
790.4 4.08407 0.0488352
790.6 4.08407 0.0487081
790.8 4.08407 0.0279833
791 4.08407 0.0185214
791.2 4.08407 0.0305445
791.4 4.08407 0.0445412
791.6 4.08407 0.0445589
791.8 4.08407 0.0423929
792 4.08407 0.0570755
792.2 4.08407 0.0798754
792.4 4.08407 0.0791343
792.6 4.08407 0.044708
792.8 4.08407 0.0115745
793 4.08407 0.0230523
793.2 4.08407 0.0739604
793.4 4.08407 0.108216
793.6 4.08407 0.0810956
793.8 4.08407 0.012342
794 4.08407 -0.0369611
794.2 4.08407 -0.0373369
794.4 4.08407 -0.0233913
794.6 4.08407 -0.0451055
794.8 4.08407 -0.0993341
795 4.08407 -0.128264
795.2 4.08407 -0.0884132
795.4 4.08407 -0.00599787
795.6 4.08407 0.048369
795.8 4.08407 0.0348748
796 4.08407 -0.0179122
796.2 4.08407 -0.0501941
796.4 4.08407 -0.0330649
796.6 4.08407 0.0133091
796.8 4.08407 0.0525881
797 4.08407 0.0671911
797.2 4.08407 0.0607911
797.4 4.08407 0.0428464
797.6 4.08407 0.0232964
797.8 4.08407 0.0148769
798 4.08407 0.023374
798.2 4.08407 0.0316592
798.4 4.08407 0.00848456
798.6 4.08407 -0.0527071
798.8 4.08407 -0.109341
799 4.08407 -0.10234
799.2 4.08407 -0.0225635
799.4 4.08407 0.0654325
799.6 4.08407 0.0805823
799.8 4.08407 0.00816257
800 4.08407 -0.0833761
800.2 4.08407 -0.112356
800.4 4.08407 -0.0643893
800.6 4.08407 0.0017974
800.8 4.08407 0.0212757
801 4.08407 -0.016387
801.2 4.08407 -0.0710052
801.4 4.08407 -0.0996714
801.6 4.08407 -0.0889705
801.8 4.08407 -0.0493924
802 4.08407 0.000736916
802.2 4.08407 0.0386061
802.4 4.08407 0.0405453
802.6 4.08407 0.00244762
802.8 4.08407 -0.0435426
803 4.08407 -0.0507703
803.2 4.08407 -0.00874011
803.4 4.08407 0.0367662
803.6 4.08407 0.0302895
803.8 4.08407 -0.025582
804 4.08407 -0.0644272
804.2 4.08407 -0.0290073
804.4 4.08407 0.0578529
804.6 4.08407 0.111362
804.8 4.08407 0.0764682
805 4.08407 -0.0116531
805.2 4.08407 -0.0677035
805.4 4.08407 -0.0485383
805.6 4.08407 0.00956814
805.8 4.08407 0.0446369
806 4.08407 0.0401114
806.2 4.08407 0.0281823
806.4 4.08407 0.0323459
806.6 4.08407 0.0322357
806.8 4.08407 -0.0028071
807 4.08407 -0.0604284
807.2 4.08407 -0.088646
807.4 4.08407 -0.0569059
807.6 4.08407 0.00272837
807.8 4.08407 0.0299024
808 4.08407 0.00596714
808.2 4.08407 -0.025748
808.4 4.08407 -0.0142059
808.6 4.08407 0.0375003
808.8 4.08407 0.0769259
809 4.08407 0.0641515
809.2 4.08407 0.0140396
809.4 4.08407 -0.0289219
809.6 4.08407 -0.0455383
809.8 4.08407 -0.0564797
810 4.08407 -0.0828825
810.2 4.08407 -0.108893
810.4 4.08407 -0.0965582
810.6 4.08407 -0.0341034
810.8 4.08407 0.0445259
811 4.08407 0.0934826
811.2 4.08407 0.100231
811.4 4.08407 0.0874964
811.6 4.08407 0.0744634
811.8 4.08407 0.0512388
812 4.08407 0.00132399
812.2 4.08407 -0.0584159
812.4 4.08407 -0.0778406
812.6 4.08407 -0.0235635
812.8 4.08407 0.0766944
813 4.08407 0.151254
813.2 4.08407 0.150711
813.4 4.08407 0.0921328
813.6 4.08407 0.0337386
813.8 4.08407 0.011522
814 4.08407 0.011271
814.2 4.08407 0.00304534
814.4 4.08407 -0.0114288
814.6 4.08407 -0.00234915
814.8 4.08407 0.03801
815 4.08407 0.0681004
815.2 4.08407 0.0388484
815.4 4.08407 -0.0392244
815.6 4.08407 -0.0909149
815.8 4.08407 -0.0544169
816 4.08407 0.0414421
816.2 4.08407 0.097028
816.4 4.08407 0.0482098
816.6 4.08407 -0.0588647
816.8 4.08407 -0.115506
817 4.08407 -0.0710121
817.2 4.08407 0.0120838
817.4 4.08407 0.0345399
817.6 4.08407 -0.0210405
817.8 4.08407 -0.071279
818 4.08407 -0.0356822
818.2 4.08407 0.0618844
818.4 4.08407 0.117672
818.6 4.08407 0.0698111
818.8 4.08407 -0.0292477
819 4.08407 -0.0752363
819.2 4.08407 -0.0322452
819.4 4.08407 0.0333762
819.6 4.08407 0.039691
819.8 4.08407 -0.0148723
820 4.08407 -0.0600072
820.2 4.08407 -0.0448086
820.4 4.08407 0.00730801
820.6 4.08407 0.0409393
820.8 4.08407 0.040423
821 4.08407 0.0343054
821.2 4.08407 0.037455
821.4 4.08407 0.0226122
821.6 4.08407 -0.0328326
821.8 4.08407 -0.0930413
822 4.08407 -0.0901806
822.2 4.08407 -0.0103706
822.4 4.08407 0.0737436
822.6 4.08407 0.0787773
822.8 4.08407 0.00870682
823 4.08407 -0.0493368
823.2 4.08407 -0.0324049
823.4 4.08407 0.019829
823.6 4.08407 0.016073
823.8 4.08407 -0.0677908
824 4.08407 -0.150947
824.2 4.08407 -0.139645
824.4 4.08407 -0.0362445
824.6 4.08407 0.0662746
824.8 4.08407 0.0913961
825 4.08407 0.053099
825.2 4.08407 0.0158437
825.4 4.08407 0.0071586
825.6 4.08407 -0.000212643
825.8 4.08407 -0.0260074
826 4.08407 -0.0399347
826.2 4.08407 -0.00443297
826.4 4.08407 0.0590029
826.6 4.08407 0.0819955
826.8 4.08407 0.0355332
827 4.08407 -0.0234116
827.2 4.08407 -0.0161031
827.4 4.08407 0.0569509
827.6 4.08407 0.109132
827.8 4.08407 0.0711844
828 4.08407 -0.0214831
828.2 4.08407 -0.0682026
828.4 4.08407 -0.0228473
828.6 4.08407 0.0532668
828.8 4.08407 0.0685134
829 4.08407 0.0100439
829.2 4.08407 -0.0471314
829.4 4.08407 -0.0352122
829.6 4.08407 0.0286881
829.8 4.08407 0.0716992
830 4.08407 0.0535611
830.2 4.08407 0.00354286
830.4 4.08407 -0.0270587
830.6 4.08407 -0.0234932
830.8 4.08407 -0.00616192
831 4.08407 0.0109923
831.2 4.08407 0.0349498
831.4 4.08407 0.0660551
831.6 4.08407 0.0803382
831.8 4.08407 0.0565737
832 4.08407 0.0110111
832.2 4.08407 -0.0147483
832.4 4.08407 -0.00212097
832.6 4.08407 0.0252229
832.8 4.08407 0.0385931
833 4.08407 0.0450607
833.2 4.08407 0.0718447
833.4 4.08407 0.114605
833.6 4.08407 0.126964
833.8 4.08407 0.0763699
834 4.08407 -0.00379031
834.2 4.08407 -0.0410941
834.4 4.08407 -0.00511612
834.6 4.08407 0.0577534
834.8 4.08407 0.0813109
835 4.08407 0.0562565
835.2 4.08407 0.0304301
835.4 4.08407 0.0374487
835.6 4.08407 0.0525348
835.8 4.08407 0.0337242
836 4.08407 -0.0124726
836.2 4.08407 -0.0360206
836.4 4.08407 -0.0151435
836.6 4.08407 0.00649211
836.8 4.08407 -0.0234933
837 4.08407 -0.0867989
837.2 4.08407 -0.104206
837.4 4.08407 -0.0338038
837.6 4.08407 0.0658396
837.8 4.08407 0.0962447
838 4.08407 0.0350155
838.2 4.08407 -0.0364133
838.4 4.08407 -0.0310452
838.6 4.08407 0.0402568
838.8 4.08407 0.0871907
839 4.08407 0.0529117
839.2 4.08407 -0.0213796
839.4 4.08407 -0.0562734
839.6 4.08407 -0.0343031
839.8 4.08407 -0.0116911
840 4.08407 -0.0351307
840.2 4.08407 -0.0793597
840.4 4.08407 -0.0860051
840.6 4.08407 -0.0449501
840.8 4.08407 -0.00586187
841 4.08407 -0.00783886
841.2 4.08407 -0.0276125
841.4 4.08407 -0.0189747
841.6 4.08407 0.0133013
841.8 4.08407 0.0128005
842 4.08407 -0.0483955
842.2 4.08407 -0.11701
842.4 4.08407 -0.113517
842.6 4.08407 -0.0327929
842.8 4.08407 0.0395285
843 4.08407 0.0232458
843.2 4.08407 -0.0618302
843.4 4.08407 -0.118912
843.6 4.08407 -0.0858144
843.8 4.08407 0.000454005
844 4.08407 0.0575378
844.2 4.08407 0.0548947
844.4 4.08407 0.0350489
844.6 4.08407 0.0455616
844.8 4.08407 0.0787788
845 4.08407 0.0925679
845.2 4.08407 0.0720294
845.4 4.08407 0.0445129
845.6 4.08407 0.0341576
845.8 4.08407 0.0273424
846 4.08407 -0.000507483
846.2 4.08407 -0.0383439
846.4 4.08407 -0.0451724
846.6 4.08407 -0.00558793
846.8 4.08407 0.0418212
847 4.08407 0.04745
847.2 4.08407 0.0119311
847.4 4.08407 -0.0167572
847.6 4.08407 -0.00888745
847.8 4.08407 0.00580118
848 4.08407 -0.0212544
848.2 4.08407 -0.0861032
848.4 4.08407 -0.125736
848.6 4.08407 -0.0901745
848.8 4.08407 -0.00415177
849 4.08407 0.0596813
849.2 4.08407 0.0633814
849.4 4.08407 0.0401608
849.6 4.08407 0.0431994
849.8 4.08407 0.0755553
850 4.08407 0.0893221
850.2 4.08407 0.0509315
850.4 4.08407 -0.0125209
850.6 4.08407 -0.0425295
850.8 4.08407 -0.0146982
851 4.08407 0.0386395
851.2 4.08407 0.0686508
851.4 4.08407 0.0589575
851.6 4.08407 0.0300442
851.8 4.08407 0.00798898
852 4.08407 0.00255564
852.2 4.08407 0.0116793
852.4 4.08407 0.0302345
852.6 4.08407 0.0461309
852.8 4.08407 0.0390318
853 4.08407 -0.00144109
853.2 4.08407 -0.0555449
853.4 4.08407 -0.0842456
853.6 4.08407 -0.0678387
853.8 4.08407 -0.0276456
854 4.08407 -0.00158103
854.2 4.08407 -0.00242396
854.4 4.08407 -0.0111484
854.6 4.08407 -0.0105804
854.8 4.08407 -0.00920722
855 4.08407 -0.0194958
855.2 4.08407 -0.0232007
855.4 4.08407 0.0173376
855.6 4.08407 0.103025
855.8 4.08407 0.169694
856 4.08407 0.140027
856.2 4.08407 0.010386
856.4 4.08407 -0.129221
856.6 4.08407 -0.175742
856.8 4.08407 -0.111254
857 4.08407 -0.0115627
857.2 4.08407 0.0398495
857.4 4.08407 0.0320502
857.6 4.08407 0.0154837
857.8 4.08407 0.0270172
858 4.08407 0.0485417
858.2 4.08407 0.04279
858.4 4.08407 0.00986682
858.6 4.08407 -0.0117155
858.8 4.08407 0.00305719
859 4.08407 0.0326014
859.2 4.08407 0.0374974
859.4 4.08407 0.0113758
859.6 4.08407 -0.0130854
859.8 4.08407 -0.00866747
860 4.08407 0.0117548
860.2 4.08407 0.0150922
860.4 4.08407 -0.00572258
860.6 4.08407 -0.0211156
860.8 4.08407 -0.0036646
861 4.08407 0.0346687
861.2 4.08407 0.0551454
861.4 4.08407 0.0390904
861.6 4.08407 0.0106632
861.8 4.08407 0.00821776
862 4.08407 0.0394369
862.2 4.08407 0.0717716
862.4 4.08407 0.0662461
862.6 4.08407 0.0155495
862.8 4.08407 -0.0504536
863 4.08407 -0.0896449
863.2 4.08407 -0.0761382
863.4 4.08407 -0.0129736
863.6 4.08407 0.0714722
863.8 4.08407 0.138461
864 4.08407 0.160501
864.2 4.08407 0.139006
864.4 4.08407 0.101179
864.6 4.08407 0.0745296
864.8 4.08407 0.0627924
865 4.08407 0.0497623
865.2 4.08407 0.025806
865.4 4.08407 0.00288941
865.6 4.08407 -0.00269441
865.8 4.08407 0.00273577
866 4.08407 -0.00731846
866.2 4.08407 -0.0454557
866.4 4.08407 -0.0873044
866.6 4.08407 -0.0937469
866.8 4.08407 -0.0558908
867 4.08407 -0.00725551
867.2 4.08407 0.0146325
867.4 4.08407 0.0108113
867.6 4.08407 0.0132422
867.8 4.08407 0.0357976
868 4.08407 0.0481049
868.2 4.08407 0.0107998
868.4 4.08407 -0.0675848
868.6 4.08407 -0.124461
868.8 4.08407 -0.102531
869 4.08407 -0.00994298
869.2 4.08407 0.0860302
869.4 4.08407 0.12326
869.6 4.08407 0.0949394
869.8 4.08407 0.0377255
870 4.08407 -0.0147278
870.2 4.08407 -0.0543831
870.4 4.08407 -0.0822394
870.6 4.08407 -0.0905034
870.8 4.08407 -0.0738086
871 4.08407 -0.0489776
871.2 4.08407 -0.0451658
871.4 4.08407 -0.0686558
871.6 4.08407 -0.0893169
871.8 4.08407 -0.0740179
872 4.08407 -0.0295658
872.2 4.08407 0.00102039
872.4 4.08407 -0.0106933
872.6 4.08407 -0.0427249
872.8 4.08407 -0.0489312
873 4.08407 -0.0164866
873.2 4.08407 0.017716
873.4 4.08407 0.0139363
873.6 4.08407 -0.0193636
873.8 4.08407 -0.0363794
874 4.08407 -0.0138693
874.2 4.08407 0.0169227
874.4 4.08407 0.00969735
874.6 4.08407 -0.0349288
874.8 4.08407 -0.0659058
875 4.08407 -0.0453036
875.2 4.08407 -0.000869664
875.4 4.08407 0.00189665
875.6 4.08407 -0.060864
875.8 4.08407 -0.136197
876 4.08407 -0.148986
876.2 4.08407 -0.0855153
876.4 4.08407 -0.00900126
876.6 4.08407 0.0100982
876.8 4.08407 -0.0318127
877 4.08407 -0.0748449
877.2 4.08407 -0.0659271
877.4 4.08407 -0.0126851
877.6 4.08407 0.0345757
877.8 4.08407 0.0416193
878 4.08407 0.0192008
878.2 4.08407 -0.00150525
878.4 4.08407 -0.00633311
878.6 4.08407 -0.00282529
878.8 4.08407 0.00272164
879 4.08407 0.0169374
879.2 4.08407 0.0440032
879.4 4.08407 0.0692535
879.6 4.08407 0.0697661
879.8 4.08407 0.0414925
880 4.08407 0.00767154
880.2 4.08407 -0.00430284
880.4 4.08407 0.00911655
880.6 4.08407 0.0269928
880.8 4.08407 0.0289971
881 4.08407 0.0155727
881.2 4.08407 0.00275279
881.4 4.08407 0.00241568
881.6 4.08407 0.0114991
881.8 4.08407 0.0174324
882 4.08407 0.00890728
882.2 4.08407 -0.0172043
882.4 4.08407 -0.0520967
882.6 4.08407 -0.0750398
882.8 4.08407 -0.0648783
883 4.08407 -0.0222697
883.2 4.08407 0.0188675
883.4 4.08407 0.0139269
883.6 4.08407 -0.0471584
883.8 4.08407 -0.119074
884 4.08407 -0.137133
884.2 4.08407 -0.0825507
884.4 4.08407 -0.00787086
884.6 4.08407 0.0115154
884.8 4.08407 -0.0460508
885 4.08407 -0.124892
885.2 4.08407 -0.147837
885.4 4.08407 -0.0924773
885.6 4.08407 -0.00807932
885.8 4.08407 0.0393887
886 4.08407 0.0295602
886.2 4.08407 -0.00642125
886.4 4.08407 -0.0316645
886.6 4.08407 -0.0414818
886.8 4.08407 -0.0543583
887 4.08407 -0.0776628
887.2 4.08407 -0.0949881
887.4 4.08407 -0.0872709
887.6 4.08407 -0.056258
887.8 4.08407 -0.0209114
888 4.08407 0.00400024
888.2 4.08407 0.017607
888.4 4.08407 0.0225462
888.6 4.08407 0.0158187
888.8 4.08407 -0.00240098
889 4.08407 -0.0160951
889.2 4.08407 -0.00239859
889.4 4.08407 0.0400382
889.6 4.08407 0.0772647
889.8 4.08407 0.0654512
890 4.08407 -0.00460714
890.2 4.08407 -0.0906134
890.4 4.08407 -0.131432
890.6 4.08407 -0.0994559
890.8 4.08407 -0.0223389
891 4.08407 0.044177
891.2 4.08407 0.0633835
891.4 4.08407 0.0412733
891.6 4.08407 0.0116498
891.8 4.08407 0.00351317
892 4.08407 0.0210048
892.2 4.08407 0.04745
892.4 4.08407 0.0634185
892.6 4.08407 0.0614371
892.8 4.08407 0.047455
893 4.08407 0.0310218
893.2 4.08407 0.0143765
893.4 4.08407 -0.00870349
893.6 4.08407 -0.0422596
893.8 4.08407 -0.0766444
894 4.08407 -0.0907756
894.2 4.08407 -0.0703131
894.4 4.08407 -0.0246547
894.6 4.08407 0.0171268
894.8 4.08407 0.0310367
895 4.08407 0.0196136
895.2 4.08407 0.00772203
895.4 4.08407 0.0166359
895.6 4.08407 0.0438726
895.8 4.08407 0.0689739
896 4.08407 0.0758913
896.2 4.08407 0.0658718
896.4 4.08407 0.0487601
896.6 4.08407 0.0279324
896.8 4.08407 0.00011592
897 4.08407 -0.0302988
897.2 4.08407 -0.0444842
897.4 4.08407 -0.0244345
897.6 4.08407 0.0238984
897.8 4.08407 0.0684986
898 4.08407 0.0782281
898.2 4.08407 0.0530055
898.4 4.08407 0.0231999
898.6 4.08407 0.0163892
898.8 4.08407 0.0273656
899 4.08407 0.0266753
899.2 4.08407 0.000312863
899.4 4.08407 -0.0255549
899.6 4.08407 -0.00900834
899.8 4.08407 0.0555768
900 4.08407 0.117559
900.2 4.08407 0.11409
900.4 4.08407 0.0384898
900.6 4.08407 -0.0431818
900.8 4.08407 -0.0554023
901 4.08407 0.00495497
901.2 4.08407 0.0588062
901.4 4.08407 0.0269256
901.6 4.08407 -0.0799821
901.8 4.08407 -0.164649
902 4.08407 -0.143284
902.2 4.08407 -0.0371837
902.4 4.08407 0.0469016
902.6 4.08407 0.0294196
902.8 4.08407 -0.059175
903 4.08407 -0.116197
903.2 4.08407 -0.0810999
903.4 4.08407 0.00252787
903.6 4.08407 0.0435152
903.8 4.08407 0.00782235
904 4.08407 -0.0500731
904.2 4.08407 -0.0591977
904.4 4.08407 -0.0166783
904.6 4.08407 0.0148515
904.8 4.08407 -0.0122897
905 4.08407 -0.0731209
905.2 4.08407 -0.101535
905.4 4.08407 -0.0678091
905.6 4.08407 -0.00842637
905.8 4.08407 0.0204941
906 4.08407 0.00287703
906.2 4.08407 -0.0327365
906.4 4.08407 -0.0560611
906.6 4.08407 -0.063089
906.8 4.08407 -0.0602105
907 4.08407 -0.0408854
907.2 4.08407 0.00342123
907.4 4.08407 0.0544922
907.6 4.08407 0.0715544
907.8 4.08407 0.0359627
908 4.08407 -0.0192539
908.2 4.08407 -0.0414183
908.4 4.08407 -0.0201655
908.6 4.08407 -0.00157538
908.8 4.08407 -0.0308569
909 4.08407 -0.0913578
909.2 4.08407 -0.117823
909.4 4.08407 -0.0723405
909.6 4.08407 0.00846277
909.8 4.08407 0.0537086
910 4.08407 0.0374871
910.2 4.08407 0.00225837
910.4 4.08407 0.00151043
910.6 4.08407 0.0360902
910.8 4.08407 0.0613556
911 4.08407 0.0492743
911.2 4.08407 0.0227394
911.4 4.08407 0.0207263
911.6 4.08407 0.044979
911.8 4.08407 0.0597394
912 4.08407 0.0417771
912.2 4.08407 0.0109827
912.4 4.08407 0.000408508
912.6 4.08407 0.00914265
912.8 4.08407 0.0056303
913 4.08407 -0.0211194
913.2 4.08407 -0.0347663
913.4 4.08407 0.00597136
913.6 4.08407 0.0848657
913.8 4.08407 0.130701
914 4.08407 0.0931126
914.2 4.08407 0.005159
914.4 4.08407 -0.0469481
914.6 4.08407 -0.0173378
914.8 4.08407 0.0501697
915 4.08407 0.0739816
915.2 4.08407 0.026932
915.4 4.08407 -0.0376394
915.6 4.08407 -0.0520599
915.8 4.08407 -0.0120825
916 4.08407 0.0223444
916.2 4.08407 -0.00149229
916.4 4.08407 -0.0699958
916.6 4.08407 -0.119397
916.8 4.08407 -0.102321
917 4.08407 -0.0311469
917.2 4.08407 0.039143
917.4 4.08407 0.0609346
917.6 4.08407 0.0270664
917.8 4.08407 -0.0321282
918 4.08407 -0.0727409
918.2 4.08407 -0.0632163
918.4 4.08407 -0.00339532
918.6 4.08407 0.0709492
918.8 4.08407 0.107776
919 4.08407 0.0767761
919.2 4.08407 -0.00306184
919.4 4.08407 -0.0755481
919.6 4.08407 -0.0924637
919.8 4.08407 -0.0509131
920 4.08407 0.0107678
920.2 4.08407 0.0496865
920.4 4.08407 0.0497431
920.6 4.08407 0.0233528
920.8 4.08407 -0.00655048
921 4.08407 -0.0215504
921.2 4.08407 -0.013427
921.4 4.08407 0.0121376
921.6 4.08407 0.0337601
921.8 4.08407 0.0253319
922 4.08407 -0.0204908
922.2 4.08407 -0.0786106
922.4 4.08407 -0.108872
922.6 4.08407 -0.0926168
922.8 4.08407 -0.0502837
923 4.08407 -0.0195944
923.2 4.08407 -0.0181503
923.4 4.08407 -0.0319087
923.6 4.08407 -0.0387867
923.8 4.08407 -0.0349641
924 4.08407 -0.0325104
924.2 4.08407 -0.0371499
924.4 4.08407 -0.0397677
924.6 4.08407 -0.0326447
924.8 4.08407 -0.02416
925 4.08407 -0.0272155
925.2 4.08407 -0.0359264
925.4 4.08407 -0.0268858
925.6 4.08407 0.00940247
925.8 4.08407 0.0465539
926 4.08407 0.0449155
926.2 4.08407 -0.00127039
926.4 4.08407 -0.0500746
926.6 4.08407 -0.0547304
926.8 4.08407 -0.016777
927 4.08407 0.0145404
927.2 4.08407 -0.000765393
927.4 4.08407 -0.0459702
927.6 4.08407 -0.0664124
927.8 4.08407 -0.0328642
928 4.08407 0.0249221
928.2 4.08407 0.0520978
928.4 4.08407 0.0279135
928.6 4.08407 -0.0181403
928.8 4.08407 -0.045482
929 4.08407 -0.043937
929.2 4.08407 -0.0308688
929.4 4.08407 -0.0187315
929.6 4.08407 -0.00270373
929.8 4.08407 0.0176444
930 4.08407 0.0213626
930.2 4.08407 -0.0121625
930.4 4.08407 -0.0664247
930.6 4.08407 -0.0900768
930.8 4.08407 -0.0484247
931 4.08407 0.0322317
931.2 4.08407 0.0842343
931.4 4.08407 0.0662114
931.6 4.08407 0.00324695
931.8 4.08407 -0.0457663
932 4.08407 -0.0531892
932.2 4.08407 -0.0442232
932.4 4.08407 -0.0546799
932.6 4.08407 -0.0827835
932.8 4.08407 -0.0953417
933 4.08407 -0.0756528
933.2 4.08407 -0.0475892
933.4 4.08407 -0.0435357
933.6 4.08407 -0.0592408
933.8 4.08407 -0.0567393
934 4.08407 -0.0136054
934.2 4.08407 0.0446957
934.4 4.08407 0.0725283
934.6 4.08407 0.0577818
934.8 4.08407 0.0332687
935 4.08407 0.031746
935.2 4.08407 0.0432336
935.4 4.08407 0.0307751
935.6 4.08407 -0.0154626
935.8 4.08407 -0.0574915
936 4.08407 -0.0524704
936.2 4.08407 -0.00756752
936.4 4.08407 0.023747
936.6 4.08407 0.00250132
936.8 4.08407 -0.0513537
937 4.08407 -0.0849271
937.2 4.08407 -0.0760487
937.4 4.08407 -0.055612
937.6 4.08407 -0.0621686
937.8 4.08407 -0.0872573
938 4.08407 -0.0811853
938.2 4.08407 -0.0140027
938.4 4.08407 0.0814999
938.6 4.08407 0.136405
938.8 4.08407 0.111968
939 4.08407 0.0330636
939.2 4.08407 -0.0409595
939.4 4.08407 -0.069413
939.6 4.08407 -0.053085
939.8 4.08407 -0.017206
940 4.08407 0.0140816
940.2 4.08407 0.0277451
940.4 4.08407 0.0217764
940.6 4.08407 0.00633557
940.8 4.08407 -0.00010504
941 4.08407 0.0118533
941.2 4.08407 0.0263467
941.4 4.08407 0.0135709
941.6 4.08407 -0.0346638
941.8 4.08407 -0.0863181
942 4.08407 -0.0975842
942.2 4.08407 -0.0621368
942.4 4.08407 -0.0215447
942.6 4.08407 -0.0189381
942.8 4.08407 -0.0488172
943 4.08407 -0.0650603
943.2 4.08407 -0.038647
943.4 4.08407 0.00737228
943.6 4.08407 0.0310479
943.8 4.08407 0.0301037
944 4.08407 0.047127
944.2 4.08407 0.10988
944.4 4.08407 0.182339
944.6 4.08407 0.195174
944.8 4.08407 0.125489
945 4.08407 0.028766
945.2 4.08407 -0.0200947
945.4 4.08407 -0.00844731
945.6 4.08407 0.00790605
945.8 4.08407 -0.0197858
946 4.08407 -0.0701883
946.2 4.08407 -0.078815
946.4 4.08407 -0.0205648
946.6 4.08407 0.054631
946.8 4.08407 0.0762784
947 4.08407 0.0306229
947.2 4.08407 -0.0298058
947.4 4.08407 -0.0497706
947.6 4.08407 -0.027809
947.8 4.08407 -0.00397364
948 4.08407 -0.00621252
948.2 4.08407 -0.0254279
948.4 4.08407 -0.0403365
948.6 4.08407 -0.0467457
948.8 4.08407 -0.0506281
949 4.08407 -0.0445474
949.2 4.08407 -0.0123432
949.4 4.08407 0.0388041
949.6 4.08407 0.068909
949.8 4.08407 0.0453234
950 4.08407 -0.01082
950.2 4.08407 -0.0356969
950.4 4.08407 0.00972781
950.6 4.08407 0.090881
950.8 4.08407 0.130247
951 4.08407 0.087231
951.2 4.08407 -0.000112793
951.4 4.08407 -0.0556702
951.6 4.08407 -0.0397764
951.8 4.08407 0.0216962
952 4.08407 0.0739131
952.2 4.08407 0.0851333
952.4 4.08407 0.0616243
952.6 4.08407 0.0265486
952.8 4.08407 -0.00122355
953 4.08407 -0.0106483
953.2 4.08407 0.00169707
953.4 4.08407 0.0251082
953.6 4.08407 0.0351562
953.8 4.08407 0.0140142
954 4.08407 -0.0269402
954.2 4.08407 -0.0536167
954.4 4.08407 -0.0447866
954.6 4.08407 -0.0168053
954.8 4.08407 -0.0057094
955 4.08407 -0.0264884
955.2 4.08407 -0.0582305
955.4 4.08407 -0.0715958
955.6 4.08407 -0.0616516
955.8 4.08407 -0.0450609
956 4.08407 -0.0305183
956.2 4.08407 -0.00719583
956.4 4.08407 0.0308849
956.6 4.08407 0.0601788
956.8 4.08407 0.0439965
957 4.08407 -0.0224241
957.2 4.08407 -0.0934264
957.4 4.08407 -0.110227
957.6 4.08407 -0.0566708
957.8 4.08407 0.0274282
958 4.08407 0.0872423
958.2 4.08407 0.100605
958.4 4.08407 0.0837947
958.6 4.08407 0.0604489
958.8 4.08407 0.0364864
959 4.08407 0.00555271
959.2 4.08407 -0.0322376
959.4 4.08407 -0.0652251
959.6 4.08407 -0.080517
959.8 4.08407 -0.0725361
960 4.08407 -0.0430619
960.2 4.08407 -0.00149744
960.4 4.08407 0.032968
960.6 4.08407 0.0396277
960.8 4.08407 0.0171983
961 4.08407 -0.00687912
961.2 4.08407 -0.00172145
961.4 4.08407 0.0264927
961.6 4.08407 0.0303203
961.8 4.08407 -0.0277559
962 4.08407 -0.120124
962.2 4.08407 -0.16582
962.4 4.08407 -0.11047
962.6 4.08407 0.00962066
962.8 4.08407 0.0964679
963 4.08407 0.0870764
963.2 4.08407 0.0136095
963.4 4.08407 -0.0389736
963.6 4.08407 -0.0269652
963.8 4.08407 0.0128841
964 4.08407 0.0166674
964.2 4.08407 -0.030431
964.4 4.08407 -0.0831402
964.6 4.08407 -0.0935586
964.8 4.08407 -0.0615436
965 4.08407 -0.0224797
965.2 4.08407 0.000541539
965.4 4.08407 0.01599
965.6 4.08407 0.0377234
965.8 4.08407 0.0576108
966 4.08407 0.0557357
966.2 4.08407 0.0306544
966.4 4.08407 0.00504483
966.6 4.08407 -0.00101007
966.8 4.08407 0.00853894
967 4.08407 0.0178697
967.2 4.08407 0.0247783
967.4 4.08407 0.0412214
967.6 4.08407 0.0680731
967.8 4.08407 0.0826545
968 4.08407 0.061753
968.2 4.08407 0.012927
968.4 4.08407 -0.0285488
968.6 4.08407 -0.0366398
968.8 4.08407 -0.0207055
969 4.08407 -0.00996292
969.2 4.08407 -0.0186039
969.4 4.08407 -0.0354831
969.6 4.08407 -0.0457736
969.8 4.08407 -0.0496204
970 4.08407 -0.0526305
970.2 4.08407 -0.048121
970.4 4.08407 -0.024219
970.6 4.08407 0.0104385
970.8 4.08407 0.0237153
971 4.08407 -0.00462654
971.2 4.08407 -0.0501309
971.4 4.08407 -0.0631674
971.6 4.08407 -0.027655
971.8 4.08407 0.0114766
972 4.08407 -0.00602164
972.2 4.08407 -0.0829226
972.4 4.08407 -0.151514
972.6 4.08407 -0.142528
972.8 4.08407 -0.0609554
973 4.08407 0.0182413
973.2 4.08407 0.0308236
973.4 4.08407 -0.0109348
973.6 4.08407 -0.039976
973.8 4.08407 -0.0147411
974 4.08407 0.0354719
974.2 4.08407 0.0485499
974.4 4.08407 0.00336859
974.6 4.08407 -0.0550308
974.8 4.08407 -0.0639854
975 4.08407 -0.00897157
975.2 4.08407 0.0626311
975.4 4.08407 0.0895682
975.6 4.08407 0.0537608
975.8 4.08407 -0.00808798
976 4.08407 -0.0426001
976.2 4.08407 -0.0269581
976.4 4.08407 0.0170626
976.6 4.08407 0.0493673
976.8 4.08407 0.0496724
977 4.08407 0.0315562
977.2 4.08407 0.0213762
977.4 4.08407 0.0253214
977.6 4.08407 0.0211233
977.8 4.08407 -0.0139849
978 4.08407 -0.0688052
978.2 4.08407 -0.0997486
978.4 4.08407 -0.0742462
978.6 4.08407 -0.0110773
978.8 4.08407 0.0317543
979 4.08407 0.0151889
979.2 4.08407 -0.0378256
979.4 4.08407 -0.0644963
979.6 4.08407 -0.0276923
979.8 4.08407 0.0468349
980 4.08407 0.100617
980.2 4.08407 0.102514
980.4 4.08407 0.0704345
980.6 4.08407 0.0377322
980.8 4.08407 0.0138267
981 4.08407 -0.0118576
981.2 4.08407 -0.0368142
981.4 4.08407 -0.0370287
981.6 4.08407 -0.000880296
981.8 4.08407 0.0407799
982 4.08407 0.0370879
982.2 4.08407 -0.0257108
982.4 4.08407 -0.101891
982.6 4.08407 -0.131821
982.8 4.08407 -0.105367
983 4.08407 -0.067293
983.2 4.08407 -0.0579074
983.4 4.08407 -0.0622616
983.6 4.08407 -0.0323665
983.8 4.08407 0.0438399
984 4.08407 0.113554
984.2 4.08407 0.111405
984.4 4.08407 0.0351416
984.6 4.08407 -0.0448871
984.8 4.08407 -0.0571094
985 4.08407 -0.00169635
985.2 4.08407 0.0549902
985.4 4.08407 0.0556224
985.6 4.08407 0.0111552
985.8 4.08407 -0.0185673
986 4.08407 0.00482026
986.2 4.08407 0.0566314
986.4 4.08407 0.078413
986.6 4.08407 0.0411517
986.8 4.08407 -0.0256657
987 4.08407 -0.0645141
987.2 4.08407 -0.0439847
987.4 4.08407 0.0165961
987.6 4.08407 0.0696351
987.8 4.08407 0.0821669
988 4.08407 0.0598959
988.2 4.08407 0.0358564
988.4 4.08407 0.0373935
988.6 4.08407 0.0610307
988.8 4.08407 0.0765123
989 4.08407 0.0564081
989.2 4.08407 0.00476759
989.4 4.08407 -0.0434101
989.6 4.08407 -0.0539314
989.8 4.08407 -0.02645
990 4.08407 0.00549573
990.2 4.08407 0.00914368
990.4 4.08407 -0.0139931
990.6 4.08407 -0.032303
990.8 4.08407 -0.021737
991 4.08407 0.00533873
991.2 4.08407 0.0134662
991.4 4.08407 -0.0142214
991.6 4.08407 -0.0529431
991.8 4.08407 -0.0591094
992 4.08407 -0.0153854
992.2 4.08407 0.0497418
992.4 4.08407 0.0879038
992.6 4.08407 0.0740115
992.8 4.08407 0.0237596
993 4.08407 -0.0261206
993.2 4.08407 -0.0487274
993.4 4.08407 -0.0392081
993.6 4.08407 -0.00650813
993.8 4.08407 0.0360509
994 4.08407 0.0707877
994.2 4.08407 0.077061
994.4 4.08407 0.0451551
994.6 4.08407 -0.00794449
994.8 4.08407 -0.044527
995 4.08407 -0.0376383
995.2 4.08407 0.000533055
995.4 4.08407 0.027274
995.6 4.08407 0.0120393
995.8 4.08407 -0.0298123
996 4.08407 -0.0509127
996.2 4.08407 -0.0228314
996.4 4.08407 0.02935
996.6 4.08407 0.0487912
996.8 4.08407 0.00603762
997 4.08407 -0.0654538
997.2 4.08407 -0.0967222
997.4 4.08407 -0.0492281
997.6 4.08407 0.045427
997.8 4.08407 0.111636
998 4.08407 0.096919
998.2 4.08407 0.0182439
998.4 4.08407 -0.0534012
998.6 4.08407 -0.0538149
998.8 4.08407 0.0215465
999 4.08407 0.114603
999.2 4.08407 0.150776
999.4 4.08407 0.0967199
999.6 4.08407 -0.013838
999.8 4.08407 -0.10509
1000 4.08407 -0.115944
0.2 4.39823 0.146869
0.4 4.39823 0.058174
0.6 4.39823 0.00383789
0.8 4.39823 0.0318878
1 4.39823 0.0782395
1.2 4.39823 0.0566816
1.4 4.39823 -0.0250758
1.6 4.39823 -0.0749248
1.8 4.39823 -0.0373883
2 4.39823 0.0333005
2.2 4.39823 0.0434191
2.4 4.39823 -0.0191204
2.6 4.39823 -0.0706289
2.8 4.39823 -0.0416919
3 4.39823 0.0327802
3.2 4.39823 0.0598973
3.4 4.39823 0.00957064
3.6 4.39823 -0.0477921
3.8 4.39823 -0.0345581
4 4.39823 0.0319074
4.2 4.39823 0.0602016
4.4 4.39823 0.00147598
4.6 4.39823 -0.0874886
4.8 4.39823 -0.113451
5 4.39823 -0.0591592
5.2 4.39823 0.00036533
5.4 4.39823 -0.00762327
5.6 4.39823 -0.0693532
5.8 4.39823 -0.11009
6 4.39823 -0.0878779
6.2 4.39823 -0.0364319
6.4 4.39823 -0.0133425
6.6 4.39823 -0.0296591
6.8 4.39823 -0.048824
7 4.39823 -0.04458
7.2 4.39823 -0.0347454
7.4 4.39823 -0.0494886
7.6 4.39823 -0.0830676
7.8 4.39823 -0.0959238
8 4.39823 -0.063422
8.2 4.39823 -0.00725786
8.4 4.39823 0.0285415
8.6 4.39823 0.0243722
8.8 4.39823 -0.00072004
9 4.39823 -0.0162747
9.2 4.39823 -0.0102573
9.4 4.39823 0.00907263
9.6 4.39823 0.0288381
9.8 4.39823 0.0398691
10 4.39823 0.035385
10.2 4.39823 0.0145275
10.4 4.39823 -0.00953197
10.6 4.39823 -0.0149332
10.8 4.39823 0.0060222
11 4.39823 0.0319699
11.2 4.39823 0.0298731
11.4 4.39823 -0.00927715
11.6 4.39823 -0.0573806
11.8 4.39823 -0.0763438
12 4.39823 -0.0558554
12.2 4.39823 -0.0205351
12.4 4.39823 -0.00254097
12.6 4.39823 -0.0135306
12.8 4.39823 -0.0429914
13 4.39823 -0.0742589
13.2 4.39823 -0.0945031
13.4 4.39823 -0.094247
13.6 4.39823 -0.0700521
13.8 4.39823 -0.0328416
14 4.39823 -0.00523379
14.2 4.39823 -0.000225797
14.4 4.39823 -0.00313998
14.6 4.39823 0.0158286
14.8 4.39823 0.0662663
15 4.39823 0.120242
15.2 4.39823 0.137457
15.4 4.39823 0.106808
15.6 4.39823 0.0571325
15.8 4.39823 0.0263212
16 4.39823 0.0262345
16.2 4.39823 0.0407924
16.4 4.39823 0.0503877
16.6 4.39823 0.0477859
16.8 4.39823 0.0321589
17 4.39823 0.00221693
17.2 4.39823 -0.0346495
17.4 4.39823 -0.0540573
17.6 4.39823 -0.0321375
17.8 4.39823 0.0226885
18 4.39823 0.0660461
18.2 4.39823 0.0582956
18.4 4.39823 0.00833388
18.6 4.39823 -0.033279
18.8 4.39823 -0.0287949
19 4.39823 0.00644902
19.2 4.39823 0.0245431
19.4 4.39823 0.000134527
19.6 4.39823 -0.045426
19.8 4.39823 -0.0744265
20 4.39823 -0.0741608
20.2 4.39823 -0.0596494
20.4 4.39823 -0.04476
20.6 4.39823 -0.0279832
20.8 4.39823 -0.00962348
21 4.39823 -0.00576753
21.2 4.39823 -0.028193
21.4 4.39823 -0.0549794
21.6 4.39823 -0.04203
21.8 4.39823 0.0242539
22 4.39823 0.0962954
22.2 4.39823 0.105498
22.4 4.39823 0.0366204
22.6 4.39823 -0.0504886
22.8 4.39823 -0.0827632
23 4.39823 -0.0510608
23.2 4.39823 -0.0140408
23.4 4.39823 -0.0266598
23.6 4.39823 -0.0788103
23.8 4.39823 -0.11258
24 4.39823 -0.0902043
24.2 4.39823 -0.0299202
24.4 4.39823 0.0244782
24.6 4.39823 0.0524309
24.8 4.39823 0.0641575
25 4.39823 0.0707658
25.2 4.39823 0.0675128
25.4 4.39823 0.0516521
25.6 4.39823 0.0399824
25.8 4.39823 0.0510928
26 4.39823 0.0731572
26.2 4.39823 0.0676686
26.4 4.39823 0.0149301
26.6 4.39823 -0.0542122
26.8 4.39823 -0.0869328
27 4.39823 -0.0687322
27.2 4.39823 -0.0418089
27.4 4.39823 -0.055682
27.6 4.39823 -0.10814
27.8 4.39823 -0.147944
28 4.39823 -0.134861
28.2 4.39823 -0.0829421
28.4 4.39823 -0.0369055
28.6 4.39823 -0.0167046
28.8 4.39823 -0.00230681
29 4.39823 0.0260086
29.2 4.39823 0.0507434
29.4 4.39823 0.0370691
29.6 4.39823 -0.0147627
29.8 4.39823 -0.0562172
30 4.39823 -0.0413523
30.2 4.39823 0.0168201
30.4 4.39823 0.0559916
30.6 4.39823 0.0340354
30.8 4.39823 -0.0221349
31 4.39823 -0.0472089
31.2 4.39823 -0.0131087
31.4 4.39823 0.0384926
31.6 4.39823 0.0445142
31.8 4.39823 -0.0069761
32 4.39823 -0.063755
32.2 4.39823 -0.0691727
32.4 4.39823 -0.0237708
32.6 4.39823 0.0217088
32.8 4.39823 0.0302256
33 4.39823 0.0210936
33.2 4.39823 0.0400794
33.4 4.39823 0.093471
33.6 4.39823 0.128083
33.8 4.39823 0.0873471
34 4.39823 -0.0171605
34.2 4.39823 -0.103533
34.4 4.39823 -0.0972326
34.6 4.39823 -0.00800051
34.8 4.39823 0.078447
35 4.39823 0.0867498
35.2 4.39823 0.0237648
35.4 4.39823 -0.0391145
35.6 4.39823 -0.0474526
35.8 4.39823 -0.0150123
36 4.39823 0.00763257
36.2 4.39823 -0.000154018
36.4 4.39823 -0.0115955
36.6 4.39823 -0.000850662
36.8 4.39823 0.012682
37 4.39823 -0.0117511
37.2 4.39823 -0.0721062
37.4 4.39823 -0.107189
37.6 4.39823 -0.0616161
37.8 4.39823 0.0406848
38 4.39823 0.109301
38.2 4.39823 0.0822053
38.4 4.39823 -0.00492647
38.6 4.39823 -0.0589204
38.8 4.39823 -0.0340279
39 4.39823 0.0219135
39.2 4.39823 0.0331228
39.4 4.39823 -0.00915426
39.6 4.39823 -0.0389775
39.8 4.39823 -0.00223924
40 4.39823 0.0727958
40.2 4.39823 0.109534
40.4 4.39823 0.077912
40.6 4.39823 0.0298584
40.8 4.39823 0.0307475
41 4.39823 0.0740113
41.2 4.39823 0.08769
41.4 4.39823 0.0261102
41.6 4.39823 -0.0674882
41.8 4.39823 -0.106384
42 4.39823 -0.0599261
42.2 4.39823 0.0120837
42.4 4.39823 0.0289926
42.6 4.39823 -0.0223661
42.8 4.39823 -0.0824259
43 4.39823 -0.0942791
43.2 4.39823 -0.064757
43.4 4.39823 -0.0436047
43.6 4.39823 -0.0563335
43.8 4.39823 -0.0753659
44 4.39823 -0.0581092
44.2 4.39823 0.000718616
44.4 4.39823 0.0633091
44.6 4.39823 0.0881295
44.8 4.39823 0.0652936
45 4.39823 0.0161852
45.2 4.39823 -0.0290772
45.4 4.39823 -0.0494455
45.6 4.39823 -0.040016
45.8 4.39823 -0.0148522
46 4.39823 -0.000939425
46.2 4.39823 -0.0153473
46.4 4.39823 -0.0415262
46.6 4.39823 -0.0379329
46.8 4.39823 0.0167696
47 4.39823 0.0886786
47.2 4.39823 0.113342
47.4 4.39823 0.0642325
47.6 4.39823 -0.0114512
47.8 4.39823 -0.038875
48 4.39823 0.00178354
48.2 4.39823 0.0510121
48.4 4.39823 0.036148
48.6 4.39823 -0.0459561
48.8 4.39823 -0.12533
49 4.39823 -0.137604
49.2 4.39823 -0.0922577
49.4 4.39823 -0.0531086
49.6 4.39823 -0.060022
49.8 4.39823 -0.087304
50 4.39823 -0.0832448
50.2 4.39823 -0.0352325
50.4 4.39823 0.0200302
50.6 4.39823 0.0467513
50.8 4.39823 0.0514386
51 4.39823 0.0643113
51.2 4.39823 0.0909437
51.4 4.39823 0.101166
51.6 4.39823 0.0698141
51.8 4.39823 0.0143353
52 4.39823 -0.0213729
52.2 4.39823 -0.016962
52.4 4.39823 0.00412687
52.6 4.39823 0.00867778
52.8 4.39823 -0.0033071
53 4.39823 -0.00214085
53.2 4.39823 0.0271377
53.4 4.39823 0.0581503
53.6 4.39823 0.0504898
53.8 4.39823 -0.00144053
54 4.39823 -0.0581341
54.2 4.39823 -0.0764682
54.4 4.39823 -0.0541051
54.6 4.39823 -0.0263288
54.8 4.39823 -0.0227959
55 4.39823 -0.0369164
55.2 4.39823 -0.0407675
55.4 4.39823 -0.0223545
55.6 4.39823 0.00128541
55.8 4.39823 0.00795103
56 4.39823 -0.00147753
56.2 4.39823 -0.00538082
56.4 4.39823 0.0101592
56.6 4.39823 0.0324341
56.8 4.39823 0.0353646
57 4.39823 0.00924689
57.2 4.39823 -0.0266057
57.4 4.39823 -0.0414661
57.6 4.39823 -0.0217726
57.8 4.39823 0.0172923
58 4.39823 0.0452288
58.2 4.39823 0.0394808
58.4 4.39823 -0.000381806
58.6 4.39823 -0.0536539
58.8 4.39823 -0.0896162
59 4.39823 -0.0829228
59.2 4.39823 -0.0292903
59.4 4.39823 0.0460754
59.6 4.39823 0.0980019
59.8 4.39823 0.0902428
60 4.39823 0.0255226
60.2 4.39823 -0.0509664
60.4 4.39823 -0.0845799
60.6 4.39823 -0.0564236
60.8 4.39823 0.000314092
61 4.39823 0.0308205
61.2 4.39823 0.0091472
61.4 4.39823 -0.0393591
61.6 4.39823 -0.0649986
61.8 4.39823 -0.0419841
62 4.39823 0.0104782
62.2 4.39823 0.052526
62.4 4.39823 0.0638284
62.6 4.39823 0.0566281
62.8 4.39823 0.0523599
63 4.39823 0.0532499
63.2 4.39823 0.0421514
63.4 4.39823 0.00798388
63.6 4.39823 -0.0353901
63.8 4.39823 -0.0589666
64 4.39823 -0.045
64.2 4.39823 -0.00144509
64.4 4.39823 0.0469169
64.6 4.39823 0.0765725
64.8 4.39823 0.0755792
65 4.39823 0.0453621
65.2 4.39823 0.00171361
65.4 4.39823 -0.0274024
65.6 4.39823 -0.0172248
65.8 4.39823 0.0296077
66 4.39823 0.0752565
66.2 4.39823 0.0740323
66.4 4.39823 0.0164915
66.6 4.39823 -0.0545774
66.8 4.39823 -0.0790435
67 4.39823 -0.034331
67.2 4.39823 0.0451655
67.4 4.39823 0.103537
67.6 4.39823 0.114343
67.8 4.39823 0.0937665
68 4.39823 0.0687364
68.2 4.39823 0.0439513
68.4 4.39823 0.00722197
68.6 4.39823 -0.0393396
68.8 4.39823 -0.0683138
69 4.39823 -0.05537
69.2 4.39823 -0.013385
69.4 4.39823 0.0130846
69.6 4.39823 -0.00799848
69.8 4.39823 -0.0623121
70 4.39823 -0.104909
70.2 4.39823 -0.107474
70.4 4.39823 -0.0831366
70.6 4.39823 -0.0633736
70.8 4.39823 -0.0587179
71 4.39823 -0.0514195
71.2 4.39823 -0.025208
71.4 4.39823 0.00970233
71.6 4.39823 0.0299802
71.8 4.39823 0.0321853
72 4.39823 0.0383564
72.2 4.39823 0.0621878
72.4 4.39823 0.0796612
72.6 4.39823 0.050557
72.8 4.39823 -0.0249203
73 4.39823 -0.0839083
73.2 4.39823 -0.0546706
73.4 4.39823 0.060547
73.6 4.39823 0.167863
73.8 4.39823 0.164291
74 4.39823 0.0441016
74.2 4.39823 -0.0853927
74.4 4.39823 -0.105237
74.6 4.39823 -0.00384031
74.8 4.39823 0.111224
75 4.39823 0.123407
75.2 4.39823 0.024483
75.4 4.39823 -0.0835714
75.6 4.39823 -0.100029
75.8 4.39823 -0.0280282
76 4.39823 0.0391196
76.2 4.39823 0.0251063
76.4 4.39823 -0.0504231
76.6 4.39823 -0.103355
76.8 4.39823 -0.082715
77 4.39823 -0.0215189
77.2 4.39823 0.0100647
77.4 4.39823 -0.0132094
77.6 4.39823 -0.0501421
77.8 4.39823 -0.0500099
78 4.39823 -0.0144488
78.2 4.39823 0.00812216
78.4 4.39823 -0.0164668
78.6 4.39823 -0.0669831
78.8 4.39823 -0.0917862
79 4.39823 -0.0665039
79.2 4.39823 -0.0171769
79.4 4.39823 0.012408
79.6 4.39823 0.00628057
79.8 4.39823 -0.0153114
80 4.39823 -0.0252962
80.2 4.39823 -0.0168685
80.4 4.39823 -0.000933596
80.6 4.39823 0.0127472
80.8 4.39823 0.0229005
81 4.39823 0.028342
81.2 4.39823 0.0231016
81.4 4.39823 0.00572975
81.6 4.39823 -0.0112965
81.8 4.39823 -0.00965096
82 4.39823 0.0153336
82.2 4.39823 0.0474817
82.4 4.39823 0.0650903
82.6 4.39823 0.0611399
82.8 4.39823 0.0453152
83 4.39823 0.0283461
83.2 4.39823 0.0104725
83.4 4.39823 -0.012463
83.6 4.39823 -0.0369911
83.8 4.39823 -0.0532129
84 4.39823 -0.0583323
84.2 4.39823 -0.0622496
84.4 4.39823 -0.0738589
84.6 4.39823 -0.0837781
84.8 4.39823 -0.0683337
85 4.39823 -0.0159552
85.2 4.39823 0.0522304
85.4 4.39823 0.0941304
85.6 4.39823 0.0834544
85.8 4.39823 0.0353732
86 4.39823 -0.006355
86.2 4.39823 -0.0100226
86.4 4.39823 0.0145292
86.6 4.39823 0.0262616
86.8 4.39823 -0.00602766
87 4.39823 -0.0706031
87.2 4.39823 -0.120003
87.4 4.39823 -0.11437
87.6 4.39823 -0.0619918
87.8 4.39823 -0.0170822
88 4.39823 -0.0320125
88.2 4.39823 -0.105661
88.4 4.39823 -0.178635
88.6 4.39823 -0.184961
88.8 4.39823 -0.113849
89 4.39823 -0.0205541
89.2 4.39823 0.0268372
89.4 4.39823 0.0124212
89.6 4.39823 -0.0169734
89.8 4.39823 -0.00612095
90 4.39823 0.047673
90.2 4.39823 0.0921151
90.4 4.39823 0.0773182
90.6 4.39823 0.0099066
90.8 4.39823 -0.0538235
91 4.39823 -0.0654846
91.2 4.39823 -0.0294887
91.4 4.39823 0.00953988
91.6 4.39823 0.0164412
91.8 4.39823 -0.00407317
92 4.39823 -0.0234582
92.2 4.39823 -0.0247932
92.4 4.39823 -0.0153968
92.6 4.39823 -0.00927585
92.8 4.39823 -0.00866701
93 4.39823 -0.00829998
93.2 4.39823 -0.0110982
93.4 4.39823 -0.0282596
93.6 4.39823 -0.0599276
93.8 4.39823 -0.0828561
94 4.39823 -0.0672849
94.2 4.39823 -0.00977634
94.4 4.39823 0.054591
94.6 4.39823 0.0782918
94.8 4.39823 0.0423866
95 4.39823 -0.0276496
95.2 4.39823 -0.0856535
95.4 4.39823 -0.10312
95.6 4.39823 -0.0860968
95.8 4.39823 -0.0599092
96 4.39823 -0.0427505
96.2 4.39823 -0.0349116
96.4 4.39823 -0.0288044
96.6 4.39823 -0.0226496
96.8 4.39823 -0.0207809
97 4.39823 -0.0223872
97.2 4.39823 -0.0153613
97.4 4.39823 0.0136476
97.6 4.39823 0.0613563
97.8 4.39823 0.10229
98 4.39823 0.10566
98.2 4.39823 0.0619349
98.4 4.39823 -0.00597632
98.6 4.39823 -0.0591451
98.8 4.39823 -0.0725328
99 4.39823 -0.0510857
99.2 4.39823 -0.019143
99.4 4.39823 0.00314002
99.6 4.39823 0.0123265
99.8 4.39823 0.0150595
100 4.39823 0.015921
100.2 4.39823 0.0155074
100.4 4.39823 0.0166889
100.6 4.39823 0.024784
100.8 4.39823 0.0376662
101 4.39823 0.0403125
101.2 4.39823 0.0173864
101.4 4.39823 -0.0257352
101.6 4.39823 -0.0592064
101.8 4.39823 -0.0525183
102 4.39823 -0.00370556
102.2 4.39823 0.0577708
102.4 4.39823 0.0982629
102.6 4.39823 0.107324
102.8 4.39823 0.0967613
103 4.39823 0.0778933
103.2 4.39823 0.0485554
103.4 4.39823 0.00532513
103.6 4.39823 -0.0390578
103.8 4.39823 -0.0608674
104 4.39823 -0.0502431
104.2 4.39823 -0.0241363
104.4 4.39823 -0.00832199
104.6 4.39823 -0.00886799
104.8 4.39823 -0.00824723
105 4.39823 0.00932687
105.2 4.39823 0.0362194
105.4 4.39823 0.0512663
105.6 4.39823 0.0474535
105.8 4.39823 0.03987
106 4.39823 0.0429301
106.2 4.39823 0.0482004
106.4 4.39823 0.0349104
106.6 4.39823 0.00109333
106.8 4.39823 -0.0274257
107 4.39823 -0.0264854
107.2 4.39823 -0.00572969
107.4 4.39823 0.000511764
107.6 4.39823 -0.0237606
107.8 4.39823 -0.0532949
108 4.39823 -0.0513527
108.2 4.39823 -0.0177744
108.4 4.39823 0.00643767
108.6 4.39823 -0.0119415
108.8 4.39823 -0.0548004
109 4.39823 -0.0710686
109.2 4.39823 -0.0381944
109.4 4.39823 0.00801397
109.6 4.39823 0.0139544
109.8 4.39823 -0.0280298
110 4.39823 -0.0699138
110.2 4.39823 -0.0645187
110.4 4.39823 -0.0202418
110.6 4.39823 0.0108897
110.8 4.39823 -0.00486093
111 4.39823 -0.0464808
111.2 4.39823 -0.0678747
111.4 4.39823 -0.0530794
111.6 4.39823 -0.0300878
111.8 4.39823 -0.0324426
112 4.39823 -0.0606108
112.2 4.39823 -0.0873355
112.4 4.39823 -0.0911497
112.6 4.39823 -0.072318
112.8 4.39823 -0.0394549
113 4.39823 0.0021579
113.2 4.39823 0.0401835
113.4 4.39823 0.0468636
113.6 4.39823 0.00308085
113.8 4.39823 -0.0648112
114 4.39823 -0.0913672
114.2 4.39823 -0.0362136
114.4 4.39823 0.0588086
114.6 4.39823 0.096008
114.8 4.39823 0.0200713
115 4.39823 -0.11482
115.2 4.39823 -0.189946
115.4 4.39823 -0.138624
115.6 4.39823 -0.0113633
115.8 4.39823 0.0785044
116 4.39823 0.0660156
116.2 4.39823 -0.0157501
116.4 4.39823 -0.0880944
116.6 4.39823 -0.108925
116.8 4.39823 -0.0953701
117 4.39823 -0.0810894
117.2 4.39823 -0.0750384
117.4 4.39823 -0.067021
117.6 4.39823 -0.0548206
117.8 4.39823 -0.0466813
118 4.39823 -0.0404336
118.2 4.39823 -0.0199255
118.4 4.39823 0.0180556
118.6 4.39823 0.0455478
118.8 4.39823 0.0295229
119 4.39823 -0.0235364
119.2 4.39823 -0.0650311
119.4 4.39823 -0.0564841
119.6 4.39823 -0.0162362
119.8 4.39823 0.000138485
120 4.39823 -0.0339736
120.2 4.39823 -0.0837597
120.4 4.39823 -0.0950882
120.6 4.39823 -0.0594685
120.8 4.39823 -0.0219237
121 4.39823 -0.0242233
121.2 4.39823 -0.0562997
121.4 4.39823 -0.0748431
121.6 4.39823 -0.0602451
121.8 4.39823 -0.0361479
122 4.39823 -0.0289704
122.2 4.39823 -0.0256003
122.4 4.39823 0.0109558
122.6 4.39823 0.086871
122.8 4.39823 0.156851
123 4.39823 0.168488
123.2 4.39823 0.119187
123.4 4.39823 0.056681
123.6 4.39823 0.0249331
123.8 4.39823 0.0230147
124 4.39823 0.0228625
124.2 4.39823 0.0148731
124.4 4.39823 0.0190151
124.6 4.39823 0.0500234
124.8 4.39823 0.087361
125 4.39823 0.0928809
125.2 4.39823 0.0553866
125.4 4.39823 0.00650766
125.6 4.39823 -0.0108708
125.8 4.39823 0.0165031
126 4.39823 0.0657622
126.2 4.39823 0.104091
126.4 4.39823 0.112593
126.6 4.39823 0.0887777
126.8 4.39823 0.0406778
127 4.39823 -0.0130417
127.2 4.39823 -0.0458632
127.4 4.39823 -0.0417191
127.6 4.39823 -0.015137
127.8 4.39823 -0.00412997
128 4.39823 -0.0338515
128.2 4.39823 -0.0882944
128.4 4.39823 -0.123988
128.6 4.39823 -0.112071
128.8 4.39823 -0.0624008
129 4.39823 -0.00720734
129.2 4.39823 0.0299247
129.4 4.39823 0.0440228
129.6 4.39823 0.0377005
129.8 4.39823 0.0159958
130 4.39823 -0.00534907
130.2 4.39823 -0.00178848
130.4 4.39823 0.0347332
130.6 4.39823 0.075681
130.8 4.39823 0.0774603
131 4.39823 0.0306278
131.2 4.39823 -0.0229405
131.4 4.39823 -0.0347055
131.6 4.39823 -0.00736817
131.8 4.39823 0.0076463
132 4.39823 -0.0244253
132.2 4.39823 -0.0739025
132.4 4.39823 -0.0805608
132.6 4.39823 -0.0305444
132.8 4.39823 0.021506
133 4.39823 0.0168751
133.2 4.39823 -0.0360089
133.4 4.39823 -0.0748307
133.6 4.39823 -0.0646606
133.8 4.39823 -0.0413334
134 4.39823 -0.0589896
134.2 4.39823 -0.110435
134.4 4.39823 -0.12838
134.6 4.39823 -0.0719611
134.8 4.39823 0.0117623
135 4.39823 0.0357698
135.2 4.39823 -0.0236131
135.4 4.39823 -0.095928
135.6 4.39823 -0.0983242
135.8 4.39823 -0.0300853
136 4.39823 0.0339351
136.2 4.39823 0.0369562
136.4 4.39823 0.00153486
136.6 4.39823 -0.0122081
136.8 4.39823 0.0118641
137 4.39823 0.032286
137.2 4.39823 0.0152734
137.4 4.39823 -0.0147509
137.6 4.39823 -0.00803682
137.8 4.39823 0.0410508
138 4.39823 0.0834737
138.2 4.39823 0.0777801
138.4 4.39823 0.0405061
138.6 4.39823 0.0178873
138.8 4.39823 0.0202783
139 4.39823 0.0110671
139.2 4.39823 -0.0341393
139.4 4.39823 -0.0811202
139.6 4.39823 -0.072445
139.8 4.39823 -0.00355205
140 4.39823 0.0605671
140.2 4.39823 0.054929
140.4 4.39823 -0.0133659
140.6 4.39823 -0.0776973
140.8 4.39823 -0.089272
141 4.39823 -0.0623044
141.2 4.39823 -0.0392797
141.4 4.39823 -0.0332853
141.6 4.39823 -0.0248189
141.8 4.39823 -0.00700636
142 4.39823 -0.00545676
142.2 4.39823 -0.0397089
142.4 4.39823 -0.0821339
142.6 4.39823 -0.0801172
142.8 4.39823 -0.02116
143 4.39823 0.0440059
143.2 4.39823 0.0560618
143.4 4.39823 0.0142296
143.6 4.39823 -0.0277505
143.8 4.39823 -0.0298081
144 4.39823 -0.00985378
144.2 4.39823 -0.0103529
144.4 4.39823 -0.0360091
144.6 4.39823 -0.0462871
144.8 4.39823 -0.0105734
145 4.39823 0.049202
145.2 4.39823 0.084178
145.4 4.39823 0.0762548
145.6 4.39823 0.0523146
145.8 4.39823 0.0418214
146 4.39823 0.0400265
146.2 4.39823 0.0254583
146.4 4.39823 0.000996909
146.6 4.39823 -0.00453937
146.8 4.39823 0.0212636
147 4.39823 0.0491669
147.2 4.39823 0.0398219
147.4 4.39823 -0.00777423
147.6 4.39823 -0.0566509
147.8 4.39823 -0.0805035
148 4.39823 -0.0926728
148.2 4.39823 -0.1146
148.4 4.39823 -0.130077
148.6 4.39823 -0.096552
148.8 4.39823 -0.00727098
149 4.39823 0.0795731
149.2 4.39823 0.0949899
149.4 4.39823 0.0383414
149.6 4.39823 -0.0181444
149.8 4.39823 -0.0114179
150 4.39823 0.0409195
150.2 4.39823 0.06647
150.4 4.39823 0.0277949
150.6 4.39823 -0.0348598
150.8 4.39823 -0.0563958
151 4.39823 -0.0238035
151.2 4.39823 0.0183311
151.4 4.39823 0.0312633
151.6 4.39823 0.0249102
151.8 4.39823 0.0266831
152 4.39823 0.0284215
152.2 4.39823 -0.00680065
152.4 4.39823 -0.0827609
152.6 4.39823 -0.141782
152.8 4.39823 -0.121963
153 4.39823 -0.0371992
153.2 4.39823 0.0242731
153.4 4.39823 -0.00672934
153.6 4.39823 -0.0999093
153.8 4.39823 -0.154193
154 4.39823 -0.10577
154.2 4.39823 0.00594432
154.4 4.39823 0.0839123
154.6 4.39823 0.0724636
154.8 4.39823 0.000248312
155 4.39823 -0.0661218
155.2 4.39823 -0.0898466
155.4 4.39823 -0.0782472
155.6 4.39823 -0.0478018
155.8 4.39823 -0.00036973
156 4.39823 0.0598725
156.2 4.39823 0.103859
156.4 4.39823 0.093286
156.6 4.39823 0.0232278
156.8 4.39823 -0.0616895
157 4.39823 -0.103723
157.2 4.39823 -0.0847065
157.4 4.39823 -0.0387108
157.6 4.39823 -0.0131508
157.8 4.39823 -0.0219802
158 4.39823 -0.0385624
158.2 4.39823 -0.0300623
158.4 4.39823 0.00638024
158.6 4.39823 0.0415774
158.8 4.39823 0.04444
159 4.39823 0.0122828
159.2 4.39823 -0.0274957
159.4 4.39823 -0.0442767
159.6 4.39823 -0.0333343
159.8 4.39823 -0.0193256
160 4.39823 -0.0304439
160.2 4.39823 -0.068379
160.4 4.39823 -0.10475
160.6 4.39823 -0.108678
160.8 4.39823 -0.0771588
161 4.39823 -0.0358686
161.2 4.39823 -0.0101636
161.4 4.39823 0.000531257
161.6 4.39823 0.0161182
161.8 4.39823 0.0462814
162 4.39823 0.0741847
162.2 4.39823 0.0731154
162.4 4.39823 0.0364249
162.6 4.39823 -0.0135796
162.8 4.39823 -0.0463145
163 4.39823 -0.0489843
163.2 4.39823 -0.0321745
163.4 4.39823 -0.0152707
163.6 4.39823 -0.0104591
163.8 4.39823 -0.0172334
164 4.39823 -0.0247044
164.2 4.39823 -0.0176591
164.4 4.39823 0.0121779
164.6 4.39823 0.0537442
164.8 4.39823 0.0783108
165 4.39823 0.0630289
165.2 4.39823 0.0165845
165.4 4.39823 -0.0248007
165.6 4.39823 -0.0335758
165.8 4.39823 -0.0199561
166 4.39823 -0.0164185
166.2 4.39823 -0.0329325
166.4 4.39823 -0.0391424
166.6 4.39823 -0.000929407
166.8 4.39823 0.0706203
167 4.39823 0.121757
167.2 4.39823 0.113306
167.4 4.39823 0.0648514
167.6 4.39823 0.0296072
167.8 4.39823 0.0293957
168 4.39823 0.0316626
168.2 4.39823 -0.000958128
168.4 4.39823 -0.0521883
168.6 4.39823 -0.0637621
168.8 4.39823 -0.00834335
169 4.39823 0.0671648
169.2 4.39823 0.0877085
169.4 4.39823 0.0353586
169.6 4.39823 -0.0282986
169.8 4.39823 -0.0313078
170 4.39823 0.0288331
170.2 4.39823 0.0868487
170.4 4.39823 0.0856969
170.6 4.39823 0.0343684
170.8 4.39823 -0.0148937
171 4.39823 -0.031279
171.2 4.39823 -0.0295339
171.4 4.39823 -0.0329372
171.6 4.39823 -0.034451
171.8 4.39823 -0.0105868
172 4.39823 0.0342536
172.2 4.39823 0.0587375
172.4 4.39823 0.029827
172.6 4.39823 -0.0327528
172.8 4.39823 -0.07155
173 4.39823 -0.0526676
173.2 4.39823 -0.00255506
173.4 4.39823 0.0222715
173.6 4.39823 -0.00236491
173.8 4.39823 -0.0434058
174 4.39823 -0.0481127
174.2 4.39823 -0.000840863
174.4 4.39823 0.0603563
174.6 4.39823 0.0810518
174.8 4.39823 0.042227
175 4.39823 -0.0224106
175.2 4.39823 -0.0574128
175.4 4.39823 -0.035618
175.6 4.39823 0.0177161
175.8 4.39823 0.0493991
176 4.39823 0.0304767
176.2 4.39823 -0.014396
176.4 4.39823 -0.0334479
176.6 4.39823 -0.00670212
176.8 4.39823 0.0269348
177 4.39823 0.0112832
177.2 4.39823 -0.0572146
177.4 4.39823 -0.112892
177.6 4.39823 -0.0863764
177.8 4.39823 0.0152915
178 4.39823 0.107768
178.2 4.39823 0.116135
178.4 4.39823 0.0542944
178.6 4.39823 0.00556496
178.8 4.39823 0.0260408
179 4.39823 0.0827655
179.2 4.39823 0.0974724
179.4 4.39823 0.0414964
179.6 4.39823 -0.0307312
179.8 4.39823 -0.0457687
180 4.39823 0.00620204
180.2 4.39823 0.0651248
180.4 4.39823 0.0705744
180.6 4.39823 0.0219665
180.8 4.39823 -0.0322746
181 4.39823 -0.0497352
181.2 4.39823 -0.0261806
181.4 4.39823 0.0169587
181.6 4.39823 0.0561104
181.8 4.39823 0.0719628
182 4.39823 0.0517697
182.2 4.39823 0.00486714
182.4 4.39823 -0.0288857
182.6 4.39823 -0.00909236
182.8 4.39823 0.0550023
183 4.39823 0.097851
183.2 4.39823 0.0611527
183.4 4.39823 -0.0351386
183.6 4.39823 -0.102798
183.8 4.39823 -0.077147
184 4.39823 0.0105907
184.2 4.39823 0.0670615
184.4 4.39823 0.0396167
184.6 4.39823 -0.0313824
184.8 4.39823 -0.0680216
185 4.39823 -0.0448526
185.2 4.39823 -0.00442112
185.4 4.39823 0.0100044
185.6 4.39823 0.00907328
185.8 4.39823 0.0294269
186 4.39823 0.0689034
186.2 4.39823 0.0799
186.4 4.39823 0.0337681
186.6 4.39823 -0.032145
186.8 4.39823 -0.0547846
187 4.39823 -0.0263085
187.2 4.39823 -0.00881964
187.4 4.39823 -0.0570532
187.6 4.39823 -0.143114
187.8 4.39823 -0.180447
188 4.39823 -0.122909
188.2 4.39823 -0.0208351
188.4 4.39823 0.0324139
188.6 4.39823 -0.000477197
188.8 4.39823 -0.0689988
189 4.39823 -0.0977878
189.2 4.39823 -0.064169
189.4 4.39823 -0.00770468
189.6 4.39823 0.021863
189.8 4.39823 0.00997762
190 4.39823 -0.0234033
190.2 4.39823 -0.0487521
190.4 4.39823 -0.0433406
190.6 4.39823 0.000361167
190.8 4.39823 0.0624928
191 4.39823 0.0955351
191.2 4.39823 0.0596825
191.4 4.39823 -0.0276003
191.6 4.39823 -0.0901131
191.8 4.39823 -0.063006
192 4.39823 0.0322235
192.2 4.39823 0.100002
192.4 4.39823 0.0704747
192.6 4.39823 -0.0217328
192.8 4.39823 -0.0748396
193 4.39823 -0.0352938
193.2 4.39823 0.0426975
193.4 4.39823 0.0637461
193.6 4.39823 0.004061
193.8 4.39823 -0.0640841
194 4.39823 -0.062505
194.2 4.39823 -2.67797e-06
194.4 4.39823 0.0429057
194.6 4.39823 0.0138568
194.8 4.39823 -0.0506093
195 4.39823 -0.0734577
195.2 4.39823 -0.0301558
195.4 4.39823 0.026526
195.6 4.39823 0.0329954
195.8 4.39823 -0.0135838
196 4.39823 -0.0615695
196.2 4.39823 -0.0711744
196.4 4.39823 -0.0552076
196.6 4.39823 -0.0505648
196.8 4.39823 -0.0651005
197 4.39823 -0.0679729
197.2 4.39823 -0.0307479
197.4 4.39823 0.0351706
197.6 4.39823 0.0889323
197.8 4.39823 0.102798
198 4.39823 0.0878158
198.2 4.39823 0.0785566
198.4 4.39823 0.0979385
198.6 4.39823 0.137527
198.8 4.39823 0.167414
199 4.39823 0.16304
199.2 4.39823 0.126007
199.4 4.39823 0.082384
199.6 4.39823 0.0582276
199.8 4.39823 0.0522673
200 4.39823 0.034174
200.2 4.39823 -0.0231751
200.4 4.39823 -0.107255
200.6 4.39823 -0.168577
200.8 4.39823 -0.168067
201 4.39823 -0.12052
201.2 4.39823 -0.0815887
201.4 4.39823 -0.0876361
201.6 4.39823 -0.116263
201.8 4.39823 -0.115547
202 4.39823 -0.0688548
202.2 4.39823 -0.0169076
202.4 4.39823 -0.00936644
202.6 4.39823 -0.0450564
202.8 4.39823 -0.0747856
203 4.39823 -0.0627107
203.2 4.39823 -0.028444
203.4 4.39823 -0.0169535
203.6 4.39823 -0.0359392
203.8 4.39823 -0.0428214
204 4.39823 -0.00053279
204.2 4.39823 0.0678177
204.4 4.39823 0.0967235
204.6 4.39823 0.0508531
204.8 4.39823 -0.0332325
205 4.39823 -0.0848821
205.2 4.39823 -0.0707894
205.4 4.39823 -0.0190437
205.6 4.39823 0.02311
205.8 4.39823 0.0394815
206 4.39823 0.0460023
206.2 4.39823 0.053968
206.4 4.39823 0.0506883
206.6 4.39823 0.020927
206.8 4.39823 -0.0250715
207 4.39823 -0.05767
207.2 4.39823 -0.0605992
207.4 4.39823 -0.0478812
207.6 4.39823 -0.0447396
207.8 4.39823 -0.0584714
208 4.39823 -0.0743014
208.2 4.39823 -0.0761957
208.4 4.39823 -0.0634513
208.6 4.39823 -0.0459364
208.8 4.39823 -0.0310942
209 4.39823 -0.021326
209.2 4.39823 -0.0191953
209.4 4.39823 -0.0258095
209.6 4.39823 -0.0327527
209.8 4.39823 -0.0240076
210 4.39823 0.00719946
210.2 4.39823 0.0465749
210.4 4.39823 0.0712702
210.6 4.39823 0.0748383
210.8 4.39823 0.0722881
211 4.39823 0.0757496
211.2 4.39823 0.0717861
211.4 4.39823 0.0346614
211.6 4.39823 -0.0345901
211.8 4.39823 -0.0917111
212 4.39823 -0.0839207
212.2 4.39823 -0.00431053
212.4 4.39823 0.093742
212.6 4.39823 0.141883
212.8 4.39823 0.116923
213 4.39823 0.0553124
213.2 4.39823 0.0113277
213.4 4.39823 0.00640832
213.6 4.39823 0.0201567
213.8 4.39823 0.0240324
214 4.39823 0.0149356
214.2 4.39823 0.0128223
214.4 4.39823 0.0303111
214.6 4.39823 0.0522846
214.8 4.39823 0.0500414
215 4.39823 0.0154988
215.2 4.39823 -0.0222347
215.4 4.39823 -0.0195254
215.6 4.39823 0.0379482
215.8 4.39823 0.113184
216 4.39823 0.144305
216.2 4.39823 0.0996734
216.4 4.39823 0.0097125
216.6 4.39823 -0.0587509
216.8 4.39823 -0.0638466
217 4.39823 -0.0256023
217.2 4.39823 -0.000924877
217.4 4.39823 -0.0233237
217.6 4.39823 -0.0710135
217.8 4.39823 -0.0951775
218 4.39823 -0.0742608
218.2 4.39823 -0.0341463
218.4 4.39823 -0.0162612
218.6 4.39823 -0.0341304
218.8 4.39823 -0.0660758
219 4.39823 -0.0844459
219.2 4.39823 -0.0813868
219.4 4.39823 -0.0647085
219.6 4.39823 -0.0401165
219.8 4.39823 -0.00928255
220 4.39823 0.0169447
220.2 4.39823 0.0176564
220.4 4.39823 -0.0159286
220.6 4.39823 -0.0620023
220.8 4.39823 -0.0833273
221 4.39823 -0.0648827
221.2 4.39823 -0.0300711
221.4 4.39823 -0.0137587
221.6 4.39823 -0.0227241
221.8 4.39823 -0.0305125
222 4.39823 -0.011975
222.2 4.39823 0.0251701
222.4 4.39823 0.0487718
222.6 4.39823 0.0377186
222.8 4.39823 0.00129937
223 4.39823 -0.0358867
223.2 4.39823 -0.0585871
223.4 4.39823 -0.0650306
223.6 4.39823 -0.0544716
223.8 4.39823 -0.0245412
224 4.39823 0.0149789
224.2 4.39823 0.0361891
224.4 4.39823 0.0139562
224.6 4.39823 -0.0446229
224.8 4.39823 -0.0986307
225 4.39823 -0.107218
225.2 4.39823 -0.0648355
225.4 4.39823 -0.00202131
225.6 4.39823 0.0448651
225.8 4.39823 0.0606987
226 4.39823 0.053041
226.2 4.39823 0.0376569
226.4 4.39823 0.0278128
226.6 4.39823 0.030333
226.8 4.39823 0.0409796
227 4.39823 0.0431195
227.2 4.39823 0.0216178
227.4 4.39823 -0.0148622
227.6 4.39823 -0.0326014
227.8 4.39823 -0.00681436
228 4.39823 0.0416819
228.2 4.39823 0.0573095
228.4 4.39823 0.00951982
228.6 4.39823 -0.0625442
228.8 4.39823 -0.0809834
229 4.39823 -0.0130173
229.2 4.39823 0.0844903
229.4 4.39823 0.11713
229.6 4.39823 0.0507627
229.8 4.39823 -0.0523069
230 4.39823 -0.099781
230.2 4.39823 -0.0639299
230.4 4.39823 -0.000555863
230.6 4.39823 0.0216793
230.8 4.39823 -0.00531255
231 4.39823 -0.0341642
231.2 4.39823 -0.0284935
231.4 4.39823 -0.00438642
231.6 4.39823 -0.000511507
231.8 4.39823 -0.0222456
232 4.39823 -0.0337173
232.2 4.39823 -0.00664546
232.4 4.39823 0.0378245
232.6 4.39823 0.0484961
232.8 4.39823 0.00286448
233 4.39823 -0.0640666
233.2 4.39823 -0.0941819
233.4 4.39823 -0.0647777
233.6 4.39823 -0.00852225
233.8 4.39823 0.0217774
234 4.39823 0.0028766
234.2 4.39823 -0.0429765
234.4 4.39823 -0.0736665
234.6 4.39823 -0.064364
234.8 4.39823 -0.0246463
235 4.39823 0.0121918
235.2 4.39823 0.0149104
235.4 4.39823 -0.0230533
235.6 4.39823 -0.0784234
235.8 4.39823 -0.115048
236 4.39823 -0.112208
236.2 4.39823 -0.0809828
236.4 4.39823 -0.0524128
236.6 4.39823 -0.047367
236.8 4.39823 -0.0582639
237 4.39823 -0.0616723
237.2 4.39823 -0.0469318
237.4 4.39823 -0.0271708
237.6 4.39823 -0.0191369
237.8 4.39823 -0.0158645
238 4.39823 0.0125188
238.2 4.39823 0.0849819
238.4 4.39823 0.177529
238.6 4.39823 0.23134
238.8 4.39823 0.200455
239 4.39823 0.0960008
239.2 4.39823 -0.0173039
239.4 4.39823 -0.0727868
239.6 4.39823 -0.0555075
239.8 4.39823 -0.00831328
240 4.39823 0.0145811
240.2 4.39823 0.000209489
240.4 4.39823 -0.016865
240.6 4.39823 0.000241032
240.8 4.39823 0.0436798
241 4.39823 0.0655193
241.2 4.39823 0.0320334
241.4 4.39823 -0.0320233
241.6 4.39823 -0.0627173
241.8 4.39823 -0.0243156
242 4.39823 0.0481948
242.2 4.39823 0.0820144
242.4 4.39823 0.0426132
242.6 4.39823 -0.0297586
242.8 4.39823 -0.0637342
243 4.39823 -0.0320055
243.2 4.39823 0.025062
243.4 4.39823 0.049566
243.6 4.39823 0.0286083
243.8 4.39823 -0.000957373
244 4.39823 -0.00313761
244.2 4.39823 0.0173785
244.4 4.39823 0.0314912
244.6 4.39823 0.0296607
244.8 4.39823 0.0333164
245 4.39823 0.0607428
245.2 4.39823 0.0960828
245.4 4.39823 0.105205
245.6 4.39823 0.0789406
245.8 4.39823 0.0467303
246 4.39823 0.0414529
246.2 4.39823 0.0597547
246.4 4.39823 0.0682501
246.6 4.39823 0.0469425
246.8 4.39823 0.0138189
247 4.39823 -0.000192181
247.2 4.39823 0.0077477
247.4 4.39823 0.00899682
247.6 4.39823 -0.0178531
247.8 4.39823 -0.0558608
248 4.39823 -0.0662335
248.2 4.39823 -0.0328298
248.4 4.39823 0.018257
248.6 4.39823 0.0449418
248.8 4.39823 0.0284595
249 4.39823 -0.0162688
249.2 4.39823 -0.0616551
249.4 4.39823 -0.0888133
249.6 4.39823 -0.089555
249.8 4.39823 -0.0606303
250 4.39823 -0.00727194
250.2 4.39823 0.0500611
250.4 4.39823 0.0840995
250.6 4.39823 0.0828376
250.8 4.39823 0.0602341
251 4.39823 0.0400313
251.2 4.39823 0.0304795
251.4 4.39823 0.0200852
251.6 4.39823 -0.00219913
251.8 4.39823 -0.029983
252 4.39823 -0.0475359
252.2 4.39823 -0.0506056
252.4 4.39823 -0.0513628
252.6 4.39823 -0.0614885
252.8 4.39823 -0.0768905
253 4.39823 -0.0837719
253.2 4.39823 -0.0757185
253.4 4.39823 -0.0580208
253.6 4.39823 -0.0363146
253.8 4.39823 -0.0100618
254 4.39823 0.0176792
254.2 4.39823 0.0311254
254.4 4.39823 0.0142423
254.6 4.39823 -0.0251506
254.8 4.39823 -0.0530867
255 4.39823 -0.040573
255.2 4.39823 0.00453531
255.4 4.39823 0.0446836
255.6 4.39823 0.0534655
255.8 4.39823 0.041963
256 4.39823 0.0387205
256.2 4.39823 0.0495655
256.4 4.39823 0.0496396
256.6 4.39823 0.0188592
256.8 4.39823 -0.0250127
257 4.39823 -0.0406032
257.2 4.39823 -0.00977054
257.4 4.39823 0.0399195
257.6 4.39823 0.064945
257.8 4.39823 0.0509231
258 4.39823 0.0191562
258.2 4.39823 -0.00842431
258.4 4.39823 -0.03617
258.6 4.39823 -0.0776914
258.8 4.39823 -0.120796
259 4.39823 -0.127993
259.2 4.39823 -0.0806442
259.4 4.39823 -0.013647
259.6 4.39823 0.00982448
259.8 4.39823 -0.0360434
260 4.39823 -0.105991
260.2 4.39823 -0.124352
260.4 4.39823 -0.060798
260.6 4.39823 0.0385144
260.8 4.39823 0.0963669
261 4.39823 0.0779932
261.2 4.39823 0.0178054
261.4 4.39823 -0.0220487
261.6 4.39823 -0.0131402
261.8 4.39823 0.019889
262 4.39823 0.0341817
262.2 4.39823 0.0151915
262.4 4.39823 -0.0125119
262.6 4.39823 -0.0154722
262.8 4.39823 0.0133348
263 4.39823 0.049908
263.2 4.39823 0.0659708
263.4 4.39823 0.0561421
263.6 4.39823 0.0374662
263.8 4.39823 0.025248
264 4.39823 0.0149572
264.2 4.39823 -0.00788532
264.4 4.39823 -0.0416944
264.6 4.39823 -0.0601666
264.8 4.39823 -0.0368785
265 4.39823 0.0210264
265.2 4.39823 0.0707929
265.4 4.39823 0.0730827
265.6 4.39823 0.0334348
265.8 4.39823 -0.0008936
266 4.39823 0.0105333
266.2 4.39823 0.0585489
266.4 4.39823 0.0947785
266.6 4.39823 0.0843168
266.8 4.39823 0.0418399
267 4.39823 0.0117183
267.2 4.39823 0.0172321
267.4 4.39823 0.0382636
267.6 4.39823 0.0411117
267.8 4.39823 0.0213753
268 4.39823 0.00718031
268.2 4.39823 0.0203105
268.4 4.39823 0.0449207
268.6 4.39823 0.0439492
268.8 4.39823 0.00416474
269 4.39823 -0.0449361
269.2 4.39823 -0.0622542
269.4 4.39823 -0.0403855
269.6 4.39823 -0.0122489
269.8 4.39823 -0.0120833
270 4.39823 -0.0365925
270.2 4.39823 -0.0505178
270.4 4.39823 -0.0287497
270.6 4.39823 0.0136111
270.8 4.39823 0.0358631
271 4.39823 0.0130901
271.2 4.39823 -0.0405646
271.4 4.39823 -0.0879335
271.6 4.39823 -0.10301
271.8 4.39823 -0.0877694
272 4.39823 -0.0606797
272.2 4.39823 -0.0358359
272.4 4.39823 -0.0152864
272.6 4.39823 0.00332451
272.8 4.39823 0.018332
273 4.39823 0.0253072
273.2 4.39823 0.0234591
273.4 4.39823 0.0172988
273.6 4.39823 0.0118403
273.8 4.39823 0.00838203
274 4.39823 0.00558087
274.2 4.39823 0.00222811
274.4 4.39823 -0.00354638
274.6 4.39823 -0.0164569
274.8 4.39823 -0.0405434
275 4.39823 -0.0700363
275.2 4.39823 -0.0860786
275.4 4.39823 -0.069596
275.6 4.39823 -0.0224589
275.8 4.39823 0.0260851
276 4.39823 0.0412991
276.2 4.39823 0.0163646
276.4 4.39823 -0.017431
276.6 4.39823 -0.0195135
276.8 4.39823 0.018222
277 4.39823 0.0608408
277.2 4.39823 0.0650919
277.4 4.39823 0.0242442
277.6 4.39823 -0.0255609
277.8 4.39823 -0.0444736
278 4.39823 -0.0297957
278.2 4.39823 -0.0126413
278.4 4.39823 -0.01612
278.6 4.39823 -0.0259591
278.8 4.39823 -0.00960966
279 4.39823 0.0387583
279.2 4.39823 0.0824697
279.4 4.39823 0.0775396
279.6 4.39823 0.0200709
279.8 4.39823 -0.0482575
280 4.39823 -0.0826368
280.2 4.39823 -0.0769553
280.4 4.39823 -0.0600922
280.6 4.39823 -0.0560809
280.8 4.39823 -0.0574604
281 4.39823 -0.040331
281.2 4.39823 0.00202732
281.4 4.39823 0.049337
281.6 4.39823 0.077745
281.8 4.39823 0.0851423
282 4.39823 0.0885344
282.2 4.39823 0.100137
282.4 4.39823 0.113005
282.6 4.39823 0.110972
282.8 4.39823 0.0870711
283 4.39823 0.0487284
283.2 4.39823 0.00909702
283.4 4.39823 -0.020511
283.6 4.39823 -0.0309298
283.8 4.39823 -0.0170671
284 4.39823 0.0138915
284.2 4.39823 0.0404047
284.4 4.39823 0.0428029
284.6 4.39823 0.0256437
284.8 4.39823 0.0175617
285 4.39823 0.040523
285.2 4.39823 0.0794541
285.4 4.39823 0.0909474
285.6 4.39823 0.0487428
285.8 4.39823 -0.0221571
286 4.39823 -0.0644659
286.2 4.39823 -0.0452266
286.4 4.39823 0.00928967
286.6 4.39823 0.0391582
286.8 4.39823 0.0104965
287 4.39823 -0.0527564
287.2 4.39823 -0.09554
287.4 4.39823 -0.0854673
287.6 4.39823 -0.0384029
287.8 4.39823 0.00378186
288 4.39823 0.0131499
288.2 4.39823 -0.00709879
288.4 4.39823 -0.035987
288.6 4.39823 -0.0553262
288.8 4.39823 -0.0564675
289 4.39823 -0.0366125
289.2 4.39823 0.00111808
289.4 4.39823 0.0425014
289.6 4.39823 0.0648656
289.8 4.39823 0.0533351
290 4.39823 0.0167441
290.2 4.39823 -0.0161854
290.4 4.39823 -0.0203585
290.6 4.39823 0.0050511
290.8 4.39823 0.0396807
291 4.39823 0.064313
291.2 4.39823 0.0775754
291.4 4.39823 0.0900653
291.6 4.39823 0.105376
291.8 4.39823 0.11202
292 4.39823 0.096175
292.2 4.39823 0.0596438
292.4 4.39823 0.0209117
292.6 4.39823 -0.0027193
292.8 4.39823 -0.0112158
293 4.39823 -0.017947
293.2 4.39823 -0.0319167
293.4 4.39823 -0.0487701
293.6 4.39823 -0.0608514
293.8 4.39823 -0.0707882
294 4.39823 -0.0877207
294.2 4.39823 -0.108961
294.4 4.39823 -0.113148
294.6 4.39823 -0.0804973
294.8 4.39823 -0.0204277
295 4.39823 0.0291477
295.2 4.39823 0.0372892
295.4 4.39823 0.0133671
295.6 4.39823 -0.00249909
295.8 4.39823 0.0149267
296 4.39823 0.0456947
296.2 4.39823 0.0470361
296.4 4.39823 0.00465928
296.6 4.39823 -0.0472958
296.8 4.39823 -0.062905
297 4.39823 -0.0360415
297.2 4.39823 -0.00606593
297.4 4.39823 -0.0109557
297.6 4.39823 -0.0437756
297.8 4.39823 -0.0637256
298 4.39823 -0.0465931
298.2 4.39823 -0.0125389
298.4 4.39823 0.00120125
298.6 4.39823 -0.0129616
298.8 4.39823 -0.024886
299 4.39823 -0.00564922
299.2 4.39823 0.0359581
299.4 4.39823 0.0636423
299.6 4.39823 0.0559639
299.8 4.39823 0.0287439
300 4.39823 0.0138028
300.2 4.39823 0.0239886
300.4 4.39823 0.0455167
300.6 4.39823 0.0589901
300.8 4.39823 0.0564724
301 4.39823 0.0368417
301.2 4.39823 -0.00242889
301.4 4.39823 -0.0560807
301.6 4.39823 -0.0975429
301.8 4.39823 -0.0915285
302 4.39823 -0.031656
302.2 4.39823 0.0404065
302.4 4.39823 0.0674496
302.6 4.39823 0.0337918
302.8 4.39823 -0.0170704
303 4.39823 -0.0286202
303.2 4.39823 0.00836014
303.4 4.39823 0.049295
303.6 4.39823 0.0488957
303.8 4.39823 0.010219
304 4.39823 -0.0254539
304.2 4.39823 -0.0298105
304.4 4.39823 -0.015026
304.6 4.39823 -0.00825126
304.8 4.39823 -0.0125123
305 4.39823 -0.00649977
305.2 4.39823 0.0199678
305.4 4.39823 0.0465704
305.6 4.39823 0.047952
305.8 4.39823 0.0297979
306 4.39823 0.0240003
306.2 4.39823 0.0447111
306.4 4.39823 0.0621123
306.6 4.39823 0.033257
306.8 4.39823 -0.0424347
307 4.39823 -0.110968
307.2 4.39823 -0.114854
307.4 4.39823 -0.0530331
307.6 4.39823 0.0168162
307.8 4.39823 0.0347512
308 4.39823 -0.00760189
308.2 4.39823 -0.0680453
308.4 4.39823 -0.098234
308.6 4.39823 -0.0808338
308.8 4.39823 -0.030739
309 4.39823 0.0241975
309.2 4.39823 0.057423
309.4 4.39823 0.0510299
309.6 4.39823 0.00645571
309.8 4.39823 -0.0480714
310 4.39823 -0.0732034
310.2 4.39823 -0.0543019
310.4 4.39823 -0.0206426
310.6 4.39823 -0.0179565
310.8 4.39823 -0.0572956
311 4.39823 -0.0989189
311.2 4.39823 -0.0959506
311.4 4.39823 -0.0508646
311.6 4.39823 -0.0158286
311.8 4.39823 -0.0312183
312 4.39823 -0.0734393
312.2 4.39823 -0.0784776
312.4 4.39823 -0.0191036
312.6 4.39823 0.0551132
312.8 4.39823 0.0675947
313 4.39823 0.00189263
313.2 4.39823 -0.0750507
313.4 4.39823 -0.0842503
313.6 4.39823 -0.0214925
313.8 4.39823 0.039654
314 4.39823 0.0320743
314.2 4.39823 -0.0305077
314.4 4.39823 -0.0731928
314.6 4.39823 -0.0478944
314.8 4.39823 0.0142205
315 4.39823 0.0443222
315.2 4.39823 0.0182148
315.4 4.39823 -0.0189911
315.6 4.39823 -0.0119233
315.8 4.39823 0.0368464
316 4.39823 0.0714141
316.2 4.39823 0.0513598
316.4 4.39823 -0.000344507
316.6 4.39823 -0.0267529
316.8 4.39823 -0.00423646
317 4.39823 0.0349164
317.2 4.39823 0.048048
317.4 4.39823 0.0344415
317.6 4.39823 0.0287183
317.8 4.39823 0.0484481
318 4.39823 0.0680525
318.2 4.39823 0.0548134
318.4 4.39823 0.0188513
318.6 4.39823 0.00712333
318.8 4.39823 0.0433056
319 4.39823 0.0894604
319.2 4.39823 0.0841669
319.4 4.39823 0.016766
319.6 4.39823 -0.053105
319.8 4.39823 -0.0591046
320 4.39823 -0.00223447
320.2 4.39823 0.0528982
320.4 4.39823 0.0548786
320.6 4.39823 0.0225462
320.8 4.39823 0.0146267
321 4.39823 0.0519234
321.2 4.39823 0.0892735
321.4 4.39823 0.0713455
321.6 4.39823 0.00240479
321.8 4.39823 -0.0556833
322 4.39823 -0.0535108
322.2 4.39823 -0.00647767
322.4 4.39823 0.0300836
322.6 4.39823 0.026527
322.8 4.39823 0.00398907
323 4.39823 -0.00357928
323.2 4.39823 0.00693154
323.4 4.39823 0.01442
323.6 4.39823 0.0123747
323.8 4.39823 0.0185859
324 4.39823 0.0404653
324.2 4.39823 0.0495841
324.4 4.39823 0.0120022
324.6 4.39823 -0.058007
324.8 4.39823 -0.0965174
325 4.39823 -0.0575224
325.2 4.39823 0.0267029
325.4 4.39823 0.0717542
325.6 4.39823 0.0326211
325.8 4.39823 -0.0445166
326 4.39823 -0.0734371
326.2 4.39823 -0.0239091
326.4 4.39823 0.0485375
326.6 4.39823 0.0701036
326.8 4.39823 0.0288215
327 4.39823 -0.0254032
327.2 4.39823 -0.0497943
327.4 4.39823 -0.0533249
327.6 4.39823 -0.0644407
327.8 4.39823 -0.075316
328 4.39823 -0.046009
328.2 4.39823 0.0328695
328.4 4.39823 0.106239
328.6 4.39823 0.106518
328.8 4.39823 0.035624
329 4.39823 -0.0275757
329.2 4.39823 -0.0141582
329.4 4.39823 0.0522088
329.6 4.39823 0.0786348
329.8 4.39823 0.0103912
330 4.39823 -0.101526
330.2 4.39823 -0.15279
330.4 4.39823 -0.0990393
330.6 4.39823 -0.00101993
330.8 4.39823 0.0462624
331 4.39823 0.0158882
331.2 4.39823 -0.0317488
331.4 4.39823 -0.0260437
331.6 4.39823 0.0344999
331.8 4.39823 0.0874553
332 4.39823 0.0803605
332.2 4.39823 0.0248584
332.4 4.39823 -0.0233926
332.6 4.39823 -0.0264341
332.8 4.39823 0.0030388
333 4.39823 0.0240049
333.2 4.39823 0.0102527
333.4 4.39823 -0.0306317
333.6 4.39823 -0.070778
333.8 4.39823 -0.0851614
334 4.39823 -0.0654238
334.2 4.39823 -0.0229051
334.4 4.39823 0.0162302
334.6 4.39823 0.025762
334.8 4.39823 -0.000401321
335 4.39823 -0.0403617
335.2 4.39823 -0.062221
335.4 4.39823 -0.0543591
335.6 4.39823 -0.0357404
335.8 4.39823 -0.0329214
336 4.39823 -0.0491681
336.2 4.39823 -0.0622999
336.4 4.39823 -0.0538734
336.6 4.39823 -0.0330946
336.8 4.39823 -0.024299
337 4.39823 -0.0327566
337.2 4.39823 -0.0333297
337.4 4.39823 -0.000461248
337.6 4.39823 0.0545245
337.8 4.39823 0.0867472
338 4.39823 0.0644111
338.2 4.39823 0.00779583
338.4 4.39823 -0.0268341
338.6 4.39823 -0.00587197
338.8 4.39823 0.0433699
339 4.39823 0.0591271
339.2 4.39823 0.0114326
339.4 4.39823 -0.0617463
339.6 4.39823 -0.0893756
339.8 4.39823 -0.0395102
340 4.39823 0.0453836
340.2 4.39823 0.0880926
340.4 4.39823 0.0527363
340.6 4.39823 -0.0199323
340.8 4.39823 -0.0543301
341 4.39823 -0.0165399
341.2 4.39823 0.0534048
341.4 4.39823 0.0864772
341.6 4.39823 0.0585257
341.8 4.39823 0.0130256
342 4.39823 0.00774891
342.2 4.39823 0.0448172
342.4 4.39823 0.0646204
342.6 4.39823 0.0145424
342.8 4.39823 -0.0832266
343 4.39823 -0.14476
343.2 4.39823 -0.109911
343.4 4.39823 -0.00815406
343.6 4.39823 0.0701801
343.8 4.39823 0.0672266
344 4.39823 0.0131028
344.2 4.39823 -0.0158004
344.4 4.39823 0.0160132
344.6 4.39823 0.0712492
344.8 4.39823 0.0941035
345 4.39823 0.0784828
345.2 4.39823 0.0658813
345.4 4.39823 0.080995
345.6 4.39823 0.0927571
345.8 4.39823 0.054721
346 4.39823 -0.0264183
346.2 4.39823 -0.0866768
346.4 4.39823 -0.078191
346.6 4.39823 -0.030424
346.8 4.39823 -0.0172625
347 4.39823 -0.0639763
347.2 4.39823 -0.109357
347.4 4.39823 -0.0770052
347.6 4.39823 0.0258662
347.8 4.39823 0.105604
348 4.39823 0.0875338
348.2 4.39823 0.00712506
348.4 4.39823 -0.0259446
348.6 4.39823 0.044887
348.8 4.39823 0.152743
349 4.39823 0.179573
349.2 4.39823 0.0897123
349.4 4.39823 -0.029244
349.6 4.39823 -0.0651199
349.8 4.39823 -0.00424901
350 4.39823 0.0603573
350.2 4.39823 0.0393083
350.4 4.39823 -0.0546051
350.6 4.39823 -0.127966
350.8 4.39823 -0.113705
351 4.39823 -0.0381518
351.2 4.39823 0.0191803
351.4 4.39823 0.0142527
351.6 4.39823 -0.0266677
351.8 4.39823 -0.0519335
352 4.39823 -0.0437573
352.2 4.39823 -0.0253874
352.4 4.39823 -0.0231383
352.6 4.39823 -0.0379225
352.8 4.39823 -0.0538042
353 4.39823 -0.0595402
353.2 4.39823 -0.052791
353.4 4.39823 -0.031944
353.6 4.39823 0.00194759
353.8 4.39823 0.0343493
354 4.39823 0.0420448
354.2 4.39823 0.0187328
354.4 4.39823 -0.00980249
354.6 4.39823 -0.00894681
354.8 4.39823 0.0238744
355 4.39823 0.0517333
355.2 4.39823 0.0396205
355.4 4.39823 -0.00235263
355.6 4.39823 -0.029082
355.8 4.39823 -0.0148155
356 4.39823 0.014889
356.2 4.39823 0.0154906
356.4 4.39823 -0.0190405
356.6 4.39823 -0.0477992
356.8 4.39823 -0.0377597
357 4.39823 -0.0129143
357.2 4.39823 -0.0290296
357.4 4.39823 -0.0962132
357.6 4.39823 -0.144415
357.8 4.39823 -0.0867851
358 4.39823 0.0779668
358.2 4.39823 0.239413
358.4 4.39823 0.267304
358.6 4.39823 0.135917
358.8 4.39823 -0.0455274
359 4.39823 -0.130406
359.2 4.39823 -0.0654921
359.4 4.39823 0.0694242
359.6 4.39823 0.144433
359.8 4.39823 0.097415
360 4.39823 -0.0234488
360.2 4.39823 -0.119929
360.4 4.39823 -0.135432
360.6 4.39823 -0.0896007
360.8 4.39823 -0.0369402
361 4.39823 -0.00665748
361.2 4.39823 0.0124251
361.4 4.39823 0.0379094
361.6 4.39823 0.0613829
361.8 4.39823 0.0590729
362 4.39823 0.0296969
362.2 4.39823 0.00744337
362.4 4.39823 0.0272147
362.6 4.39823 0.0799197
362.8 4.39823 0.113787
363 4.39823 0.0871961
363.2 4.39823 0.0156579
363.4 4.39823 -0.0424532
363.6 4.39823 -0.0479752
363.8 4.39823 -0.0202984
364 4.39823 -0.00913766
364.2 4.39823 -0.0334898
364.4 4.39823 -0.0611886
364.6 4.39823 -0.0521934
364.8 4.39823 -0.0103528
365 4.39823 0.0206237
365.2 4.39823 0.0103478
365.4 4.39823 -0.0237355
365.6 4.39823 -0.0427619
365.8 4.39823 -0.0367768
366 4.39823 -0.0325478
366.2 4.39823 -0.0500602
366.4 4.39823 -0.0678702
366.6 4.39823 -0.0461864
366.8 4.39823 0.0207086
367 4.39823 0.0914871
367.2 4.39823 0.121935
367.4 4.39823 0.10919
367.6 4.39823 0.0804309
367.8 4.39823 0.0475614
368 4.39823 -0.00387351
368.2 4.39823 -0.0732549
368.4 4.39823 -0.113622
368.6 4.39823 -0.0697929
368.8 4.39823 0.0481561
369 4.39823 0.151629
369.2 4.39823 0.154059
369.4 4.39823 0.0617641
369.6 4.39823 -0.0323338
369.8 4.39823 -0.0484798
370 4.39823 0.00146809
370.2 4.39823 0.0450252
370.4 4.39823 0.0430095
370.6 4.39823 0.0270187
370.8 4.39823 0.039946
371 4.39823 0.066197
371.2 4.39823 0.0487314
371.4 4.39823 -0.028166
371.6 4.39823 -0.102538
371.8 4.39823 -0.0992122
372 4.39823 -0.017856
372.2 4.39823 0.0667236
372.4 4.39823 0.0927076
372.6 4.39823 0.0764395
372.8 4.39823 0.0749682
373 4.39823 0.100441
373.2 4.39823 0.101853
373.4 4.39823 0.0386093
373.6 4.39823 -0.0531076
373.8 4.39823 -0.0929539
374 4.39823 -0.0510492
374.2 4.39823 0.0155699
374.4 4.39823 0.0320104
374.6 4.39823 -0.00671824
374.8 4.39823 -0.0389362
375 4.39823 -0.0223632
375.2 4.39823 0.0102886
375.4 4.39823 -0.00277437
375.6 4.39823 -0.0666697
375.8 4.39823 -0.116897
376 4.39823 -0.0968854
376.2 4.39823 -0.0270608
376.4 4.39823 0.0216916
376.6 4.39823 0.0154534
376.8 4.39823 -0.00478482
377 4.39823 0.0201663
377.2 4.39823 0.0895434
377.4 4.39823 0.139195
377.6 4.39823 0.113779
377.8 4.39823 0.0260442
378 4.39823 -0.0614383
378.2 4.39823 -0.100731
378.4 4.39823 -0.0929315
378.6 4.39823 -0.0664657
378.8 4.39823 -0.0419626
379 4.39823 -0.0262281
379.2 4.39823 -0.0254502
379.4 4.39823 -0.0439936
379.6 4.39823 -0.0688279
379.8 4.39823 -0.071975
380 4.39823 -0.0411175
380.2 4.39823 -0.0018052
380.4 4.39823 0.004898
380.6 4.39823 -0.0297968
380.8 4.39823 -0.066692
381 4.39823 -0.058542
381.2 4.39823 -0.00181596
381.4 4.39823 0.0591515
381.6 4.39823 0.0790967
381.8 4.39823 0.0548036
382 4.39823 0.0191289
382.2 4.39823 0.000868954
382.4 4.39823 -0.000366876
382.6 4.39823 -0.00212542
382.8 4.39823 -0.0135817
383 4.39823 -0.0275617
383.2 4.39823 -0.0316068
383.4 4.39823 -0.0191075
383.6 4.39823 0.00826698
383.8 4.39823 0.0400849
384 4.39823 0.0570403
384.2 4.39823 0.0406554
384.4 4.39823 -0.0074792
384.6 4.39823 -0.0588059
384.8 4.39823 -0.0802579
385 4.39823 -0.0674812
385.2 4.39823 -0.0484642
385.4 4.39823 -0.0478805
385.6 4.39823 -0.0534204
385.8 4.39823 -0.0292764
386 4.39823 0.034948
386.2 4.39823 0.100354
386.4 4.39823 0.114773
386.6 4.39823 0.0696976
386.8 4.39823 0.00991329
387 4.39823 -0.016711
387.2 4.39823 -0.00883722
387.4 4.39823 -0.00264541
387.6 4.39823 -0.0203215
387.8 4.39823 -0.0438812
388 4.39823 -0.0452591
388.2 4.39823 -0.0282947
388.4 4.39823 -0.0238465
388.6 4.39823 -0.044019
388.8 4.39823 -0.059166
389 4.39823 -0.0337209
389.2 4.39823 0.0217386
389.4 4.39823 0.051464
389.6 4.39823 0.0148747
389.8 4.39823 -0.0629783
390 4.39823 -0.112473
390.2 4.39823 -0.0906961
390.4 4.39823 -0.0238114
390.6 4.39823 0.0243163
390.8 4.39823 0.0181943
391 4.39823 -0.0207998
391.2 4.39823 -0.0472361
391.4 4.39823 -0.041457
391.6 4.39823 -0.0217675
391.8 4.39823 -0.013641
392 4.39823 -0.0167599
392.2 4.39823 -0.00632393
392.4 4.39823 0.0356371
392.6 4.39823 0.0931634
392.8 4.39823 0.121525
393 4.39823 0.0830418
393.2 4.39823 -0.0153709
393.4 4.39823 -0.116544
393.6 4.39823 -0.150923
393.8 4.39823 -0.0917325
394 4.39823 0.0199909
394.2 4.39823 0.107383
394.4 4.39823 0.12089
394.6 4.39823 0.0736794
394.8 4.39823 0.0176103
395 4.39823 -0.00989571
395.2 4.39823 -0.0100591
395.4 4.39823 0.000137113
395.6 4.39823 0.0184454
395.8 4.39823 0.0523392
396 4.39823 0.0898046
396.2 4.39823 0.0953099
396.4 4.39823 0.048112
396.6 4.39823 -0.0228587
396.8 4.39823 -0.059192
397 4.39823 -0.0337606
397.2 4.39823 0.0190061
397.4 4.39823 0.0425989
397.6 4.39823 0.0219223
397.8 4.39823 -0.00618891
398 4.39823 -0.00617845
398.2 4.39823 0.00918756
398.4 4.39823 -0.00120818
398.6 4.39823 -0.0471871
398.8 4.39823 -0.0882541
399 4.39823 -0.0826987
399.2 4.39823 -0.0415581
399.4 4.39823 -0.0155462
399.6 4.39823 -0.0296141
399.8 4.39823 -0.0501673
400 4.39823 -0.0298324
400.2 4.39823 0.0258549
400.4 4.39823 0.0567886
400.6 4.39823 0.0182942
400.8 4.39823 -0.0616906
401 4.39823 -0.108622
401.2 4.39823 -0.0799812
401.4 4.39823 -0.00514761
401.6 4.39823 0.0539967
401.8 4.39823 0.0673215
402 4.39823 0.051846
402.2 4.39823 0.0340231
402.4 4.39823 0.0175649
402.6 4.39823 -0.00596704
402.8 4.39823 -0.0315253
403 4.39823 -0.0438095
403.2 4.39823 -0.0432443
403.4 4.39823 -0.0500329
403.6 4.39823 -0.0725708
403.8 4.39823 -0.0839809
404 4.39823 -0.0486427
404.2 4.39823 0.0261937
404.4 4.39823 0.081741
404.6 4.39823 0.0646888
404.8 4.39823 -0.0110786
405 4.39823 -0.0731544
405.2 4.39823 -0.0653351
405.4 4.39823 -0.00509724
405.6 4.39823 0.0411416
405.8 4.39823 0.0338682
406 4.39823 -0.000920712
406.2 4.39823 -0.0115062
406.4 4.39823 0.0132551
406.6 4.39823 0.030752
406.8 4.39823 -0.00196349
407 4.39823 -0.0725892
407.2 4.39823 -0.120578
407.4 4.39823 -0.0991893
407.6 4.39823 -0.0248389
407.8 4.39823 0.0376744
408 4.39823 0.0370729
408.2 4.39823 -0.0185563
408.4 4.39823 -0.0745721
408.6 4.39823 -0.0843957
408.8 4.39823 -0.0501625
409 4.39823 -0.011667
409.2 4.39823 0.000897607
409.4 4.39823 -0.00118856
409.6 4.39823 0.0170351
409.8 4.39823 0.06721
410 4.39823 0.116439
410.2 4.39823 0.120166
410.4 4.39823 0.0746536
410.6 4.39823 0.0261777
410.8 4.39823 0.0204727
411 4.39823 0.0480242
411.2 4.39823 0.0522889
411.4 4.39823 -0.00359352
411.6 4.39823 -0.0888713
411.8 4.39823 -0.135537
412 4.39823 -0.11351
412.2 4.39823 -0.0605005
412.4 4.39823 -0.0312279
412.6 4.39823 -0.0310867
412.8 4.39823 -0.0191553
413 4.39823 0.025171
413.2 4.39823 0.0631147
413.4 4.39823 0.0431115
413.6 4.39823 -0.0236324
413.8 4.39823 -0.0619512
414 4.39823 -0.0193895
414.2 4.39823 0.0634246
414.4 4.39823 0.0930339
414.6 4.39823 0.0339449
414.8 4.39823 -0.0439711
415 4.39823 -0.0443474
415.2 4.39823 0.0414214
415.4 4.39823 0.121347
415.6 4.39823 0.10748
415.8 4.39823 0.0131575
416 4.39823 -0.0687019
416.2 4.39823 -0.0721437
416.4 4.39823 -0.0197286
416.6 4.39823 0.0239593
416.8 4.39823 0.0334643
417 4.39823 0.0343919
417.2 4.39823 0.0448686
417.4 4.39823 0.0387704
417.6 4.39823 -0.0148774
417.8 4.39823 -0.0928455
418 4.39823 -0.12685
418.2 4.39823 -0.0780879
418.4 4.39823 0.0151326
418.6 4.39823 0.0784453
418.8 4.39823 0.0809978
419 4.39823 0.0579682
419.2 4.39823 0.0558416
419.4 4.39823 0.0758385
419.6 4.39823 0.0835545
419.8 4.39823 0.061073
420 4.39823 0.0275137
420.2 4.39823 0.00645841
420.4 4.39823 -0.00598668
420.6 4.39823 -0.0253988
420.8 4.39823 -0.0428336
421 4.39823 -0.0283871
421.2 4.39823 0.0228145
421.4 4.39823 0.0663307
421.6 4.39823 0.0491129
421.8 4.39823 -0.0277355
422 4.39823 -0.10242
422.2 4.39823 -0.114285
422.4 4.39823 -0.0627639
422.6 4.39823 0.0018233
422.8 4.39823 0.0354047
423 4.39823 0.033929
423.2 4.39823 0.0149915
423.4 4.39823 -0.0111567
423.6 4.39823 -0.0388708
423.8 4.39823 -0.0496382
424 4.39823 -0.0228698
424.2 4.39823 0.0304566
424.4 4.39823 0.0646379
424.6 4.39823 0.0473796
424.8 4.39823 0.00343457
425 4.39823 -0.0104271
425.2 4.39823 0.0226209
425.4 4.39823 0.0526333
425.6 4.39823 0.0243127
425.8 4.39823 -0.0466849
426 4.39823 -0.0850113
426.2 4.39823 -0.0487813
426.4 4.39823 0.012498
426.6 4.39823 0.0165303
426.8 4.39823 -0.0445257
427 4.39823 -0.086549
427.2 4.39823 -0.0366083
427.4 4.39823 0.0685909
427.6 4.39823 0.117482
427.8 4.39823 0.0557316
428 4.39823 -0.046047
428.2 4.39823 -0.075735
428.4 4.39823 -0.0134437
428.6 4.39823 0.0498077
428.8 4.39823 0.0304552
429 4.39823 -0.041395
429.2 4.39823 -0.06137
429.4 4.39823 0.0142924
429.6 4.39823 0.10867
429.8 4.39823 0.114872
430 4.39823 0.0254805
430.2 4.39823 -0.0587627
430.4 4.39823 -0.0498802
430.6 4.39823 0.0258254
430.8 4.39823 0.0662562
431 4.39823 0.0194066
431.2 4.39823 -0.0576419
431.4 4.39823 -0.0719833
431.6 4.39823 -0.00528153
431.8 4.39823 0.0698278
432 4.39823 0.0770247
432.2 4.39823 0.0166095
432.4 4.39823 -0.0491906
432.6 4.39823 -0.0727654
432.8 4.39823 -0.0612826
433 4.39823 -0.0438398
433.2 4.39823 -0.0236767
433.4 4.39823 0.018329
433.6 4.39823 0.080106
433.8 4.39823 0.12075
434 4.39823 0.0989361
434.2 4.39823 0.0225599
434.4 4.39823 -0.0514913
434.6 4.39823 -0.0699806
434.8 4.39823 -0.0310888
435 4.39823 0.0207256
435.2 4.39823 0.0412997
435.4 4.39823 0.0239412
435.6 4.39823 -0.00514869
435.8 4.39823 -0.0193025
436 4.39823 -0.0158836
436.2 4.39823 -0.0132022
436.4 4.39823 -0.028951
436.6 4.39823 -0.0620415
436.8 4.39823 -0.0921651
437 4.39823 -0.0956038
437.2 4.39823 -0.0637244
437.4 4.39823 -0.00962732
437.6 4.39823 0.0415311
437.8 4.39823 0.0688258
438 4.39823 0.064907
438.2 4.39823 0.0344118
438.4 4.39823 -0.0105535
438.6 4.39823 -0.0518091
438.8 4.39823 -0.068373
439 4.39823 -0.048721
439.2 4.39823 -0.00446204
439.4 4.39823 0.0327415
439.6 4.39823 0.0358663
439.8 4.39823 0.00689451
440 4.39823 -0.0259621
440.2 4.39823 -0.0366106
440.4 4.39823 -0.0236694
440.6 4.39823 -0.00316001
440.8 4.39823 0.0155314
441 4.39823 0.0377917
441.2 4.39823 0.0670667
441.4 4.39823 0.089775
441.6 4.39823 0.0864898
441.8 4.39823 0.0565735
442 4.39823 0.0220762
442.2 4.39823 0.00309042
442.4 4.39823 -0.00354988
442.6 4.39823 -0.0131137
442.8 4.39823 -0.0251128
443 4.39823 -0.0199607
443.2 4.39823 0.0113942
443.4 4.39823 0.0456502
443.6 4.39823 0.0496829
443.8 4.39823 0.0243651
444 4.39823 0.0103247
444.2 4.39823 0.0386964
444.4 4.39823 0.0839058
444.6 4.39823 0.0834304
444.8 4.39823 0.0108177
445 4.39823 -0.0827266
445.2 4.39823 -0.113499
445.4 4.39823 -0.0518445
445.6 4.39823 0.0468164
445.8 4.39823 0.0999619
446 4.39823 0.0775084
446.2 4.39823 0.0166
446.4 4.39823 -0.0324462
446.6 4.39823 -0.0564502
446.8 4.39823 -0.0717303
447 4.39823 -0.0849128
447.2 4.39823 -0.0824026
447.4 4.39823 -0.0590203
447.6 4.39823 -0.037324
447.8 4.39823 -0.0434494
448 4.39823 -0.0700673
448.2 4.39823 -0.0801828
448.4 4.39823 -0.0521589
448.6 4.39823 -0.00851001
448.8 4.39823 0.0108032
449 4.39823 -0.00233986
449.2 4.39823 -0.0158863
449.4 4.39823 -0.00036587
449.6 4.39823 0.0338072
449.8 4.39823 0.0525762
450 4.39823 0.0440974
450.2 4.39823 0.0314258
450.4 4.39823 0.0360713
450.6 4.39823 0.0449306
450.8 4.39823 0.029435
451 4.39823 -0.00724441
451.2 4.39823 -0.0224213
451.4 4.39823 0.0156754
451.6 4.39823 0.0807913
451.8 4.39823 0.109953
452 4.39823 0.0744427
452.2 4.39823 0.0147661
452.4 4.39823 -0.00637091
452.6 4.39823 0.0212924
452.8 4.39823 0.044305
453 4.39823 0.0127887
453.2 4.39823 -0.0545425
453.4 4.39823 -0.0869026
453.6 4.39823 -0.0416119
453.8 4.39823 0.0453032
454 4.39823 0.0955689
454.2 4.39823 0.0691116
454.4 4.39823 -0.000319413
454.6 4.39823 -0.0473515
454.8 4.39823 -0.0413494
455 4.39823 -0.00635675
455.2 4.39823 0.0159824
455.4 4.39823 0.0107225
455.6 4.39823 -0.00447875
455.8 4.39823 -0.00706898
456 4.39823 0.00633207
456.2 4.39823 0.0221199
456.4 4.39823 0.0276684
456.6 4.39823 0.0228232
456.8 4.39823 0.0165119
457 4.39823 0.0161756
457.2 4.39823 0.0205867
457.4 4.39823 0.0210667
457.6 4.39823 0.0104042
457.8 4.39823 -0.00688906
458 4.39823 -0.0137042
458.2 4.39823 0.00552774
458.4 4.39823 0.0458349
458.6 4.39823 0.0787154
458.8 4.39823 0.0735428
459 4.39823 0.0253275
459.2 4.39823 -0.0396364
459.4 4.39823 -0.0866887
459.6 4.39823 -0.100253
459.8 4.39823 -0.0887073
460 4.39823 -0.0674851
460.2 4.39823 -0.0441425
460.4 4.39823 -0.0201802
460.6 4.39823 0.000979485
460.8 4.39823 0.0159158
461 4.39823 0.029018
461.2 4.39823 0.0486511
461.4 4.39823 0.0710725
461.6 4.39823 0.0755267
461.8 4.39823 0.0460514
462 4.39823 -0.00146575
462.2 4.39823 -0.0254011
462.4 4.39823 -0.00165034
462.6 4.39823 0.0421065
462.8 4.39823 0.0468828
463 4.39823 -0.0162365
463.2 4.39823 -0.109563
463.4 4.39823 -0.160788
463.6 4.39823 -0.131974
463.8 4.39823 -0.05241
464 4.39823 0.0160048
464.2 4.39823 0.0375549
464.4 4.39823 0.0226215
464.6 4.39823 -0.00159066
464.8 4.39823 -0.0231951
465 4.39823 -0.0428543
465.2 4.39823 -0.0523219
465.4 4.39823 -0.0350593
465.6 4.39823 0.00709433
465.8 4.39823 0.0413833
466 4.39823 0.0334118
466.2 4.39823 -0.0111331
466.4 4.39823 -0.0462601
466.6 4.39823 -0.034948
466.8 4.39823 0.00759584
467 4.39823 0.0304311
467.2 4.39823 0.00680109
467.4 4.39823 -0.0333107
467.6 4.39823 -0.0386713
467.8 4.39823 0.000827809
468 4.39823 0.0399914
468.2 4.39823 0.0311948
468.4 4.39823 -0.0172441
468.6 4.39823 -0.0472154
468.8 4.39823 -0.0164388
469 4.39823 0.0509984
469.2 4.39823 0.0874184
469.4 4.39823 0.0532362
469.6 4.39823 -0.0206404
469.8 4.39823 -0.06368
470 4.39823 -0.0348028
470.2 4.39823 0.0417456
470.4 4.39823 0.104041
470.6 4.39823 0.10873
470.8 4.39823 0.0606314
471 4.39823 -0.00232928
471.2 4.39823 -0.0428913
471.4 4.39823 -0.0448665
471.6 4.39823 -0.013377
471.8 4.39823 0.0324033
472 4.39823 0.0665187
472.2 4.39823 0.0674108
472.4 4.39823 0.0331476
472.6 4.39823 -0.0129047
472.8 4.39823 -0.0380893
473 4.39823 -0.0288039
473.2 4.39823 -0.00357893
473.4 4.39823 0.00532042
473.6 4.39823 -0.0144554
473.8 4.39823 -0.0413124
474 4.39823 -0.0415181
474.2 4.39823 -0.00529226
474.4 4.39823 0.0404196
474.6 4.39823 0.0565533
474.8 4.39823 0.0289769
475 4.39823 -0.0192122
475.2 4.39823 -0.0511714
475.4 4.39823 -0.0502714
475.6 4.39823 -0.0308486
475.8 4.39823 -0.0185805
476 4.39823 -0.0241686
476.2 4.39823 -0.03717
476.4 4.39823 -0.0420384
476.6 4.39823 -0.0352845
476.8 4.39823 -0.0253636
477 4.39823 -0.0191679
477.2 4.39823 -0.0135771
477.4 4.39823 -0.00187717
477.6 4.39823 0.014464
477.8 4.39823 0.02452
478 4.39823 0.0196646
478.2 4.39823 0.00456046
478.4 4.39823 -0.00604711
478.6 4.39823 -0.00216277
478.8 4.39823 0.0106744
479 4.39823 0.0158129
479.2 4.39823 0.000294043
479.4 4.39823 -0.0343512
479.6 4.39823 -0.0739719
479.8 4.39823 -0.101926
480 4.39823 -0.107663
480.2 4.39823 -0.088963
480.4 4.39823 -0.0507148
480.6 4.39823 -0.00362824
480.8 4.39823 0.0378907
481 4.39823 0.061326
481.2 4.39823 0.0628927
481.4 4.39823 0.0494608
481.6 4.39823 0.0321277
481.8 4.39823 0.0168688
482 4.39823 0.00187646
482.2 4.39823 -0.0152577
482.4 4.39823 -0.0290967
482.6 4.39823 -0.0283732
482.8 4.39823 -0.00915887
483 4.39823 0.0148877
483.2 4.39823 0.020192
483.4 4.39823 -0.00384195
483.6 4.39823 -0.0390959
483.8 4.39823 -0.0503912
484 4.39823 -0.0184312
484.2 4.39823 0.0376374
484.4 4.39823 0.0740878
484.6 4.39823 0.0631981
484.8 4.39823 0.020389
485 4.39823 -0.0115181
485.2 4.39823 -0.00609389
485.4 4.39823 0.02101
485.6 4.39823 0.0325721
485.8 4.39823 0.0136168
486 4.39823 -0.0111713
486.2 4.39823 -0.00711276
486.4 4.39823 0.0271508
486.6 4.39823 0.0534033
486.8 4.39823 0.0338613
487 4.39823 -0.0265655
487.2 4.39823 -0.0833632
487.4 4.39823 -0.0972169
487.6 4.39823 -0.0702135
487.8 4.39823 -0.0352406
488 4.39823 -0.0157793
488.2 4.39823 -0.00552474
488.4 4.39823 0.0111129
488.6 4.39823 0.0286884
488.8 4.39823 0.0228921
489 4.39823 -0.0158104
489.2 4.39823 -0.0611216
489.4 4.39823 -0.0738581
489.6 4.39823 -0.045811
489.8 4.39823 -0.0120439
490 4.39823 -0.0133402
490.2 4.39823 -0.0494516
490.4 4.39823 -0.0771521
490.6 4.39823 -0.0577449
490.8 4.39823 -0.0023651
491 4.39823 0.0349917
491.2 4.39823 0.0102572
491.4 4.39823 -0.0663229
491.6 4.39823 -0.1379
491.8 4.39823 -0.150616
492 4.39823 -0.0977191
492.2 4.39823 -0.021804
492.4 4.39823 0.0207958
492.6 4.39823 0.00195398
492.8 4.39823 -0.0596545
493 4.39823 -0.113312
493.2 4.39823 -0.114049
493.4 4.39823 -0.0585235
493.6 4.39823 0.00945673
493.8 4.39823 0.0336767
494 4.39823 -0.00418541
494.2 4.39823 -0.0650541
494.4 4.39823 -0.0873626
494.6 4.39823 -0.0465496
494.8 4.39823 0.0206598
495 4.39823 0.0539959
495.2 4.39823 0.0301772
495.4 4.39823 -0.0185409
495.6 4.39823 -0.0460388
495.8 4.39823 -0.0438834
496 4.39823 -0.0431706
496.2 4.39823 -0.0678124
496.4 4.39823 -0.0992129
496.6 4.39823 -0.0972036
496.8 4.39823 -0.0513958
497 4.39823 0.00156233
497.2 4.39823 0.017713
497.4 4.39823 -0.00534012
497.6 4.39823 -0.0300759
497.8 4.39823 -0.0278199
498 4.39823 -0.0127366
498.2 4.39823 -0.018446
498.4 4.39823 -0.0481871
498.6 4.39823 -0.0642098
498.8 4.39823 -0.0330858
499 4.39823 0.0280406
499.2 4.39823 0.063363
499.4 4.39823 0.03758
499.6 4.39823 -0.026494
499.8 4.39823 -0.0745225
500 4.39823 -0.0775953
500.2 4.39823 -0.0528069
500.4 4.39823 -0.0301944
500.6 4.39823 -0.014455
500.8 4.39823 0.0099075
501 4.39823 0.0433837
501.2 4.39823 0.0598952
501.4 4.39823 0.0390528
501.6 4.39823 -0.000190656
501.8 4.39823 -0.0137996
502 4.39823 0.0162639
502.2 4.39823 0.0563622
502.4 4.39823 0.0564551
502.6 4.39823 0.00772682
502.8 4.39823 -0.0458688
503 4.39823 -0.0571544
503.2 4.39823 -0.0286305
503.4 4.39823 -0.00739502
503.6 4.39823 -0.0291261
503.8 4.39823 -0.076574
504 4.39823 -0.0981348
504.2 4.39823 -0.0622313
504.4 4.39823 0.0129273
504.6 4.39823 0.0810277
504.8 4.39823 0.110158
505 4.39823 0.102196
505.2 4.39823 0.0794528
505.4 4.39823 0.0627189
505.6 4.39823 0.0608573
505.8 4.39823 0.0698601
506 4.39823 0.0737554
506.2 4.39823 0.0520016
506.4 4.39823 -0.00147447
506.6 4.39823 -0.0623119
506.8 4.39823 -0.0873312
507 4.39823 -0.0535879
507.2 4.39823 0.0123875
507.4 4.39823 0.0516888
507.6 4.39823 0.0264006
507.8 4.39823 -0.0436877
508 4.39823 -0.0997642
508.2 4.39823 -0.0986606
508.4 4.39823 -0.0476332
508.6 4.39823 0.0116229
508.8 4.39823 0.0448521
509 4.39823 0.0474554
509.2 4.39823 0.0326119
509.4 4.39823 0.0109094
509.6 4.39823 -0.0125889
509.8 4.39823 -0.0289397
510 4.39823 -0.026094
510.2 4.39823 -0.00385168
510.4 4.39823 0.018193
510.6 4.39823 0.0163529
510.8 4.39823 -0.0114278
511 4.39823 -0.0394328
511.2 4.39823 -0.0373452
511.4 4.39823 0.000131594
511.6 4.39823 0.0474236
511.8 4.39823 0.0709297
512 4.39823 0.0578646
512.2 4.39823 0.025427
512.4 4.39823 0.00487352
512.6 4.39823 0.0151542
512.8 4.39823 0.0465564
513 4.39823 0.0667854
513.2 4.39823 0.0471199
513.4 4.39823 -0.0100122
513.6 4.39823 -0.0670569
513.8 4.39823 -0.080518
514 4.39823 -0.0410309
514.2 4.39823 0.0143634
514.4 4.39823 0.0348401
514.6 4.39823 0.00424156
514.8 4.39823 -0.0436707
515 4.39823 -0.0593552
515.2 4.39823 -0.0253979
515.4 4.39823 0.0309508
515.6 4.39823 0.0686178
515.8 4.39823 0.0688284
516 4.39823 0.0401651
516.2 4.39823 -0.00109864
516.4 4.39823 -0.043528
516.6 4.39823 -0.0744704
516.8 4.39823 -0.077113
517 4.39823 -0.0474244
517.2 4.39823 -0.0114141
517.4 4.39823 -0.00978137
517.6 4.39823 -0.0552324
517.8 4.39823 -0.110813
518 4.39823 -0.12256
518.2 4.39823 -0.0765032
518.4 4.39823 -0.0145409
518.6 4.39823 0.0119943
518.8 4.39823 -0.00198749
519 4.39823 -0.0158426
519.2 4.39823 0.00302295
519.4 4.39823 0.039692
519.6 4.39823 0.0544287
519.8 4.39823 0.0353731
520 4.39823 0.0116983
520.2 4.39823 0.0111762
520.4 4.39823 0.0203698
520.6 4.39823 0.00327094
520.8 4.39823 -0.0440286
521 4.39823 -0.0764263
521.2 4.39823 -0.0493499
521.4 4.39823 0.0236066
521.6 4.39823 0.0790952
521.8 4.39823 0.0729836
522 4.39823 0.0276715
522.2 4.39823 0.000831662
522.4 4.39823 0.0145573
522.6 4.39823 0.0324095
522.8 4.39823 0.0109372
523 4.39823 -0.0407002
523.2 4.39823 -0.0679614
523.4 4.39823 -0.0358621
523.6 4.39823 0.028572
523.8 4.39823 0.0668953
524 4.39823 0.053171
524.2 4.39823 0.0151136
524.4 4.39823 -0.00721729
524.6 4.39823 -0.00877047
524.8 4.39823 -0.0159902
525 4.39823 -0.0438664
525.2 4.39823 -0.072119
525.4 4.39823 -0.0693913
525.6 4.39823 -0.0318655
525.8 4.39823 0.0123322
526 4.39823 0.0352682
526.2 4.39823 0.0368674
526.4 4.39823 0.0376286
526.6 4.39823 0.050911
526.8 4.39823 0.0692374
527 4.39823 0.0756235
527.2 4.39823 0.0615741
527.4 4.39823 0.0329706
527.6 4.39823 0.00437458
527.8 4.39823 -0.00948695
528 4.39823 -0.00281209
528.2 4.39823 0.0127528
528.4 4.39823 0.0112941
528.6 4.39823 -0.0243881
528.8 4.39823 -0.0772097
529 4.39823 -0.101073
529.2 4.39823 -0.0643136
529.4 4.39823 0.0108018
529.6 4.39823 0.0627606
529.8 4.39823 0.0532482
530 4.39823 0.0096927
530.2 4.39823 -0.00484111
530.4 4.39823 0.0352697
530.6 4.39823 0.0870447
530.8 4.39823 0.088928
531 4.39823 0.0343593
531.2 4.39823 -0.0184898
531.4 4.39823 -0.0131212
531.6 4.39823 0.0419741
531.8 4.39823 0.0869848
532 4.39823 0.0806942
532.2 4.39823 0.0412759
532.4 4.39823 0.0142349
532.6 4.39823 0.016125
532.8 4.39823 0.0261443
533 4.39823 0.0274728
533.2 4.39823 0.0336566
533.4 4.39823 0.061004
533.6 4.39823 0.088762
533.8 4.39823 0.0718849
534 4.39823 0.00042632
534.2 4.39823 -0.0711562
534.4 4.39823 -0.0735241
534.6 4.39823 -0.000163744
534.8 4.39823 0.080565
535 4.39823 0.0979693
535.2 4.39823 0.0529934
535.4 4.39823 0.00711746
535.6 4.39823 0.00360187
535.8 4.39823 0.0195141
536 4.39823 0.00497609
536.2 4.39823 -0.0444359
536.4 4.39823 -0.0761396
536.6 4.39823 -0.0449047
536.8 4.39823 0.0281832
537 4.39823 0.0757811
537.2 4.39823 0.0587879
537.4 4.39823 0.0055888
537.6 4.39823 -0.0265388
537.8 4.39823 -0.0155671
538 4.39823 0.0120192
538.2 4.39823 0.0250487
538.4 4.39823 0.0258815
538.6 4.39823 0.0365208
538.8 4.39823 0.0589531
539 4.39823 0.0670126
539.2 4.39823 0.0406002
539.4 4.39823 -0.00466854
539.6 4.39823 -0.0321092
539.8 4.39823 -0.0241399
540 4.39823 0.00197037
540.2 4.39823 0.0184553
540.4 4.39823 0.0174647
540.6 4.39823 0.0116836
540.8 4.39823 0.0119101
541 4.39823 0.0144519
541.2 4.39823 0.010051
541.4 4.39823 -0.00540012
541.6 4.39823 -0.0340813
541.8 4.39823 -0.0806522
542 4.39823 -0.140461
542.2 4.39823 -0.18479
542.4 4.39823 -0.173985
542.6 4.39823 -0.0984684
542.8 4.39823 -0.00219003
543 4.39823 0.0492555
543.2 4.39823 0.0311573
543.4 4.39823 -0.0165666
543.6 4.39823 -0.035212
543.8 4.39823 -0.0119909
544 4.39823 0.0120792
544.2 4.39823 -0.00087252
544.4 4.39823 -0.0352577
544.6 4.39823 -0.0422144
544.8 4.39823 -0.00565931
545 4.39823 0.0299332
545.2 4.39823 0.00881174
545.4 4.39823 -0.0666104
545.6 4.39823 -0.130957
545.8 4.39823 -0.124597
546 4.39823 -0.0568896
546.2 4.39823 0.00725887
546.4 4.39823 0.0186605
546.6 4.39823 -0.0106149
546.8 4.39823 -0.0341238
547 4.39823 -0.0295366
547.2 4.39823 -0.0173311
547.4 4.39823 -0.0242019
547.6 4.39823 -0.0438771
547.8 4.39823 -0.0449339
548 4.39823 -0.0118845
548.2 4.39823 0.0343447
548.4 4.39823 0.0611673
548.6 4.39823 0.0615432
548.8 4.39823 0.0580262
549 4.39823 0.0712552
549.2 4.39823 0.0928205
549.4 4.39823 0.0942888
549.6 4.39823 0.0602983
549.8 4.39823 0.0077881
550 4.39823 -0.0281269
550.2 4.39823 -0.0257001
550.4 4.39823 0.00522741
550.6 4.39823 0.0331464
550.8 4.39823 0.0327623
551 4.39823 0.00718895
551.2 4.39823 -0.0144632
551.4 4.39823 -0.00497215
551.6 4.39823 0.030326
551.8 4.39823 0.0522608
552 4.39823 0.0258839
552.2 4.39823 -0.0344111
552.4 4.39823 -0.0648073
552.6 4.39823 -0.0111759
552.8 4.39823 0.105586
553 4.39823 0.191834
553.2 4.39823 0.163388
553.4 4.39823 0.0307324
553.6 4.39823 -0.103925
553.8 4.39823 -0.141643
554 4.39823 -0.0775971
554.2 4.39823 0.00521988
554.4 4.39823 0.0289617
554.6 4.39823 -0.00317361
554.8 4.39823 -0.0268391
555 4.39823 0.000178778
555.2 4.39823 0.0508797
555.4 4.39823 0.0679568
555.6 4.39823 0.0352175
555.8 4.39823 -0.00482739
556 4.39823 -0.00301893
556.2 4.39823 0.0409329
556.4 4.39823 0.08305
556.6 4.39823 0.0867256
556.8 4.39823 0.0566445
557 4.39823 0.0215143
557.2 4.39823 -0.00240645
557.4 4.39823 -0.0196174
557.6 4.39823 -0.0340345
557.8 4.39823 -0.0359994
558 4.39823 -0.0170176
558.2 4.39823 0.0128027
558.4 4.39823 0.0346926
558.6 4.39823 0.046784
558.8 4.39823 0.0665156
559 4.39823 0.101103
559.2 4.39823 0.12584
559.4 4.39823 0.106836
559.6 4.39823 0.0469278
559.8 4.39823 -0.00485627
560 4.39823 -0.0011038
560.2 4.39823 0.0500887
560.4 4.39823 0.0914569
560.6 4.39823 0.080119
560.8 4.39823 0.0347141
561 4.39823 0.00969813
561.2 4.39823 0.0276373
561.4 4.39823 0.0519318
561.6 4.39823 0.0333515
561.8 4.39823 -0.0268078
562 4.39823 -0.0745988
562.2 4.39823 -0.0657792
562.4 4.39823 -0.0177635
562.6 4.39823 0.0106553
562.8 4.39823 -0.013097
563 4.39823 -0.0599603
563.2 4.39823 -0.0742792
563.4 4.39823 -0.0353439
563.6 4.39823 0.0241348
563.8 4.39823 0.0565142
564 4.39823 0.0447995
564.2 4.39823 0.0082922
564.4 4.39823 -0.0256764
564.6 4.39823 -0.0440143
564.8 4.39823 -0.0456638
565 4.39823 -0.0325769
565.2 4.39823 -0.0120528
565.4 4.39823 -0.000407274
565.6 4.39823 -0.0101847
565.8 4.39823 -0.0305544
566 4.39823 -0.0311919
566.2 4.39823 0.00396164
566.4 4.39823 0.0499485
566.6 4.39823 0.0594318
566.8 4.39823 0.0130442
567 4.39823 -0.0559359
567.2 4.39823 -0.0953721
567.4 4.39823 -0.0903175
567.6 4.39823 -0.0754117
567.8 4.39823 -0.0882803
568 4.39823 -0.120417
568.2 4.39823 -0.126177
568.4 4.39823 -0.080279
568.6 4.39823 -0.0139001
568.8 4.39823 0.0161243
569 4.39823 -0.00999898
569.2 4.39823 -0.0532313
569.4 4.39823 -0.0597999
569.6 4.39823 -0.0193684
569.8 4.39823 0.0278472
570 4.39823 0.0381626
570.2 4.39823 0.00936352
570.4 4.39823 -0.0236446
570.6 4.39823 -0.0291654
570.8 4.39823 -0.00616815
571 4.39823 0.0249195
571.2 4.39823 0.0464512
571.4 4.39823 0.0523934
571.6 4.39823 0.0407719
571.8 4.39823 0.0104706
572 4.39823 -0.0303756
572.2 4.39823 -0.0609617
572.4 4.39823 -0.0622706
572.6 4.39823 -0.0359542
572.8 4.39823 -0.00369222
573 4.39823 0.0140033
573.2 4.39823 0.014791
573.4 4.39823 0.00850094
573.6 4.39823 4.50037e-05
573.8 4.39823 -0.013694
574 4.39823 -0.0300372
574.2 4.39823 -0.0332677
574.4 4.39823 -0.00999331
574.6 4.39823 0.0298145
574.8 4.39823 0.0562111
575 4.39823 0.0487517
575.2 4.39823 0.019153
575.4 4.39823 -0.0013621
575.6 4.39823 0.00349841
575.8 4.39823 0.0192338
576 4.39823 0.0208912
576.2 4.39823 0.00318102
576.4 4.39823 -0.0163694
576.6 4.39823 -0.022169
576.8 4.39823 -0.0189325
577 4.39823 -0.019701
577.2 4.39823 -0.0211165
577.4 4.39823 -0.00173859
577.6 4.39823 0.0500104
577.8 4.39823 0.111672
578 4.39823 0.138874
578.2 4.39823 0.105583
578.4 4.39823 0.0309752
578.6 4.39823 -0.0345967
578.8 4.39823 -0.0499376
579 4.39823 -0.0116863
579.2 4.39823 0.0491409
579.4 4.39823 0.092749
579.6 4.39823 0.0952471
579.8 4.39823 0.0592856
580 4.39823 0.00986685
580.2 4.39823 -0.0214954
580.4 4.39823 -0.0179773
580.6 4.39823 0.00952797
580.8 4.39823 0.0310105
581 4.39823 0.0238034
581.2 4.39823 -0.00649403
581.4 4.39823 -0.0321083
581.6 4.39823 -0.0305147
581.8 4.39823 -0.00510414
582 4.39823 0.0203226
582.2 4.39823 0.0237129
582.4 4.39823 -0.000313388
582.6 4.39823 -0.0420816
582.8 4.39823 -0.0842657
583 4.39823 -0.105607
583.2 4.39823 -0.0878601
583.4 4.39823 -0.0325924
583.6 4.39823 0.0265488
583.8 4.39823 0.0408949
584 4.39823 -0.00957835
584.2 4.39823 -0.0873464
584.4 4.39823 -0.123246
584.6 4.39823 -0.0817256
584.8 4.39823 0.000371339
585 4.39823 0.0478441
585.2 4.39823 0.0239398
585.4 4.39823 -0.0311462
585.6 4.39823 -0.0433015
585.8 4.39823 0.0160838
586 4.39823 0.0997394
586.2 4.39823 0.134448
586.4 4.39823 0.0953141
586.6 4.39823 0.0251224
586.8 4.39823 -0.016374
587 4.39823 -0.0123809
587.2 4.39823 0.0050434
587.4 4.39823 0.00134191
587.6 4.39823 -0.0201025
587.8 4.39823 -0.0270289
588 4.39823 0.000126209
588.2 4.39823 0.044697
588.4 4.39823 0.0725722
588.6 4.39823 0.0677205
588.8 4.39823 0.0441014
589 4.39823 0.0250769
589.2 4.39823 0.0177044
589.4 4.39823 0.0102409
589.6 4.39823 -0.00874574
589.8 4.39823 -0.0346517
590 4.39823 -0.0516232
590.2 4.39823 -0.0497254
590.4 4.39823 -0.033479
590.6 4.39823 -0.0133072
590.8 4.39823 0.00780211
591 4.39823 0.0350846
591.2 4.39823 0.0689653
591.4 4.39823 0.0946332
591.6 4.39823 0.0897838
591.8 4.39823 0.0458865
592 4.39823 -0.0189503
592.2 4.39823 -0.0714907
592.4 4.39823 -0.0901805
592.6 4.39823 -0.080767
592.8 4.39823 -0.0651669
593 4.39823 -0.0567599
593.2 4.39823 -0.0495508
593.4 4.39823 -0.031919
593.6 4.39823 -0.00667911
593.8 4.39823 0.00784666
594 4.39823 -0.00239968
594.2 4.39823 -0.0296333
594.4 4.39823 -0.0492349
594.6 4.39823 -0.0412208
594.8 4.39823 -0.00524642
595 4.39823 0.0424965
595.2 4.39823 0.0810847
595.4 4.39823 0.092623
595.6 4.39823 0.0672053
595.8 4.39823 0.0117192
596 4.39823 -0.0442543
596.2 4.39823 -0.0620155
596.4 4.39823 -0.0252684
596.6 4.39823 0.0401877
596.8 4.39823 0.0858776
597 4.39823 0.0845247
597.2 4.39823 0.0516944
597.4 4.39823 0.0200246
597.6 4.39823 -0.00160346
597.8 4.39823 -0.0313769
598 4.39823 -0.0756241
598.2 4.39823 -0.102248
598.4 4.39823 -0.0712539
598.6 4.39823 0.00752667
598.8 4.39823 0.0658127
599 4.39823 0.0424524
599.2 4.39823 -0.0448709
599.4 4.39823 -0.110144
599.6 4.39823 -0.0889122
599.8 4.39823 -0.00769573
600 4.39823 0.0484813
600.2 4.39823 0.0336476
600.4 4.39823 -0.0114338
600.6 4.39823 -0.0165967
600.8 4.39823 0.0274491
601 4.39823 0.0571273
601.2 4.39823 0.016487
601.4 4.39823 -0.0693097
601.6 4.39823 -0.117927
601.8 4.39823 -0.0822419
602 4.39823 -0.000598337
602.2 4.39823 0.0507105
602.4 4.39823 0.0405616
602.6 4.39823 0.00321526
602.8 4.39823 -0.0180109
603 4.39823 -0.0239185
603.2 4.39823 -0.0439766
603.4 4.39823 -0.0810313
603.6 4.39823 -0.0955736
603.8 4.39823 -0.0532999
604 4.39823 0.025072
604.2 4.39823 0.0766868
604.4 4.39823 0.0591238
604.6 4.39823 -0.00958187
604.8 4.39823 -0.0748155
605 4.39823 -0.0987064
605.2 4.39823 -0.0841494
605.4 4.39823 -0.0556602
605.6 4.39823 -0.0323728
605.8 4.39823 -0.0217236
606 4.39823 -0.0246471
606.2 4.39823 -0.0334479
606.4 4.39823 -0.0294868
606.6 4.39823 0.00121539
606.8 4.39823 0.0445754
607 4.39823 0.0619825
607.2 4.39823 0.0299846
607.4 4.39823 -0.0264424
607.6 4.39823 -0.0535358
607.8 4.39823 -0.0265524
608 4.39823 0.0220231
608.2 4.39823 0.0416331
608.4 4.39823 0.0253178
608.6 4.39823 0.0169213
608.8 4.39823 0.0523452
609 4.39823 0.107316
609.2 4.39823 0.119168
609.4 4.39823 0.0594691
609.6 4.39823 -0.0296743
609.8 4.39823 -0.0792136
610 4.39823 -0.063471
610.2 4.39823 -0.0166229
610.4 4.39823 0.0156366
610.6 4.39823 0.0233382
610.8 4.39823 0.0253317
611 4.39823 0.0313327
611.2 4.39823 0.0309473
611.4 4.39823 0.0196186
611.6 4.39823 0.0140973
611.8 4.39823 0.0267817
612 4.39823 0.0351123
612.2 4.39823 5.80252e-05
612.4 4.39823 -0.0773554
612.6 4.39823 -0.135683
612.8 4.39823 -0.110289
613 4.39823 -0.0106519
613.2 4.39823 0.0773108
613.4 4.39823 0.0780699
613.6 4.39823 0.00724555
613.8 4.39823 -0.0485519
614 4.39823 -0.0306933
614.2 4.39823 0.0286602
614.4 4.39823 0.0521728
614.6 4.39823 0.0134668
614.8 4.39823 -0.0329277
615 4.39823 -0.0218534
615.2 4.39823 0.039234
615.4 4.39823 0.0760656
615.6 4.39823 0.0358011
615.8 4.39823 -0.047792
616 4.39823 -0.089459
616.2 4.39823 -0.0474718
616.4 4.39823 0.030473
616.6 4.39823 0.0608785
616.8 4.39823 0.0150015
617 4.39823 -0.0541762
617.2 4.39823 -0.07393
617.4 4.39823 -0.0305309
617.6 4.39823 0.0210998
617.8 4.39823 0.0229542
618 4.39823 -0.0204432
618.2 4.39823 -0.0474565
618.4 4.39823 -0.00878812
618.6 4.39823 0.0745385
618.8 4.39823 0.127368
619 4.39823 0.0949067
619.2 4.39823 -0.000686555
619.4 4.39823 -0.0807906
619.6 4.39823 -0.0873229
619.8 4.39823 -0.0373953
620 4.39823 -0.000372631
620.2 4.39823 -0.0233641
620.4 4.39823 -0.0840763
620.6 4.39823 -0.118151
620.8 4.39823 -0.0869884
621 4.39823 -0.0117909
621.2 4.39823 0.05668
621.4 4.39823 0.0902952
621.6 4.39823 0.0974286
621.8 4.39823 0.0925312
622 4.39823 0.0702083
622.2 4.39823 0.0199043
622.4 4.39823 -0.0425826
622.6 4.39823 -0.0766722
622.8 4.39823 -0.0581715
623 4.39823 -0.0102673
623.2 4.39823 0.0179659
623.4 4.39823 0.0037368
623.6 4.39823 -0.0285476
623.8 4.39823 -0.0418461
624 4.39823 -0.032147
624.2 4.39823 -0.0291179
624.4 4.39823 -0.0538436
624.6 4.39823 -0.0894831
624.8 4.39823 -0.101378
625 4.39823 -0.0786011
625.2 4.39823 -0.044397
625.4 4.39823 -0.0260908
625.6 4.39823 -0.0266133
625.8 4.39823 -0.0317746
626 4.39823 -0.0360534
626.2 4.39823 -0.0475996
626.4 4.39823 -0.0680349
626.6 4.39823 -0.0813399
626.8 4.39823 -0.0718556
627 4.39823 -0.045453
627.2 4.39823 -0.019839
627.4 4.39823 0.00462348
627.6 4.39823 0.0475742
627.8 4.39823 0.111787
628 4.39823 0.155234
628.2 4.39823 0.122925
628.4 4.39823 0.0149004
628.6 4.39823 -0.0919514
628.8 4.39823 -0.109311
629 4.39823 -0.0273575
629.2 4.39823 0.0712735
629.4 4.39823 0.0948233
629.6 4.39823 0.033773
629.8 4.39823 -0.0376375
630 4.39823 -0.0449516
630.2 4.39823 0.0131284
630.4 4.39823 0.0753969
630.6 4.39823 0.087333
630.8 4.39823 0.0481722
631 4.39823 -0.00304042
631.2 4.39823 -0.0296385
631.4 4.39823 -0.0205252
631.6 4.39823 0.0125709
631.8 4.39823 0.0434881
632 4.39823 0.0409928
632.2 4.39823 -0.00912483
632.4 4.39823 -0.0795281
632.6 4.39823 -0.110452
632.8 4.39823 -0.063148
633 4.39823 0.0322045
633.2 4.39823 0.0961642
633.4 4.39823 0.0790602
633.6 4.39823 0.0143051
633.8 4.39823 -0.0193009
634 4.39823 0.0135013
634.2 4.39823 0.0672342
634.4 4.39823 0.0735851
634.6 4.39823 0.0224229
634.8 4.39823 -0.0325984
635 4.39823 -0.0460269
635.2 4.39823 -0.0359955
635.4 4.39823 -0.0527713
635.6 4.39823 -0.104062
635.8 4.39823 -0.136498
636 4.39823 -0.0992032
636.2 4.39823 -0.00961523
636.4 4.39823 0.0618162
636.6 4.39823 0.0685186
636.8 4.39823 0.0317571
637 4.39823 0.00346759
637.2 4.39823 0.00256934
637.4 4.39823 0.00533561
637.6 4.39823 -0.00788443
637.8 4.39823 -0.021276
638 4.39823 -0.0113174
638.2 4.39823 0.00904851
638.4 4.39823 -0.00191611
638.6 4.39823 -0.0583284
638.8 4.39823 -0.115916
639 4.39823 -0.113808
639.2 4.39823 -0.0436612
639.4 4.39823 0.0378138
639.6 4.39823 0.0690064
639.8 4.39823 0.0446884
640 4.39823 0.00881453
640.2 4.39823 -0.00455063
640.4 4.39823 -0.00622898
640.6 4.39823 -0.0243429
640.8 4.39823 -0.0569748
641 4.39823 -0.068555
641.2 4.39823 -0.0336795
641.4 4.39823 0.0279555
641.6 4.39823 0.0681629
641.8 4.39823 0.0576654
642 4.39823 0.0107506
642.2 4.39823 -0.0342236
642.4 4.39823 -0.0511201
642.6 4.39823 -0.0420147
642.8 4.39823 -0.0258998
643 4.39823 -0.0190087
643.2 4.39823 -0.0234281
643.4 4.39823 -0.0273528
643.6 4.39823 -0.0152479
643.8 4.39823 0.0157722
644 4.39823 0.0457505
644.2 4.39823 0.0438357
644.4 4.39823 -0.000972225
644.6 4.39823 -0.0607516
644.8 4.39823 -0.088755
645 4.39823 -0.0643257
645.2 4.39823 -0.0149663
645.4 4.39823 0.0125826
645.6 4.39823 0.00244442
645.8 4.39823 -0.015279
646 4.39823 -0.00076513
646.2 4.39823 0.0506683
646.4 4.39823 0.10537
646.6 4.39823 0.128484
646.8 4.39823 0.115076
647 4.39823 0.0835833
647.2 4.39823 0.0493113
647.4 4.39823 0.0141273
647.6 4.39823 -0.0212092
647.8 4.39823 -0.0474131
648 4.39823 -0.0555224
648.2 4.39823 -0.0492564
648.4 4.39823 -0.0405434
648.6 4.39823 -0.0349723
648.8 4.39823 -0.0296217
649 4.39823 -0.0253482
649.2 4.39823 -0.0307471
649.4 4.39823 -0.0470923
649.6 4.39823 -0.0573958
649.8 4.39823 -0.0443241
650 4.39823 -0.0195702
650.2 4.39823 -0.0200034
650.4 4.39823 -0.0623891
650.6 4.39823 -0.110155
650.8 4.39823 -0.104868
651 4.39823 -0.0367514
651.2 4.39823 0.031451
651.4 4.39823 0.0284259
651.6 4.39823 -0.0414447
651.8 4.39823 -0.0970537
652 4.39823 -0.0722846
652.2 4.39823 0.00485205
652.4 4.39823 0.0436017
652.6 4.39823 -0.00129211
652.8 4.39823 -0.0740908
653 4.39823 -0.0835064
653.2 4.39823 -0.0113694
653.4 4.39823 0.0662864
653.6 4.39823 0.0695333
653.8 4.39823 0.00572429
654 4.39823 -0.0461638
654.2 4.39823 -0.0332909
654.4 4.39823 0.012308
654.6 4.39823 0.0206067
654.8 4.39823 -0.0284992
655 4.39823 -0.0845864
655.2 4.39823 -0.0916942
655.4 4.39823 -0.0533047
655.6 4.39823 -0.0202772
655.8 4.39823 -0.0249261
656 4.39823 -0.0459335
656.2 4.39823 -0.0414412
656.4 4.39823 -0.00249454
656.6 4.39823 0.038341
656.8 4.39823 0.0465397
657 4.39823 0.0213637
657.2 4.39823 -0.00933913
657.4 4.39823 -0.0204404
657.6 4.39823 -0.00969413
657.8 4.39823 0.00691099
658 4.39823 0.0112491
658.2 4.39823 -0.00310935
658.4 4.39823 -0.0236577
658.6 4.39823 -0.0241019
658.8 4.39823 0.0126492
659 4.39823 0.0686672
659.2 4.39823 0.0959817
659.4 4.39823 0.0627102
659.6 4.39823 -0.00331737
659.8 4.39823 -0.0321367
660 4.39823 0.0139098
660.2 4.39823 0.0888388
660.4 4.39823 0.104238
660.6 4.39823 0.0277679
660.8 4.39823 -0.0736698
661 4.39823 -0.103825
661.2 4.39823 -0.0455492
661.4 4.39823 0.0198781
661.6 4.39823 0.00868854
661.8 4.39823 -0.0665346
662 4.39823 -0.11346
662.2 4.39823 -0.0723952
662.4 4.39823 0.0113629
662.6 4.39823 0.0424555
662.8 4.39823 -0.00958883
663 4.39823 -0.0741981
663.2 4.39823 -0.06385
663.4 4.39823 0.0239907
663.6 4.39823 0.106651
663.8 4.39823 0.111993
664 4.39823 0.0534044
664.2 4.39823 0.00230148
664.4 4.39823 0.00179914
664.6 4.39823 0.027609
664.8 4.39823 0.0329659
665 4.39823 0.0107892
665.2 4.39823 -0.00430897
665.4 4.39823 0.0112655
665.6 4.39823 0.0347182
665.8 4.39823 0.0227596
666 4.39823 -0.0354163
666.2 4.39823 -0.101653
666.4 4.39823 -0.126006
666.6 4.39823 -0.0945806
666.8 4.39823 -0.0393007
667 4.39823 -0.00526945
667.2 4.39823 -0.0102735
667.4 4.39823 -0.0314626
667.6 4.39823 -0.0271737
667.8 4.39823 0.0245699
668 4.39823 0.101221
668.2 4.39823 0.148084
668.4 4.39823 0.124064
668.6 4.39823 0.0430347
668.8 4.39823 -0.0327225
669 4.39823 -0.048123
669.2 4.39823 -0.0077557
669.4 4.39823 0.0316157
669.6 4.39823 0.0228806
669.8 4.39823 -0.0226895
670 4.39823 -0.0534802
670.2 4.39823 -0.0384284
670.4 4.39823 0.00244107
670.6 4.39823 0.0304596
670.8 4.39823 0.0367115
671 4.39823 0.0424559
671.2 4.39823 0.0554644
671.4 4.39823 0.0478762
671.6 4.39823 -0.00689919
671.8 4.39823 -0.084956
672 4.39823 -0.122788
672.2 4.39823 -0.0874372
672.4 4.39823 -0.021795
672.6 4.39823 -0.00166643
672.8 4.39823 -0.0482309
673 4.39823 -0.100624
673.2 4.39823 -0.0858601
673.4 4.39823 -0.0054482
673.6 4.39823 0.0653602
673.8 4.39823 0.065741
674 4.39823 0.0189393
674.2 4.39823 0.000495166
674.4 4.39823 0.0442612
674.6 4.39823 0.10022
674.8 4.39823 0.0944221
675 4.39823 0.0185908
675.2 4.39823 -0.0563798
675.4 4.39823 -0.05818
675.6 4.39823 0.00830572
675.8 4.39823 0.0689341
676 4.39823 0.0609217
676.2 4.39823 -0.00462329
676.4 4.39823 -0.0614895
676.6 4.39823 -0.0594195
676.8 4.39823 -0.00942832
677 4.39823 0.036048
677.2 4.39823 0.0369185
677.4 4.39823 -0.00340123
677.6 4.39823 -0.0512512
677.8 4.39823 -0.0765333
678 4.39823 -0.0725816
678.2 4.39823 -0.0514701
678.4 4.39823 -0.0276284
678.6 4.39823 -0.00687122
678.8 4.39823 0.0130517
679 4.39823 0.034695
679.2 4.39823 0.0539796
679.4 4.39823 0.0599131
679.6 4.39823 0.041927
679.8 4.39823 -0.000251816
680 4.39823 -0.0521645
680.2 4.39823 -0.0907923
680.4 4.39823 -0.0987568
680.6 4.39823 -0.077254
680.8 4.39823 -0.047265
681 4.39823 -0.0352651
681.2 4.39823 -0.0514087
681.4 4.39823 -0.0782529
681.6 4.39823 -0.083944
681.8 4.39823 -0.0527722
682 4.39823 -0.00465691
682.2 4.39823 0.0203695
682.4 4.39823 0.00246983
682.6 4.39823 -0.0342261
682.8 4.39823 -0.0440588
683 4.39823 -0.00838272
683.2 4.39823 0.0426049
683.4 4.39823 0.0615402
683.6 4.39823 0.0344421
683.8 4.39823 -0.00819125
684 4.39823 -0.0316688
684.2 4.39823 -0.0384051
684.4 4.39823 -0.0582625
684.6 4.39823 -0.100751
684.8 4.39823 -0.132452
685 4.39823 -0.11291
685.2 4.39823 -0.0474138
685.4 4.39823 0.0109506
685.6 4.39823 0.0174582
685.8 4.39823 -0.014691
686 4.39823 -0.0301003
686.2 4.39823 0.00673365
686.4 4.39823 0.0748191
686.6 4.39823 0.122739
686.8 4.39823 0.120146
687 4.39823 0.0764462
687.2 4.39823 0.019404
687.4 4.39823 -0.0270934
687.6 4.39823 -0.0425973
687.8 4.39823 -0.00897702
688 4.39823 0.0688622
688.2 4.39823 0.144486
688.4 4.39823 0.156473
688.6 4.39823 0.0898957
688.8 4.39823 0.0024491
689 4.39823 -0.0296767
689.2 4.39823 0.00449305
689.4 4.39823 0.0373863
689.6 4.39823 0.00473566
689.8 4.39823 -0.0702507
690 4.39823 -0.0953869
690.2 4.39823 -0.0168344
690.4 4.39823 0.10954
690.6 4.39823 0.170489
690.8 4.39823 0.114058
691 4.39823 -0.00102318
691.2 4.39823 -0.0767146
691.4 4.39823 -0.078634
691.6 4.39823 -0.0527745
691.8 4.39823 -0.0505514
692 4.39823 -0.0645122
692.2 4.39823 -0.0502184
692.4 4.39823 0.00514097
692.6 4.39823 0.0605243
692.8 4.39823 0.0696569
693 4.39823 0.0326472
693.2 4.39823 -0.0128027
693.4 4.39823 -0.04033
693.6 4.39823 -0.0558763
693.8 4.39823 -0.0702928
694 4.39823 -0.0719078
694.2 4.39823 -0.0416927
694.4 4.39823 0.0129686
694.6 4.39823 0.058691
694.8 4.39823 0.0736559
695 4.39823 0.0696624
695.2 4.39823 0.0673652
695.4 4.39823 0.061719
695.6 4.39823 0.031623
695.8 4.39823 -0.016886
696 4.39823 -0.0400929
696.2 4.39823 -0.00697031
696.4 4.39823 0.0498398
696.6 4.39823 0.0578427
696.8 4.39823 -0.0123478
697 4.39823 -0.104401
697.2 4.39823 -0.133626
697.4 4.39823 -0.081209
697.6 4.39823 -0.0115506
697.8 4.39823 0.00864583
698 4.39823 -0.0117326
698.2 4.39823 -0.00932988
698.4 4.39823 0.0438534
698.6 4.39823 0.10019
698.8 4.39823 0.0981752
699 4.39823 0.0442737
699.2 4.39823 0.00598437
699.4 4.39823 0.0226047
699.6 4.39823 0.0506117
699.8 4.39823 0.0193165
700 4.39823 -0.0701823
700.2 4.39823 -0.130367
700.4 4.39823 -0.0834718
700.6 4.39823 0.044247
700.8 4.39823 0.144667
701 4.39823 0.141272
701.2 4.39823 0.0627526
701.4 4.39823 -0.00322331
701.6 4.39823 -0.011616
701.8 4.39823 0.00475105
702 4.39823 -0.0030557
702.2 4.39823 -0.0295483
702.4 4.39823 -0.0250098
702.6 4.39823 0.032047
702.8 4.39823 0.0961596
703 4.39823 0.100018
703.2 4.39823 0.0298572
703.4 4.39823 -0.057322
703.6 4.39823 -0.0920618
703.8 4.39823 -0.0591805
704 4.39823 -0.00387969
704.2 4.39823 0.0197839
704.4 4.39823 -0.00125464
704.6 4.39823 -0.0366395
704.8 4.39823 -0.048783
705 4.39823 -0.0271443
705.2 4.39823 0.00647365
705.4 4.39823 0.0192339
705.6 4.39823 -0.00454858
705.8 4.39823 -0.048573
706 4.39823 -0.0745833
706.2 4.39823 -0.0530714
706.4 4.39823 0.00874935
706.6 4.39823 0.0686924
706.8 4.39823 0.084002
707 4.39823 0.0476515
707.2 4.39823 -0.00842996
707.4 4.39823 -0.0453439
707.6 4.39823 -0.0497934
707.8 4.39823 -0.0356232
708 4.39823 -0.0201461
708.2 4.39823 -0.0069816
708.4 4.39823 0.00781701
708.6 4.39823 0.0219238
708.8 4.39823 0.0274963
709 4.39823 0.0239569
709.2 4.39823 0.0211852
709.4 4.39823 0.0251919
709.6 4.39823 0.0256759
709.8 4.39823 0.00604944
710 4.39823 -0.0325307
710.2 4.39823 -0.0631615
710.4 4.39823 -0.0554943
710.6 4.39823 -0.00695311
710.8 4.39823 0.0509709
711 4.39823 0.0791804
711.2 4.39823 0.0649028
711.4 4.39823 0.0313881
711.6 4.39823 0.0161194
711.8 4.39823 0.0371947
712 4.39823 0.0751534
712.2 4.39823 0.0851714
712.4 4.39823 0.0336607
712.6 4.39823 -0.0667965
712.8 4.39823 -0.156242
713 4.39823 -0.169929
713.2 4.39823 -0.0952334
713.4 4.39823 0.010835
713.6 4.39823 0.0677761
713.8 4.39823 0.0431587
714 4.39823 -0.0206488
714.2 4.39823 -0.0524308
714.4 4.39823 -0.0229561
714.6 4.39823 0.0337926
714.8 4.39823 0.0668187
715 4.39823 0.0640367
715.2 4.39823 0.0548318
715.4 4.39823 0.0634072
715.6 4.39823 0.0754052
715.8 4.39823 0.0584952
716 4.39823 0.00722455
716.2 4.39823 -0.0462941
716.4 4.39823 -0.0681138
716.6 4.39823 -0.0577034
716.8 4.39823 -0.03996
717 4.39823 -0.0294688
717.2 4.39823 -0.0159837
717.4 4.39823 0.0126654
717.6 4.39823 0.045978
717.8 4.39823 0.0604667
718 4.39823 0.0499345
718.2 4.39823 0.0337284
718.4 4.39823 0.0310721
718.6 4.39823 0.0373763
718.8 4.39823 0.0352467
719 4.39823 0.0230458
719.2 4.39823 0.0179438
719.4 4.39823 0.0268363
719.6 4.39823 0.0280762
719.8 4.39823 -0.00287465
720 4.39823 -0.0524514
720.2 4.39823 -0.0712528
720.4 4.39823 -0.0285022
720.6 4.39823 0.0437143
720.8 4.39823 0.0765644
721 4.39823 0.0384716
721.2 4.39823 -0.0272976
721.4 4.39823 -0.0487179
721.6 4.39823 -0.00435722
721.8 4.39823 0.0538801
722 4.39823 0.0583484
722.2 4.39823 -0.00310268
722.4 4.39823 -0.0790909
722.6 4.39823 -0.110021
722.8 4.39823 -0.0805396
723 4.39823 -0.0194526
723.2 4.39823 0.0361758
723.4 4.39823 0.0660128
723.6 4.39823 0.0645588
723.8 4.39823 0.0343561
724 4.39823 -0.00987817
724.2 4.39823 -0.0407154
724.4 4.39823 -0.0371171
724.6 4.39823 -0.00717079
724.8 4.39823 0.0170584
725 4.39823 0.0130483
725.2 4.39823 -0.00829097
725.4 4.39823 -0.0184195
725.6 4.39823 -0.0073297
725.8 4.39823 0.00542683
726 4.39823 -0.00239111
726.2 4.39823 -0.0269138
726.4 4.39823 -0.0441544
726.6 4.39823 -0.0401464
726.8 4.39823 -0.0240261
727 4.39823 -0.00958839
727.2 4.39823 0.00445399
727.4 4.39823 0.025814
727.6 4.39823 0.0465344
727.8 4.39823 0.045715
728 4.39823 0.0200892
728.2 4.39823 -0.000314724
728.4 4.39823 0.0177026
728.6 4.39823 0.0658729
728.8 4.39823 0.095447
729 4.39823 0.0719605
729.2 4.39823 0.0203937
729.4 4.39823 0.000140824
729.6 4.39823 0.0334425
729.8 4.39823 0.0732029
730 4.39823 0.0537965
730.2 4.39823 -0.0310225
730.4 4.39823 -0.114991
730.6 4.39823 -0.127862
730.8 4.39823 -0.0672961
731 4.39823 0.00496651
731.2 4.39823 0.0309987
731.4 4.39823 0.00788853
731.6 4.39823 -0.0274617
731.8 4.39823 -0.0465428
732 4.39823 -0.0483517
732.2 4.39823 -0.0396856
732.4 4.39823 -0.0193633
732.6 4.39823 0.00768714
732.8 4.39823 0.0158942
733 4.39823 -0.0188934
733.2 4.39823 -0.0789585
733.4 4.39823 -0.104605
733.6 4.39823 -0.0520694
733.8 4.39823 0.0507526
734 4.39823 0.121772
734.2 4.39823 0.106136
734.4 4.39823 0.0328643
734.6 4.39823 -0.0187379
734.8 4.39823 -0.00570401
735 4.39823 0.0369464
735.2 4.39823 0.04308
735.4 4.39823 -0.00736806
735.6 4.39823 -0.0691706
735.8 4.39823 -0.085848
736 4.39823 -0.0489881
736.2 4.39823 0.00125594
736.4 4.39823 0.0246494
736.6 4.39823 0.0171374
736.8 4.39823 0.000855462
737 4.39823 -0.00713774
737.2 4.39823 -0.00702462
737.4 4.39823 -0.00467412
737.6 4.39823 -0.0020146
737.8 4.39823 -0.00182404
738 4.39823 -0.0114483
738.2 4.39823 -0.0325893
738.4 4.39823 -0.0518854
738.6 4.39823 -0.0530602
738.8 4.39823 -0.0407044
739 4.39823 -0.0414267
739.2 4.39823 -0.0716568
739.4 4.39823 -0.10844
739.6 4.39823 -0.105512
739.8 4.39823 -0.0444892
740 4.39823 0.0374428
740.2 4.39823 0.0808992
740.4 4.39823 0.0647063
740.6 4.39823 0.0241965
740.8 4.39823 0.00649845
741 4.39823 0.0174382
741.2 4.39823 0.0233802
741.4 4.39823 0.00265476
741.6 4.39823 -0.0211846
741.8 4.39823 -0.00875158
742 4.39823 0.0391977
742.2 4.39823 0.071678
742.4 4.39823 0.0415767
742.6 4.39823 -0.0380427
742.8 4.39823 -0.103954
743 4.39823 -0.109873
743.2 4.39823 -0.0741768
743.4 4.39823 -0.0535575
743.6 4.39823 -0.0751236
743.8 4.39823 -0.10673
744 4.39823 -0.0982724
744.2 4.39823 -0.0433221
744.4 4.39823 0.011733
744.6 4.39823 0.0205688
744.8 4.39823 -0.0107363
745 4.39823 -0.032065
745.2 4.39823 -0.00752852
745.4 4.39823 0.0431291
745.6 4.39823 0.0658652
745.8 4.39823 0.0314801
746 4.39823 -0.0322654
746.2 4.39823 -0.0679562
746.4 4.39823 -0.043795
746.6 4.39823 0.0205794
746.8 4.39823 0.0793083
747 4.39823 0.104177
747.2 4.39823 0.101754
747.4 4.39823 0.0925395
747.6 4.39823 0.0822892
747.8 4.39823 0.0587462
748 4.39823 0.0140019
748.2 4.39823 -0.0370493
748.4 4.39823 -0.0656332
748.6 4.39823 -0.0565145
748.8 4.39823 -0.0235853
749 4.39823 0.00357554
749.2 4.39823 0.00770195
749.4 4.39823 -0.00312165
749.6 4.39823 -0.00912416
749.8 4.39823 -0.00147504
750 4.39823 0.0116114
750.2 4.39823 0.0191823
750.4 4.39823 0.0219192
750.6 4.39823 0.0280798
750.8 4.39823 0.0376529
751 4.39823 0.0377727
751.2 4.39823 0.0185564
751.4 4.39823 -0.00968932
751.6 4.39823 -0.0230012
751.8 4.39823 -0.0117048
752 4.39823 0.00256981
752.2 4.39823 -0.0134543
752.4 4.39823 -0.0637261
752.6 4.39823 -0.106446
752.8 4.39823 -0.0881125
753 4.39823 0.000707759
753.2 4.39823 0.105954
753.4 4.39823 0.153468
753.6 4.39823 0.116545
753.8 4.39823 0.0403607
754 4.39823 -0.002382
754.2 4.39823 0.0192019
754.4 4.39823 0.0693234
754.6 4.39823 0.0876907
754.8 4.39823 0.0520849
755 4.39823 -0.00369965
755.2 4.39823 -0.0311313
755.4 4.39823 -0.019301
755.6 4.39823 -0.00183623
755.8 4.39823 -0.0145996
756 4.39823 -0.0538808
756.2 4.39823 -0.0806765
756.4 4.39823 -0.0636089
756.6 4.39823 -0.011584
756.8 4.39823 0.0376315
757 4.39823 0.0560643
757.2 4.39823 0.0484232
757.4 4.39823 0.0390967
757.6 4.39823 0.0446116
757.8 4.39823 0.0627448
758 4.39823 0.0823263
758.2 4.39823 0.0933415
758.4 4.39823 0.0856045
758.6 4.39823 0.0485511
758.8 4.39823 -0.0149377
759 4.39823 -0.0746695
759.2 4.39823 -0.0876369
759.4 4.39823 -0.0399157
759.6 4.39823 0.0273816
759.8 4.39823 0.0483058
760 4.39823 -0.00146932
760.2 4.39823 -0.0719434
760.4 4.39823 -0.0845941
760.6 4.39823 -0.0153595
760.8 4.39823 0.0754404
761 4.39823 0.103758
761.2 4.39823 0.0501527
761.4 4.39823 -0.0222664
761.6 4.39823 -0.0405104
761.8 4.39823 -0.00192459
762 4.39823 0.0296682
762.2 4.39823 0.00515167
762.4 4.39823 -0.0485441
762.6 4.39823 -0.0603694
762.8 4.39823 -0.0028353
763 4.39823 0.068635
763.2 4.39823 0.0726262
763.4 4.39823 -0.00886641
763.6 4.39823 -0.109351
763.8 4.39823 -0.146935
764 4.39823 -0.10455
764.2 4.39823 -0.0363986
764.4 4.39823 -0.00198518
764.6 4.39823 -0.00675293
764.8 4.39823 -0.0107058
765 4.39823 0.015319
765.2 4.39823 0.0540563
765.4 4.39823 0.0628571
765.6 4.39823 0.0218394
765.8 4.39823 -0.0440183
766 4.39823 -0.0872819
766.2 4.39823 -0.07891
766.4 4.39823 -0.0304712
766.6 4.39823 0.0167864
766.8 4.39823 0.0245683
767 4.39823 -0.0121124
767.2 4.39823 -0.059043
767.4 4.39823 -0.0700269
767.6 4.39823 -0.0291781
767.8 4.39823 0.0301703
768 4.39823 0.0543371
768.2 4.39823 0.023795
768.4 4.39823 -0.0231641
768.6 4.39823 -0.0282664
768.8 4.39823 0.0236811
769 4.39823 0.08593
769.2 4.39823 0.0986464
769.4 4.39823 0.0518836
769.6 4.39823 -0.00812808
769.8 4.39823 -0.0334795
770 4.39823 -0.022526
770.2 4.39823 -0.00679476
770.4 4.39823 -0.00124978
770.6 4.39823 0.0120099
770.8 4.39823 0.0450353
771 4.39823 0.0675256
771.2 4.39823 0.0328706
771.4 4.39823 -0.0561842
771.6 4.39823 -0.128312
771.8 4.39823 -0.110749
772 4.39823 -0.0146588
772.2 4.39823 0.0636377
772.4 4.39823 0.0387353
772.6 4.39823 -0.0723303
772.8 4.39823 -0.165738
773 4.39823 -0.157169
773.2 4.39823 -0.0629925
773.4 4.39823 0.0281521
773.6 4.39823 0.0528141
773.8 4.39823 0.0285296
774 4.39823 0.0154881
774.2 4.39823 0.0406796
774.4 4.39823 0.0730126
774.6 4.39823 0.067802
774.8 4.39823 0.0197587
775 4.39823 -0.0342949
775.2 4.39823 -0.0557644
775.4 4.39823 -0.0368133
775.6 4.39823 0.00363001
775.8 4.39823 0.0427837
776 4.39823 0.0667974
776.2 4.39823 0.0701326
776.4 4.39823 0.0552435
776.6 4.39823 0.0350009
776.8 4.39823 0.026126
777 4.39823 0.0328136
777.2 4.39823 0.0395994
777.4 4.39823 0.0277129
777.6 4.39823 -0.000678602
777.8 4.39823 -0.0205835
778 4.39823 -0.0102964
778.2 4.39823 0.0236066
778.4 4.39823 0.052161
778.6 4.39823 0.0538716
778.8 4.39823 0.0339315
779 4.39823 0.0132785
779.2 4.39823 0.00467815
779.4 4.39823 0.00474667
779.6 4.39823 0.00632714
779.8 4.39823 0.0101347
780 4.39823 0.0204019
780.2 4.39823 0.0340337
780.4 4.39823 0.0408551
780.6 4.39823 0.0350688
780.8 4.39823 0.022043
781 4.39823 0.0122015
781.2 4.39823 0.0116438
781.4 4.39823 0.0209651
781.6 4.39823 0.0390314
781.8 4.39823 0.0619121
782 4.39823 0.0790029
782.2 4.39823 0.0784019
782.4 4.39823 0.0611825
782.6 4.39823 0.0453188
782.8 4.39823 0.0462932
783 4.39823 0.0529164
783.2 4.39823 0.0319965
783.4 4.39823 -0.0336386
783.6 4.39823 -0.113925
783.8 4.39823 -0.149241
784 4.39823 -0.10649
784.2 4.39823 -0.0161707
784.4 4.39823 0.0523184
784.6 4.39823 0.0536216
784.8 4.39823 0.00321674
785 4.39823 -0.0462533
785.2 4.39823 -0.0588453
785.4 4.39823 -0.0428829
785.6 4.39823 -0.0310979
785.8 4.39823 -0.0423999
786 4.39823 -0.0648041
786.2 4.39823 -0.0693004
786.4 4.39823 -0.0359535
786.6 4.39823 0.0289131
786.8 4.39823 0.0934554
787 4.39823 0.118758
787.2 4.39823 0.0879623
787.4 4.39823 0.0256122
787.6 4.39823 -0.0158566
787.8 4.39823 -0.000443823
788 4.39823 0.0554284
788.2 4.39823 0.0961904
788.4 4.39823 0.0826666
788.6 4.39823 0.0322059
788.8 4.39823 -0.00249071
789 4.39823 0.00709334
789.2 4.39823 0.0357927
789.4 4.39823 0.039303
789.6 4.39823 0.00952233
789.8 4.39823 -0.0170295
790 4.39823 -0.00610298
790.2 4.39823 0.0319522
790.4 4.39823 0.056643
790.6 4.39823 0.0474984
790.8 4.39823 0.0253607
791 4.39823 0.0210134
791.2 4.39823 0.036101
791.4 4.39823 0.0475443
791.6 4.39823 0.0446081
791.8 4.39823 0.0436203
792 4.39823 0.0593203
792.2 4.39823 0.0758045
792.4 4.39823 0.0636274
792.6 4.39823 0.0244147
792.8 4.39823 -0.000348518
793 4.39823 0.0229292
793.2 4.39823 0.0723405
793.4 4.39823 0.0882987
793.6 4.39823 0.0417509
793.8 4.39823 -0.0300004
794 4.39823 -0.0665219
794.2 4.39823 -0.0553001
794.4 4.39823 -0.0424043
794.6 4.39823 -0.0693902
794.8 4.39823 -0.11607
795 4.39823 -0.121882
795.2 4.39823 -0.060763
795.4 4.39823 0.0223916
795.6 4.39823 0.05811
795.8 4.39823 0.0261115
796 4.39823 -0.0281852
796.2 4.39823 -0.0467914
796.4 4.39823 -0.0159282
796.6 4.39823 0.0327601
796.8 4.39823 0.0636835
797 4.39823 0.0666974
797.2 4.39823 0.051069
797.4 4.39823 0.0282562
797.6 4.39823 0.0086568
797.8 4.39823 0.00311192
798 4.39823 0.0117276
798.2 4.39823 0.0126945
798.4 4.39823 -0.0205886
798.6 4.39823 -0.0813363
798.8 4.39823 -0.119076
799 4.39823 -0.085465
799.2 4.39823 0.00549724
799.4 4.39823 0.076911
799.6 4.39823 0.0614488
799.8 4.39823 -0.0276257
800 4.39823 -0.107456
800.2 4.39823 -0.109456
800.4 4.39823 -0.0449853
800.6 4.39823 0.0150232
800.8 4.39823 0.0163314
801 4.39823 -0.0321974
801.2 4.39823 -0.0814993
801.4 4.39823 -0.0943816
801.6 4.39823 -0.0681948
801.8 4.39823 -0.0205947
802 4.39823 0.0272776
802.2 4.39823 0.0532108
802.4 4.39823 0.0397211
802.6 4.39823 -0.00602532
802.8 4.39823 -0.0446581
803 4.39823 -0.0362824
803.2 4.39823 0.0128058
803.4 4.39823 0.0480722
803.6 4.39823 0.0254675
803.8 4.39823 -0.0319383
804 4.39823 -0.0524674
804.2 4.39823 0.00227284
804.4 4.39823 0.0861289
804.6 4.39823 0.113444
804.8 4.39823 0.0532553
805 4.39823 -0.0359236
805.2 4.39823 -0.0708128
805.4 4.39823 -0.0312313
805.6 4.39823 0.0290516
805.8 4.39823 0.0525372
806 4.39823 0.0384152
806.2 4.39823 0.0247818
806.4 4.39823 0.027068
806.6 4.39823 0.018619
806.8 4.39823 -0.0235746
807 4.39823 -0.0744824
807.2 4.39823 -0.0827992
807.4 4.39823 -0.0346184
807.6 4.39823 0.0237138
807.8 4.39823 0.0368582
808 4.39823 0.0045335
808.2 4.39823 -0.0202118
808.4 4.39823 0.00346537
808.6 4.39823 0.0551881
808.8 4.39823 0.0788279
809 4.39823 0.0480268
809.2 4.39823 -0.00794772
809.4 4.39823 -0.0446552
809.6 4.39823 -0.0536443
809.8 4.39823 -0.061154
810 4.39823 -0.0820698
810.2 4.39823 -0.0929765
810.4 4.39823 -0.0601354
810.6 4.39823 0.0141842
810.8 4.39823 0.0871116
811 4.39823 0.118396
811.2 4.39823 0.108347
811.4 4.39823 0.0856801
811.6 4.39823 0.0655629
811.8 4.39823 0.0346786
812 4.39823 -0.0173913
812.2 4.39823 -0.064423
812.4 4.39823 -0.0583597
812.6 4.39823 0.0167372
812.8 4.39823 0.115061
813 4.39823 0.164659
813.2 4.39823 0.134942
813.4 4.39823 0.0625976
813.6 4.39823 0.0083898
813.8 4.39823 -0.00447245
814 4.39823 -0.000950607
814.2 4.39823 -0.00847156
814.4 4.39823 -0.0173718
814.6 4.39823 0.000471082
814.8 4.39823 0.0407368
815 4.39823 0.0559357
815.2 4.39823 0.00974373
815.4 4.39823 -0.0665938
815.6 4.39823 -0.0940859
815.8 4.39823 -0.0330943
816 4.39823 0.0609779
816.2 4.39823 0.0880203
816.4 4.39823 0.012962
816.6 4.39823 -0.0900661
816.8 4.39823 -0.116654
817 4.39823 -0.0479002
817.2 4.39823 0.0306984
817.4 4.39823 0.0316021
817.6 4.39823 -0.0315719
817.8 4.39823 -0.0634391
818 4.39823 -0.00560748
818.2 4.39823 0.0884283
818.4 4.39823 0.114127
818.6 4.39823 0.0397404
818.8 4.39823 -0.0560309
819 4.39823 -0.0762165
819.2 4.39823 -0.0154911
819.4 4.39823 0.042383
819.6 4.39823 0.0294644
819.8 4.39823 -0.0303554
820 4.39823 -0.0607754
820.2 4.39823 -0.0286086
820.4 4.39823 0.0254777
820.6 4.39823 0.0486166
820.8 4.39823 0.0389672
821 4.39823 0.0295488
821.2 4.39823 0.0274672
821.4 4.39823 0.0027241
821.6 4.39823 -0.0551986
821.8 4.39823 -0.0986615
822 4.39823 -0.069093
822.2 4.39823 0.0217731
822.4 4.39823 0.0884874
822.6 4.39823 0.0653065
822.8 4.39823 -0.014629
823 4.39823 -0.0578339
823.2 4.39823 -0.0249057
823.4 4.39823 0.021369
823.6 4.39823 -0.00272846
823.8 4.39823 -0.0913841
824 4.39823 -0.14869
824.2 4.39823 -0.10074
824.4 4.39823 0.0171569
824.6 4.39823 0.102482
824.8 4.39823 0.0998929
825 4.39823 0.0477568
825.2 4.39823 0.0124902
825.4 4.39823 0.00736499
825.6 4.39823 -0.00108518
825.8 4.39823 -0.0237807
826 4.39823 -0.0246329
826.2 4.39823 0.0223516
826.4 4.39823 0.0795698
826.6 4.39823 0.0818771
826.8 4.39823 0.0231366
827 4.39823 -0.024794
827.2 4.39823 0.00282531
827.4 4.39823 0.0778398
827.6 4.39823 0.106901
827.8 4.39823 0.0451887
828 4.39823 -0.0447998
828.2 4.39823 -0.0655469
828.4 4.39823 -0.000676101
828.6 4.39823 0.0678319
828.8 4.39823 0.0604833
829 4.39823 -0.00699782
829.2 4.39823 -0.0493145
829.4 4.39823 -0.017134
829.6 4.39823 0.0493018
829.8 4.39823 0.0760864
830 4.39823 0.0419722
830.2 4.39823 -0.00878611
830.4 4.39823 -0.0283944
830.6 4.39823 -0.0145014
830.8 4.39823 0.00734213
831 4.39823 0.0264439
831.2 4.39823 0.0507975
831.4 4.39823 0.0761658
831.6 4.39823 0.0776645
831.8 4.39823 0.0430707
832 4.39823 -0.00114993
832.2 4.39823 -0.0150308
832.4 4.39823 0.00791394
832.6 4.39823 0.0364704
832.8 4.39823 0.0470841
833 4.39823 0.0544535
833.2 4.39823 0.0822656
833.4 4.39823 0.115302
833.6 4.39823 0.106732
833.8 4.39823 0.0404507
834 4.39823 -0.0338748
834.2 4.39823 -0.0485295
834.4 4.39823 0.00440027
834.6 4.39823 0.0633873
834.8 4.39823 0.0706928
835 4.39823 0.0363224
835.2 4.39823 0.0137702
835.4 4.39823 0.0243131
835.6 4.39823 0.0327797
835.8 4.39823 0.00438117
836 4.39823 -0.0401553
836.2 4.39823 -0.051155
836.4 4.39823 -0.0230182
836.6 4.39823 -0.0086874
836.8 4.39823 -0.047386
837 4.39823 -0.100723
837.2 4.39823 -0.0910404
837.4 4.39823 -0.00264977
837.6 4.39823 0.0851631
837.8 4.39823 0.0854452
838 4.39823 0.00785853
838.2 4.39823 -0.05118
838.4 4.39823 -0.0240585
838.6 4.39823 0.0490778
838.8 4.39823 0.0742192
839 4.39823 0.0190982
839.2 4.39823 -0.0537906
839.4 4.39823 -0.0718188
839.6 4.39823 -0.04031
839.8 4.39823 -0.0237477
840 4.39823 -0.0539975
840.2 4.39823 -0.0903577
840.4 4.39823 -0.0799325
840.6 4.39823 -0.0308997
840.8 4.39823 0.00104092
841 4.39823 -0.00998939
841.2 4.39823 -0.0282162
841.4 4.39823 -0.0137654
841.6 4.39823 0.0133637
841.8 4.39823 -0.00280235
842 4.39823 -0.0702115
842.2 4.39823 -0.121302
842.4 4.39823 -0.0899417
842.6 4.39823 0.000267479
842.8 4.39823 0.0537413
843 4.39823 0.0126608
843.2 4.39823 -0.0735526
843.4 4.39823 -0.105232
843.6 4.39823 -0.046066
843.8 4.39823 0.0431765
844 4.39823 0.0836478
844.2 4.39823 0.0665286
844.4 4.39823 0.0460792
844.6 4.39823 0.0605867
844.8 4.39823 0.0886799
845 4.39823 0.0889535
845.2 4.39823 0.0584367
845.4 4.39823 0.0299846
845.6 4.39823 0.0208575
845.8 4.39823 0.0109566
846 4.39823 -0.0190966
846.2 4.39823 -0.0490269
846.4 4.39823 -0.0404358
846.6 4.39823 0.00734683
846.8 4.39823 0.046718
847 4.39823 0.0371968
847.2 4.39823 -0.00411391
847.4 4.39823 -0.0261841
847.6 4.39823 -0.0127027
847.8 4.39823 -0.0039113
848 4.39823 -0.0398389
848.2 4.39823 -0.0985001
848.4 4.39823 -0.113437
848.6 4.39823 -0.0532244
848.8 4.39823 0.0368512
849 4.39823 0.0846432
849.2 4.39823 0.071639
849.4 4.39823 0.0453583
849.6 4.39823 0.0525865
849.8 4.39823 0.0805969
850 4.39823 0.0785623
850.2 4.39823 0.0275176
850.4 4.39823 -0.0313059
850.6 4.39823 -0.0431082
850.8 4.39823 -0.000876061
851 4.39823 0.0510434
851.2 4.39823 0.0680616
851.4 4.39823 0.0466265
851.6 4.39823 0.0147337
851.8 4.39823 -0.00344655
852 4.39823 -0.00345839
852.2 4.39823 0.00903552
852.4 4.39823 0.0264523
852.6 4.39823 0.0349646
852.8 4.39823 0.0168502
853 4.39823 -0.0296757
853.2 4.39823 -0.077108
853.4 4.39823 -0.0889043
853.6 4.39823 -0.0575542
853.8 4.39823 -0.0141161
854 4.39823 0.00596464
854.2 4.39823 -7.52489e-05
854.4 4.39823 -0.00836204
854.6 4.39823 -0.005818
854.8 4.39823 -0.00456423
855 4.39823 -0.0125681
855.2 4.39823 -0.00619244
855.4 4.39823 0.0451995
855.6 4.39823 0.124776
855.8 4.39823 0.160272
856 4.39823 0.0918408
856.2 4.39823 -0.052667
856.4 4.39823 -0.168501
856.6 4.39823 -0.171067
856.8 4.39823 -0.0764243
857 4.39823 0.0229448
857.2 4.39823 0.0565299
857.4 4.39823 0.0365207
857.6 4.39823 0.0206918
857.8 4.39823 0.0347005
858 4.39823 0.0500555
858.2 4.39823 0.0343303
858.4 4.39823 -0.000263559
858.6 4.39823 -0.0133011
858.8 4.39823 0.00895504
859 4.39823 0.0352369
859.2 4.39823 0.0304595
859.4 4.39823 0.000470425
859.6 4.39823 -0.0179056
859.8 4.39823 -0.00601397
860 4.39823 0.0140816
860.2 4.39823 0.0117402
860.4 4.39823 -0.00975673
860.6 4.39823 -0.0169855
860.8 4.39823 0.00897388
861 4.39823 0.0457103
861.2 4.39823 0.0554272
861.4 4.39823 0.031074
861.6 4.39823 0.00525501
861.8 4.39823 0.0115476
862 4.39823 0.0451127
862.2 4.39823 0.0672354
862.4 4.39823 0.0459481
862.6 4.39823 -0.0125643
862.8 4.39823 -0.0703067
863 4.39823 -0.0881261
863.2 4.39823 -0.0511476
863.4 4.39823 0.0255564
863.6 4.39823 0.106766
863.8 4.39823 0.155558
864 4.39823 0.154107
864.2 4.39823 0.115194
864.4 4.39823 0.070931
864.6 4.39823 0.0445586
864.8 4.39823 0.0324917
865 4.39823 0.0166389
865.2 4.39823 -0.00822535
865.4 4.39823 -0.0270834
865.6 4.39823 -0.0276845
865.8 4.39823 -0.0227518
866 4.39823 -0.0378619
866.2 4.39823 -0.0761716
866.4 4.39823 -0.106207
866.6 4.39823 -0.0942101
866.8 4.39823 -0.0448252
867 4.39823 0.00147666
867.2 4.39823 0.0141928
867.4 4.39823 0.00570238
867.6 4.39823 0.00896366
867.8 4.39823 0.0279799
868 4.39823 0.0267433
868.2 4.39823 -0.0240907
868.4 4.39823 -0.0988295
868.6 4.39823 -0.130813
868.8 4.39823 -0.0797016
869 4.39823 0.0232041
869.2 4.39823 0.10315
869.4 4.39823 0.111421
869.6 4.39823 0.0604208
869.8 4.39823 -0.00495081
870 4.39823 -0.0550233
870.2 4.39823 -0.0875646
870.4 4.39823 -0.105081
870.6 4.39823 -0.101172
870.8 4.39823 -0.0761067
871 4.39823 -0.0517241
871.2 4.39823 -0.0534831
871.4 4.39823 -0.0772013
871.6 4.39823 -0.0878959
871.8 4.39823 -0.0606369
872 4.39823 -0.0147772
872.2 4.39823 0.00531527
872.4 4.39823 -0.0163117
872.6 4.39823 -0.0461521
872.8 4.39823 -0.0417699
873 4.39823 -0.00474872
873.2 4.39823 0.0210918
873.4 4.39823 0.00543757
873.6 4.39823 -0.0295294
873.8 4.39823 -0.0377779
874 4.39823 -0.00978276
874.2 4.39823 0.0135298
874.4 4.39823 -0.00639377
874.6 4.39823 -0.0529597
874.8 4.39823 -0.071837
875 4.39823 -0.0402832
875.2 4.39823 -0.00153391
875.4 4.39823 -0.0163596
875.6 4.39823 -0.0868979
875.8 4.39823 -0.146233
876 4.39823 -0.130389
876.2 4.39823 -0.050838
876.4 4.39823 0.0171728
876.6 4.39823 0.0165547
876.8 4.39823 -0.0334372
877 4.39823 -0.065331
877.2 4.39823 -0.0396976
877.4 4.39823 0.0181683
877.6 4.39823 0.0549419
877.8 4.39823 0.0480141
878 4.39823 0.019468
878.2 4.39823 0.000925784
878.4 4.39823 0.000157128
878.6 4.39823 0.00610549
878.8 4.39823 0.0138668
879 4.39823 0.0303497
879.2 4.39823 0.0556685
879.4 4.39823 0.0719056
879.6 4.39823 0.0599986
879.8 4.39823 0.0246422
880 4.39823 -0.00639335
880.2 4.39823 -0.0104663
880.4 4.39823 0.00718497
880.6 4.39823 0.0220307
880.8 4.39823 0.0179813
881 4.39823 0.00165504
881.2 4.39823 -0.00949363
881.4 4.39823 -0.00728598
881.6 4.39823 0.00107817
881.8 4.39823 0.00222473
882 4.39823 -0.0124759
882.2 4.39823 -0.0417205
882.4 4.39823 -0.0727138
882.6 4.39823 -0.0844103
882.8 4.39823 -0.061845
883 4.39823 -0.0160552
883.2 4.39823 0.0136336
883.4 4.39823 -0.00955821
883.6 4.39823 -0.0784265
883.8 4.39823 -0.136979
884 4.39823 -0.129361
884.2 4.39823 -0.0591113
884.4 4.39823 0.00715069
884.6 4.39823 0.00359115
884.8 4.39823 -0.0668253
885 4.39823 -0.1334
885.2 4.39823 -0.128622
885.4 4.39823 -0.0540865
885.6 4.39823 0.0265179
885.8 4.39823 0.0543552
886 4.39823 0.027116
886.2 4.39823 -0.014001
886.4 4.39823 -0.0363675
886.6 4.39823 -0.0438467
886.8 4.39823 -0.0562521
887 4.39823 -0.0755689
887.2 4.39823 -0.0826072
887.4 4.39823 -0.0630059
887.6 4.39823 -0.0255923
887.8 4.39823 0.00860358
888 4.39823 0.0281556
888.2 4.39823 0.0356052
888.4 4.39823 0.0343228
888.6 4.39823 0.0222688
888.8 4.39823 0.00313052
889 4.39823 -0.00486727
889.2 4.39823 0.0162238
889.4 4.39823 0.0574001
889.6 4.39823 0.0794003
889.8 4.39823 0.046541
890 4.39823 -0.0333714
890.2 4.39823 -0.107288
890.4 4.39823 -0.120384
890.6 4.39823 -0.0637381
890.8 4.39823 0.0197289
891 4.39823 0.0741155
891.2 4.39823 0.075444
891.4 4.39823 0.0430927
891.6 4.39823 0.0147795
891.8 4.39823 0.0136009
892 4.39823 0.0351161
892.2 4.39823 0.0584539
892.4 4.39823 0.0661485
892.6 4.39823 0.0556091
892.8 4.39823 0.0360874
893 4.39823 0.0168858
893.2 4.39823 -0.00174087
893.4 4.39823 -0.0261367
893.6 4.39823 -0.0572017
893.8 4.39823 -0.0819202
894 4.39823 -0.0805605
894.2 4.39823 -0.0460503
894.4 4.39823 0.00425173
894.6 4.39823 0.0399225
894.8 4.39823 0.0439337
895 4.39823 0.027742
895.2 4.39823 0.01874
895.4 4.39823 0.032615
895.6 4.39823 0.0595748
895.8 4.39823 0.0774094
896 4.39823 0.0744434
896.2 4.39823 0.0568154
896.4 4.39823 0.0353798
896.6 4.39823 0.0123091
896.8 4.39823 -0.0147798
897 4.39823 -0.03843
897.2 4.39823 -0.0397605
897.4 4.39823 -0.00739836
897.6 4.39823 0.043489
897.8 4.39823 0.0780854
898 4.39823 0.0728565
898.2 4.39823 0.0390895
898.4 4.39823 0.0111647
898.6 4.39823 0.00985792
898.8 4.39823 0.0209476
899 4.39823 0.0150209
899.2 4.39823 -0.0123322
899.4 4.39823 -0.0279801
899.6 4.39823 0.00301258
899.8 4.39823 0.0696126
900 4.39823 0.112712
900.2 4.39823 0.0816398
900.4 4.39823 -0.00666129
900.6 4.39823 -0.0751482
900.8 4.39823 -0.0634213
901 4.39823 0.00452567
901.2 4.39823 0.0397071
901.4 4.39823 -0.0170262
901.6 4.39823 -0.124802
901.8 4.39823 -0.179091
902 4.39823 -0.121722
902.2 4.39823 -0.00675968
902.4 4.39823 0.0537754
902.6 4.39823 0.00803386
902.8 4.39823 -0.083007
903 4.39823 -0.115711
903.2 4.39823 -0.0572584
903.4 4.39823 0.0244576
903.6 4.39823 0.0434884
903.8 4.39823 -0.00816733
904 4.39823 -0.0603809
904.2 4.39823 -0.053474
904.4 4.39823 -0.00668085
904.6 4.39823 0.0119446
904.8 4.39823 -0.0283769
905 4.39823 -0.0847931
905.2 4.39823 -0.0937205
905.4 4.39823 -0.0446485
905.6 4.39823 0.0123445
905.8 4.39823 0.0266439
906 4.39823 -0.00236477
906.2 4.39823 -0.0381872
906.4 4.39823 -0.0545905
906.6 4.39823 -0.0537657
906.8 4.39823 -0.0429281
907 4.39823 -0.0155332
907.2 4.39823 0.0311738
907.4 4.39823 0.0720512
907.6 4.39823 0.0697428
907.8 4.39823 0.0202348
908 4.39823 -0.0324872
908.2 4.39823 -0.0420235
908.4 4.39823 -0.0149532
908.6 4.39823 -0.00415718
908.8 4.39823 -0.0420435
909 4.39823 -0.0946855
909.2 4.39823 -0.0973798
909.4 4.39823 -0.0322329
909.6 4.39823 0.0467988
909.8 4.39823 0.0737405
910 4.39823 0.0432773
910.2 4.39823 0.00999313
910.4 4.39823 0.0187762
910.6 4.39823 0.0544526
910.8 4.39823 0.0694524
911 4.39823 0.0478277
911.2 4.39823 0.0223137
911.4 4.39823 0.0267539
911.6 4.39823 0.0507695
911.8 4.39823 0.0562774
912 4.39823 0.0302427
912.2 4.39823 0.000948255
912.4 4.39823 -0.00309247
912.6 4.39823 0.00726075
912.8 4.39823 0.000499232
913 4.39823 -0.0234696
913.2 4.39823 -0.0231011
913.4 4.39823 0.0306808
913.6 4.39823 0.103525
913.8 4.39823 0.123232
914 4.39823 0.0610929
914.2 4.39823 -0.0274057
914.4 4.39823 -0.0580369
914.6 4.39823 -0.00977137
914.8 4.39823 0.0533788
915 4.39823 0.0561139
915.2 4.39823 -0.00454168
915.4 4.39823 -0.0613502
915.6 4.39823 -0.0577924
915.8 4.39823 -0.0112565
916 4.39823 0.0115794
916.2 4.39823 -0.0267704
916.4 4.39823 -0.0932385
916.6 4.39823 -0.121455
916.8 4.39823 -0.0803068
917 4.39823 -0.000749598
917.2 4.39823 0.0576912
917.4 4.39823 0.0583971
917.6 4.39823 0.0100122
917.8 4.39823 -0.0477645
918 4.39823 -0.0726308
918.2 4.39823 -0.0438568
918.4 4.39823 0.0247096
918.6 4.39823 0.0888931
918.8 4.39823 0.10107
919 4.39823 0.0469809
919.2 4.39823 -0.0382135
919.4 4.39823 -0.0951883
919.6 4.39823 -0.0881546
919.8 4.39823 -0.0313288
920 4.39823 0.0288372
920.2 4.39823 0.0544787
920.4 4.39823 0.0405805
920.6 4.39823 0.00744285
920.8 4.39823 -0.0207401
921 4.39823 -0.0290141
921.2 4.39823 -0.0148238
921.4 4.39823 0.010358
921.6 4.39823 0.022832
921.8 4.39823 0.00134945
922 4.39823 -0.051011
922.2 4.39823 -0.101739
922.4 4.39823 -0.114228
922.6 4.39823 -0.0822209
922.8 4.39823 -0.0359943
923 4.39823 -0.0117786
923.2 4.39823 -0.0175881
923.4 4.39823 -0.0326347
923.6 4.39823 -0.0366418
923.8 4.39823 -0.0311274
924 4.39823 -0.0292987
924.2 4.39823 -0.0335768
924.4 4.39823 -0.0333592
924.6 4.39823 -0.0240374
924.8 4.39823 -0.0166333
925 4.39823 -0.0210514
925.2 4.39823 -0.0262982
925.4 4.39823 -0.010388
925.6 4.39823 0.0270545
925.8 4.39823 0.0533091
926 4.39823 0.0352419
926.2 4.39823 -0.0180819
926.4 4.39823 -0.0578212
926.6 4.39823 -0.0472013
926.8 4.39823 -0.00427119
927 4.39823 0.017458
927.2 4.39823 -0.00893123
927.4 4.39823 -0.0516095
927.6 4.39823 -0.0567169
927.8 4.39823 -0.0111451
928 4.39823 0.0421267
928.2 4.39823 0.0523324
928.4 4.39823 0.0145766
928.6 4.39823 -0.0315096
928.8 4.39823 -0.0494999
929 4.39823 -0.0394652
929.2 4.39823 -0.0229889
929.4 4.39823 -0.00986174
929.6 4.39823 0.00588437
929.8 4.39823 0.0211006
930 4.39823 0.0140788
930.2 4.39823 -0.0271067
930.4 4.39823 -0.0746823
930.6 4.39823 -0.078157
930.8 4.39823 -0.0194063
931 4.39823 0.0581633
931.2 4.39823 0.0877144
931.4 4.39823 0.0466446
931.6 4.39823 -0.0226273
931.8 4.39823 -0.0621712
932 4.39823 -0.0591831
932.2 4.39823 -0.0486893
932.4 4.39823 -0.0612915
932.6 4.39823 -0.0847084
932.8 4.39823 -0.0852368
933 4.39823 -0.0563761
933.2 4.39823 -0.0288319
933.4 4.39823 -0.0288751
933.6 4.39823 -0.0412631
933.8 4.39823 -0.0274738
934 4.39823 0.0228382
934.2 4.39823 0.0740001
934.4 4.39823 0.08498
934.6 4.39823 0.0577357
934.8 4.39823 0.0316445
935 4.39823 0.0316838
935.2 4.39823 0.0376526
935.4 4.39823 0.01488
935.6 4.39823 -0.033719
935.8 4.39823 -0.0640064
936 4.39823 -0.0436402
936.2 4.39823 0.00395726
936.4 4.39823 0.0226062
936.6 4.39823 -0.0120581
936.8 4.39823 -0.0650448
937 4.39823 -0.0849951
937.2 4.39823 -0.0644003
937.4 4.39823 -0.0428582
937.6 4.39823 -0.0511175
937.8 4.39823 -0.0675928
938 4.39823 -0.0429585
938.2 4.39823 0.036076
938.4 4.39823 0.12118
938.6 4.39823 0.146619
938.8 4.39823 0.0935055
939 4.39823 0.00479459
939.2 4.39823 -0.0585245
939.4 4.39823 -0.0680436
939.6 4.39823 -0.0377029
939.8 4.39823 0.0020544
940 4.39823 0.0289951
940.2 4.39823 0.0347912
940.4 4.39823 0.0225313
940.6 4.39823 0.00599267
940.8 4.39823 0.0025602
941 4.39823 0.0152898
941.2 4.39823 0.0230049
941.4 4.39823 -0.00039116
941.6 4.39823 -0.0516288
941.8 4.39823 -0.0916708
942 4.39823 -0.0839693
942.2 4.39823 -0.0376671
942.4 4.39823 -0.00106476
942.6 4.39823 -0.00739604
942.8 4.39823 -0.0363752
943 4.39823 -0.0399707
943.2 4.39823 -0.00194535
943.4 4.39823 0.043816
943.6 4.39823 0.0602014
943.8 4.39823 0.0579697
944 4.39823 0.0815394
944.2 4.39823 0.143929
944.4 4.39823 0.195616
944.6 4.39823 0.174706
944.8 4.39823 0.0821977
945 4.39823 -0.0114169
945.2 4.39823 -0.0415469
945.4 4.39823 -0.0182889
945.6 4.39823 -0.00581665
945.8 4.39823 -0.0387288
946 4.39823 -0.0789585
946.2 4.39823 -0.0655598
946.4 4.39823 0.00547427
946.6 4.39823 0.0703981
946.8 4.39823 0.0686592
947 4.39823 0.00894783
947.2 4.39823 -0.0458069
947.4 4.39823 -0.0508034
947.6 4.39823 -0.0209749
947.8 4.39823 -0.000513866
948 4.39823 -0.0086487
948.2 4.39823 -0.0282084
948.4 4.39823 -0.0386648
948.6 4.39823 -0.0398932
948.8 4.39823 -0.0376697
949 4.39823 -0.0228674
949.2 4.39823 0.0161146
949.4 4.39823 0.063132
949.6 4.39823 0.0772522
949.8 4.39823 0.0391154
950 4.39823 -0.0145948
950.2 4.39823 -0.0210374
950.4 4.39823 0.0390541
950.6 4.39823 0.112482
950.8 4.39823 0.125032
951 4.39823 0.0591343
951.2 4.39823 -0.0276784
951.4 4.39823 -0.0621182
951.6 4.39823 -0.0247362
951.8 4.39823 0.0417273
952 4.39823 0.082318
952.2 4.39823 0.0771178
952.4 4.39823 0.0430558
952.6 4.39823 0.00630219
952.8 4.39823 -0.0164976
953 4.39823 -0.0182842
953.2 4.39823 -0.000832191
953.4 4.39823 0.0203613
953.6 4.39823 0.0213177
953.8 4.39823 -0.00802157
954 4.39823 -0.0476042
954.2 4.39823 -0.0634853
954.4 4.39823 -0.0444249
954.6 4.39823 -0.0160249
954.8 4.39823 -0.0124749
955 4.39823 -0.0382535
955.2 4.39823 -0.0655168
955.4 4.39823 -0.0685564
955.6 4.39823 -0.0504813
955.8 4.39823 -0.0303826
956 4.39823 -0.013419
956.2 4.39823 0.0120808
956.4 4.39823 0.0462303
956.6 4.39823 0.0610544
956.8 4.39823 0.026977
957 4.39823 -0.0450861
957.2 4.39823 -0.100831
957.4 4.39823 -0.0906514
957.6 4.39823 -0.0181342
957.8 4.39823 0.064603
958 4.39823 0.107213
958.2 4.39823 0.101178
958.4 4.39823 0.071697
958.6 4.39823 0.0418121
958.8 4.39823 0.0136247
959 4.39823 -0.0194063
959.2 4.39823 -0.0542992
959.4 4.39823 -0.0782557
959.6 4.39823 -0.0808749
959.8 4.39823 -0.0607314
960 4.39823 -0.0236526
960.2 4.39823 0.0175951
960.4 4.39823 0.0432231
960.6 4.39823 0.0377029
960.8 4.39823 0.00876461
961 4.39823 -0.0120477
961.2 4.39823 -0.00123873
961.4 4.39823 0.0226729
961.6 4.39823 0.0107946
961.8 4.39823 -0.0584814
962 4.39823 -0.138886
962.2 4.39823 -0.150679
962.4 4.39823 -0.0645778
962.6 4.39823 0.0571175
962.8 4.39823 0.116286
963 4.39823 0.0761812
963.2 4.39823 -0.00563187
963.4 4.39823 -0.0446619
963.6 4.39823 -0.0191869
963.8 4.39823 0.0173424
964 4.39823 0.00716243
964.2 4.39823 -0.045605
964.4 4.39823 -0.0869359
964.6 4.39823 -0.0786163
964.8 4.39823 -0.0351933
965 4.39823 0.00422816
965.2 4.39823 0.0236418
965.4 4.39823 0.0369873
965.6 4.39823 0.0554958
965.8 4.39823 0.0670156
966 4.39823 0.0546428
966.2 4.39823 0.0245942
966.4 4.39823 0.00229243
966.6 4.39823 0.00246611
966.8 4.39823 0.0149961
967 4.39823 0.0241724
967.2 4.39823 0.031402
967.4 4.39823 0.0479682
967.6 4.39823 0.0692642
967.8 4.39823 0.0707726
968 4.39823 0.0366627
968.2 4.39823 -0.0153118
968.4 4.39823 -0.0483007
968.6 4.39823 -0.0453487
968.8 4.39823 -0.0253385
969 4.39823 -0.0176806
969.2 4.39823 -0.0294819
969.4 4.39823 -0.0449141
969.6 4.39823 -0.0510043
969.8 4.39823 -0.0509823
970 4.39823 -0.0496852
970.2 4.39823 -0.0390651
970.4 4.39823 -0.0111891
970.6 4.39823 0.0186907
970.8 4.39823 0.0191948
971 4.39823 -0.0185357
971.2 4.39823 -0.0595404
971.4 4.39823 -0.0586387
971.6 4.39823 -0.0167239
971.8 4.39823 0.0112243
972 4.39823 -0.0239106
972.2 4.39823 -0.102525
972.4 4.39823 -0.148411
972.6 4.39823 -0.109226
972.8 4.39823 -0.0155487
973 4.39823 0.050301
973.2 4.39823 0.0418503
973.4 4.39823 -0.00638481
973.6 4.39823 -0.0247512
973.8 4.39823 0.0106892
974 4.39823 0.0548772
974.2 4.39823 0.050341
974.4 4.39823 -0.00463079
974.6 4.39823 -0.0529815
974.8 4.39823 -0.040872
975 4.39823 0.0256985
975.2 4.39823 0.0878757
975.4 4.39823 0.0925185
975.6 4.39823 0.0404035
975.8 4.39823 -0.0198803
976 4.39823 -0.0393409
976.2 4.39823 -0.00982364
976.4 4.39823 0.0358275
976.6 4.39823 0.0586609
976.8 4.39823 0.0483058
977 4.39823 0.0261159
977.2 4.39823 0.0167532
977.4 4.39823 0.018846
977.6 4.39823 0.00728746
977.8 4.39823 -0.0333271
978 4.39823 -0.0813802
978.2 4.39823 -0.0929579
978.4 4.39823 -0.0490653
978.6 4.39823 0.0162748
978.8 4.39823 0.0446509
979 4.39823 0.0134636
979.2 4.39823 -0.0374937
979.4 4.39823 -0.0460993
979.6 4.39823 0.00711758
979.8 4.39823 0.0802425
980 4.39823 0.115887
980.2 4.39823 0.0976406
980.4 4.39823 0.0550514
980.6 4.39823 0.0206114
980.8 4.39823 -0.00267054
981 4.39823 -0.0262367
981.2 4.39823 -0.0435676
981.4 4.39823 -0.0322442
981.6 4.39823 0.00861956
981.8 4.39823 0.0397296
982 4.39823 0.017069
982.2 4.39823 -0.054755
982.4 4.39823 -0.119154
982.6 4.39823 -0.12545
982.8 4.39823 -0.0822415
983 4.39823 -0.0417888
983.2 4.39823 -0.0339073
983.4 4.39823 -0.0310167
983.6 4.39823 0.0111259
983.8 4.39823 0.0872042
984 4.39823 0.135247
984.2 4.39823 0.103502
984.4 4.39823 0.0143872
984.6 4.39823 -0.0519995
984.8 4.39823 -0.0399192
985 4.39823 0.0259569
985.2 4.39823 0.0716737
985.4 4.39823 0.0552477
985.6 4.39823 0.00711149
985.8 4.39823 -0.0107657
986 4.39823 0.0239486
986.2 4.39823 0.0713291
986.4 4.39823 0.0752896
986.6 4.39823 0.0239667
986.8 4.39823 -0.0390245
987 4.39823 -0.0585619
987.2 4.39823 -0.0189642
987.4 4.39823 0.0462416
987.6 4.39823 0.0883556
987.8 4.39823 0.0852501
988 4.39823 0.0546212
988.2 4.39823 0.0324852
988.4 4.39823 0.0388871
988.6 4.39823 0.0606017
988.8 4.39823 0.0649515
989 4.39823 0.0323578
989.2 4.39823 -0.0220009
989.4 4.39823 -0.0595816
989.6 4.39823 -0.0543581
989.8 4.39823 -0.0184247
990 4.39823 0.00999018
990.2 4.39823 0.00544615
990.4 4.39823 -0.0195828
990.6 4.39823 -0.0309883
990.8 4.39823 -0.0131067
991 4.39823 0.0125336
991.2 4.39823 0.0118614
991.4 4.39823 -0.0206601
991.6 4.39823 -0.0513708
991.8 4.39823 -0.0408694
992 4.39823 0.0139101
992.2 4.39823 0.0738097
992.4 4.39823 0.0934773
992.6 4.39823 0.0612469
992.8 4.39823 0.004511
993 4.39823 -0.0384053
993.2 4.39823 -0.0473643
993.4 4.39823 -0.0254845
993.6 4.39823 0.0133597
993.8 4.39823 0.0535591
994 4.39823 0.0772941
994.2 4.39823 0.0679509
994.4 4.39823 0.0245881
994.6 4.39823 -0.0276024
994.8 4.39823 -0.0513907
995 4.39823 -0.0306799
995.2 4.39823 0.0102415
995.4 4.39823 0.027467
995.6 4.39823 0.00213024
995.8 4.39823 -0.0377452
996 4.39823 -0.0451652
996.2 4.39823 -0.00586401
996.4 4.39823 0.0417977
996.6 4.39823 0.043779
996.8 4.39823 -0.0114952
997 4.39823 -0.0749838
997.2 4.39823 -0.0810651
997.4 4.39823 -0.0120207
997.6 4.39823 0.0810877
997.8 4.39823 0.12278
998 4.39823 0.0806442
998.2 4.39823 -0.00593237
998.4 4.39823 -0.0605021
998.6 4.39823 -0.0346582
998.8 4.39823 0.0525376
999 4.39823 0.13072
999.2 4.39823 0.134052
999.4 4.39823 0.0522633
999.6 4.39823 -0.0609704
999.8 4.39823 -0.128106
1000 4.39823 -0.105853
0.2 4.71239 0.122277
0.4 4.71239 0.0261716
0.6 4.71239 -0.0108871
0.8 4.71239 0.029496
1 4.71239 0.0642132
1.2 4.71239 0.0227174
1.4 4.71239 -0.0587563
1.6 4.71239 -0.0851423
1.8 4.71239 -0.0280907
2 4.71239 0.036009
2.2 4.71239 0.0248141
2.4 4.71239 -0.0439858
2.6 4.71239 -0.0773356
2.8 4.71239 -0.0287429
3 4.71239 0.0417815
3.2 4.71239 0.0465791
3.4 4.71239 -0.0161182
3.6 4.71239 -0.0615712
3.8 4.71239 -0.0303058
4 4.71239 0.033531
4.2 4.71239 0.0382599
4.4 4.71239 -0.0375467
4.6 4.71239 -0.116027
4.8 4.71239 -0.115166
5 4.71239 -0.047075
5.2 4.71239 0.00119096
5.4 4.71239 -0.0251475
5.6 4.71239 -0.0881027
5.8 4.71239 -0.111208
6 4.71239 -0.0723952
6.2 4.71239 -0.0209872
6.4 4.71239 -0.00904744
6.6 4.71239 -0.0318342
6.8 4.71239 -0.0476713
7 4.71239 -0.039339
7.2 4.71239 -0.0322304
7.4 4.71239 -0.0510319
7.6 4.71239 -0.0792806
7.8 4.71239 -0.0770862
8 4.71239 -0.0321166
8.2 4.71239 0.022833
8.4 4.71239 0.0460249
8.6 4.71239 0.0299235
8.8 4.71239 0.00215605
9 4.71239 -0.00857491
9.2 4.71239 0.00261689
9.4 4.71239 0.0227626
9.6 4.71239 0.0386196
9.8 4.71239 0.0425927
10 4.71239 0.0305587
10.2 4.71239 0.0058765
10.4 4.71239 -0.015134
10.6 4.71239 -0.01333
10.8 4.71239 0.0106939
11 4.71239 0.0298085
11.2 4.71239 0.0153688
11.4 4.71239 -0.0300653
11.6 4.71239 -0.0714128
11.8 4.71239 -0.0757339
12 4.71239 -0.0447269
12.2 4.71239 -0.0100367
12.4 4.71239 -0.000501614
12.6 4.71239 -0.0193344
12.8 4.71239 -0.0503118
13 4.71239 -0.0760421
13.2 4.71239 -0.0855902
13.4 4.71239 -0.0727183
13.6 4.71239 -0.038959
13.8 4.71239 0.000269003
14 4.71239 0.0232475
14.2 4.71239 0.0241688
14.4 4.71239 0.0240237
14.6 4.71239 0.0497257
14.8 4.71239 0.100215
15 4.71239 0.140668
15.2 4.71239 0.136438
15.4 4.71239 0.0899122
15.6 4.71239 0.0380301
15.8 4.71239 0.0145545
16 4.71239 0.0211936
16.2 4.71239 0.0360967
16.4 4.71239 0.0410475
16.6 4.71239 0.0324119
16.8 4.71239 0.0116213
17 4.71239 -0.0198995
17.2 4.71239 -0.0506989
17.4 4.71239 -0.0561035
17.6 4.71239 -0.0206685
17.8 4.71239 0.0351503
18 4.71239 0.0641853
18.2 4.71239 0.0387713
18.4 4.71239 -0.0164106
18.6 4.71239 -0.0479314
18.8 4.71239 -0.0311005
19 4.71239 0.0046125
19.2 4.71239 0.0115751
19.4 4.71239 -0.0225345
19.6 4.71239 -0.0660738
19.8 4.71239 -0.0838581
20 4.71239 -0.0726949
20.2 4.71239 -0.0524687
20.4 4.71239 -0.0350895
20.6 4.71239 -0.0174757
20.8 4.71239 -0.00209146
21 4.71239 -0.0047416
21.2 4.71239 -0.0295995
21.4 4.71239 -0.0472842
21.6 4.71239 -0.018949
21.8 4.71239 0.0517961
22 4.71239 0.106213
22.2 4.71239 0.0860565
22.4 4.71239 0.00024367
22.6 4.71239 -0.0782946
22.8 4.71239 -0.0884465
23 4.71239 -0.0443203
23.2 4.71239 -0.0133735
23.4 4.71239 -0.0368322
23.6 4.71239 -0.086041
23.8 4.71239 -0.101039
24 4.71239 -0.059089
24.2 4.71239 0.00743675
24.4 4.71239 0.0549066
24.6 4.71239 0.0721935
24.8 4.71239 0.0752531
25 4.71239 0.0739351
25.2 4.71239 0.0627007
25.4 4.71239 0.0425423
25.6 4.71239 0.0321759
25.8 4.71239 0.0439558
26 4.71239 0.0575274
26.2 4.71239 0.0360589
26.4 4.71239 -0.0266622
26.6 4.71239 -0.0889843
26.8 4.71239 -0.103836
27 4.71239 -0.0738906
27.2 4.71239 -0.0503186
27.4 4.71239 -0.0727894
27.6 4.71239 -0.122174
27.8 4.71239 -0.143317
28 4.71239 -0.109263
28.2 4.71239 -0.0486071
28.4 4.71239 -0.00627089
28.6 4.71239 0.00852456
28.8 4.71239 0.0214536
29 4.71239 0.0462029
29.2 4.71239 0.058821
29.4 4.71239 0.030578
29.6 4.71239 -0.0239886
29.8 4.71239 -0.0517491
30 4.71239 -0.0203652
30.2 4.71239 0.0389596
30.4 4.71239 0.0620612
30.6 4.71239 0.024263
30.8 4.71239 -0.0304006
31 4.71239 -0.0395367
31.2 4.71239 0.00540217
31.4 4.71239 0.0493297
31.6 4.71239 0.0374473
31.8 4.71239 -0.021711
32 4.71239 -0.0664955
32.2 4.71239 -0.0519018
32.4 4.71239 0.00288594
32.6 4.71239 0.0424194
32.8 4.71239 0.0421121
33 4.71239 0.0334297
33.2 4.71239 0.0575902
33.4 4.71239 0.104839
33.6 4.71239 0.115891
33.8 4.71239 0.049985
34 4.71239 -0.0572823
34.2 4.71239 -0.117835
34.4 4.71239 -0.0781918
34.6 4.71239 0.0230102
34.8 4.71239 0.0917979
35 4.71239 0.0723962
35.2 4.71239 -0.0023173
35.4 4.71239 -0.0545835
35.6 4.71239 -0.0460658
35.8 4.71239 -0.0080595
36 4.71239 0.00865752
36.2 4.71239 -0.00393747
36.4 4.71239 -0.0128077
36.6 4.71239 3.5844e-05
36.8 4.71239 0.00675385
37 4.71239 -0.0267036
37.2 4.71239 -0.0817375
37.4 4.71239 -0.0929963
37.6 4.71239 -0.0240863
37.8 4.71239 0.0767981
38 4.71239 0.117756
38.2 4.71239 0.0624139
38.4 4.71239 -0.027683
38.6 4.71239 -0.0612437
38.8 4.71239 -0.018278
39 4.71239 0.0347208
39.2 4.71239 0.0312451
39.4 4.71239 -0.0141648
39.6 4.71239 -0.0287226
39.8 4.71239 0.0232109
40 4.71239 0.0929665
40.2 4.71239 0.107406
40.4 4.71239 0.0594159
40.6 4.71239 0.0145467
40.8 4.71239 0.0257835
41 4.71239 0.064812
41.2 4.71239 0.0575533
41.4 4.71239 -0.019607
41.6 4.71239 -0.103433
41.8 4.71239 -0.114251
42 4.71239 -0.0485829
42.2 4.71239 0.0169772
42.4 4.71239 0.0131573
42.6 4.71239 -0.048443
42.8 4.71239 -0.0981892
43 4.71239 -0.0921344
43.2 4.71239 -0.0546529
43.4 4.71239 -0.0370176
43.6 4.71239 -0.0515116
43.8 4.71239 -0.0611782
44 4.71239 -0.0297918
44.2 4.71239 0.0335261
44.4 4.71239 0.0844932
44.6 4.71239 0.0887813
44.8 4.71239 0.0492836
45 4.71239 -0.00480322
45.2 4.71239 -0.0437736
45.4 4.71239 -0.0524181
45.6 4.71239 -0.0334668
45.8 4.71239 -0.00667102
46 4.71239 0.0018545
46.2 4.71239 -0.0163955
46.4 4.71239 -0.036132
46.6 4.71239 -0.018212
46.8 4.71239 0.0438943
47 4.71239 0.103571
47.2 4.71239 0.10199
47.4 4.71239 0.0341727
47.6 4.71239 -0.0372126
47.8 4.71239 -0.0457893
48 4.71239 0.00415411
48.2 4.71239 0.0402709
48.4 4.71239 0.0033684
48.6 4.71239 -0.0847574
48.8 4.71239 -0.145595
49 4.71239 -0.131354
49.2 4.71239 -0.0734617
49.4 4.71239 -0.0389478
49.6 4.71239 -0.0515861
49.8 4.71239 -0.0717289
50 4.71239 -0.0521048
50.2 4.71239 0.00449739
50.4 4.71239 0.0544879
50.6 4.71239 0.0702459
50.8 4.71239 0.0687013
51 4.71239 0.0790501
51.2 4.71239 0.0977607
51.4 4.71239 0.0922787
51.6 4.71239 0.0474739
51.8 4.71239 -0.00816508
52 4.71239 -0.0324103
52.2 4.71239 -0.0174985
52.4 4.71239 0.00461062
52.6 4.71239 0.00524768
52.8 4.71239 -0.00601117
53 4.71239 0.00109506
53.2 4.71239 0.0316222
53.4 4.71239 0.0520084
53.6 4.71239 0.0283619
53.8 4.71239 -0.0303098
54 4.71239 -0.0777788
54.2 4.71239 -0.0794362
54.4 4.71239 -0.046987
54.6 4.71239 -0.020363
54.8 4.71239 -0.021469
55 4.71239 -0.0345168
55.2 4.71239 -0.0317344
55.4 4.71239 -0.0089087
55.6 4.71239 0.0121062
55.8 4.71239 0.0130412
56 4.71239 0.00188453
56.2 4.71239 0.00130533
56.4 4.71239 0.0188739
56.6 4.71239 0.0360885
56.8 4.71239 0.02917
57 4.71239 -0.00288929
57.2 4.71239 -0.034635
57.4 4.71239 -0.0382095
57.6 4.71239 -0.00948946
57.8 4.71239 0.0286123
58 4.71239 0.0456759
58.2 4.71239 0.0264453
58.4 4.71239 -0.0203203
58.6 4.71239 -0.0683388
58.8 4.71239 -0.0879447
59 4.71239 -0.0615795
59.2 4.71239 0.003631
59.4 4.71239 0.0738073
59.6 4.71239 0.104725
59.8 4.71239 0.0724045
60 4.71239 -0.00412837
60.2 4.71239 -0.0717978
60.4 4.71239 -0.0837057
60.6 4.71239 -0.0385533
60.8 4.71239 0.0180346
61 4.71239 0.0347816
61.2 4.71239 0.001366
61.4 4.71239 -0.0442487
61.6 4.71239 -0.0543575
61.8 4.71239 -0.0167606
62 4.71239 0.0379064
62.2 4.71239 0.070492
62.4 4.71239 0.0702476
62.6 4.71239 0.0565594
62.8 4.71239 0.0493159
63 4.71239 0.0453118
63.2 4.71239 0.0268634
63.4 4.71239 -0.0108809
63.6 4.71239 -0.0480076
63.8 4.71239 -0.0569543
64 4.71239 -0.0284549
64.2 4.71239 0.0210602
64.4 4.71239 0.0642469
64.6 4.71239 0.0811219
64.8 4.71239 0.0661606
65 4.71239 0.0274595
65.2 4.71239 -0.0143868
65.4 4.71239 -0.031868
65.6 4.71239 -0.00832864
65.8 4.71239 0.0417244
66 4.71239 0.0750464
66.2 4.71239 0.0544173
66.4 4.71239 -0.012434
66.6 4.71239 -0.0722708
66.8 4.71239 -0.0721159
67 4.71239 -0.008465
67.2 4.71239 0.0705689
67.4 4.71239 0.111958
67.6 4.71239 0.10309
67.8 4.71239 0.0701308
68 4.71239 0.0391112
68.2 4.71239 0.00975759
68.4 4.71239 -0.0293774
68.6 4.71239 -0.0703817
68.8 4.71239 -0.0849781
69 4.71239 -0.0582706
69.2 4.71239 -0.014814
69.4 4.71239 2.48302e-05
69.6 4.71239 -0.0333894
69.8 4.71239 -0.0873971
70 4.71239 -0.116203
70.2 4.71239 -0.102707
70.4 4.71239 -0.0702699
70.6 4.71239 -0.0495695
70.8 4.71239 -0.0433073
71 4.71239 -0.0304154
71.2 4.71239 0.000150342
71.4 4.71239 0.0323939
71.6 4.71239 0.0452434
71.8 4.71239 0.0426263
72 4.71239 0.0481681
72.2 4.71239 0.0678916
72.4 4.71239 0.0716667
72.6 4.71239 0.027152
72.8 4.71239 -0.0476923
73 4.71239 -0.0827438
73.2 4.71239 -0.0236836
73.4 4.71239 0.0973148
73.6 4.71239 0.174286
73.8 4.71239 0.126713
74 4.71239 -0.0124441
74.2 4.71239 -0.118942
74.4 4.71239 -0.0970932
74.6 4.71239 0.0233887
74.8 4.71239 0.116905
75 4.71239 0.0897195
75.2 4.71239 -0.0272961
75.4 4.71239 -0.117079
75.6 4.71239 -0.101279
75.8 4.71239 -0.0166825
76 4.71239 0.0343167
76.2 4.71239 -0.00223002
76.4 4.71239 -0.0799714
76.6 4.71239 -0.112765
76.8 4.71239 -0.0716817
77 4.71239 -0.0092313
77.2 4.71239 0.008205
77.4 4.71239 -0.0250638
77.6 4.71239 -0.0567409
77.8 4.71239 -0.0451137
78 4.71239 -0.00790026
78.2 4.71239 0.00360939
78.4 4.71239 -0.031219
78.6 4.71239 -0.0775956
78.8 4.71239 -0.0859454
79 4.71239 -0.046738
79.2 4.71239 0.00285664
79.4 4.71239 0.0222348
79.6 4.71239 0.00718252
79.8 4.71239 -0.0148687
80 4.71239 -0.0195591
80.2 4.71239 -0.00674143
80.4 4.71239 0.00967992
80.6 4.71239 0.0212254
80.8 4.71239 0.0280014
81 4.71239 0.0287583
81.2 4.71239 0.0186649
81.4 4.71239 -0.000113155
81.6 4.71239 -0.0126384
81.8 4.71239 -0.00352203
82 4.71239 0.0250688
82.2 4.71239 0.0527596
82.4 4.71239 0.0603451
82.6 4.71239 0.0468744
82.8 4.71239 0.0254441
83 4.71239 0.00567401
83.2 4.71239 -0.0140646
83.4 4.71239 -0.0371195
83.6 4.71239 -0.0581568
83.8 4.71239 -0.0681685
84 4.71239 -0.0678292
84.2 4.71239 -0.0684048
84.4 4.71239 -0.0753391
84.6 4.71239 -0.0751353
84.8 4.71239 -0.0463395
85 4.71239 0.0131899
85.2 4.71239 0.0738723
85.4 4.71239 0.0955727
85.6 4.71239 0.0645548
85.8 4.71239 0.00860715
86 4.71239 -0.0271897
86.2 4.71239 -0.0220155
86.4 4.71239 0.00193382
86.6 4.71239 0.00202361
86.8 4.71239 -0.0418258
87 4.71239 -0.104549
87.2 4.71239 -0.136581
87.4 4.71239 -0.110727
87.6 4.71239 -0.052
87.8 4.71239 -0.0194222
88 4.71239 -0.0520742
88.2 4.71239 -0.128352
88.4 4.71239 -0.180339
88.6 4.71239 -0.154763
88.8 4.71239 -0.0640118
89 4.71239 0.0243525
89.2 4.71239 0.0518754
89.4 4.71239 0.0235908
89.6 4.71239 -0.00299916
89.8 4.71239 0.0176721
90 4.71239 0.0701247
90.2 4.71239 0.0960354
90.4 4.71239 0.0587402
90.6 4.71239 -0.0164045
90.8 4.71239 -0.068114
91 4.71239 -0.0609495
91.2 4.71239 -0.0160658
91.4 4.71239 0.0175072
91.6 4.71239 0.0140247
91.8 4.71239 -0.0108442
92 4.71239 -0.0269068
92.2 4.71239 -0.023485
92.4 4.71239 -0.0129619
92.6 4.71239 -0.00854331
92.8 4.71239 -0.00959144
93 4.71239 -0.0108718
93.2 4.71239 -0.0169214
93.4 4.71239 -0.036956
93.6 4.71239 -0.0651793
93.8 4.71239 -0.0754409
94 4.71239 -0.0444884
94.2 4.71239 0.0184906
94.4 4.71239 0.0711091
94.6 4.71239 0.0719405
94.8 4.71239 0.0174
95 4.71239 -0.055173
95.2 4.71239 -0.100327
95.4 4.71239 -0.100283
95.6 4.71239 -0.0715261
95.8 4.71239 -0.041957
96 4.71239 -0.0256605
96.2 4.71239 -0.0185253
96.4 4.71239 -0.0122452
96.6 4.71239 -0.00630304
96.8 4.71239 -0.00457887
97 4.71239 -0.00381768
97.2 4.71239 0.00869567
97.4 4.71239 0.0419496
97.6 4.71239 0.0856278
97.8 4.71239 0.111266
98 4.71239 0.0937987
98.2 4.71239 0.0352686
98.4 4.71239 -0.0327648
98.6 4.71239 -0.072556
98.8 4.71239 -0.0686975
99 4.71239 -0.0360287
99.2 4.71239 -0.00196133
99.4 4.71239 0.0170149
99.6 4.71239 0.0223577
99.8 4.71239 0.0225953
100 4.71239 0.0218629
100.2 4.71239 0.0206397
100.4 4.71239 0.0220849
100.6 4.71239 0.0300233
100.8 4.71239 0.0391886
101 4.71239 0.0339547
101.2 4.71239 0.00427423
101.4 4.71239 -0.03656
101.6 4.71239 -0.0563732
101.8 4.71239 -0.0322078
102 4.71239 0.0259725
102.2 4.71239 0.0827643
102.4 4.71239 0.108898
102.6 4.71239 0.102784
102.8 4.71239 0.0809661
103 4.71239 0.0538316
103.2 4.71239 0.0183469
103.4 4.71239 -0.0257416
103.6 4.71239 -0.0622434
103.8 4.71239 -0.070103
104 4.71239 -0.0478377
104.2 4.71239 -0.0183792
104.4 4.71239 -0.00496666
104.6 4.71239 -0.0063819
104.8 4.71239 -0.00227895
105 4.71239 0.0183589
105.2 4.71239 0.0422932
105.4 4.71239 0.0495329
105.6 4.71239 0.0394139
105.8 4.71239 0.0300099
106 4.71239 0.0316226
106.2 4.71239 0.0310807
106.4 4.71239 0.0102072
106.6 4.71239 -0.0251
106.8 4.71239 -0.0463061
107 4.71239 -0.0367163
107.2 4.71239 -0.0153582
107.4 4.71239 -0.0158907
107.6 4.71239 -0.0436763
107.8 4.71239 -0.0662059
108 4.71239 -0.0530133
108.2 4.71239 -0.0169041
108.4 4.71239 -0.00213693
108.6 4.71239 -0.0301468
108.8 4.71239 -0.0696487
109 4.71239 -0.0716407
109.2 4.71239 -0.0295095
109.4 4.71239 0.0099068
109.6 4.71239 0.000582533
109.8 4.71239 -0.047422
110 4.71239 -0.0790659
110.2 4.71239 -0.0590333
110.4 4.71239 -0.0122686
110.6 4.71239 0.00717706
110.8 4.71239 -0.020541
111 4.71239 -0.0616429
111.2 4.71239 -0.0726079
111.4 4.71239 -0.0504728
111.6 4.71239 -0.0303958
111.8 4.71239 -0.0399204
112 4.71239 -0.0690931
112.2 4.71239 -0.087783
112.4 4.71239 -0.080137
112.6 4.71239 -0.0525416
112.8 4.71239 -0.0158482
113 4.71239 0.0231696
113.2 4.71239 0.0497492
113.4 4.71239 0.0386406
113.6 4.71239 -0.0171724
113.8 4.71239 -0.0782521
114 4.71239 -0.0818209
114.2 4.71239 -0.00968385
114.4 4.71239 0.0745733
114.6 4.71239 0.0773933
114.8 4.71239 -0.0256412
115 4.71239 -0.152018
115.2 4.71239 -0.187289
115.4 4.71239 -0.0991229
115.6 4.71239 0.0310904
115.8 4.71239 0.0916109
116 4.71239 0.0463576
116.2 4.71239 -0.0460296
116.4 4.71239 -0.106231
116.6 4.71239 -0.109352
116.8 4.71239 -0.0857826
117 4.71239 -0.0684991
117.2 4.71239 -0.0601219
117.4 4.71239 -0.0490041
117.6 4.71239 -0.0353841
117.8 4.71239 -0.0269539
118 4.71239 -0.0183134
118.2 4.71239 0.00525951
118.4 4.71239 0.0395459
118.6 4.71239 0.0530188
118.8 4.71239 0.0213657
119 4.71239 -0.0349183
119.2 4.71239 -0.064429
119.4 4.71239 -0.0423073
119.6 4.71239 -0.00211182
119.8 4.71239 0.00185834
120 4.71239 -0.0404619
120.2 4.71239 -0.0823261
120.4 4.71239 -0.0766503
120.6 4.71239 -0.032162
120.8 4.71239 -0.000475353
121 4.71239 -0.0123871
121.2 4.71239 -0.0439143
121.4 4.71239 -0.051608
121.6 4.71239 -0.027375
121.8 4.71239 -0.00147853
122 4.71239 0.00603307
122.2 4.71239 0.0166309
122.4 4.71239 0.0630203
122.6 4.71239 0.136887
122.8 4.71239 0.185957
123 4.71239 0.168941
123.2 4.71239 0.101979
123.4 4.71239 0.0400277
123.6 4.71239 0.0177729
123.8 4.71239 0.0220244
124 4.71239 0.0232152
124.2 4.71239 0.0184223
124.4 4.71239 0.0294179
124.6 4.71239 0.0631617
124.8 4.71239 0.0918879
125 4.71239 0.0819485
125.2 4.71239 0.0354439
125.4 4.71239 -0.0078793
125.6 4.71239 -0.0106246
125.8 4.71239 0.0274521
126 4.71239 0.07514
126.2 4.71239 0.100974
126.4 4.71239 0.0928432
126.6 4.71239 0.0550317
126.8 4.71239 0.000806853
127 4.71239 -0.0482925
127.2 4.71239 -0.0683663
127.4 4.71239 -0.0524849
127.6 4.71239 -0.0243959
127.8 4.71239 -0.0218088
128 4.71239 -0.0586655
128.2 4.71239 -0.10741
128.4 4.71239 -0.124509
128.6 4.71239 -0.0924987
128.8 4.71239 -0.032819
129 4.71239 0.0199102
129.2 4.71239 0.047398
129.4 4.71239 0.0504976
129.6 4.71239 0.0353728
129.8 4.71239 0.0103535
130 4.71239 -0.00652587
130.2 4.71239 0.00552478
130.4 4.71239 0.044258
130.6 4.71239 0.0739854
130.8 4.71239 0.0573965
131 4.71239 0.000735097
131.2 4.71239 -0.0461074
131.4 4.71239 -0.0444554
131.6 4.71239 -0.0136449
131.8 4.71239 -0.00798556
132 4.71239 -0.047263
132.2 4.71239 -0.0879647
132.4 4.71239 -0.0760823
132.6 4.71239 -0.0179627
132.8 4.71239 0.0222949
133 4.71239 -0.000432352
133.2 4.71239 -0.0575334
133.4 4.71239 -0.084613
133.6 4.71239 -0.0639243
133.8 4.71239 -0.0438289
134 4.71239 -0.0689244
134.2 4.71239 -0.113276
134.4 4.71239 -0.108665
134.6 4.71239 -0.0361015
134.8 4.71239 0.0384785
135 4.71239 0.0370829
135.2 4.71239 -0.0354988
135.4 4.71239 -0.0938156
135.6 4.71239 -0.0707437
135.8 4.71239 0.00727875
136 4.71239 0.0583018
136.2 4.71239 0.0438282
136.4 4.71239 0.00512913
136.6 4.71239 -0.000454588
136.8 4.71239 0.0266973
137 4.71239 0.0391177
137.2 4.71239 0.0149609
137.4 4.71239 -0.00958307
137.6 4.71239 0.00913927
137.8 4.71239 0.0599508
138 4.71239 0.0883714
138.2 4.71239 0.0658913
138.4 4.71239 0.0232235
138.6 4.71239 0.00439241
138.8 4.71239 0.00684053
139 4.71239 -0.00926006
139.2 4.71239 -0.0557868
139.4 4.71239 -0.0880701
139.6 4.71239 -0.0580934
139.8 4.71239 0.0170884
140 4.71239 0.0641096
140.2 4.71239 0.0341669
140.4 4.71239 -0.0424834
140.6 4.71239 -0.0940745
140.8 4.71239 -0.087217
141 4.71239 -0.0516664
141.2 4.71239 -0.0296236
141.4 4.71239 -0.0247661
141.6 4.71239 -0.0152092
141.8 4.71239 -0.00045438
142 4.71239 -0.00756968
142.2 4.71239 -0.0456489
142.4 4.71239 -0.077124
142.6 4.71239 -0.0558388
142.8 4.71239 0.0117935
143 4.71239 0.0652169
143.2 4.71239 0.0567162
143.4 4.71239 0.00530205
143.6 4.71239 -0.0299466
143.8 4.71239 -0.0219172
144 4.71239 -0.00117784
144.2 4.71239 -0.00654677
144.4 4.71239 -0.0297303
144.6 4.71239 -0.0272128
144.8 4.71239 0.0191537
145 4.71239 0.0749284
145.2 4.71239 0.0941087
145.4 4.71239 0.0724077
145.6 4.71239 0.0443583
145.8 4.71239 0.0341246
146 4.71239 0.029593
146.2 4.71239 0.0113579
146.4 4.71239 -0.0105752
146.6 4.71239 -0.00826202
146.8 4.71239 0.0200987
147 4.71239 0.0384125
147.2 4.71239 0.0145791
147.4 4.71239 -0.038866
147.6 4.71239 -0.0811824
147.8 4.71239 -0.0946793
148 4.71239 -0.0996908
148.2 4.71239 -0.112837
148.4 4.71239 -0.110429
148.6 4.71239 -0.056005
148.8 4.71239 0.0389083
149 4.71239 0.106875
149.2 4.71239 0.0934676
149.4 4.71239 0.023252
149.6 4.71239 -0.0234749
149.8 4.71239 -0.00150175
150 4.71239 0.0495812
150.2 4.71239 0.0572764
150.4 4.71239 0.00474582
150.6 4.71239 -0.052266
150.8 4.71239 -0.0560684
151 4.71239 -0.0129694
151.2 4.71239 0.0247025
151.4 4.71239 0.0277363
151.6 4.71239 0.016226
151.8 4.71239 0.0145802
152 4.71239 0.00670654
152.2 4.71239 -0.0399192
152.4 4.71239 -0.113026
152.6 4.71239 -0.148445
152.8 4.71239 -0.101384
153 4.71239 -0.0113049
153.2 4.71239 0.0290171
153.4 4.71239 -0.0250063
153.6 4.71239 -0.114899
153.8 4.71239 -0.139012
154 4.71239 -0.0617106
154.2 4.71239 0.0505259
154.4 4.71239 0.101676
154.6 4.71239 0.0609694
154.8 4.71239 -0.0209955
155 4.71239 -0.0767366
155.2 4.71239 -0.0829362
155.4 4.71239 -0.0574251
155.6 4.71239 -0.0182936
155.8 4.71239 0.0321103
156 4.71239 0.0847647
156.2 4.71239 0.107995
156.4 4.71239 0.0721949
156.6 4.71239 -0.010955
156.8 4.71239 -0.0873571
157 4.71239 -0.107007
157.2 4.71239 -0.0696624
157.4 4.71239 -0.0205537
157.6 4.71239 -0.00249676
157.8 4.71239 -0.0164461
158 4.71239 -0.0288409
158.2 4.71239 -0.012257
158.4 4.71239 0.025457
158.6 4.71239 0.0507968
158.8 4.71239 0.0391666
159 4.71239 -0.00123285
159.2 4.71239 -0.0380353
159.4 4.71239 -0.0458748
159.6 4.71239 -0.0299352
159.8 4.71239 -0.0194408
160 4.71239 -0.0371132
160.2 4.71239 -0.0746055
160.4 4.71239 -0.0993282
160.6 4.71239 -0.0866747
160.8 4.71239 -0.0442598
161 4.71239 -0.00229335
161.2 4.71239 0.0187878
161.4 4.71239 0.0268335
161.6 4.71239 0.0424154
161.8 4.71239 0.0690289
162 4.71239 0.0853151
162.2 4.71239 0.0686238
162.4 4.71239 0.0220226
162.6 4.71239 -0.0261435
162.8 4.71239 -0.0482612
163 4.71239 -0.0398605
163.2 4.71239 -0.0176587
163.4 4.71239 -0.00125104
163.6 4.71239 0.00106207
163.8 4.71239 -0.00590284
164 4.71239 -0.0091726
164.2 4.71239 0.00467303
164.4 4.71239 0.0381676
164.6 4.71239 0.0742458
164.8 4.71239 0.0843181
165 4.71239 0.0542696
165.2 4.71239 0.00342852
165.4 4.71239 -0.0300676
165.6 4.71239 -0.0277927
165.8 4.71239 -0.00978638
166 4.71239 -0.00744323
166.2 4.71239 -0.0207064
166.4 4.71239 -0.014608
166.6 4.71239 0.0352994
166.8 4.71239 0.10342
167 4.71239 0.134397
167.2 4.71239 0.104218
167.4 4.71239 0.0481279
167.6 4.71239 0.0182951
167.8 4.71239 0.0221527
168 4.71239 0.019343
168.2 4.71239 -0.017905
168.4 4.71239 -0.0593946
168.6 4.71239 -0.0494431
168.8 4.71239 0.0192694
169 4.71239 0.0849035
169.2 4.71239 0.081681
169.4 4.71239 0.0164482
169.6 4.71239 -0.0365396
169.8 4.71239 -0.0188918
170 4.71239 0.0479685
170.2 4.71239 0.0911247
170.4 4.71239 0.0686901
170.6 4.71239 0.00860238
170.8 4.71239 -0.0340899
171 4.71239 -0.0401722
171.2 4.71239 -0.0330837
171.4 4.71239 -0.0330125
171.6 4.71239 -0.0273617
171.8 4.71239 0.00331999
172 4.71239 0.0444039
172.2 4.71239 0.053111
172.4 4.71239 0.00962121
172.6 4.71239 -0.0514204
172.8 4.71239 -0.0731414
173 4.71239 -0.0381209
173.2 4.71239 0.0125242
173.4 4.71239 0.0251003
173.6 4.71239 -0.00814022
173.8 4.71239 -0.0425868
174 4.71239 -0.031296
174.2 4.71239 0.0245536
174.4 4.71239 0.0764693
174.6 4.71239 0.0764378
174.8 4.71239 0.0226851
175 4.71239 -0.0389127
175.2 4.71239 -0.0566829
175.4 4.71239 -0.0195293
175.6 4.71239 0.0337443
175.8 4.71239 0.051533
176 4.71239 0.0198363
176.2 4.71239 -0.0237799
176.4 4.71239 -0.0306718
176.6 4.71239 0.00307258
176.8 4.71239 0.0282441
177 4.71239 -0.00179772
177.2 4.71239 -0.0696985
177.4 4.71239 -0.101697
177.6 4.71239 -0.0458498
177.8 4.71239 0.0636938
178 4.71239 0.134815
178.2 4.71239 0.113482
178.4 4.71239 0.0407991
178.6 4.71239 0.00420824
178.8 4.71239 0.0380596
179 4.71239 0.0885027
179.2 4.71239 0.0817839
179.4 4.71239 0.013056
179.6 4.71239 -0.0486147
179.8 4.71239 -0.0411234
180 4.71239 0.0216138
180.2 4.71239 0.0697631
180.4 4.71239 0.0557587
180.6 4.71239 -0.00155635
180.8 4.71239 -0.0474189
181 4.71239 -0.0485496
181.2 4.71239 -0.0130572
181.4 4.71239 0.0318692
181.6 4.71239 0.0632021
181.8 4.71239 0.0654788
182 4.71239 0.0334482
182.2 4.71239 -0.0140964
182.4 4.71239 -0.0348158
182.6 4.71239 -0.000185181
182.8 4.71239 0.0624557
183 4.71239 0.0834359
183.2 4.71239 0.023402
183.4 4.71239 -0.0729555
183.6 4.71239 -0.114513
183.8 4.71239 -0.0611664
184 4.71239 0.029405
184.2 4.71239 0.0641073
184.4 4.71239 0.0157219
184.6 4.71239 -0.0541618
184.8 4.71239 -0.072607
185 4.71239 -0.0352867
185.2 4.71239 0.00465515
185.4 4.71239 0.0130104
185.6 4.71239 0.0119172
185.8 4.71239 0.0342712
186 4.71239 0.0653933
186.2 4.71239 0.0571499
186.4 4.71239 -0.0027803
186.6 4.71239 -0.0636496
186.8 4.71239 -0.0706163
187 4.71239 -0.0368612
187.2 4.71239 -0.0312708
187.4 4.71239 -0.0904614
187.6 4.71239 -0.164654
187.8 4.71239 -0.169705
188 4.71239 -0.0862779
188.2 4.71239 0.0131039
188.4 4.71239 0.0416448
188.6 4.71239 -0.0108879
188.8 4.71239 -0.0757906
189 4.71239 -0.0849978
189.2 4.71239 -0.0367421
189.4 4.71239 0.0176634
189.6 4.71239 0.0341646
189.8 4.71239 0.0113057
190 4.71239 -0.0229434
190.2 4.71239 -0.0393727
190.4 4.71239 -0.0212886
190.6 4.71239 0.0292784
190.8 4.71239 0.0834305
191 4.71239 0.0940897
191.2 4.71239 0.0368122
191.4 4.71239 -0.0509175
191.6 4.71239 -0.0894212
191.8 4.71239 -0.035445
192 4.71239 0.0620986
192.2 4.71239 0.104131
192.4 4.71239 0.0471268
192.6 4.71239 -0.0460582
192.8 4.71239 -0.0750073
193 4.71239 -0.015251
193.2 4.71239 0.0560801
193.4 4.71239 0.0529719
193.6 4.71239 -0.0190456
193.8 4.71239 -0.0737765
194 4.71239 -0.0501572
194.2 4.71239 0.0167837
194.4 4.71239 0.0428501
194.6 4.71239 -0.00234438
194.8 4.71239 -0.0622301
195 4.71239 -0.0653431
195.2 4.71239 -0.0102295
195.4 4.71239 0.0376802
195.6 4.71239 0.0260085
195.8 4.71239 -0.0281235
196 4.71239 -0.0673183
196.2 4.71239 -0.0635627
196.4 4.71239 -0.0418097
196.6 4.71239 -0.0371402
196.8 4.71239 -0.0468247
197 4.71239 -0.036449
197.2 4.71239 0.0132016
197.4 4.71239 0.0791592
197.6 4.71239 0.119767
197.8 4.71239 0.117906
198 4.71239 0.0954512
198.2 4.71239 0.0878424
198.4 4.71239 0.109441
198.6 4.71239 0.142728
198.8 4.71239 0.15635
199 4.71239 0.13288
199.2 4.71239 0.0833785
199.4 4.71239 0.0374278
199.6 4.71239 0.0153915
199.8 4.71239 0.00678334
200 4.71239 -0.0209002
200.2 4.71239 -0.0853714
200.4 4.71239 -0.161561
200.6 4.71239 -0.198712
200.8 4.71239 -0.171936
201 4.71239 -0.1126
201.2 4.71239 -0.0780301
201.4 4.71239 -0.089927
201.6 4.71239 -0.112128
201.8 4.71239 -0.096117
202 4.71239 -0.0414764
202.2 4.71239 0.0021377
202.4 4.71239 -0.00522461
202.6 4.71239 -0.0455109
202.8 4.71239 -0.0656235
203 4.71239 -0.0425124
203.2 4.71239 -0.00822289
203.4 4.71239 -0.00399662
203.6 4.71239 -0.0234924
203.8 4.71239 -0.0197701
204 4.71239 0.0308866
204.2 4.71239 0.0896542
204.4 4.71239 0.0933701
204.6 4.71239 0.027179
204.8 4.71239 -0.0549395
205 4.71239 -0.0858763
205.2 4.71239 -0.0514823
205.4 4.71239 0.00593296
205.6 4.71239 0.0413316
205.8 4.71239 0.0489998
206 4.71239 0.0494007
206.2 4.71239 0.050171
206.4 4.71239 0.0364105
206.6 4.71239 -0.0016462
206.8 4.71239 -0.0465682
207 4.71239 -0.0693993
207.2 4.71239 -0.0624416
207.4 4.71239 -0.0465745
207.6 4.71239 -0.0451774
207.8 4.71239 -0.0586568
208 4.71239 -0.0688664
208.2 4.71239 -0.0627673
208.4 4.71239 -0.0443135
208.6 4.71239 -0.0248638
208.8 4.71239 -0.010611
209 4.71239 -0.00271309
209.2 4.71239 -0.00263363
209.4 4.71239 -0.00907026
209.6 4.71239 -0.0113455
209.8 4.71239 0.00475822
210 4.71239 0.0398575
210.2 4.71239 0.0749855
210.4 4.71239 0.0896176
210.6 4.71239 0.0840506
210.8 4.71239 0.0761077
211 4.71239 0.0736314
211.2 4.71239 0.0591547
211.4 4.71239 0.0122063
211.6 4.71239 -0.0539724
211.8 4.71239 -0.0897395
212 4.71239 -0.0536407
212.2 4.71239 0.0403978
212.4 4.71239 0.127455
212.6 4.71239 0.148005
212.8 4.71239 0.0996478
213 4.71239 0.032558
213.2 4.71239 -0.00254655
213.4 4.71239 0.00229135
213.6 4.71239 0.0182237
213.8 4.71239 0.0196637
214 4.71239 0.0108606
214.2 4.71239 0.0130968
214.4 4.71239 0.0326911
214.6 4.71239 0.0489781
214.8 4.71239 0.0367257
215 4.71239 -0.0014651
215.2 4.71239 -0.0295984
215.4 4.71239 -0.0101223
215.6 4.71239 0.0553032
215.8 4.71239 0.117981
216 4.71239 0.121044
216.2 4.71239 0.0522292
216.4 4.71239 -0.0408848
216.6 4.71239 -0.0921632
216.8 4.71239 -0.0772664
217 4.71239 -0.0333308
217.2 4.71239 -0.0177523
217.4 4.71239 -0.0492647
217.6 4.71239 -0.0928627
217.8 4.71239 -0.10188
218 4.71239 -0.0686629
218.2 4.71239 -0.029063
218.4 4.71239 -0.0207622
218.6 4.71239 -0.0455991
218.8 4.71239 -0.0750198
219 4.71239 -0.084258
219.2 4.71239 -0.0720447
219.4 4.71239 -0.0493989
219.6 4.71239 -0.0222218
219.8 4.71239 0.00644953
220 4.71239 0.0238381
220.2 4.71239 0.0119771
220.4 4.71239 -0.028957
220.6 4.71239 -0.0700346
220.8 4.71239 -0.0773846
221 4.71239 -0.0477158
221.2 4.71239 -0.0124437
221.4 4.71239 -0.00247075
221.6 4.71239 -0.0142063
221.8 4.71239 -0.0171925
222 4.71239 0.00674783
222.2 4.71239 0.0406548
222.4 4.71239 0.0518796
222.6 4.71239 0.0279537
222.8 4.71239 -0.0134379
223 4.71239 -0.0467377
223.2 4.71239 -0.0609853
223.4 4.71239 -0.0579743
223.6 4.71239 -0.0387879
223.8 4.71239 -0.00450085
224 4.71239 0.0302817
224.2 4.71239 0.0376882
224.4 4.71239 0.00162345
224.6 4.71239 -0.0585382
224.8 4.71239 -0.0978835
225 4.71239 -0.0845815
225.2 4.71239 -0.0273685
225.4 4.71239 0.0356992
225.6 4.71239 0.0717704
225.8 4.71239 0.0745182
226 4.71239 0.057948
226.2 4.71239 0.0393822
226.4 4.71239 0.0302703
226.6 4.71239 0.0337455
226.8 4.71239 0.0415995
227 4.71239 0.0366154
227.2 4.71239 0.00924933
227.4 4.71239 -0.0241644
227.6 4.71239 -0.0298345
227.8 4.71239 0.00565499
228 4.71239 0.0490341
228.2 4.71239 0.0469221
228.4 4.71239 -0.0126797
228.6 4.71239 -0.0743448
228.8 4.71239 -0.0664251
229 4.71239 0.0179038
229.2 4.71239 0.102471
229.4 4.71239 0.102189
229.6 4.71239 0.0128661
229.8 4.71239 -0.0832166
230 4.71239 -0.103569
230.2 4.71239 -0.0476925
230.4 4.71239 0.0133614
230.6 4.71239 0.0209002
230.8 4.71239 -0.0134696
231 4.71239 -0.0362964
231.2 4.71239 -0.0224377
231.4 4.71239 0.000746941
231.6 4.71239 -0.00212045
231.8 4.71239 -0.0245538
232 4.71239 -0.0275546
232.2 4.71239 0.0060136
232.4 4.71239 0.0431624
232.6 4.71239 0.0359229
232.8 4.71239 -0.0215639
233 4.71239 -0.0818499
233.2 4.71239 -0.0920569
233.4 4.71239 -0.0470833
233.6 4.71239 0.00796221
233.8 4.71239 0.0240051
234 4.71239 -0.00761155
234.2 4.71239 -0.053411
234.4 4.71239 -0.0723422
234.6 4.71239 -0.0502441
234.8 4.71239 -0.00737399
235 4.71239 0.0203124
235.2 4.71239 0.00838715
235.4 4.71239 -0.0385397
235.6 4.71239 -0.0898242
235.8 4.71239 -0.111418
236 4.71239 -0.0925757
236.2 4.71239 -0.0538522
236.4 4.71239 -0.0272572
236.6 4.71239 -0.0262706
236.8 4.71239 -0.0358559
237 4.71239 -0.0326627
237.2 4.71239 -0.0122269
237.4 4.71239 0.00854786
237.6 4.71239 0.016749
237.8 4.71239 0.0257071
238 4.71239 0.0641045
238.2 4.71239 0.139327
238.4 4.71239 0.215138
238.6 4.71239 0.233568
238.8 4.71239 0.165961
239 4.71239 0.0448901
239.2 4.71239 -0.0570031
239.4 4.71239 -0.0853216
239.6 4.71239 -0.0465777
239.8 4.71239 0.00439225
240 4.71239 0.0195767
240.2 4.71239 0.00117282
240.4 4.71239 -0.00942158
240.6 4.71239 0.0160595
240.8 4.71239 0.0564605
241 4.71239 0.0627716
241.2 4.71239 0.0160721
241.4 4.71239 -0.0434017
241.6 4.71239 -0.0536979
241.8 4.71239 0.00132157
242 4.71239 0.0693431
242.2 4.71239 0.0814534
242.4 4.71239 0.0249153
242.6 4.71239 -0.0430674
242.8 4.71239 -0.0564601
243 4.71239 -0.00873627
243.2 4.71239 0.0462188
243.4 4.71239 0.0571091
243.6 4.71239 0.0276584
243.8 4.71239 0.00201138
244 4.71239 0.00838459
244.2 4.71239 0.0316396
244.4 4.71239 0.0426144
244.6 4.71239 0.0396369
244.8 4.71239 0.0470433
245 4.71239 0.076008
245.2 4.71239 0.103227
245.4 4.71239 0.0979816
245.6 4.71239 0.0626118
245.8 4.71239 0.0323952
246 4.71239 0.033265
246.2 4.71239 0.0509767
246.4 4.71239 0.0508548
246.6 4.71239 0.0222631
246.8 4.71239 -0.00921955
247 4.71239 -0.0164639
247.2 4.71239 -0.00631138
247.4 4.71239 -0.00973705
247.6 4.71239 -0.0394822
247.8 4.71239 -0.0697744
248 4.71239 -0.0646451
248.2 4.71239 -0.0206075
248.4 4.71239 0.0269853
248.6 4.71239 0.0393709
248.8 4.71239 0.00945811
249 4.71239 -0.0388483
249.2 4.71239 -0.0771013
249.4 4.71239 -0.0905568
249.6 4.71239 -0.0756942
249.8 4.71239 -0.0340684
250 4.71239 0.0235428
250.2 4.71239 0.0734813
250.4 4.71239 0.0919272
250.6 4.71239 0.0756651
250.8 4.71239 0.045295
251 4.71239 0.0234782
251.2 4.71239 0.012737
251.4 4.71239 -0.00101268
251.6 4.71239 -0.0255538
251.8 4.71239 -0.0506457
252 4.71239 -0.0618494
252.2 4.71239 -0.059838
252.4 4.71239 -0.0589445
252.6 4.71239 -0.0677272
252.8 4.71239 -0.0781543
253 4.71239 -0.0767755
253.2 4.71239 -0.0609281
253.4 4.71239 -0.0383402
253.6 4.71239 -0.0143413
253.8 4.71239 0.0114431
254 4.71239 0.0337752
254.2 4.71239 0.0367682
254.4 4.71239 0.0105356
254.6 4.71239 -0.0284471
254.8 4.71239 -0.0446903
255 4.71239 -0.0186353
255.2 4.71239 0.0300385
255.4 4.71239 0.0617962
255.6 4.71239 0.0594565
255.8 4.71239 0.0430835
256 4.71239 0.0397522
256.2 4.71239 0.0471229
256.4 4.71239 0.0381036
256.6 4.71239 0.00104631
256.8 4.71239 -0.0372338
257 4.71239 -0.0382079
257.2 4.71239 0.00276189
257.4 4.71239 0.0482226
257.6 4.71239 0.0586097
257.8 4.71239 0.0315934
258 4.71239 -0.00507753
258.2 4.71239 -0.0329813
258.4 4.71239 -0.0608264
258.6 4.71239 -0.0987294
258.8 4.71239 -0.127944
259 4.71239 -0.113846
259.2 4.71239 -0.0524501
259.4 4.71239 0.00915083
259.6 4.71239 0.0135896
259.8 4.71239 -0.0438705
260 4.71239 -0.102395
260.2 4.71239 -0.0932922
260.4 4.71239 -0.0100554
260.6 4.71239 0.0836801
260.8 4.71239 0.116141
261 4.71239 0.0744126
261.2 4.71239 0.00958881
261.4 4.71239 -0.018869
261.6 4.71239 0.00147836
261.8 4.71239 0.0342839
262 4.71239 0.0396535
262.2 4.71239 0.0149103
262.4 4.71239 -0.00829342
262.6 4.71239 -0.00109617
262.8 4.71239 0.0330326
263 4.71239 0.0647013
263.2 4.71239 0.0698949
263.4 4.71239 0.0514957
263.6 4.71239 0.0300702
263.8 4.71239 0.0176096
264 4.71239 0.005686
264.2 4.71239 -0.0180996
264.4 4.71239 -0.0458753
264.6 4.71239 -0.0497363
264.8 4.71239 -0.0117121
265 4.71239 0.0488266
265.2 4.71239 0.0859285
265.4 4.71239 0.0712794
265.6 4.71239 0.0257419
265.8 4.71239 0.000531505
266 4.71239 0.0242639
266.2 4.71239 0.0726447
266.4 4.71239 0.0950141
266.6 4.71239 0.0690371
266.8 4.71239 0.0226862
267 4.71239 0.000259498
267.2 4.71239 0.0133019
267.4 4.71239 0.0328192
267.6 4.71239 0.0287764
267.8 4.71239 0.00676791
268 4.71239 -0.00235153
268.2 4.71239 0.014896
268.4 4.71239 0.0340538
268.6 4.71239 0.0209445
268.8 4.71239 -0.025316
269 4.71239 -0.0673648
269.2 4.71239 -0.0700398
269.4 4.71239 -0.0392334
269.6 4.71239 -0.0137692
269.8 4.71239 -0.020455
270 4.71239 -0.0446317
270.2 4.71239 -0.0492655
270.4 4.71239 -0.0192325
270.6 4.71239 0.0198547
270.8 4.71239 0.0279719
271 4.71239 -0.00830646
271.2 4.71239 -0.0637096
271.4 4.71239 -0.100011
271.6 4.71239 -0.0993078
271.8 4.71239 -0.0722859
272 4.71239 -0.0401884
272.2 4.71239 -0.0147913
272.4 4.71239 0.00448318
272.6 4.71239 0.0203716
272.8 4.71239 0.0307898
273 4.71239 0.0322094
273.2 4.71239 0.025778
273.4 4.71239 0.0170675
273.6 4.71239 0.0104897
273.8 4.71239 0.00619099
274 4.71239 0.00229061
274.2 4.71239 -0.00254373
274.4 4.71239 -0.0103958
274.6 4.71239 -0.0254417
274.8 4.71239 -0.0491126
275 4.71239 -0.0720632
275.2 4.71239 -0.0750514
275.4 4.71239 -0.044918
275.6 4.71239 0.0072542
275.8 4.71239 0.047964
276 4.71239 0.0487961
276.2 4.71239 0.0154783
276.4 4.71239 -0.0137492
276.6 4.71239 -0.00452023
276.8 4.71239 0.0374942
277 4.71239 0.0701476
277.2 4.71239 0.0574958
277.4 4.71239 0.00742271
277.6 4.71239 -0.0370212
277.8 4.71239 -0.0432271
278 4.71239 -0.0208323
278.2 4.71239 -0.00450949
278.4 4.71239 -0.00958741
278.6 4.71239 -0.014122
278.8 4.71239 0.0107117
279 4.71239 0.0586957
279.2 4.71239 0.0872146
279.4 4.71239 0.0612708
279.6 4.71239 -0.00687321
279.8 4.71239 -0.068165
280 4.71239 -0.0856225
280.2 4.71239 -0.0664752
280.4 4.71239 -0.0445461
280.6 4.71239 -0.0378895
280.8 4.71239 -0.0322248
281 4.71239 -0.0053395
281.2 4.71239 0.0415521
281.4 4.71239 0.0838666
281.6 4.71239 0.101913
281.8 4.71239 0.100793
282 4.71239 0.099612
282.2 4.71239 0.106548
282.4 4.71239 0.110671
282.6 4.71239 0.0970486
282.8 4.71239 0.0637449
283 4.71239 0.0221567
283.2 4.71239 -0.0139022
283.4 4.71239 -0.0346226
283.6 4.71239 -0.0335965
283.8 4.71239 -0.0102816
284 4.71239 0.0231013
284.2 4.71239 0.0440205
284.4 4.71239 0.0386967
284.6 4.71239 0.0198431
284.8 4.71239 0.0173346
285 4.71239 0.0443388
285.2 4.71239 0.0757519
285.4 4.71239 0.0694459
285.6 4.71239 0.0132402
285.8 4.71239 -0.0543451
286 4.71239 -0.0779253
286.2 4.71239 -0.0414648
286.4 4.71239 0.0132735
286.6 4.71239 0.0278203
286.8 4.71239 -0.0150373
287 4.71239 -0.0763241
287.2 4.71239 -0.101722
287.4 4.71239 -0.0731151
287.6 4.71239 -0.0196457
287.8 4.71239 0.0156184
288 4.71239 0.0137862
288.2 4.71239 -0.0125133
288.4 4.71239 -0.039222
288.6 4.71239 -0.0504904
288.8 4.71239 -0.0414801
289 4.71239 -0.0131577
289.2 4.71239 0.0272394
289.4 4.71239 0.0625916
289.6 4.71239 0.0721272
289.8 4.71239 0.0485198
290 4.71239 0.00878155
290.2 4.71239 -0.0165983
290.4 4.71239 -0.00897417
290.6 4.71239 0.0236547
290.8 4.71239 0.0573332
291 4.71239 0.0761618
291.2 4.71239 0.0836344
291.4 4.71239 0.0910048
291.6 4.71239 0.0986895
291.8 4.71239 0.0937125
292 4.71239 0.0660099
292.2 4.71239 0.0233872
292.4 4.71239 -0.0136137
292.6 4.71239 -0.0316559
292.8 4.71239 -0.036227
293 4.71239 -0.0421169
293.2 4.71239 -0.0553891
293.4 4.71239 -0.0692008
293.6 4.71239 -0.0770475
293.8 4.71239 -0.0836252
294 4.71239 -0.096436
294.2 4.71239 -0.108308
294.4 4.71239 -0.0973176
294.6 4.71239 -0.0512042
294.8 4.71239 0.0106049
295 4.71239 0.0485919
295.2 4.71239 0.04203
295.4 4.71239 0.0125354
295.6 4.71239 0.00137344
295.8 4.71239 0.0226866
296 4.71239 0.046381
296.2 4.71239 0.0331902
296.4 4.71239 -0.017122
296.6 4.71239 -0.0618279
296.8 4.71239 -0.0621867
297 4.71239 -0.0271589
297.2 4.71239 -0.00205686
297.4 4.71239 -0.0154813
297.6 4.71239 -0.0475975
297.8 4.71239 -0.0565215
298 4.71239 -0.0293292
298.2 4.71239 0.00439475
298.4 4.71239 0.0110542
298.6 4.71239 -0.00557928
298.8 4.71239 -0.0108997
299 4.71239 0.0159965
299.2 4.71239 0.0557713
299.4 4.71239 0.0718391
299.6 4.71239 0.0528546
299.8 4.71239 0.023362
300 4.71239 0.0135604
300.2 4.71239 0.0278546
300.4 4.71239 0.0469587
300.6 4.71239 0.0527517
300.8 4.71239 0.0411251
301 4.71239 0.0134829
301.2 4.71239 -0.0296916
301.4 4.71239 -0.0778464
301.6 4.71239 -0.10182
301.8 4.71239 -0.0737538
302 4.71239 -0.0025037
302.2 4.71239 0.060992
302.4 4.71239 0.067477
302.6 4.71239 0.0203232
302.8 4.71239 -0.0259259
303 4.71239 -0.023028
303.2 4.71239 0.0203897
303.4 4.71239 0.0522042
303.6 4.71239 0.0371489
303.8 4.71239 -0.00687104
304 4.71239 -0.0355089
304.2 4.71239 -0.030219
304.4 4.71239 -0.0121122
304.6 4.71239 -0.00646317
304.8 4.71239 -0.00911119
305 4.71239 0.00194218
305.2 4.71239 0.0296556
305.4 4.71239 0.049237
305.6 4.71239 0.0410732
305.8 4.71239 0.0198928
306 4.71239 0.0172347
306.2 4.71239 0.036645
306.4 4.71239 0.0413618
306.6 4.71239 -0.0031788
306.8 4.71239 -0.0804753
307 4.71239 -0.129833
307.2 4.71239 -0.107009
307.4 4.71239 -0.0322877
307.6 4.71239 0.0279961
307.8 4.71239 0.0254515
308 4.71239 -0.0289664
308.2 4.71239 -0.0836426
308.4 4.71239 -0.0962143
308.6 4.71239 -0.0622611
308.8 4.71239 -0.0060289
309 4.71239 0.0423973
309.2 4.71239 0.0598769
309.4 4.71239 0.0361954
309.6 4.71239 -0.0173741
309.8 4.71239 -0.0667925
310 4.71239 -0.0775424
310.2 4.71239 -0.0483026
310.4 4.71239 -0.017596
310.6 4.71239 -0.0257213
310.8 4.71239 -0.0685599
311 4.71239 -0.0986487
311.2 4.71239 -0.0787985
311.4 4.71239 -0.0281666
311.6 4.71239 -0.00264557
311.8 4.71239 -0.0278856
312 4.71239 -0.0643249
312.2 4.71239 -0.0512041
312.4 4.71239 0.0177957
312.6 4.71239 0.0783886
312.8 4.71239 0.0643608
313 4.71239 -0.0146582
313.2 4.71239 -0.0784186
313.4 4.71239 -0.0626923
313.6 4.71239 0.0100551
313.8 4.71239 0.0571989
314 4.71239 0.0295265
314.2 4.71239 -0.035583
314.4 4.71239 -0.0606574
314.6 4.71239 -0.0177441
314.8 4.71239 0.0434213
315 4.71239 0.0579772
315.2 4.71239 0.0217553
315.4 4.71239 -0.00886863
315.6 4.71239 0.0110824
315.8 4.71239 0.0607301
316 4.71239 0.0806879
316.2 4.71239 0.045928
316.4 4.71239 -0.0050194
316.6 4.71239 -0.0175447
316.8 4.71239 0.0158123
317 4.71239 0.0526085
317.2 4.71239 0.0566409
317.4 4.71239 0.0395982
317.6 4.71239 0.0376975
317.8 4.71239 0.0584548
318 4.71239 0.069983
318.2 4.71239 0.0473013
318.4 4.71239 0.0127499
318.6 4.71239 0.0124285
318.8 4.71239 0.0543554
319 4.71239 0.0887793
319.2 4.71239 0.0629204
319.4 4.71239 -0.0122107
319.6 4.71239 -0.0668461
319.8 4.71239 -0.0486593
320 4.71239 0.0184256
320.2 4.71239 0.0634752
320.4 4.71239 0.0509104
320.6 4.71239 0.016995
320.8 4.71239 0.0183371
321 4.71239 0.0580642
321.2 4.71239 0.0812785
321.4 4.71239 0.0443693
321.6 4.71239 -0.0284348
321.8 4.71239 -0.0705511
322 4.71239 -0.048362
322.2 4.71239 0.0048687
322.4 4.71239 0.0329169
322.6 4.71239 0.0198306
322.8 4.71239 -0.00311021
323 4.71239 -0.00549477
323.2 4.71239 0.00709703
323.4 4.71239 0.0125134
323.6 4.71239 0.00987439
323.8 4.71239 0.0177417
324 4.71239 0.0361239
324.2 4.71239 0.0327816
324.4 4.71239 -0.0159902
324.6 4.71239 -0.0802357
324.8 4.71239 -0.0952358
325 4.71239 -0.0350534
325.2 4.71239 0.0468891
325.4 4.71239 0.0685297
325.6 4.71239 0.00999869
325.8 4.71239 -0.0618565
326 4.71239 -0.0675552
326.2 4.71239 -0.00281522
326.4 4.71239 0.0610473
326.6 4.71239 0.060589
326.8 4.71239 0.00582749
327 4.71239 -0.0448258
327.2 4.71239 -0.0587045
327.4 4.71239 -0.0557369
327.6 4.71239 -0.0615561
327.8 4.71239 -0.0598785
328 4.71239 -0.014694
328.2 4.71239 0.066409
328.4 4.71239 0.119258
328.6 4.71239 0.0908952
328.8 4.71239 0.00893221
329 4.71239 -0.040173
329.2 4.71239 -0.00839191
329.4 4.71239 0.0545501
329.6 4.71239 0.0556919
329.8 4.71239 -0.0318924
330 4.71239 -0.132449
330.2 4.71239 -0.148351
330.4 4.71239 -0.0666464
330.6 4.71239 0.0297357
330.8 4.71239 0.0551219
331 4.71239 0.0102208
331.2 4.71239 -0.0302085
331.4 4.71239 -0.00822746
331.6 4.71239 0.0551986
331.8 4.71239 0.0912931
332 4.71239 0.0627973
332.2 4.71239 -0.000105092
332.4 4.71239 -0.0390981
332.6 4.71239 -0.0294844
332.8 4.71239 0.00254711
333 4.71239 0.0149128
333.2 4.71239 -0.00895867
333.4 4.71239 -0.0516903
333.6 4.71239 -0.0830323
333.8 4.71239 -0.0829347
334 4.71239 -0.0511697
334.2 4.71239 -0.00589582
334.4 4.71239 0.025122
334.6 4.71239 0.0212661
334.8 4.71239 -0.0137142
335 4.71239 -0.0516134
335.2 4.71239 -0.0636411
335.4 4.71239 -0.0476801
335.6 4.71239 -0.0287014
335.8 4.71239 -0.0297232
336 4.71239 -0.0458651
336.2 4.71239 -0.0523584
336.4 4.71239 -0.0367227
336.6 4.71239 -0.0146725
336.8 4.71239 -0.0087644
337 4.71239 -0.0162626
337.2 4.71239 -0.00895607
337.4 4.71239 0.030668
337.6 4.71239 0.0800857
337.8 4.71239 0.0940785
338 4.71239 0.054571
338.2 4.71239 -0.00358632
338.4 4.71239 -0.0247593
338.6 4.71239 0.00831065
338.8 4.71239 0.0532205
339 4.71239 0.0512034
339.2 4.71239 -0.00856771
339.4 4.71239 -0.0725864
339.6 4.71239 -0.0750803
339.8 4.71239 -0.00636716
340 4.71239 0.0736011
340.2 4.71239 0.0926573
340.4 4.71239 0.0378845
340.6 4.71239 -0.0318508
340.8 4.71239 -0.0455424
341 4.71239 0.00874603
341.2 4.71239 0.074467
341.4 4.71239 0.0880912
341.6 4.71239 0.0457409
341.8 4.71239 0.00302769
342 4.71239 0.00842544
342.2 4.71239 0.0448691
342.4 4.71239 0.0475115
342.6 4.71239 -0.0188185
342.8 4.71239 -0.109661
343 4.71239 -0.139754
343.2 4.71239 -0.0729517
343.4 4.71239 0.0354134
343.6 4.71239 0.0937298
343.8 4.71239 0.0677024
344 4.71239 0.00989656
344.2 4.71239 -0.00485495
344.4 4.71239 0.0384828
344.6 4.71239 0.0884409
344.8 4.71239 0.0960208
345 4.71239 0.0709999
345.2 4.71239 0.0583504
345.4 4.71239 0.0707785
345.6 4.71239 0.0684998
345.8 4.71239 0.0147386
346 4.71239 -0.0656182
346.2 4.71239 -0.105495
346.4 4.71239 -0.075687
346.6 4.71239 -0.0248721
346.8 4.71239 -0.0227627
347 4.71239 -0.071315
347.2 4.71239 -0.0963618
347.4 4.71239 -0.0377937
347.6 4.71239 0.0686847
347.8 4.71239 0.123253
348 4.71239 0.077454
348.2 4.71239 -0.00358682
348.4 4.71239 -0.0123292
348.6 4.71239 0.0747757
348.8 4.71239 0.164659
349 4.71239 0.151061
349.2 4.71239 0.0360001
349.4 4.71239 -0.0712224
349.6 4.71239 -0.0761389
349.8 4.71239 -0.00100289
350 4.71239 0.047476
350.2 4.71239 0.0018222
350.4 4.71239 -0.0944668
350.6 4.71239 -0.142795
350.8 4.71239 -0.0998685
351 4.71239 -0.0168152
351.2 4.71239 0.0262412
351.4 4.71239 0.00490017
351.6 4.71239 -0.0386184
351.8 4.71239 -0.0550407
352 4.71239 -0.0393374
352.2 4.71239 -0.0214885
352.4 4.71239 -0.0234901
352.6 4.71239 -0.0391591
352.8 4.71239 -0.0507253
353 4.71239 -0.0495216
353.2 4.71239 -0.0356596
353.4 4.71239 -0.00945326
353.6 4.71239 0.0246352
353.8 4.71239 0.0494486
354 4.71239 0.0453756
354.2 4.71239 0.0154795
354.4 4.71239 -0.0087924
354.6 4.71239 0.00116945
354.8 4.71239 0.0355225
355 4.71239 0.0529491
355.2 4.71239 0.0283305
355.4 4.71239 -0.0150915
355.6 4.71239 -0.0317386
355.8 4.71239 -0.008924
356 4.71239 0.0172796
356.2 4.71239 0.00760686
356.4 4.71239 -0.0297077
356.6 4.71239 -0.0493604
356.8 4.71239 -0.0302499
357 4.71239 -0.00877426
357.2 4.71239 -0.0344711
357.4 4.71239 -0.0961193
357.6 4.71239 -0.113259
357.8 4.71239 -0.0186372
358 4.71239 0.152917
358.2 4.71239 0.274383
358.4 4.71239 0.239748
358.6 4.71239 0.0699814
358.8 4.71239 -0.0985115
359 4.71239 -0.136041
359.2 4.71239 -0.0337593
359.4 4.71239 0.0975183
359.6 4.71239 0.135723
359.8 4.71239 0.0537858
360 4.71239 -0.0717429
360.2 4.71239 -0.143408
360.4 4.71239 -0.127487
360.6 4.71239 -0.0640386
360.8 4.71239 -0.00974914
361 4.71239 0.0166776
361.2 4.71239 0.0336926
361.4 4.71239 0.0561111
361.6 4.71239 0.0707333
361.8 4.71239 0.0573338
362 4.71239 0.0245542
362.2 4.71239 0.010218
362.4 4.71239 0.0392554
362.6 4.71239 0.0880454
362.8 4.71239 0.102414
363 4.71239 0.0552644
363.2 4.71239 -0.0206716
363.4 4.71239 -0.065312
363.6 4.71239 -0.0546238
363.8 4.71239 -0.0226752
364 4.71239 -0.0175466
364.2 4.71239 -0.0442649
364.4 4.71239 -0.0627
364.6 4.71239 -0.0408817
364.8 4.71239 0.00350061
365 4.71239 0.0244282
365.2 4.71239 0.00335743
365.4 4.71239 -0.0310404
365.6 4.71239 -0.0421918
365.8 4.71239 -0.0307904
366 4.71239 -0.0271096
366.2 4.71239 -0.0427906
366.4 4.71239 -0.048736
366.6 4.71239 -0.0110658
366.8 4.71239 0.0610639
367 4.71239 0.119425
367.2 4.71239 0.128495
367.4 4.71239 0.0986788
367.6 4.71239 0.0607145
367.8 4.71239 0.0218518
368 4.71239 -0.0318054
368.2 4.71239 -0.0901117
368.4 4.71239 -0.102317
368.6 4.71239 -0.0291495
368.8 4.71239 0.0934864
369 4.71239 0.168754
369.2 4.71239 0.132423
369.4 4.71239 0.0233669
369.6 4.71239 -0.0557436
369.8 4.71239 -0.0462046
370 4.71239 0.0139573
370.2 4.71239 0.0490087
370.4 4.71239 0.0372128
370.6 4.71239 0.0219321
370.8 4.71239 0.0373763
371 4.71239 0.0541883
371.2 4.71239 0.0198415
371.4 4.71239 -0.0602544
371.6 4.71239 -0.112792
371.8 4.71239 -0.0781311
372 4.71239 0.0172189
372.2 4.71239 0.0901
372.4 4.71239 0.0959662
372.6 4.71239 0.0704173
372.8 4.71239 0.0685662
373 4.71239 0.0862226
373.2 4.71239 0.0680366
373.4 4.71239 -0.00921096
373.6 4.71239 -0.0912914
373.8 4.71239 -0.103917
374 4.71239 -0.0428465
374.2 4.71239 0.0190325
374.4 4.71239 0.0183769
374.6 4.71239 -0.0269325
374.8 4.71239 -0.0496971
375 4.71239 -0.0242886
375.2 4.71239 0.00187447
375.4 4.71239 -0.0249124
375.6 4.71239 -0.0886387
375.8 4.71239 -0.118223
376 4.71239 -0.0747208
376.2 4.71239 0.000397537
376.4 4.71239 0.0366669
376.6 4.71239 0.0198518
376.8 4.71239 0.00415103
377 4.71239 0.0388645
377.2 4.71239 0.102931
377.4 4.71239 0.126968
377.6 4.71239 0.0727055
377.8 4.71239 -0.0258871
378 4.71239 -0.101687
378.2 4.71239 -0.119641
378.4 4.71239 -0.0954425
378.6 4.71239 -0.0621062
378.8 4.71239 -0.0373977
379 4.71239 -0.0251991
379.2 4.71239 -0.0295252
379.4 4.71239 -0.0500772
379.6 4.71239 -0.0690003
379.8 4.71239 -0.0606288
380 4.71239 -0.0228985
380.2 4.71239 0.011043
380.4 4.71239 0.00564357
380.6 4.71239 -0.033404
380.8 4.71239 -0.0594557
381 4.71239 -0.0343053
381.2 4.71239 0.0289488
381.4 4.71239 0.0791551
381.6 4.71239 0.0802411
381.8 4.71239 0.0433476
382 4.71239 0.00660616
382.2 4.71239 -0.00713016
382.4 4.71239 -0.00593713
382.6 4.71239 -0.00856222
382.8 4.71239 -0.0201281
383 4.71239 -0.0304109
383.2 4.71239 -0.0279542
383.4 4.71239 -0.00962926
383.6 4.71239 0.0191285
383.8 4.71239 0.045096
384 4.71239 0.049419
384.2 4.71239 0.0196765
384.4 4.71239 -0.0333088
384.6 4.71239 -0.0766137
384.8 4.71239 -0.0831963
385 4.71239 -0.0598113
385.2 4.71239 -0.0386703
385.4 4.71239 -0.0373878
385.6 4.71239 -0.0352812
385.8 4.71239 0.000280183
386 4.71239 0.0661814
386.2 4.71239 0.115384
386.4 4.71239 0.104587
386.6 4.71239 0.0434791
386.8 4.71239 -0.0145445
387 4.71239 -0.030506
387.2 4.71239 -0.0173474
387.4 4.71239 -0.0142912
387.6 4.71239 -0.0344255
387.8 4.71239 -0.0527804
388 4.71239 -0.0460908
388.2 4.71239 -0.0272876
388.4 4.71239 -0.0269022
388.6 4.71239 -0.046905
388.8 4.71239 -0.0521818
389 4.71239 -0.0163974
389.2 4.71239 0.0352612
389.4 4.71239 0.045869
389.6 4.71239 -0.00815244
389.8 4.71239 -0.0834884
390 4.71239 -0.111017
390.2 4.71239 -0.0671862
390.4 4.71239 0.0035962
390.6 4.71239 0.0380246
390.8 4.71239 0.0169063
391 4.71239 -0.0245994
391.2 4.71239 -0.0422714
391.4 4.71239 -0.0276186
391.6 4.71239 -0.00606108
391.8 4.71239 0.000371789
392 4.71239 -0.000595876
392.2 4.71239 0.0165842
392.4 4.71239 0.0613551
392.6 4.71239 0.108059
392.8 4.71239 0.112092
393 4.71239 0.0491835
393.2 4.71239 -0.0554235
393.4 4.71239 -0.13614
393.6 4.71239 -0.134001
393.8 4.71239 -0.0459261
394 4.71239 0.0683465
394.2 4.71239 0.13319
394.4 4.71239 0.118053
394.6 4.71239 0.0554118
394.8 4.71239 0.00144141
395 4.71239 -0.0159374
395.2 4.71239 -0.00780065
395.4 4.71239 0.00731104
395.6 4.71239 0.0290994
395.8 4.71239 0.0621011
396 4.71239 0.0885592
396.2 4.71239 0.0751922
396.4 4.71239 0.0148402
396.6 4.71239 -0.0511123
396.8 4.71239 -0.0680022
397 4.71239 -0.026782
397.2 4.71239 0.0246028
397.4 4.71239 0.0348843
397.6 4.71239 0.00521176
397.8 4.71239 -0.0203061
398 4.71239 -0.0150837
398.2 4.71239 -0.00309078
398.4 4.71239 -0.0225272
398.6 4.71239 -0.0693549
398.8 4.71239 -0.0969999
399 4.71239 -0.0748317
399.2 4.71239 -0.0290567
399.4 4.71239 -0.010583
399.6 4.71239 -0.0296604
399.8 4.71239 -0.0428716
400 4.71239 -0.0118831
400.2 4.71239 0.0406134
400.4 4.71239 0.0520571
400.6 4.71239 -0.0040281
400.8 4.71239 -0.0802689
401 4.71239 -0.103462
401.2 4.71239 -0.0518847
401.4 4.71239 0.0269781
401.6 4.71239 0.0724571
401.8 4.71239 0.0689279
402 4.71239 0.0435805
402.2 4.71239 0.0215761
402.4 4.71239 0.00206315
402.6 4.71239 -0.0227096
402.8 4.71239 -0.0446915
403 4.71239 -0.0506541
403.2 4.71239 -0.046677
403.4 4.71239 -0.0530405
403.6 4.71239 -0.0704806
403.8 4.71239 -0.0676601
404 4.71239 -0.0180267
404.2 4.71239 0.0552092
404.4 4.71239 0.0894041
404.6 4.71239 0.0478566
404.8 4.71239 -0.033565
405 4.71239 -0.0783846
405.2 4.71239 -0.0488703
405.4 4.71239 0.0164857
405.6 4.71239 0.0496376
405.8 4.71239 0.028024
406 4.71239 -0.00802745
406.2 4.71239 -0.0110344
406.4 4.71239 0.014674
406.6 4.71239 0.0203435
406.8 4.71239 -0.0249616
407 4.71239 -0.0919547
407.2 4.71239 -0.117933
407.4 4.71239 -0.0729182
407.6 4.71239 0.00710405
407.8 4.71239 0.0540286
408 4.71239 0.0322606
408.2 4.71239 -0.0308741
408.4 4.71239 -0.0755167
408.6 4.71239 -0.066761
408.8 4.71239 -0.0221338
409 4.71239 0.0145011
409.2 4.71239 0.0219803
409.4 4.71239 0.0213412
409.6 4.71239 0.0455989
409.8 4.71239 0.0945681
410 4.71239 0.128219
410.2 4.71239 0.110082
410.4 4.71239 0.0526781
410.6 4.71239 0.00863742
410.8 4.71239 0.0121127
411 4.71239 0.0370821
411.2 4.71239 0.0257274
411.4 4.71239 -0.041698
411.6 4.71239 -0.118025
411.8 4.71239 -0.138943
412 4.71239 -0.0944446
412.2 4.71239 -0.0360444
412.4 4.71239 -0.0120054
412.6 4.71239 -0.0126468
412.8 4.71239 0.00523155
413 4.71239 0.0491214
413.2 4.71239 0.0719024
413.4 4.71239 0.0341775
413.6 4.71239 -0.0321995
413.8 4.71239 -0.0498111
414 4.71239 0.010909
414.2 4.71239 0.0867186
414.4 4.71239 0.0901195
414.6 4.71239 0.015241
414.8 4.71239 -0.0493741
415 4.71239 -0.0229203
415.2 4.71239 0.070509
415.4 4.71239 0.127024
415.6 4.71239 0.0813166
415.8 4.71239 -0.0221013
416 4.71239 -0.084592
416.2 4.71239 -0.0625572
416.4 4.71239 -0.000898384
416.6 4.71239 0.0359213
416.8 4.71239 0.0370382
417 4.71239 0.034488
417.2 4.71239 0.0391739
417.4 4.71239 0.0207148
417.6 4.71239 -0.0406711
417.8 4.71239 -0.106669
418 4.71239 -0.111413
418.2 4.71239 -0.037935
418.4 4.71239 0.0565843
418.6 4.71239 0.101673
418.8 4.71239 0.0865168
419 4.71239 0.0588102
419.2 4.71239 0.0587347
419.4 4.71239 0.0749179
419.6 4.71239 0.0714457
419.8 4.71239 0.0399151
420 4.71239 0.00570881
420.2 4.71239 -0.011678
420.4 4.71239 -0.0218699
420.6 4.71239 -0.0381522
420.8 4.71239 -0.0461662
421 4.71239 -0.0198654
421.2 4.71239 0.0324677
421.4 4.71239 0.059903
421.6 4.71239 0.0214379
421.8 4.71239 -0.0610284
422 4.71239 -0.118159
422.2 4.71239 -0.103309
422.4 4.71239 -0.0365064
422.6 4.71239 0.024714
422.8 4.71239 0.0451573
423 4.71239 0.0322901
423.2 4.71239 0.00763056
423.4 4.71239 -0.0191039
423.6 4.71239 -0.041071
423.8 4.71239 -0.039766
424 4.71239 -0.00229874
424.2 4.71239 0.0492049
424.4 4.71239 0.0682709
424.6 4.71239 0.0367019
424.8 4.71239 -0.00679822
425 4.71239 -0.00951786
425.2 4.71239 0.0270874
425.4 4.71239 0.0441578
425.6 4.71239 0.000462423
425.8 4.71239 -0.0675376
426 4.71239 -0.0843869
426.2 4.71239 -0.0313801
426.4 4.71239 0.0238269
426.6 4.71239 0.0100071
426.8 4.71239 -0.0530173
427 4.71239 -0.07274
427.2 4.71239 -0.000725977
427.4 4.71239 0.0973496
427.6 4.71239 0.113232
427.8 4.71239 0.0267512
428 4.71239 -0.0662876
428.2 4.71239 -0.0672806
428.4 4.71239 0.00871126
428.6 4.71239 0.0573355
428.8 4.71239 0.0185167
429 4.71239 -0.0485815
429.2 4.71239 -0.0429501
429.4 4.71239 0.0466635
429.6 4.71239 0.1223
429.8 4.71239 0.094603
430 4.71239 -0.00798213
430.2 4.71239 -0.0730421
430.4 4.71239 -0.0379912
430.6 4.71239 0.0399859
430.8 4.71239 0.0588949
431 4.71239 -0.00440139
431.2 4.71239 -0.0712893
431.4 4.71239 -0.0599188
431.6 4.71239 0.0189073
431.8 4.71239 0.0794886
432 4.71239 0.0614044
432.2 4.71239 -0.010573
432.4 4.71239 -0.0673211
432.6 4.71239 -0.0739404
432.8 4.71239 -0.0507898
433 4.71239 -0.0272583
433.2 4.71239 -0.000989894
433.4 4.71239 0.0449653
433.6 4.71239 0.0989604
433.8 4.71239 0.117327
434 4.71239 0.0712854
434.2 4.71239 -0.0132594
434.4 4.71239 -0.0739007
434.6 4.71239 -0.0700861
434.8 4.71239 -0.0184009
435 4.71239 0.0293279
435.2 4.71239 0.0367662
435.4 4.71239 0.0100514
435.6 4.71239 -0.01904
435.8 4.71239 -0.0282379
436 4.71239 -0.0224104
436.2 4.71239 -0.0224434
436.4 4.71239 -0.0416847
436.6 4.71239 -0.0723163
436.8 4.71239 -0.0912366
437 4.71239 -0.078742
437.2 4.71239 -0.0344244
437.4 4.71239 0.0219789
437.6 4.71239 0.0644954
437.8 4.71239 0.0768329
438 4.71239 0.0581072
438.2 4.71239 0.0182371
438.4 4.71239 -0.027419
438.6 4.71239 -0.0599821
438.8 4.71239 -0.0619639
439 4.71239 -0.0297971
439.2 4.71239 0.0168417
439.4 4.71239 0.0450557
439.6 4.71239 0.0356458
439.8 4.71239 0.00104075
440 4.71239 -0.0268926
440.2 4.71239 -0.0275729
440.4 4.71239 -0.00734137
440.6 4.71239 0.0155456
440.8 4.71239 0.0344743
441 4.71239 0.0560341
441.2 4.71239 0.0805468
441.4 4.71239 0.0921612
441.6 4.71239 0.0756265
441.8 4.71239 0.0381587
442 4.71239 0.00484663
442.2 4.71239 -0.00897532
442.4 4.71239 -0.0122089
442.6 4.71239 -0.0194155
442.8 4.71239 -0.025491
443 4.71239 -0.0114558
443.2 4.71239 0.0237876
443.4 4.71239 0.0514285
443.6 4.71239 0.0444883
443.8 4.71239 0.0160727
444 4.71239 0.00937251
444.2 4.71239 0.0427386
444.4 4.71239 0.0769656
444.6 4.71239 0.0540379
444.8 4.71239 -0.0307045
445 4.71239 -0.10986
445.2 4.71239 -0.108744
445.4 4.71239 -0.0248093
445.6 4.71239 0.0682818
445.8 4.71239 0.095566
446 4.71239 0.0497563
446.2 4.71239 -0.0176697
446.4 4.71239 -0.0603605
446.6 4.71239 -0.0760623
446.8 4.71239 -0.0846845
447 4.71239 -0.0894956
447.2 4.71239 -0.0770268
447.4 4.71239 -0.0486156
447.6 4.71239 -0.0303656
447.8 4.71239 -0.0416091
448 4.71239 -0.0648043
448.2 4.71239 -0.062679
448.4 4.71239 -0.0248926
448.6 4.71239 0.0166909
448.8 4.71239 0.0263679
449 4.71239 0.00841743
449.2 4.71239 -0.000231703
449.4 4.71239 0.0216398
449.6 4.71239 0.0536395
449.8 4.71239 0.0629063
450 4.71239 0.0473942
450.2 4.71239 0.0347494
450.4 4.71239 0.0402205
450.6 4.71239 0.0440122
450.8 4.71239 0.0220649
451 4.71239 -0.0113796
451.2 4.71239 -0.0122745
451.4 4.71239 0.0369725
451.6 4.71239 0.0953195
451.8 4.71239 0.103032
452 4.71239 0.0509554
452.2 4.71239 -0.00638818
452.4 4.71239 -0.0139971
452.6 4.71239 0.0187418
452.8 4.71239 0.0311774
453 4.71239 -0.0119407
453.2 4.71239 -0.0729193
453.4 4.71239 -0.081359
453.6 4.71239 -0.0159174
453.8 4.71239 0.0677436
454 4.71239 0.0944302
454.2 4.71239 0.0460553
454.4 4.71239 -0.0257167
454.6 4.71239 -0.0579609
454.8 4.71239 -0.0367146
455 4.71239 0.00171654
455.2 4.71239 0.0179196
455.4 4.71239 0.00722594
455.6 4.71239 -0.00680284
455.8 4.71239 -0.00452026
456 4.71239 0.0113227
456.2 4.71239 0.0247938
456.4 4.71239 0.0259172
456.6 4.71239 0.0182709
456.8 4.71239 0.0118867
457 4.71239 0.0123139
457.2 4.71239 0.0158012
457.4 4.71239 0.0133257
457.6 4.71239 0.000505875
457.8 4.71239 -0.0143833
458 4.71239 -0.0139501
458.2 4.71239 0.0118007
458.4 4.71239 0.0499942
458.6 4.71239 0.0694703
458.8 4.71239 0.0463778
459 4.71239 -0.0126493
459.2 4.71239 -0.0744533
459.4 4.71239 -0.107415
459.6 4.71239 -0.104749
459.8 4.71239 -0.0813154
460 4.71239 -0.0533853
460.2 4.71239 -0.0268049
460.4 4.71239 -0.00236776
460.6 4.71239 0.0167539
460.8 4.71239 0.0288206
461 4.71239 0.039815
461.2 4.71239 0.0562789
461.4 4.71239 0.0703921
461.6 4.71239 0.0615908
461.8 4.71239 0.0218883
462 4.71239 -0.0238862
462.2 4.71239 -0.0356831
462.4 4.71239 -0.0032322
462.6 4.71239 0.0330906
462.8 4.71239 0.0180935
463 4.71239 -0.0578383
463.2 4.71239 -0.140828
463.4 4.71239 -0.162536
463.6 4.71239 -0.105921
463.8 4.71239 -0.0182065
464 4.71239 0.0388571
464.2 4.71239 0.0434725
464.4 4.71239 0.0179455
464.6 4.71239 -0.00906263
464.8 4.71239 -0.0292968
465 4.71239 -0.0441796
465.2 4.71239 -0.0445672
465.4 4.71239 -0.0181085
465.6 4.71239 0.024538
465.8 4.71239 0.0473371
466 4.71239 0.0251104
466.2 4.71239 -0.0225108
466.4 4.71239 -0.0464861
466.6 4.71239 -0.0222444
466.8 4.71239 0.0206432
467 4.71239 0.0316846
467.2 4.71239 -0.000968353
467.4 4.71239 -0.0357415
467.6 4.71239 -0.0273369
467.8 4.71239 0.0176595
468 4.71239 0.0467712
468.2 4.71239 0.023976
468.4 4.71239 -0.0249908
468.6 4.71239 -0.0395505
468.8 4.71239 0.0059973
469 4.71239 0.0698448
469.2 4.71239 0.0854161
469.4 4.71239 0.0328301
469.6 4.71239 -0.0388555
469.8 4.71239 -0.0608002
470 4.71239 -0.0112907
470.2 4.71239 0.0672438
470.4 4.71239 0.111601
470.6 4.71239 0.0926487
470.8 4.71239 0.0310757
471 4.71239 -0.0292871
471.2 4.71239 -0.0560865
471.4 4.71239 -0.042572
471.6 4.71239 -0.00202979
471.8 4.71239 0.0420491
472 4.71239 0.0645628
472.2 4.71239 0.0504964
472.4 4.71239 0.0073384
472.6 4.71239 -0.0358911
472.8 4.71239 -0.0499188
473 4.71239 -0.0312106
473.2 4.71239 -0.00579944
473.4 4.71239 -0.00350188
473.6 4.71239 -0.0268419
473.8 4.71239 -0.0475433
474 4.71239 -0.0360087
474.2 4.71239 0.00611142
474.4 4.71239 0.0446
474.6 4.71239 0.0449193
474.8 4.71239 0.00525818
475 4.71239 -0.0426541
475.2 4.71239 -0.0643689
475.4 4.71239 -0.053104
475.6 4.71239 -0.0305424
475.8 4.71239 -0.0212677
476 4.71239 -0.0295635
476.2 4.71239 -0.0407574
476.4 4.71239 -0.0408245
476.6 4.71239 -0.030375
476.8 4.71239 -0.0194801
477 4.71239 -0.0132161
477.2 4.71239 -0.00670127
477.4 4.71239 0.00557695
477.6 4.71239 0.0194481
477.8 4.71239 0.0236961
478 4.71239 0.0131328
478.2 4.71239 -0.00364695
478.4 4.71239 -0.0117758
478.6 4.71239 -0.00543288
478.8 4.71239 0.0054023
479 4.71239 0.00380141
479.2 4.71239 -0.0188058
479.4 4.71239 -0.0553924
479.6 4.71239 -0.0891835
479.8 4.71239 -0.104973
480 4.71239 -0.0961469
480.2 4.71239 -0.0648469
480.4 4.71239 -0.0195453
480.6 4.71239 0.0269892
480.8 4.71239 0.060731
481 4.71239 0.0723649
481.2 4.71239 0.0627561
481.4 4.71239 0.0421051
481.6 4.71239 0.0216789
481.8 4.71239 0.00549285
482 4.71239 -0.00945555
482.2 4.71239 -0.0245312
482.4 4.71239 -0.032973
482.6 4.71239 -0.0252278
482.8 4.71239 -0.00239929
483 4.71239 0.0179534
483.2 4.71239 0.0146791
483.4 4.71239 -0.0144024
483.6 4.71239 -0.0441219
483.8 4.71239 -0.0415562
484 4.71239 0.00125884
484.2 4.71239 0.0546341
484.4 4.71239 0.0756657
484.6 4.71239 0.0489169
484.8 4.71239 0.00205132
485 4.71239 -0.021765
485.2 4.71239 -0.00731213
485.4 4.71239 0.0193881
485.6 4.71239 0.0226339
485.8 4.71239 -0.0017089
486 4.71239 -0.0221079
486.2 4.71239 -0.00977596
486.4 4.71239 0.0242895
486.6 4.71239 0.0376343
486.8 4.71239 0.00254511
487 4.71239 -0.0614175
487.2 4.71239 -0.105563
487.4 4.71239 -0.100679
487.6 4.71239 -0.0621119
487.8 4.71239 -0.0263701
488 4.71239 -0.0104904
488.2 4.71239 -0.00226921
488.4 4.71239 0.0118594
488.6 4.71239 0.0214075
488.8 4.71239 0.0039361
489 4.71239 -0.0404179
489.2 4.71239 -0.0786034
489.4 4.71239 -0.0770917
489.6 4.71239 -0.0412388
489.8 4.71239 -0.0129081
490 4.71239 -0.0248345
490.2 4.71239 -0.0625411
490.4 4.71239 -0.0787417
490.6 4.71239 -0.0464367
490.8 4.71239 0.00771956
491 4.71239 0.0272814
491.2 4.71239 -0.0173405
491.4 4.71239 -0.0976535
491.6 4.71239 -0.151584
491.8 4.71239 -0.137571
492 4.71239 -0.0679144
492.2 4.71239 0.0042407
492.4 4.71239 0.0277592
492.6 4.71239 -0.00951137
492.8 4.71239 -0.074218
493 4.71239 -0.112923
493.2 4.71239 -0.0920865
493.4 4.71239 -0.0255517
493.6 4.71239 0.0338854
493.8 4.71239 0.0376758
494 4.71239 -0.0139704
494.2 4.71239 -0.0693143
494.4 4.71239 -0.0724647
494.6 4.71239 -0.0178352
494.8 4.71239 0.0441476
495 4.71239 0.0580896
495.2 4.71239 0.0181244
495.4 4.71239 -0.0320984
495.6 4.71239 -0.0514861
495.8 4.71239 -0.0443339
496 4.71239 -0.0457405
496.2 4.71239 -0.0708286
496.4 4.71239 -0.0921773
496.6 4.71239 -0.0739143
496.8 4.71239 -0.0197069
497 4.71239 0.0262138
497.2 4.71239 0.0279106
497.4 4.71239 -0.00272406
497.6 4.71239 -0.0239754
497.8 4.71239 -0.0163339
498 4.71239 -0.00311824
498.2 4.71239 -0.0145329
498.4 4.71239 -0.0424442
498.6 4.71239 -0.045909
498.8 4.71239 -0.00327004
499 4.71239 0.0539229
499.2 4.71239 0.0700854
499.4 4.71239 0.0260601
499.6 4.71239 -0.0399731
499.8 4.71239 -0.0743135
500 4.71239 -0.061528
500.2 4.71239 -0.0290668
500.4 4.71239 -0.00534237
500.6 4.71239 0.0113266
500.8 4.71239 0.0363
501 4.71239 0.0640463
501.2 4.71239 0.067662
501.4 4.71239 0.0362139
501.6 4.71239 -0.00144955
501.8 4.71239 -0.00415193
502 4.71239 0.0317408
502.2 4.71239 0.062798
502.4 4.71239 0.046055
502.6 4.71239 -0.0104977
502.8 4.71239 -0.0552601
503 4.71239 -0.0511408
503.2 4.71239 -0.0165741
503.4 4.71239 -0.00208777
503.6 4.71239 -0.0307274
503.8 4.71239 -0.071308
504 4.71239 -0.0727312
504.2 4.71239 -0.0179353
504.4 4.71239 0.060966
504.6 4.71239 0.116491
504.8 4.71239 0.126719
505 4.71239 0.104199
505.2 4.71239 0.0751685
505.4 4.71239 0.057947
505.6 4.71239 0.0564001
505.8 4.71239 0.0619002
506 4.71239 0.0566889
506.2 4.71239 0.0240749
506.4 4.71239 -0.0329975
506.6 4.71239 -0.0830981
506.8 4.71239 -0.0868781
507 4.71239 -0.0362713
507.2 4.71239 0.0284663
507.4 4.71239 0.0497268
507.6 4.71239 0.00631909
507.8 4.71239 -0.0648262
508 4.71239 -0.103056
508.2 4.71239 -0.0792723
508.4 4.71239 -0.0166932
508.6 4.71239 0.0384959
508.8 4.71239 0.0592545
509 4.71239 0.0501833
509.2 4.71239 0.0283652
509.4 4.71239 0.00419429
509.6 4.71239 -0.0173311
509.8 4.71239 -0.0272786
510 4.71239 -0.0168264
510.2 4.71239 0.00817061
510.4 4.71239 0.0251503
510.6 4.71239 0.0151915
510.8 4.71239 -0.0147142
511 4.71239 -0.0346074
511.2 4.71239 -0.0197805
511.4 4.71239 0.0243167
511.6 4.71239 0.0660819
511.8 4.71239 0.0759022
512 4.71239 0.0511746
512.2 4.71239 0.0166984
512.4 4.71239 0.00269335
512.6 4.71239 0.0195974
512.8 4.71239 0.0488311
513 4.71239 0.0566822
513.2 4.71239 0.0228961
513.4 4.71239 -0.0377768
513.6 4.71239 -0.0824727
513.8 4.71239 -0.0756667
514 4.71239 -0.0236489
514.2 4.71239 0.0272371
514.4 4.71239 0.0324024
514.6 4.71239 -0.00820724
514.8 4.71239 -0.0504952
515 4.71239 -0.0501064
515.2 4.71239 -0.00447685
515.4 4.71239 0.0491771
515.6 4.71239 0.0724609
515.8 4.71239 0.056579
516 4.71239 0.0175962
516.2 4.71239 -0.0264223
516.4 4.71239 -0.0643685
516.6 4.71239 -0.0842367
516.8 4.71239 -0.0733855
517 4.71239 -0.036595
517.2 4.71239 -0.00611341
517.4 4.71239 -0.0172764
517.6 4.71239 -0.0679292
517.8 4.71239 -0.111411
518 4.71239 -0.100941
518.2 4.71239 -0.0404806
518.4 4.71239 0.0181519
518.6 4.71239 0.0318355
518.8 4.71239 0.0112811
519 4.71239 0.00204459
519.2 4.71239 0.0264664
519.4 4.71239 0.0585817
519.6 4.71239 0.0610133
519.8 4.71239 0.0337878
520 4.71239 0.011468
520.2 4.71239 0.0141321
520.4 4.71239 0.0193608
520.6 4.71239 -0.00495866
520.8 4.71239 -0.0494215
521 4.71239 -0.0642734
521.2 4.71239 -0.0183554
521.4 4.71239 0.056419
521.6 4.71239 0.0945238
521.8 4.71239 0.0688369
522 4.71239 0.018648
522.2 4.71239 -0.000192928
522.4 4.71239 0.0184245
522.6 4.71239 0.0292703
522.8 4.71239 -0.00147138
523 4.71239 -0.0492034
523.2 4.71239 -0.0585063
523.4 4.71239 -0.0106688
523.6 4.71239 0.0521106
523.8 4.71239 0.0740186
524 4.71239 0.04522
524.2 4.71239 0.00431499
524.4 4.71239 -0.0129594
524.6 4.71239 -0.0120084
524.8 4.71239 -0.0212753
525 4.71239 -0.0477829
525.2 4.71239 -0.0652783
525.4 4.71239 -0.0474716
525.6 4.71239 -0.00146813
525.8 4.71239 0.0399779
526 4.71239 0.0546595
526.2 4.71239 0.0508336
526.4 4.71239 0.0508185
526.6 4.71239 0.0631113
526.8 4.71239 0.0757242
527 4.71239 0.0725639
527.2 4.71239 0.0499673
527.4 4.71239 0.0181359
527.6 4.71239 -0.00733152
527.8 4.71239 -0.014446
528 4.71239 -0.00295689
528.2 4.71239 0.0105561
528.4 4.71239 0.00133045
528.6 4.71239 -0.0386978
528.8 4.71239 -0.0824926
529 4.71239 -0.0849132
529.2 4.71239 -0.0290354
529.4 4.71239 0.0472132
529.6 4.71239 0.0826612
529.8 4.71239 0.0565426
530 4.71239 0.0126835
530.2 4.71239 0.0110537
530.4 4.71239 0.0582785
530.6 4.71239 0.0990001
530.8 4.71239 0.0811532
531 4.71239 0.0190098
531.2 4.71239 -0.0213739
531.4 4.71239 0.00222312
531.6 4.71239 0.0614406
531.8 4.71239 0.0931322
532 4.71239 0.0710192
532.2 4.71239 0.0277063
532.4 4.71239 0.00748272
532.6 4.71239 0.0157121
532.8 4.71239 0.0264296
533 4.71239 0.0277578
533.2 4.71239 0.0367274
533.4 4.71239 0.0631446
533.6 4.71239 0.0785807
533.8 4.71239 0.0440234
534 4.71239 -0.0322455
534.2 4.71239 -0.0856692
534.4 4.71239 -0.0599918
534.6 4.71239 0.0260841
534.8 4.71239 0.0935079
535 4.71239 0.086635
535.2 4.71239 0.0294936
535.4 4.71239 -0.0107987
535.6 4.71239 -0.00578605
535.8 4.71239 0.00785723
536 4.71239 -0.0144405
536.2 4.71239 -0.0606833
536.4 4.71239 -0.0737507
536.6 4.71239 -0.0240274
536.8 4.71239 0.0489442
537 4.71239 0.0780658
537.2 4.71239 0.0429112
537.4 4.71239 -0.0121006
537.6 4.71239 -0.0324121
537.8 4.71239 -0.010883
538 4.71239 0.0174297
538.2 4.71239 0.0262368
538.4 4.71239 0.0257148
538.6 4.71239 0.0368277
538.8 4.71239 0.0543288
539 4.71239 0.0507206
539.2 4.71239 0.0146433
539.4 4.71239 -0.0292109
539.6 4.71239 -0.0457051
539.8 4.71239 -0.0276879
540 4.71239 -0.000104398
540.2 4.71239 0.0113382
540.4 4.71239 0.00563766
540.6 4.71239 -0.00165498
540.8 4.71239 -0.00244776
541 4.71239 -0.00334716
541.2 4.71239 -0.013154
541.4 4.71239 -0.0340492
541.6 4.71239 -0.0668256
541.8 4.71239 -0.113213
542 4.71239 -0.162739
542.2 4.71239 -0.183664
542.4 4.71239 -0.144272
542.6 4.71239 -0.0521029
542.8 4.71239 0.0373315
543 4.71239 0.0655011
543.2 4.71239 0.0282349
543.4 4.71239 -0.0208301
543.6 4.71239 -0.0292857
543.8 4.71239 -0.00128418
544 4.71239 0.0154059
544.2 4.71239 -0.00646151
544.4 4.71239 -0.038338
544.6 4.71239 -0.0341307
544.8 4.71239 0.00604453
545 4.71239 0.0287215
545.2 4.71239 -0.0101473
545.4 4.71239 -0.0872119
545.6 4.71239 -0.130805
545.8 4.71239 -0.0977975
546 4.71239 -0.0195868
546.2 4.71239 0.0340952
546.4 4.71239 0.029086
546.6 4.71239 -0.00617159
546.8 4.71239 -0.0242597
547 4.71239 -0.0139783
547.2 4.71239 -0.0027733
547.4 4.71239 -0.0121102
547.6 4.71239 -0.0270939
547.8 4.71239 -0.016938
548 4.71239 0.0238693
548.2 4.71239 0.0670114
548.4 4.71239 0.0835633
548.6 4.71239 0.0760557
548.8 4.71239 0.0708499
549 4.71239 0.0828655
549.2 4.71239 0.0964823
549.4 4.71239 0.0842636
549.6 4.71239 0.0400935
549.8 4.71239 -0.0108519
550 4.71239 -0.0345333
550.2 4.71239 -0.0188288
550.4 4.71239 0.01672
550.6 4.71239 0.0389383
550.8 4.71239 0.0298602
551 4.71239 0.00216636
551.2 4.71239 -0.0122989
551.4 4.71239 0.00619012
551.6 4.71239 0.041296
551.8 4.71239 0.0515519
552 4.71239 0.0138443
552.2 4.71239 -0.0413874
552.4 4.71239 -0.0483825
552.6 4.71239 0.0274833
552.8 4.71239 0.139891
553 4.71239 0.190041
553.2 4.71239 0.118571
553.4 4.71239 -0.0296449
553.6 4.71239 -0.140718
553.8 4.71239 -0.137763
554 4.71239 -0.0494918
554.2 4.71239 0.028468
554.4 4.71239 0.0350739
554.6 4.71239 -0.00258025
554.8 4.71239 -0.0156668
555 4.71239 0.0216225
555.2 4.71239 0.0673085
555.4 4.71239 0.0687007
555.6 4.71239 0.0271818
555.8 4.71239 -0.0057127
556 4.71239 0.0096231
556.2 4.71239 0.0572997
556.4 4.71239 0.0885938
556.6 4.71239 0.0767436
556.8 4.71239 0.038099
557 4.71239 0.00350201
557.2 4.71239 -0.0159868
557.4 4.71239 -0.0280763
557.6 4.71239 -0.0352082
557.8 4.71239 -0.0273711
558 4.71239 -0.000548462
558.2 4.71239 0.0307688
558.4 4.71239 0.0497286
558.6 4.71239 0.0600034
558.8 4.71239 0.0793405
559 4.71239 0.108075
559.2 4.71239 0.117267
559.4 4.71239 0.0808943
559.6 4.71239 0.0163682
559.8 4.71239 -0.0225485
560 4.71239 -0.00140127
560.2 4.71239 0.0535162
560.4 4.71239 0.0813605
560.6 4.71239 0.0540917
560.8 4.71239 0.00611312
561 4.71239 -0.00960431
561.2 4.71239 0.0136627
561.4 4.71239 0.0295131
561.6 4.71239 -0.00224257
561.8 4.71239 -0.0630682
562 4.71239 -0.0947385
562.2 4.71239 -0.0676627
562.4 4.71239 -0.0162152
562.6 4.71239 0.000899763
562.8 4.71239 -0.0323915
563 4.71239 -0.0733011
563.2 4.71239 -0.070334
563.4 4.71239 -0.0193453
563.6 4.71239 0.0360372
563.8 4.71239 0.0527076
564 4.71239 0.0265921
564.2 4.71239 -0.0147368
564.4 4.71239 -0.0448417
564.6 4.71239 -0.0555538
564.8 4.71239 -0.0495652
565 4.71239 -0.0315253
565.2 4.71239 -0.0113013
565.4 4.71239 -0.00484837
565.6 4.71239 -0.0189753
565.8 4.71239 -0.0363284
566 4.71239 -0.0280043
566.2 4.71239 0.0112801
566.4 4.71239 0.0472772
566.6 4.71239 0.0369266
566.8 4.71239 -0.0233472
567 4.71239 -0.0888918
567.2 4.71239 -0.112811
567.4 4.71239 -0.0955931
567.6 4.71239 -0.0795182
567.8 4.71239 -0.0938998
568 4.71239 -0.117609
568.2 4.71239 -0.10535
568.4 4.71239 -0.0466069
568.6 4.71239 0.0150679
568.8 4.71239 0.0280051
569 4.71239 -0.00968678
569.2 4.71239 -0.0478077
569.4 4.71239 -0.039867
569.6 4.71239 0.00771999
569.8 4.71239 0.0470186
570 4.71239 0.0427485
570.2 4.71239 0.00663752
570.4 4.71239 -0.0215415
570.6 4.71239 -0.0170946
570.8 4.71239 0.0113993
571 4.71239 0.0400567
571.2 4.71239 0.053796
571.4 4.71239 0.0500866
571.6 4.71239 0.0294406
571.8 4.71239 -0.00598445
572 4.71239 -0.0441541
572.2 4.71239 -0.0639315
572.4 4.71239 -0.052145
572.6 4.71239 -0.0184539
572.8 4.71239 0.0124322
573 4.71239 0.0239273
573.2 4.71239 0.0193352
573.4 4.71239 0.0102816
573.6 4.71239 0.000410497
573.8 4.71239 -0.0130829
574 4.71239 -0.0249093
574.2 4.71239 -0.0194055
574.4 4.71239 0.0108152
574.6 4.71239 0.0485753
574.8 4.71239 0.0639417
575 4.71239 0.0451776
575.2 4.71239 0.0128047
575.4 4.71239 -0.0022795
575.6 4.71239 0.00781005
575.8 4.71239 0.0221345
576 4.71239 0.0182089
576.2 4.71239 -0.00193826
576.4 4.71239 -0.0178245
576.6 4.71239 -0.0178576
576.8 4.71239 -0.0111019
577 4.71239 -0.00908442
577.2 4.71239 -0.00402623
577.4 4.71239 0.0243703
577.6 4.71239 0.0787208
577.8 4.71239 0.128364
578 4.71239 0.13191
578.2 4.71239 0.0775542
578.4 4.71239 -0.00153897
578.6 4.71239 -0.0530598
578.8 4.71239 -0.046947
579 4.71239 0.00530169
579.2 4.71239 0.0646291
579.4 4.71239 0.0937677
579.6 4.71239 0.0784863
579.8 4.71239 0.0317391
580 4.71239 -0.0162938
580.2 4.71239 -0.0369906
580.4 4.71239 -0.0226034
580.6 4.71239 0.00741907
580.8 4.71239 0.0220987
581 4.71239 0.00624101
581.2 4.71239 -0.0256815
581.4 4.71239 -0.0441043
581.6 4.71239 -0.0332184
581.8 4.71239 -0.00483638
582 4.71239 0.0146969
582.2 4.71239 0.00784784
582.4 4.71239 -0.0238243
582.6 4.71239 -0.0657231
582.8 4.71239 -0.0988473
583 4.71239 -0.10396
583.2 4.71239 -0.0698292
583.4 4.71239 -0.00853721
583.6 4.71239 0.0399273
583.8 4.71239 0.0333478
584 4.71239 -0.0305408
584.2 4.71239 -0.0999432
584.4 4.71239 -0.110114
584.6 4.71239 -0.0468497
584.8 4.71239 0.0347793
585 4.71239 0.0630661
585.2 4.71239 0.0232373
585.4 4.71239 -0.0270946
585.6 4.71239 -0.0195186
585.8 4.71239 0.0518516
586 4.71239 0.124068
586.2 4.71239 0.131397
586.4 4.71239 0.070993
586.6 4.71239 -0.000399968
586.8 4.71239 -0.0291114
587 4.71239 -0.0146065
587.2 4.71239 0.00304596
587.4 4.71239 -0.00420709
587.6 4.71239 -0.022689
587.8 4.71239 -0.0194027
588 4.71239 0.0156929
588.2 4.71239 0.0573651
588.4 4.71239 0.0731651
588.6 4.71239 0.056371
588.8 4.71239 0.0277938
589 4.71239 0.00945782
589.2 4.71239 0.00274627
589.4 4.71239 -0.00650867
589.6 4.71239 -0.0265604
589.8 4.71239 -0.0486044
590 4.71239 -0.0568677
590.2 4.71239 -0.0457226
590.4 4.71239 -0.0235892
590.6 4.71239 -0.00105383
590.8 4.71239 0.020749
591 4.71239 0.046772
591.2 4.71239 0.0741087
591.4 4.71239 0.085769
591.6 4.71239 0.063225
591.8 4.71239 0.00693473
592 4.71239 -0.057602
592.2 4.71239 -0.0979596
592.4 4.71239 -0.100954
592.6 4.71239 -0.0807002
592.8 4.71239 -0.0606802
593 4.71239 -0.0499239
593.2 4.71239 -0.0389892
593.4 4.71239 -0.0182501
593.6 4.71239 0.00505393
593.8 4.71239 0.0123567
594 4.71239 -0.00448685
594.2 4.71239 -0.0309581
594.4 4.71239 -0.0415742
594.6 4.71239 -0.0222551
594.8 4.71239 0.0197611
595 4.71239 0.0641544
595.2 4.71239 0.0905609
595.4 4.71239 0.0852389
595.6 4.71239 0.0453187
595.8 4.71239 -0.014138
596 4.71239 -0.0594481
596.2 4.71239 -0.0575792
596.4 4.71239 -0.00612033
596.6 4.71239 0.057796
596.8 4.71239 0.0873371
597 4.71239 0.0680356
597.2 4.71239 0.0262952
597.4 4.71239 -0.00605761
597.6 4.71239 -0.0274655
597.8 4.71239 -0.0572136
598 4.71239 -0.0939159
598.2 4.71239 -0.10153
598.4 4.71239 -0.0512613
598.6 4.71239 0.0285454
598.8 4.71239 0.0653095
599 4.71239 0.0172083
599.2 4.71239 -0.0727522
599.4 4.71239 -0.114673
599.6 4.71239 -0.0670567
599.8 4.71239 0.0184603
600 4.71239 0.0566802
600.2 4.71239 0.024593
600.4 4.71239 -0.0192393
600.6 4.71239 -0.0125529
600.8 4.71239 0.0320818
601 4.71239 0.0441845
601.2 4.71239 -0.0139463
601.4 4.71239 -0.0950372
601.6 4.71239 -0.117602
601.8 4.71239 -0.0582629
602 4.71239 0.0241914
602.2 4.71239 0.0572048
602.4 4.71239 0.0297721
602.6 4.71239 -0.0114995
602.8 4.71239 -0.0290764
603 4.71239 -0.0343468
603.2 4.71239 -0.0556291
603.4 4.71239 -0.0854448
603.6 4.71239 -0.0819737
603.8 4.71239 -0.0243504
604 4.71239 0.0506615
604.2 4.71239 0.0800923
604.4 4.71239 0.0387941
604.6 4.71239 -0.037548
604.8 4.71239 -0.0919603
605 4.71239 -0.0979936
605.2 4.71239 -0.0704819
605.4 4.71239 -0.037586
605.6 4.71239 -0.0157523
605.8 4.71239 -0.00861775
606 4.71239 -0.0135573
606.2 4.71239 -0.019667
606.4 4.71239 -0.00884175
606.6 4.71239 0.0259254
606.8 4.71239 0.0625254
607 4.71239 0.0637647
607.2 4.71239 0.0192721
607.4 4.71239 -0.0336661
607.6 4.71239 -0.0442227
607.8 4.71239 -0.00401531
608 4.71239 0.0426902
608.2 4.71239 0.0513977
608.4 4.71239 0.0306543
608.6 4.71239 0.0288932
608.8 4.71239 0.0689144
609 4.71239 0.111864
609.2 4.71239 0.0987643
609.4 4.71239 0.0216349
609.6 4.71239 -0.06199
609.8 4.71239 -0.0890074
610 4.71239 -0.0534156
610.2 4.71239 -0.00173538
610.4 4.71239 0.0247182
610.6 4.71239 0.0266721
610.8 4.71239 0.0262743
611 4.71239 0.0293431
611.2 4.71239 0.0243041
611.4 4.71239 0.0109075
611.6 4.71239 0.00721407
611.8 4.71239 0.0187243
612 4.71239 0.0169077
612.2 4.71239 -0.0297244
612.4 4.71239 -0.103013
612.6 4.71239 -0.135336
612.8 4.71239 -0.0794966
613 4.71239 0.0283959
613.2 4.71239 0.0951998
613.4 4.71239 0.0671057
613.6 4.71239 -0.0123093
613.8 4.71239 -0.0522942
614 4.71239 -0.0166187
614.2 4.71239 0.0410088
614.4 4.71239 0.0473423
614.6 4.71239 -0.00118829
614.8 4.71239 -0.0377016
615 4.71239 -0.0106175
615.2 4.71239 0.049918
615.4 4.71239 0.0662668
615.6 4.71239 0.00701938
615.8 4.71239 -0.072155
616 4.71239 -0.0891372
616.2 4.71239 -0.0274963
616.4 4.71239 0.0454483
616.6 4.71239 0.0532911
616.8 4.71239 -0.00768431
617 4.71239 -0.06907
617.2 4.71239 -0.0678967
617.4 4.71239 -0.0129157
617.6 4.71239 0.0309721
617.8 4.71239 0.0182622
618 4.71239 -0.0267522
618.2 4.71239 -0.038368
618.4 4.71239 0.0155501
618.6 4.71239 0.0934953
618.8 4.71239 0.118897
619 4.71239 0.0578308
619.2 4.71239 -0.0442021
619.4 4.71239 -0.105506
619.6 4.71239 -0.0876102
619.8 4.71239 -0.0296248
620 4.71239 -0.00353229
620.2 4.71239 -0.0386313
620.4 4.71239 -0.0943068
620.6 4.71239 -0.106394
620.8 4.71239 -0.0534937
621 4.71239 0.0273127
621.2 4.71239 0.0847825
621.4 4.71239 0.101574
621.6 4.71239 0.0940974
621.8 4.71239 0.0763472
622 4.71239 0.0415524
622.2 4.71239 -0.0154401
622.4 4.71239 -0.0713184
622.6 4.71239 -0.0874893
622.8 4.71239 -0.0532611
623 4.71239 -0.00415963
623.2 4.71239 0.0127401
623.4 4.71239 -0.0117179
623.6 4.71239 -0.0435955
623.8 4.71239 -0.0502087
624 4.71239 -0.0382596
624.2 4.71239 -0.0399508
624.4 4.71239 -0.067706
624.6 4.71239 -0.0964598
624.8 4.71239 -0.0945721
625 4.71239 -0.0618736
625.2 4.71239 -0.0276334
625.4 4.71239 -0.0150584
625.6 4.71239 -0.0198937
625.8 4.71239 -0.0262789
626 4.71239 -0.0314553
626.2 4.71239 -0.0436567
626.4 4.71239 -0.0605007
626.6 4.71239 -0.0644065
626.8 4.71239 -0.0446188
627 4.71239 -0.0128091
627.2 4.71239 0.0140808
627.4 4.71239 0.0403627
627.6 4.71239 0.0839798
627.8 4.71239 0.137608
628 4.71239 0.153981
628.2 4.71239 0.0911446
628.4 4.71239 -0.0264641
628.6 4.71239 -0.110922
628.8 4.71239 -0.0915926
629 4.71239 0.00938469
629.2 4.71239 0.0946081
629.4 4.71239 0.0891615
629.6 4.71239 0.0133832
629.8 4.71239 -0.0464457
630 4.71239 -0.0314191
630.2 4.71239 0.0357867
630.4 4.71239 0.0861178
630.6 4.71239 0.0775997
630.8 4.71239 0.0265699
631 4.71239 -0.0217306
631.2 4.71239 -0.0366014
631.4 4.71239 -0.0168909
631.6 4.71239 0.0182346
631.8 4.71239 0.0402628
632 4.71239 0.02303
632.2 4.71239 -0.0351296
632.4 4.71239 -0.0952229
632.6 4.71239 -0.0999833
632.8 4.71239 -0.0300337
633 4.71239 0.0644886
633.2 4.71239 0.104791
633.4 4.71239 0.0637418
633.6 4.71239 -0.00401594
633.8 4.71239 -0.0225101
634 4.71239 0.0209596
634.2 4.71239 0.0653636
634.4 4.71239 0.05128
634.6 4.71239 -0.0103496
634.8 4.71239 -0.058378
635 4.71239 -0.0604395
635.2 4.71239 -0.0489998
635.4 4.71239 -0.0702365
635.6 4.71239 -0.11517
635.8 4.71239 -0.124756
636 4.71239 -0.0639624
636.2 4.71239 0.029176
636.4 4.71239 0.0822814
636.6 4.71239 0.0668945
636.8 4.71239 0.0212301
637 4.71239 -0.00375982
637.2 4.71239 -0.00148949
637.4 4.71239 -0.001176
637.6 4.71239 -0.0162057
637.8 4.71239 -0.0255294
638 4.71239 -0.0116426
638.2 4.71239 0.00334618
638.4 4.71239 -0.019101
638.6 4.71239 -0.0774503
638.8 4.71239 -0.117687
639 4.71239 -0.089452
639.2 4.71239 -0.00620329
639.4 4.71239 0.0652031
639.6 4.71239 0.0746415
639.8 4.71239 0.0358772
640 4.71239 -0.000817609
640.2 4.71239 -0.0104425
640.4 4.71239 -0.012869
640.6 4.71239 -0.0330572
640.8 4.71239 -0.0596765
641 4.71239 -0.0563614
641.2 4.71239 -0.00942754
641.4 4.71239 0.0493446
641.6 4.71239 0.0726587
641.8 4.71239 0.0442837
642 4.71239 -0.00912096
642.2 4.71239 -0.0477785
642.4 4.71239 -0.0535078
642.6 4.71239 -0.0368403
642.8 4.71239 -0.0193635
643 4.71239 -0.0142281
643.2 4.71239 -0.0187292
643.4 4.71239 -0.0188019
643.6 4.71239 -0.00168308
643.8 4.71239 0.029027
644 4.71239 0.0491433
644.2 4.71239 0.0321929
644.4 4.71239 -0.0209578
644.6 4.71239 -0.0734571
644.8 4.71239 -0.0826273
645 4.71239 -0.0425138
645.2 4.71239 0.00832105
645.4 4.71239 0.026871
645.6 4.71239 0.0109673
645.8 4.71239 -0.00126417
646 4.71239 0.0236291
646.2 4.71239 0.0771807
646.4 4.71239 0.12011
646.6 4.71239 0.124081
646.8 4.71239 0.0944023
647 4.71239 0.0538437
647.2 4.71239 0.0158362
647.4 4.71239 -0.0196302
647.6 4.71239 -0.0509962
647.8 4.71239 -0.0689582
648 4.71239 -0.0680368
648.2 4.71239 -0.0559981
648.4 4.71239 -0.0451937
648.6 4.71239 -0.0389223
648.8 4.71239 -0.0334942
649 4.71239 -0.0309534
649.2 4.71239 -0.0388847
649.4 4.71239 -0.0542423
649.6 4.71239 -0.0583665
649.8 4.71239 -0.0399288
650 4.71239 -0.0185894
650.2 4.71239 -0.0291996
650.4 4.71239 -0.0749093
650.6 4.71239 -0.10906
650.8 4.71239 -0.0819707
651 4.71239 -0.00557709
651.2 4.71239 0.0470908
651.4 4.71239 0.0204326
651.6 4.71239 -0.0550285
651.8 4.71239 -0.0916999
652 4.71239 -0.0453448
652.2 4.71239 0.0308084
652.4 4.71239 0.0475671
652.6 4.71239 -0.0133611
652.8 4.71239 -0.0760347
653 4.71239 -0.0601833
653.2 4.71239 0.0229234
653.4 4.71239 0.0840652
653.6 4.71239 0.0611768
653.8 4.71239 -0.0115602
654 4.71239 -0.0504916
654.2 4.71239 -0.0233069
654.4 4.71239 0.0189801
654.6 4.71239 0.0114189
654.8 4.71239 -0.0451353
655 4.71239 -0.0897736
655.2 4.71239 -0.0780792
655.4 4.71239 -0.0315272
655.6 4.71239 -0.00409376
655.8 4.71239 -0.0151602
656 4.71239 -0.032264
656.2 4.71239 -0.0175503
656.4 4.71239 0.0250793
656.6 4.71239 0.05728
656.8 4.71239 0.051746
657 4.71239 0.0189956
657.2 4.71239 -0.00924899
657.4 4.71239 -0.0130834
657.6 4.71239 0.00224085
657.8 4.71239 0.0174917
658 4.71239 0.0170187
658.2 4.71239 0.000268044
658.4 4.71239 -0.0154082
658.6 4.71239 -0.00519949
658.8 4.71239 0.0385457
659 4.71239 0.0876589
659.2 4.71239 0.0953245
659.4 4.71239 0.0454157
659.6 4.71239 -0.0180531
659.8 4.71239 -0.0277612
660 4.71239 0.0314969
660.2 4.71239 0.0946476
660.4 4.71239 0.0808856
660.6 4.71239 -0.0131591
660.8 4.71239 -0.101667
661 4.71239 -0.101763
661.2 4.71239 -0.0277061
661.4 4.71239 0.0256162
661.6 4.71239 -0.00598596
661.8 4.71239 -0.081042
662 4.71239 -0.103821
662.2 4.71239 -0.0407008
662.4 4.71239 0.0391415
662.6 4.71239 0.0475159
662.8 4.71239 -0.0166088
663 4.71239 -0.0662624
663.2 4.71239 -0.0299674
663.4 4.71239 0.0653548
663.6 4.71239 0.127818
663.8 4.71239 0.105007
664 4.71239 0.0349539
664.2 4.71239 -0.00776158
664.4 4.71239 0.00282031
664.6 4.71239 0.0281979
664.8 4.71239 0.0255233
665 4.71239 0.000542066
665.2 4.71239 -0.00904824
665.4 4.71239 0.0100109
665.6 4.71239 0.0257011
665.8 4.71239 -0.000132617
666 4.71239 -0.0632079
666.2 4.71239 -0.116696
666.4 4.71239 -0.117808
666.6 4.71239 -0.0685926
666.8 4.71239 -0.0107904
667 4.71239 0.0145784
667.2 4.71239 0.00254619
667.4 4.71239 -0.0146212
667.6 4.71239 0.00210544
667.8 4.71239 0.0616022
668 4.71239 0.128798
668.2 4.71239 0.149439
668.4 4.71239 0.0982033
668.6 4.71239 0.00785949
668.8 4.71239 -0.0546315
669 4.71239 -0.0488798
669.2 4.71239 0.000498429
669.4 4.71239 0.0312542
669.6 4.71239 0.00974455
669.8 4.71239 -0.0363268
670 4.71239 -0.0540084
670.2 4.71239 -0.0257441
670.4 4.71239 0.0169405
670.6 4.71239 0.0378301
670.8 4.71239 0.0375602
671 4.71239 0.0394981
671.2 4.71239 0.0445438
671.4 4.71239 0.0226471
671.6 4.71239 -0.0414605
671.8 4.71239 -0.110191
672 4.71239 -0.123003
672.2 4.71239 -0.0677919
672.4 4.71239 -0.00421108
672.6 4.71239 -0.000587894
672.8 4.71239 -0.0538508
673 4.71239 -0.0903317
673.2 4.71239 -0.0514967
673.4 4.71239 0.0358048
673.6 4.71239 0.0896727
673.8 4.71239 0.0687211
674 4.71239 0.0181889
674.2 4.71239 0.0121058
674.4 4.71239 0.0620928
674.6 4.71239 0.10308
674.8 4.71239 0.0724445
675 4.71239 -0.0127484
675.2 4.71239 -0.0714591
675.4 4.71239 -0.0483692
675.6 4.71239 0.0260433
675.8 4.71239 0.0707127
676 4.71239 0.0405463
676.2 4.71239 -0.0310222
676.4 4.71239 -0.0734584
676.6 4.71239 -0.0521852
676.8 4.71239 0.0037601
677 4.71239 0.0384488
677.2 4.71239 0.0232887
677.4 4.71239 -0.0246279
677.6 4.71239 -0.0672029
677.8 4.71239 -0.0798276
678 4.71239 -0.0641031
678.2 4.71239 -0.0365725
678.4 4.71239 -0.0111928
678.6 4.71239 0.00865998
678.8 4.71239 0.0264027
679 4.71239 0.0435705
679.2 4.71239 0.0544808
679.4 4.71239 0.0485227
679.6 4.71239 0.0188146
679.8 4.71239 -0.0293352
680 4.71239 -0.0775347
680.2 4.71239 -0.103778
680.4 4.71239 -0.0969279
680.6 4.71239 -0.0660748
680.8 4.71239 -0.0361958
681 4.71239 -0.0303901
681.2 4.71239 -0.0501528
681.4 4.71239 -0.0714291
681.6 4.71239 -0.0646298
681.8 4.71239 -0.0243253
682 4.71239 0.0207534
682.2 4.71239 0.0329224
682.4 4.71239 0.00486432
682.6 4.71239 -0.0290278
682.8 4.71239 -0.0265068
683 4.71239 0.0167322
683.2 4.71239 0.060342
683.4 4.71239 0.0619923
683.6 4.71239 0.0220706
683.8 4.71239 -0.0211974
684 4.71239 -0.0391296
684.2 4.71239 -0.0439289
684.4 4.71239 -0.0650061
684.6 4.71239 -0.101545
684.8 4.71239 -0.114793
685 4.71239 -0.0742172
685.2 4.71239 -0.00141913
685.4 4.71239 0.0464
685.6 4.71239 0.0383331
685.8 4.71239 0.00436143
686 4.71239 0.00115647
686.2 4.71239 0.0491914
686.4 4.71239 0.113003
686.6 4.71239 0.141681
686.8 4.71239 0.11754
687 4.71239 0.0616623
687.2 4.71239 0.0052438
687.4 4.71239 -0.0297506
687.6 4.71239 -0.0269577
687.8 4.71239 0.0232303
688 4.71239 0.102989
688.2 4.71239 0.158892
688.4 4.71239 0.140006
688.6 4.71239 0.054531
688.8 4.71239 -0.02617
689 4.71239 -0.0374392
689.2 4.71239 0.00673047
689.4 4.71239 0.0293127
689.6 4.71239 -0.0158085
689.8 4.71239 -0.0812269
690 4.71239 -0.0757855
690.2 4.71239 0.0251117
690.4 4.71239 0.139405
690.6 4.71239 0.160728
690.8 4.71239 0.0707104
691 4.71239 -0.0467503
691.2 4.71239 -0.100396
691.4 4.71239 -0.0814668
691.6 4.71239 -0.0498156
691.8 4.71239 -0.0479202
692 4.71239 -0.0545666
692.2 4.71239 -0.0273016
692.4 4.71239 0.0318929
692.6 4.71239 0.0744946
692.8 4.71239 0.0640038
693 4.71239 0.0158143
693.2 4.71239 -0.0280667
693.4 4.71239 -0.0484584
693.6 4.71239 -0.0571812
693.8 4.71239 -0.0630218
694 4.71239 -0.0518479
694.2 4.71239 -0.0101967
694.4 4.71239 0.045518
694.6 4.71239 0.0809754
694.8 4.71239 0.0831054
695 4.71239 0.0709679
695.2 4.71239 0.062943
695.4 4.71239 0.049044
695.6 4.71239 0.0119242
695.8 4.71239 -0.032569
696 4.71239 -0.0403696
696.2 4.71239 0.00403317
696.4 4.71239 0.0524577
696.6 4.71239 0.0378226
696.8 4.71239 -0.044895
697 4.71239 -0.122441
697.2 4.71239 -0.120961
697.4 4.71239 -0.0486304
697.6 4.71239 0.0175429
697.8 4.71239 0.0250623
698 4.71239 0.00345589
698.2 4.71239 0.0164011
698.4 4.71239 0.07287
698.6 4.71239 0.113502
698.8 4.71239 0.0892397
699 4.71239 0.0278482
699.2 4.71239 -0.000715213
699.4 4.71239 0.0232739
699.6 4.71239 0.0412748
699.8 4.71239 -0.00572402
700 4.71239 -0.0906328
700.2 4.71239 -0.119077
700.4 4.71239 -0.0384599
700.6 4.71239 0.0931251
700.8 4.71239 0.163743
701 4.71239 0.124613
701.2 4.71239 0.0329703
701.4 4.71239 -0.0224173
701.6 4.71239 -0.0174452
701.8 4.71239 0.000521485
702 4.71239 -0.0104736
702.2 4.71239 -0.030795
702.4 4.71239 -0.0118902
702.6 4.71239 0.0503945
702.8 4.71239 0.0986574
703 4.71239 0.075701
703.2 4.71239 -0.00894093
703.4 4.71239 -0.0858705
703.6 4.71239 -0.0961719
703.8 4.71239 -0.0461203
704 4.71239 0.00783627
704.2 4.71239 0.0188257
704.4 4.71239 -0.0108728
704.6 4.71239 -0.0427846
704.8 4.71239 -0.0440215
705 4.71239 -0.0150132
705.2 4.71239 0.0156207
705.4 4.71239 0.0179028
705.6 4.71239 -0.0137912
705.8 4.71239 -0.0540879
706 4.71239 -0.0647778
706.2 4.71239 -0.0269977
706.4 4.71239 0.0386758
706.6 4.71239 0.0855498
706.8 4.71239 0.079775
707 4.71239 0.029124
707.2 4.71239 -0.026488
707.4 4.71239 -0.0523573
707.6 4.71239 -0.0452036
707.8 4.71239 -0.0247785
708 4.71239 -0.00735626
708.2 4.71239 0.00638608
708.4 4.71239 0.0205198
708.6 4.71239 0.031416
708.8 4.71239 0.0323314
709 4.71239 0.0257706
709.2 4.71239 0.022258
709.4 4.71239 0.0245045
709.6 4.71239 0.0197226
709.8 4.71239 -0.00511672
710 4.71239 -0.0413344
710.2 4.71239 -0.0590662
710.4 4.71239 -0.0349107
710.6 4.71239 0.0216822
710.8 4.71239 0.0729533
711 4.71239 0.0852064
711.2 4.71239 0.0579436
711.4 4.71239 0.022747
711.6 4.71239 0.0144386
711.8 4.71239 0.039901
712 4.71239 0.0696611
712.2 4.71239 0.0598058
712.4 4.71239 -0.00961969
712.6 4.71239 -0.108933
712.8 4.71239 -0.172459
713 4.71239 -0.149077
713.2 4.71239 -0.0506288
713.4 4.71239 0.0508149
713.6 4.71239 0.0829366
713.8 4.71239 0.037419
714 4.71239 -0.0258598
714.2 4.71239 -0.0403213
714.4 4.71239 0.00372592
714.6 4.71239 0.0590902
714.8 4.71239 0.0796023
715 4.71239 0.0667724
715.2 4.71239 0.0551912
715.4 4.71239 0.0617313
715.6 4.71239 0.0644499
715.8 4.71239 0.0349062
716 4.71239 -0.020811
716.2 4.71239 -0.0653303
716.4 4.71239 -0.071776
716.6 4.71239 -0.0502291
716.8 4.71239 -0.0282037
717 4.71239 -0.0150656
717.2 4.71239 0.00263038
717.4 4.71239 0.0330567
717.6 4.71239 0.0608278
717.8 4.71239 0.0648947
718 4.71239 0.0469553
718.2 4.71239 0.0300997
718.4 4.71239 0.0291133
718.6 4.71239 0.0337608
718.8 4.71239 0.0276816
719 4.71239 0.0144366
719.2 4.71239 0.0114752
719.4 4.71239 0.0194241
719.6 4.71239 0.0135597
719.8 4.71239 -0.0228542
720 4.71239 -0.0649791
720.2 4.71239 -0.0643637
720.4 4.71239 -0.00679924
720.6 4.71239 0.0600088
720.8 4.71239 0.0712825
721 4.71239 0.0168893
721.2 4.71239 -0.0438912
721.4 4.71239 -0.046262
721.6 4.71239 0.008714
721.8 4.71239 0.0562251
722 4.71239 0.0389808
722.2 4.71239 -0.0332767
722.4 4.71239 -0.0982693
722.6 4.71239 -0.105271
722.8 4.71239 -0.0562482
723 4.71239 0.00989679
723.2 4.71239 0.0575071
723.4 4.71239 0.0728647
723.6 4.71239 0.0567422
723.8 4.71239 0.0173476
724 4.71239 -0.0259762
724.2 4.71239 -0.0464648
724.4 4.71239 -0.0312338
724.6 4.71239 0.00208645
724.8 4.71239 0.0201012
725 4.71239 0.0085884
725.2 4.71239 -0.0132467
725.4 4.71239 -0.0180132
725.6 4.71239 -0.00389679
725.8 4.71239 0.00526888
726 4.71239 -0.00775155
726.2 4.71239 -0.0314977
726.4 4.71239 -0.0412984
726.6 4.71239 -0.0293982
726.8 4.71239 -0.00963933
727 4.71239 0.00561194
727.2 4.71239 0.0203722
727.4 4.71239 0.0405128
727.6 4.71239 0.0546436
727.8 4.71239 0.0447062
728 4.71239 0.016357
728.2 4.71239 0.00360604
728.4 4.71239 0.0308103
728.6 4.71239 0.0761741
728.8 4.71239 0.0894076
729 4.71239 0.0506339
729.2 4.71239 -0.000557143
729.4 4.71239 -0.00839026
729.6 4.71239 0.0303435
729.8 4.71239 0.0566459
730 4.71239 0.0160011
730.2 4.71239 -0.0744066
730.4 4.71239 -0.138491
730.6 4.71239 -0.121151
730.8 4.71239 -0.0442254
731 4.71239 0.0215386
731.2 4.71239 0.0302777
731.4 4.71239 -0.00373369
731.6 4.71239 -0.0380084
731.8 4.71239 -0.0499918
732 4.71239 -0.0449734
732.2 4.71239 -0.031061
732.4 4.71239 -0.00822226
732.6 4.71239 0.0145882
732.8 4.71239 0.0115187
733 4.71239 -0.0314751
733.2 4.71239 -0.0833509
733.4 4.71239 -0.0845993
733.6 4.71239 -0.010594
733.8 4.71239 0.0895886
734 4.71239 0.133521
734.2 4.71239 0.0891578
734.4 4.71239 0.00841258
734.6 4.71239 -0.029783
734.8 4.71239 -0.00357647
735 4.71239 0.034928
735.2 4.71239 0.0249445
735.4 4.71239 -0.0337932
735.6 4.71239 -0.0850154
735.8 4.71239 -0.0812404
736 4.71239 -0.0316683
736.2 4.71239 0.0159168
736.4 4.71239 0.028465
736.6 4.71239 0.0130153
736.8 4.71239 -0.00456193
737 4.71239 -0.0107636
737.2 4.71239 -0.0095696
737.4 4.71239 -0.0074801
737.6 4.71239 -0.00620791
737.8 4.71239 -0.00900745
738 4.71239 -0.0220841
738.2 4.71239 -0.043366
738.4 4.71239 -0.0574316
738.6 4.71239 -0.0520945
738.8 4.71239 -0.0386283
739 4.71239 -0.0436363
739.2 4.71239 -0.074088
739.4 4.71239 -0.098259
739.6 4.71239 -0.0743868
739.8 4.71239 -0.000507309
740 4.71239 0.0741556
740.2 4.71239 0.0960476
740.4 4.71239 0.0620011
740.6 4.71239 0.0185282
740.8 4.71239 0.00678269
741 4.71239 0.0194189
741.2 4.71239 0.0196276
741.4 4.71239 -0.0045823
741.6 4.71239 -0.0218149
741.8 4.71239 0.000463009
742 4.71239 0.0463887
742.2 4.71239 0.060606
742.4 4.71239 0.010399
742.6 4.71239 -0.0721383
742.8 4.71239 -0.120855
743 4.71239 -0.105781
743.2 4.71239 -0.0625198
743.4 4.71239 -0.047343
743.6 4.71239 -0.0717375
743.8 4.71239 -0.0925345
744 4.71239 -0.066667
744.2 4.71239 -0.00445499
744.4 4.71239 0.0410577
744.6 4.71239 0.0348492
744.8 4.71239 -0.000731734
745 4.71239 -0.0127742
745.2 4.71239 0.0210794
745.4 4.71239 0.0669237
745.6 4.71239 0.0722302
745.8 4.71239 0.0239481
746 4.71239 -0.0360456
746.2 4.71239 -0.0524883
746.4 4.71239 -0.0093759
746.6 4.71239 0.0595649
746.8 4.71239 0.107714
747 4.71239 0.116753
747.2 4.71239 0.102136
747.4 4.71239 0.084954
747.6 4.71239 0.0668761
747.8 4.71239 0.0351361
748 4.71239 -0.0127219
748.2 4.71239 -0.056591
748.4 4.71239 -0.0699268
748.6 4.71239 -0.046689
748.8 4.71239 -0.00881199
749 4.71239 0.014339
749.2 4.71239 0.0127301
749.4 4.71239 0.000843145
749.6 4.71239 -0.00176034
749.8 4.71239 0.00891151
750 4.71239 0.0215405
750.2 4.71239 0.0267313
750.4 4.71239 0.0279685
750.6 4.71239 0.033019
750.8 4.71239 0.0388403
751 4.71239 0.0322539
751.2 4.71239 0.00819822
751.4 4.71239 -0.0179263
751.6 4.71239 -0.0238327
751.8 4.71239 -0.00810381
752 4.71239 0.00201056
752.2 4.71239 -0.0212332
752.4 4.71239 -0.0685531
752.6 4.71239 -0.0914546
752.8 4.71239 -0.0466677
753 4.71239 0.054378
753.2 4.71239 0.145242
753.4 4.71239 0.16103
753.6 4.71239 0.0988033
753.8 4.71239 0.0204053
754 4.71239 -0.00667056
754.2 4.71239 0.0279569
754.4 4.71239 0.0736699
754.6 4.71239 0.0747863
754.8 4.71239 0.0263515
755 4.71239 -0.026731
755.2 4.71239 -0.041552
755.4 4.71239 -0.0215194
755.6 4.71239 -0.00676846
755.8 4.71239 -0.0253432
756 4.71239 -0.0611977
756.2 4.71239 -0.0728345
756.4 4.71239 -0.0391799
756.6 4.71239 0.0186179
756.8 4.71239 0.060642
757 4.71239 0.0674323
757.2 4.71239 0.0530753
757.4 4.71239 0.0437265
757.6 4.71239 0.0509728
757.8 4.71239 0.0675252
758 4.71239 0.0807119
758.2 4.71239 0.0812519
758.4 4.71239 0.0607426
758.6 4.71239 0.0133507
758.8 4.71239 -0.0501274
759 4.71239 -0.0948258
759.2 4.71239 -0.0846462
759.4 4.71239 -0.0225461
759.6 4.71239 0.0383019
759.8 4.71239 0.0389578
760 4.71239 -0.0227825
760.2 4.71239 -0.081558
760.4 4.71239 -0.0678833
760.6 4.71239 0.0163219
760.8 4.71239 0.0946561
761 4.71239 0.094389
761.2 4.71239 0.0229955
761.4 4.71239 -0.0426672
761.6 4.71239 -0.0426231
761.8 4.71239 0.00269288
762 4.71239 0.0234321
762.2 4.71239 -0.0125184
762.4 4.71239 -0.0601117
762.6 4.71239 -0.0524455
762.8 4.71239 0.0149277
763 4.71239 0.0712758
763.2 4.71239 0.0466901
763.4 4.71239 -0.0493404
763.6 4.71239 -0.135472
763.8 4.71239 -0.142188
764 4.71239 -0.0777183
764.2 4.71239 -0.00870321
764.4 4.71239 0.0148321
764.6 4.71239 0.00406992
764.8 4.71239 0.00346588
765 4.71239 0.0319887
765.2 4.71239 0.0619179
765.4 4.71239 0.0531564
765.6 4.71239 -0.000627677
765.8 4.71239 -0.063387
766 4.71239 -0.0894321
766.2 4.71239 -0.062512
766.4 4.71239 -0.00731081
766.6 4.71239 0.0315883
766.8 4.71239 0.0246002
767 4.71239 -0.0193197
767.2 4.71239 -0.0582237
767.4 4.71239 -0.0518095
767.6 4.71239 0.000407488
767.8 4.71239 0.0543206
768 4.71239 0.0615381
768.2 4.71239 0.0198018
768.4 4.71239 -0.0209716
768.6 4.71239 -0.00965942
768.8 4.71239 0.0497215
769 4.71239 0.0996149
769.2 4.71239 0.0896537
769.4 4.71239 0.0293281
769.6 4.71239 -0.0262894
769.8 4.71239 -0.0382663
770 4.71239 -0.0187165
770.2 4.71239 -0.00199998
770.4 4.71239 0.00390818
770.6 4.71239 0.0193999
770.8 4.71239 0.0485041
771 4.71239 0.0547549
771.2 4.71239 0.00166727
771.4 4.71239 -0.0875396
771.6 4.71239 -0.134467
771.8 4.71239 -0.0860096
772 4.71239 0.0171361
772.2 4.71239 0.0709974
772.4 4.71239 0.0151257
772.6 4.71239 -0.100353
772.8 4.71239 -0.164444
773 4.71239 -0.11815
773.2 4.71239 -0.00850323
773.4 4.71239 0.0699406
773.6 4.71239 0.073783
773.8 4.71239 0.0412869
774 4.71239 0.0329244
774.2 4.71239 0.0602999
774.4 4.71239 0.0823241
774.6 4.71239 0.0611342
774.8 4.71239 0.00600421
775 4.71239 -0.0399657
775.2 4.71239 -0.0450287
775.4 4.71239 -0.012746
775.6 4.71239 0.0317503
775.8 4.71239 0.066347
776 4.71239 0.0809443
776.2 4.71239 0.0742825
776.4 4.71239 0.0530735
776.6 4.71239 0.0325019
776.8 4.71239 0.0269158
777 4.71239 0.0347299
777.2 4.71239 0.0374893
777.4 4.71239 0.0205404
777.6 4.71239 -0.00668512
777.8 4.71239 -0.0175193
778 4.71239 0.00271159
778.2 4.71239 0.0385847
778.4 4.71239 0.0597191
778.6 4.71239 0.0516509
778.8 4.71239 0.0272085
779 4.71239 0.00848393
779.2 4.71239 0.00401057
779.4 4.71239 0.00697327
779.6 4.71239 0.0104966
779.8 4.71239 0.0164554
780 4.71239 0.0279476
780.2 4.71239 0.0397522
780.4 4.71239 0.0420857
780.6 4.71239 0.0324501
780.8 4.71239 0.0190694
781 4.71239 0.0121998
781.2 4.71239 0.015759
781.4 4.71239 0.028361
781.6 4.71239 0.0473206
781.8 4.71239 0.0669589
782 4.71239 0.0762134
782.2 4.71239 0.0663774
782.4 4.71239 0.0438333
782.6 4.71239 0.0280266
782.8 4.71239 0.0288512
783 4.71239 0.0282961
783.2 4.71239 -0.0047467
783.4 4.71239 -0.0747586
783.6 4.71239 -0.140285
783.8 4.71239 -0.145752
784 4.71239 -0.0774011
784.2 4.71239 0.0163863
784.4 4.71239 0.0664918
784.6 4.71239 0.0452313
784.8 4.71239 -0.0140324
785 4.71239 -0.0559186
785.2 4.71239 -0.0558779
785.4 4.71239 -0.0339199
785.6 4.71239 -0.0237811
785.8 4.71239 -0.0362954
786 4.71239 -0.0520653
786.2 4.71239 -0.0426974
786.4 4.71239 0.00346361
786.6 4.71239 0.0702215
786.8 4.71239 0.121534
787 4.71239 0.12437
787.2 4.71239 0.0756876
787.4 4.71239 0.0120694
787.6 4.71239 -0.0147865
787.8 4.71239 0.0164345
788 4.71239 0.0733351
788.2 4.71239 0.0987859
788.4 4.71239 0.0682774
788.6 4.71239 0.0146286
788.8 4.71239 -0.00950336
789 4.71239 0.010117
789.2 4.71239 0.0371027
789.4 4.71239 0.0317481
789.6 4.71239 -0.000456812
789.8 4.71239 -0.0178416
790 4.71239 0.00426219
790.2 4.71239 0.0433401
790.4 4.71239 0.0589059
790.6 4.71239 0.0416394
790.8 4.71239 0.0202559
791 4.71239 0.0214486
791.2 4.71239 0.0381242
791.4 4.71239 0.0458929
791.6 4.71239 0.0402905
791.8 4.71239 0.0405786
792 4.71239 0.0557585
792.2 4.71239 0.0643133
792.4 4.71239 0.0418923
792.6 4.71239 0.00173118
792.8 4.71239 -0.0122369
793 4.71239 0.0205616
793.2 4.71239 0.0636395
793.4 4.71239 0.0597382
793.6 4.71239 -0.00168054
793.8 4.71239 -0.0694062
794 4.71239 -0.0895709
794.2 4.71239 -0.0678502
794.4 4.71239 -0.0572661
794.6 4.71239 -0.0868829
794.8 4.71239 -0.121444
795 4.71239 -0.10357
795.2 4.71239 -0.027165
795.4 4.71239 0.0485895
795.6 4.71239 0.0621626
795.8 4.71239 0.0147921
796 4.71239 -0.0356993
796.2 4.71239 -0.0388084
796.4 4.71239 0.0027678
796.6 4.71239 0.0490043
796.8 4.71239 0.0685451
797 4.71239 0.0596751
797.2 4.71239 0.036348
797.4 4.71239 0.0109005
797.6 4.71239 -0.0068304
797.8 4.71239 -0.00895742
798 4.71239 -0.00106675
798.2 4.71239 -0.00751288
798.4 4.71239 -0.0476462
798.6 4.71239 -0.102004
798.8 4.71239 -0.117155
799 4.71239 -0.060224
799.2 4.71239 0.0330199
799.4 4.71239 0.0808606
799.6 4.71239 0.0363005
799.8 4.71239 -0.0607098
800 4.71239 -0.121018
800.2 4.71239 -0.0958422
800.4 4.71239 -0.0211776
800.6 4.71239 0.0267785
800.8 4.71239 0.00978874
801 4.71239 -0.0448558
801.2 4.71239 -0.0840159
801.4 4.71239 -0.0798529
801.6 4.71239 -0.0407432
801.8 4.71239 0.0102189
802 4.71239 0.0511484
802.2 4.71239 0.0626067
802.4 4.71239 0.0350088
802.6 4.71239 -0.0139085
802.8 4.71239 -0.0414022
803 4.71239 -0.0182428
803.2 4.71239 0.0330982
803.4 4.71239 0.0546728
803.6 4.71239 0.0181526
803.8 4.71239 -0.0351684
804 4.71239 -0.0353721
804.2 4.71239 0.0333305
804.4 4.71239 0.105974
804.6 4.71239 0.10442
804.8 4.71239 0.0248294
805 4.71239 -0.0566777
805.2 4.71239 -0.0669904
805.4 4.71239 -0.0108669
805.6 4.71239 0.0456913
805.8 4.71239 0.055295
806 4.71239 0.032959
806.2 4.71239 0.0189554
806.4 4.71239 0.0191403
806.6 4.71239 0.00317979
806.8 4.71239 -0.0420345
807 4.71239 -0.081245
807.2 4.71239 -0.0688473
807.4 4.71239 -0.0089421
807.6 4.71239 0.0423779
807.8 4.71239 0.0402062
808 4.71239 0.00265613
808.2 4.71239 -0.0126971
808.4 4.71239 0.0207973
808.6 4.71239 0.0674736
808.8 4.71239 0.0730139
809 4.71239 0.0272012
809.2 4.71239 -0.029157
809.4 4.71239 -0.0560176
809.6 4.71239 -0.056499
809.8 4.71239 -0.0598424
810 4.71239 -0.0732235
810.2 4.71239 -0.0679593
810.4 4.71239 -0.0178259
810.6 4.71239 0.0610837
810.8 4.71239 0.12117
811 4.71239 0.13172
811.2 4.71239 0.105858
811.4 4.71239 0.0754764
811.6 4.71239 0.0502444
811.8 4.71239 0.0147241
812 4.71239 -0.0344044
812.2 4.71239 -0.0641245
812.4 4.71239 -0.0331665
812.6 4.71239 0.0553998
812.8 4.71239 0.142165
813 4.71239 0.161945
813.2 4.71239 0.105965
813.4 4.71239 0.0269349
813.6 4.71239 -0.0177805
813.8 4.71239 -0.0200289
814 4.71239 -0.013079
814.2 4.71239 -0.0191592
814.4 4.71239 -0.0216142
814.6 4.71239 0.00324529
814.8 4.71239 0.039476
815 4.71239 0.0382955
815.2 4.71239 -0.0203148
815.4 4.71239 -0.0874448
815.6 4.71239 -0.0880471
815.8 4.71239 -0.00853204
816 4.71239 0.0745449
816.2 4.71239 0.0703965
816.4 4.71239 -0.0235547
816.6 4.71239 -0.112451
816.8 4.71239 -0.106383
817 4.71239 -0.0200995
817.2 4.71239 0.0463077
817.4 4.71239 0.0255711
817.6 4.71239 -0.0390128
817.8 4.71239 -0.0493892
818 4.71239 0.0250161
818.2 4.71239 0.106316
818.4 4.71239 0.0994108
818.6 4.71239 0.00577949
818.8 4.71239 -0.0773296
819 4.71239 -0.069736
819.2 4.71239 0.00277948
819.4 4.71239 0.0472413
819.6 4.71239 0.0163534
819.8 4.71239 -0.042867
820 4.71239 -0.0555947
820.2 4.71239 -0.00960802
820.4 4.71239 0.0411535
820.6 4.71239 0.051535
820.8 4.71239 0.033697
821 4.71239 0.0218996
821.2 4.71239 0.0147908
821.4 4.71239 -0.0174306
821.6 4.71239 -0.0721611
821.8 4.71239 -0.0946238
822 4.71239 -0.0412421
822.2 4.71239 0.0517858
822.4 4.71239 0.0945696
822.6 4.71239 0.045443
822.8 4.71239 -0.0365328
823 4.71239 -0.0606698
823.2 4.71239 -0.0149687
823.4 4.71239 0.0208172
823.6 4.71239 -0.0212626
823.8 4.71239 -0.106033
824 4.71239 -0.131878
824.2 4.71239 -0.0519733
824.4 4.71239 0.068879
824.6 4.71239 0.128658
824.8 4.71239 0.0986115
825 4.71239 0.0377396
825.2 4.71239 0.00791385
825.4 4.71239 0.00685036
825.6 4.71239 -0.00185156
825.8 4.71239 -0.0192264
826 4.71239 -0.00691954
826.2 4.71239 0.0469481
826.4 4.71239 0.0923478
826.6 4.71239 0.073744
826.8 4.71239 0.00847503
827 4.71239 -0.0237497
827.2 4.71239 0.0214774
827.4 4.71239 0.0911097
827.6 4.71239 0.0942063
827.8 4.71239 0.0147692
828 4.71239 -0.0637313
828.2 4.71239 -0.0564751
828.4 4.71239 0.0215612
828.6 4.71239 0.0757573
828.8 4.71239 0.0465326
829 4.71239 -0.0233545
829.2 4.71239 -0.0466705
829.4 4.71239 0.00262135
829.6 4.71239 0.0650895
829.8 4.71239 0.0730261
830 4.71239 0.0262752
830.2 4.71239 -0.0202549
830.4 4.71239 -0.0269504
830.6 4.71239 -0.00409015
830.8 4.71239 0.0201276
831 4.71239 0.0393071
831.2 4.71239 0.0616726
831.4 4.71239 0.0788207
831.6 4.71239 0.0673881
831.8 4.71239 0.0253516
832 4.71239 -0.0131986
832.2 4.71239 -0.013842
832.4 4.71239 0.0171743
832.6 4.71239 0.0441482
832.8 4.71239 0.0509663
833 4.71239 0.058516
833.2 4.71239 0.084634
833.4 4.71239 0.104712
833.6 4.71239 0.0760525
833.8 4.71239 0.00057161
834 4.71239 -0.0606437
834.2 4.71239 -0.0512143
834.4 4.71239 0.0134861
834.6 4.71239 0.0628164
834.8 4.71239 0.053155
835 4.71239 0.0128325
835.2 4.71239 -0.00423773
835.4 4.71239 0.00879725
835.6 4.71239 0.00981581
835.8 4.71239 -0.0253907
836 4.71239 -0.0639073
836.2 4.71239 -0.0612821
836.4 4.71239 -0.02864
836.6 4.71239 -0.0230165
836.8 4.71239 -0.0666401
837 4.71239 -0.104788
837.2 4.71239 -0.0689638
837.4 4.71239 0.0287636
837.6 4.71239 0.0961504
837.8 4.71239 0.0662818
838 4.71239 -0.0200678
838.2 4.71239 -0.0609367
838.4 4.71239 -0.014717
838.6 4.71239 0.0530945
838.8 4.71239 0.0539823
839 4.71239 -0.0165848
839.2 4.71239 -0.0809366
839.4 4.71239 -0.080334
839.6 4.71239 -0.042371
839.8 4.71239 -0.0334794
840 4.71239 -0.0675787
840.2 4.71239 -0.0925108
840.4 4.71239 -0.0660359
840.6 4.71239 -0.0138247
840.8 4.71239 0.00784143
841 4.71239 -0.0111618
841.2 4.71239 -0.026058
841.4 4.71239 -0.0072087
841.6 4.71239 0.0121177
841.8 4.71239 -0.0181309
842 4.71239 -0.0851551
842.2 4.71239 -0.113721
842.4 4.71239 -0.0575623
842.6 4.71239 0.0333018
842.8 4.71239 0.0626934
843 4.71239 0.000836188
843.2 4.71239 -0.0780752
843.4 4.71239 -0.08125
843.6 4.71239 -0.00180827
843.8 4.71239 0.0816724
844 4.71239 0.10157
844.2 4.71239 0.0716499
844.4 4.71239 0.0525986
844.6 4.71239 0.0696814
844.8 4.71239 0.0899005
845 4.71239 0.0766319
845.2 4.71239 0.0391232
845.4 4.71239 0.0125211
845.6 4.71239 0.00551565
845.8 4.71239 -0.00650174
846 4.71239 -0.0358166
846.2 4.71239 -0.0549106
846.4 4.71239 -0.0317409
846.6 4.71239 0.0195624
846.8 4.71239 0.0470419
847 4.71239 0.0233026
847.2 4.71239 -0.019756
847.4 4.71239 -0.033048
847.6 4.71239 -0.0152745
847.8 4.71239 -0.0132408
848 4.71239 -0.0545235
848.2 4.71239 -0.101255
848.4 4.71239 -0.0900351
848.6 4.71239 -0.0110645
848.8 4.71239 0.0742471
849 4.71239 0.10132
849.2 4.71239 0.0728847
849.4 4.71239 0.0461163
849.6 4.71239 0.0568264
849.8 4.71239 0.077749
850 4.71239 0.0601124
850.2 4.71239 0.00141005
850.4 4.71239 -0.0470264
850.6 4.71239 -0.0394671
850.8 4.71239 0.0130318
851 4.71239 0.0584507
851.2 4.71239 0.0608101
851.4 4.71239 0.0297313
851.6 4.71239 -0.0020192
851.8 4.71239 -0.0145446
852 4.71239 -0.009134
852.2 4.71239 0.00550726
852.4 4.71239 0.0200808
852.6 4.71239 0.0203758
852.8 4.71239 -0.00698071
853 4.71239 -0.0550056
853.2 4.71239 -0.0911235
853.4 4.71239 -0.0848603
853.6 4.71239 -0.0416361
853.8 4.71239 0.000795208
854 4.71239 0.0129264
854.2 4.71239 0.00228105
854.4 4.71239 -0.00475716
854.6 4.71239 -0.000486159
854.8 4.71239 0.000525685
855 4.71239 -0.00441001
855.2 4.71239 0.0114221
855.4 4.71239 0.0686371
855.6 4.71239 0.134313
855.8 4.71239 0.135162
856 4.71239 0.0346648
856.2 4.71239 -0.110565
856.4 4.71239 -0.191286
856.6 4.71239 -0.149647
856.8 4.71239 -0.034114
857 4.71239 0.0552062
857.2 4.71239 0.0676767
857.4 4.71239 0.0374165
857.6 4.71239 0.0238743
857.8 4.71239 0.0389869
858 4.71239 0.0466694
858.2 4.71239 0.02251
858.4 4.71239 -0.0103682
858.6 4.71239 -0.0135846
858.8 4.71239 0.0139765
859 4.71239 0.0344232
859.2 4.71239 0.02044
859.4 4.71239 -0.010481
859.6 4.71239 -0.0209731
859.8 4.71239 -0.00277163
860 4.71239 0.01503
860.2 4.71239 0.00723893
860.4 4.71239 -0.0128359
860.6 4.71239 -0.0111929
860.8 4.71239 0.020734
861 4.71239 0.0522776
861.2 4.71239 0.0502834
861.4 4.71239 0.0200159
861.6 4.71239 -0.000667474
861.8 4.71239 0.0137471
862 4.71239 0.0463732
862.2 4.71239 0.0561177
862.4 4.71239 0.0211521
862.6 4.71239 -0.0394483
862.8 4.71239 -0.083278
863 4.71239 -0.0779809
863.2 4.71239 -0.0211504
863.4 4.71239 0.0615845
863.6 4.71239 0.131609
863.8 4.71239 0.157428
864 4.71239 0.132628
864.2 4.71239 0.0801049
864.4 4.71239 0.0337388
864.6 4.71239 0.010226
864.8 4.71239 -0.00098943
865 4.71239 -0.0181134
865.2 4.71239 -0.0414516
865.4 4.71239 -0.0544053
865.6 4.71239 -0.0499647
865.8 4.71239 -0.0460125
866 4.71239 -0.0646994
866.2 4.71239 -0.0994318
866.4 4.71239 -0.114713
866.6 4.71239 -0.0854511
866.8 4.71239 -0.0293722
867 4.71239 0.0100645
867.2 4.71239 0.0123636
867.4 4.71239 3.51638e-05
867.6 4.71239 0.0038076
867.8 4.71239 0.0174235
868 4.71239 0.00276378
868.2 4.71239 -0.0566231
868.4 4.71239 -0.1204
868.6 4.71239 -0.12436
868.8 4.71239 -0.0490699
869 4.71239 0.05408
869.2 4.71239 0.110173
869.4 4.71239 0.0886761
869.6 4.71239 0.0199881
869.8 4.71239 -0.0471427
870 4.71239 -0.0899326
870.2 4.71239 -0.112176
870.4 4.71239 -0.117637
870.6 4.71239 -0.101937
870.8 4.71239 -0.0709554
871 4.71239 -0.0494077
871.2 4.71239 -0.0565653
871.4 4.71239 -0.0781897
871.6 4.71239 -0.0778714
871.8 4.71239 -0.0413204
872 4.71239 0.0014575
872.2 4.71239 0.00908992
872.4 4.71239 -0.0203331
872.6 4.71239 -0.0450616
872.8 4.71239 -0.0305199
873 4.71239 0.00745416
873.2 4.71239 0.0224029
873.4 4.71239 -0.00359348
873.6 4.71239 -0.0368048
873.8 4.71239 -0.0354782
874 4.71239 -0.00473873
874.2 4.71239 0.00881263
874.4 4.71239 -0.021859
874.6 4.71239 -0.0658066
874.8 4.71239 -0.0707363
875 4.71239 -0.0313194
875.2 4.71239 -0.00204762
875.4 4.71239 -0.0330143
875.6 4.71239 -0.104426
875.8 4.71239 -0.141954
876 4.71239 -0.0990288
876.2 4.71239 -0.0111841
876.4 4.71239 0.0416658
876.6 4.71239 0.0213909
876.8 4.71239 -0.0317886
877 4.71239 -0.049422
877.2 4.71239 -0.00958204
877.4 4.71239 0.0472433
877.6 4.71239 0.0699303
877.8 4.71239 0.0497091
878 4.71239 0.0178297
878.2 4.71239 0.00326608
878.4 4.71239 0.00663182
878.6 4.71239 0.0144388
878.8 4.71239 0.0236548
879 4.71239 0.0407913
879.2 4.71239 0.061885
879.4 4.71239 0.0675201
879.6 4.71239 0.044358
879.8 4.71239 0.00537986
880 4.71239 -0.0198323
880.2 4.71239 -0.015605
880.4 4.71239 0.00455027
880.6 4.71239 0.014912
880.8 4.71239 0.00520536
881 4.71239 -0.0124247
881.2 4.71239 -0.0208109
881.4 4.71239 -0.0162742
881.6 4.71239 -0.00944831
881.8 4.71239 -0.0132009
882 4.71239 -0.0326379
882.2 4.71239 -0.062153
882.4 4.71239 -0.0862134
882.6 4.71239 -0.0855185
882.8 4.71239 -0.0527574
883 4.71239 -0.00826895
883.2 4.71239 0.00706501
883.4 4.71239 -0.0321078
883.6 4.71239 -0.102017
883.8 4.71239 -0.141476
884 4.71239 -0.108927
884.2 4.71239 -0.0298853
884.4 4.71239 0.0214723
884.6 4.71239 -0.00468474
884.8 4.71239 -0.0810584
885 4.71239 -0.12885
885.2 4.71239 -0.096817
885.4 4.71239 -0.0104014
885.6 4.71239 0.0585195
885.8 4.71239 0.0640012
886 4.71239 0.0220175
886.2 4.71239 -0.0202103
886.4 4.71239 -0.0375107
886.6 4.71239 -0.0419202
886.8 4.71239 -0.0526394
887 4.71239 -0.0660778
887.2 4.71239 -0.0621399
887.4 4.71239 -0.0325734
887.6 4.71239 0.00757863
887.8 4.71239 0.0372765
888 4.71239 0.0495547
888.2 4.71239 0.0501178
888.4 4.71239 0.0427399
888.6 4.71239 0.0265391
888.8 4.71239 0.00835557
889 4.71239 0.00683709
889.2 4.71239 0.0332581
889.4 4.71239 0.0691434
889.6 4.71239 0.0737635
889.8 4.71239 0.0230751
890 4.71239 -0.0588688
890.2 4.71239 -0.11346
890.4 4.71239 -0.0975519
890.6 4.71239 -0.0217813
890.8 4.71239 0.0598657
891 4.71239 0.0967995
891.2 4.71239 0.0801192
891.4 4.71239 0.040694
891.6 4.71239 0.0164624
891.8 4.71239 0.0223569
892 4.71239 0.0457896
892.2 4.71239 0.0637361
892.4 4.71239 0.0624034
892.6 4.71239 0.0443377
892.8 4.71239 0.021187
893 4.71239 0.00109703
893.2 4.71239 -0.0176878
893.4 4.71239 -0.0410117
893.6 4.71239 -0.0665447
893.8 4.71239 -0.079177
894 4.71239 -0.0624597
894.2 4.71239 -0.01728
894.4 4.71239 0.0327422
894.6 4.71239 0.0588102
894.8 4.71239 0.0525301
895 4.71239 0.0331551
895.2 4.71239 0.0279235
895.4 4.71239 0.0454012
895.6 4.71239 0.0694457
895.8 4.71239 0.0782682
896 4.71239 0.0657085
896.2 4.71239 0.0421972
896.4 4.71239 0.0185365
896.6 4.71239 -0.00451911
896.8 4.71239 -0.0282285
897 4.71239 -0.0427992
897.2 4.71239 -0.031145
897.4 4.71239 0.0103617
897.6 4.71239 0.0588224
897.8 4.71239 0.0800288
898 4.71239 0.0603536
898.2 4.71239 0.0213468
898.4 4.71239 -0.00196351
898.6 4.71239 0.0023618
898.8 4.71239 0.0124791
899 4.71239 0.00189618
899.2 4.71239 -0.0237703
899.4 4.71239 -0.0276663
899.6 4.71239 0.0147382
899.8 4.71239 0.0768343
900 4.71239 0.0968321
900.2 4.71239 0.0411985
900.4 4.71239 -0.0511603
900.6 4.71239 -0.0997588
900.8 4.71239 -0.0652323
901 4.71239 0.00365333
901.2 4.71239 0.0167212
901.4 4.71239 -0.0593117
901.6 4.71239 -0.157405
901.8 4.71239 -0.176002
902 4.71239 -0.0882461
902.2 4.71239 0.0243259
902.4 4.71239 0.0553858
902.6 4.71239 -0.0141383
902.8 4.71239 -0.0987137
903 4.71239 -0.103899
903.2 4.71239 -0.0278115
903.4 4.71239 0.0439934
903.6 4.71239 0.0392047
903.8 4.71239 -0.0233574
904 4.71239 -0.0647784
904.2 4.71239 -0.0425161
904.4 4.71239 0.0039706
904.6 4.71239 0.00786863
904.8 4.71239 -0.0416865
905 4.71239 -0.0881649
905.2 4.71239 -0.0767314
905.4 4.71239 -0.0171174
905.6 4.71239 0.031907
905.8 4.71239 0.0301855
906 4.71239 -0.00737483
906.2 4.71239 -0.0398998
906.4 4.71239 -0.0477762
906.6 4.71239 -0.0391795
906.8 4.71239 -0.0214432
907 4.71239 0.0113397
907.2 4.71239 0.0558751
907.4 4.71239 0.0825578
907.6 4.71239 0.0611045
907.8 4.71239 0.00252629
908 4.71239 -0.0425406
908.2 4.71239 -0.038515
908.4 4.71239 -0.00827707
908.6 4.71239 -0.00633225
908.8 4.71239 -0.0491147
909 4.71239 -0.0887452
909.2 4.71239 -0.0674046
909.4 4.71239 0.0110298
909.6 4.71239 0.080554
909.8 4.71239 0.0865541
910 4.71239 0.044831
910.2 4.71239 0.0167499
910.4 4.71239 0.034204
910.6 4.71239 0.0674848
910.8 4.71239 0.0707503
911 4.71239 0.0416997
911.2 4.71239 0.0197037
911.4 4.71239 0.0301622
911.6 4.71239 0.0515903
911.8 4.71239 0.0473062
912 4.71239 0.015748
912.2 4.71239 -0.00917882
912.4 4.71239 -0.00629082
912.6 4.71239 0.00466819
912.8 4.71239 -0.00468066
913 4.71239 -0.0235224
913.2 4.71239 -0.00917475
913.4 4.71239 0.0523872
913.6 4.71239 0.112051
913.8 4.71239 0.103699
914 4.71239 0.0230933
914.2 4.71239 -0.0572878
914.4 4.71239 -0.0634448
914.6 4.71239 -0.00124831
914.8 4.71239 0.0513627
915 4.71239 0.0327534
915.2 4.71239 -0.035571
915.4 4.71239 -0.0790556
915.6 4.71239 -0.0578678
915.8 4.71239 -0.0093285
916 4.71239 -0.000319229
916.2 4.71239 -0.0494279
916.4 4.71239 -0.107354
916.6 4.71239 -0.111624
916.8 4.71239 -0.0504318
917 4.71239 0.0297209
917.2 4.71239 0.0705921
917.4 4.71239 0.050143
917.6 4.71239 -0.00802207
917.8 4.71239 -0.0587255
918 4.71239 -0.0654112
918.2 4.71239 -0.0202039
918.4 4.71239 0.0503959
918.6 4.71239 0.0981351
918.8 4.71239 0.0844708
919 4.71239 0.0125872
919.2 4.71239 -0.0696246
919.4 4.71239 -0.105511
919.6 4.71239 -0.0752163
919.8 4.71239 -0.00867767
920 4.71239 0.0440839
920.2 4.71239 0.053938
920.4 4.71239 0.0274456
920.6 4.71239 -0.00919578
920.8 4.71239 -0.0328997
921 4.71239 -0.0336378
921.2 4.71239 -0.0147697
921.4 4.71239 0.00756459
921.6 4.71239 0.00966896
921.8 4.71239 -0.0227654
922 4.71239 -0.0765378
922.2 4.71239 -0.114908
922.4 4.71239 -0.108403
922.6 4.71239 -0.0637764
922.8 4.71239 -0.0181815
923 4.71239 -0.00280968
923.2 4.71239 -0.0153042
923.4 4.71239 -0.0301659
923.6 4.71239 -0.0309103
923.8 4.71239 -0.0242439
924 4.71239 -0.023219
924.2 4.71239 -0.0267169
924.4 4.71239 -0.0236854
924.6 4.71239 -0.0130773
924.8 4.71239 -0.00747875
925 4.71239 -0.0128268
925.2 4.71239 -0.0140959
925.4 4.71239 0.00712666
925.6 4.71239 0.0420583
925.8 4.71239 0.0548462
926 4.71239 0.0221187
926.2 4.71239 -0.0331234
926.4 4.71239 -0.0599078
926.6 4.71239 -0.0350517
926.8 4.71239 0.00865271
927 4.71239 0.0186668
927.2 4.71239 -0.0162228
927.4 4.71239 -0.0521968
927.6 4.71239 -0.0414697
927.8 4.71239 0.0116651
928 4.71239 0.0552076
928.2 4.71239 0.0474443
928.4 4.71239 -0.000187062
928.6 4.71239 -0.0417946
928.8 4.71239 -0.0486725
929 4.71239 -0.0311301
929.2 4.71239 -0.0128584
929.4 4.71239 -2.65673e-05
929.6 4.71239 0.0138965
929.8 4.71239 0.0224912
930 4.71239 0.00541689
930.2 4.71239 -0.0393976
930.4 4.71239 -0.0756297
930.6 4.71239 -0.0585867
930.8 4.71239 0.0115119
931 4.71239 0.0784016
931.2 4.71239 0.0826087
931.4 4.71239 0.0225117
931.6 4.71239 -0.0462868
931.8 4.71239 -0.0724904
932 4.71239 -0.0593836
932.2 4.71239 -0.0483899
932.4 4.71239 -0.0619038
932.6 4.71239 -0.0783409
932.8 4.71239 -0.0667875
933 4.71239 -0.031581
933.2 4.71239 -0.00725242
933.4 4.71239 -0.0113879
933.6 4.71239 -0.0192465
933.8 4.71239 0.00448116
934 4.71239 0.0570461
934.2 4.71239 0.0960611
934.4 4.71239 0.0891128
934.6 4.71239 0.0520376
934.8 4.71239 0.0269227
935 4.71239 0.0285201
935.2 4.71239 0.0283859
935.4 4.71239 -0.0024717
935.6 4.71239 -0.0486749
935.8 4.71239 -0.0642558
936 4.71239 -0.0305382
936.2 4.71239 0.0150946
936.4 4.71239 0.0192524
936.6 4.71239 -0.0254373
936.8 4.71239 -0.0723694
937 4.71239 -0.0767432
937.2 4.71239 -0.0464488
937.4 4.71239 -0.0259092
937.6 4.71239 -0.0350631
937.8 4.71239 -0.0413119
938 4.71239 -0.000526519
938.2 4.71239 0.0826236
938.4 4.71239 0.148998
938.6 4.71239 0.142481
938.8 4.71239 0.0658903
939 4.71239 -0.023944
939.2 4.71239 -0.0703599
939.4 4.71239 -0.0600138
939.6 4.71239 -0.0186303
939.8 4.71239 0.0211136
940 4.71239 0.0410705
940.2 4.71239 0.0384317
940.4 4.71239 0.0210807
940.6 4.71239 0.00506305
940.8 4.71239 0.0049748
941 4.71239 0.0172296
941.2 4.71239 0.0174114
941.4 4.71239 -0.0143151
941.6 4.71239 -0.0635399
941.8 4.71239 -0.08805
942 4.71239 -0.0621349
942.2 4.71239 -0.00950999
942.4 4.71239 0.0195192
942.6 4.71239 0.0048701
942.8 4.71239 -0.0203724
943 4.71239 -0.0109684
943.2 4.71239 0.0349466
943.4 4.71239 0.0759709
943.6 4.71239 0.0834625
943.8 4.71239 0.0801616
944 4.71239 0.107969
944.2 4.71239 0.163888
944.4 4.71239 0.189745
944.6 4.71239 0.137138
944.8 4.71239 0.03086
945 4.71239 -0.0504824
945.2 4.71239 -0.0589324
945.4 4.71239 -0.0263401
945.6 4.71239 -0.0189699
945.8 4.71239 -0.0538807
946 4.71239 -0.0799993
946.2 4.71239 -0.0458869
946.4 4.71239 0.0309775
946.6 4.71239 0.079274
946.8 4.71239 0.0543193
947 4.71239 -0.0136031
947.2 4.71239 -0.0573242
947.4 4.71239 -0.0468634
947.6 4.71239 -0.0120875
947.8 4.71239 0.00299618
948 4.71239 -0.0102381
948.2 4.71239 -0.0282275
948.4 4.71239 -0.0332084
948.6 4.71239 -0.0291353
948.8 4.71239 -0.0210242
949 4.71239 0.00105101
949.2 4.71239 0.042995
949.4 4.71239 0.0812803
949.6 4.71239 0.0780335
949.8 4.71239 0.0290786
950 4.71239 -0.0169411
950.2 4.71239 -0.00431865
950.4 4.71239 0.0645575
950.6 4.71239 0.123072
950.8 4.71239 0.107579
951 4.71239 0.025249
951.2 4.71239 -0.0525348
951.4 4.71239 -0.0624859
951.6 4.71239 -0.00727467
951.8 4.71239 0.057674
952 4.71239 0.0826652
952.2 4.71239 0.0615536
952.4 4.71239 0.0202727
952.6 4.71239 -0.0145611
952.8 4.71239 -0.0301566
953 4.71239 -0.0241304
953.2 4.71239 -0.00327997
953.4 4.71239 0.0136215
953.6 4.71239 0.00539246
953.8 4.71239 -0.0292723
954 4.71239 -0.0636082
954.2 4.71239 -0.0671397
954.4 4.71239 -0.0397145
954.6 4.71239 -0.0136759
954.8 4.71239 -0.0180197
955 4.71239 -0.046274
955.2 4.71239 -0.0663905
955.4 4.71239 -0.0588062
955.6 4.71239 -0.0343693
955.8 4.71239 -0.0127303
956 4.71239 0.00499388
956.2 4.71239 0.0301749
956.4 4.71239 0.0570502
956.6 4.71239 0.055954
956.8 4.71239 0.00731674
957 4.71239 -0.0633348
957.2 4.71239 -0.0983642
957.4 4.71239 -0.0622025
957.6 4.71239 0.0221776
957.8 4.71239 0.095454
958 4.71239 0.116688
958.2 4.71239 0.0918463
958.4 4.71239 0.052581
958.6 4.71239 0.0190824
958.8 4.71239 -0.0105706
959 4.71239 -0.0424657
959.2 4.71239 -0.0710459
959.4 4.71239 -0.0836264
959.6 4.71239 -0.073316
959.8 4.71239 -0.0429817
960 4.71239 -0.00192805
960.2 4.71239 0.0349653
960.4 4.71239 0.0492473
960.6 4.71239 0.0320876
960.8 4.71239 -0.000527169
961 4.71239 -0.0160371
961.2 4.71239 -0.000634568
961.4 4.71239 0.0166338
961.6 4.71239 -0.00978791
961.8 4.71239 -0.0834824
962 4.71239 -0.144052
962.2 4.71239 -0.120788
962.4 4.71239 -0.0123649
962.6 4.71239 0.0990233
962.8 4.71239 0.124722
963 4.71239 0.0578285
963.2 4.71239 -0.0243219
963.4 4.71239 -0.0459782
963.6 4.71239 -0.00953042
963.8 4.71239 0.0201032
964 4.71239 -0.00304363
964.2 4.71239 -0.0563148
964.4 4.71239 -0.0822212
964.6 4.71239 -0.0559787
964.8 4.71239 -0.00539761
965 4.71239 0.0305224
965.2 4.71239 0.044428
965.4 4.71239 0.054364
965.6 4.71239 0.0678359
965.8 4.71239 0.0698604
966 4.71239 0.0482008
966.2 4.71239 0.0161269
966.4 4.71239 -0.000684326
966.6 4.71239 0.00570095
966.8 4.71239 0.0199855
967 4.71239 0.0281088
967.2 4.71239 0.0349517
967.4 4.71239 0.0500193
967.6 4.71239 0.063675
967.8 4.71239 0.0519631
968 4.71239 0.00798362
968.2 4.71239 -0.0420519
968.4 4.71239 -0.0633246
968.6 4.71239 -0.0496187
968.8 4.71239 -0.027491
969 4.71239 -0.0236675
969.2 4.71239 -0.0374739
969.4 4.71239 -0.0499489
969.6 4.71239 -0.0512423
969.8 4.71239 -0.0473535
970 4.71239 -0.0418764
970.2 4.71239 -0.0261852
970.4 4.71239 0.00293629
970.6 4.71239 0.0251135
970.8 4.71239 0.0127954
971 4.71239 -0.0306303
971.2 4.71239 -0.0631216
971.4 4.71239 -0.0483701
971.6 4.71239 -0.00415563
971.8 4.71239 0.00987341
972 4.71239 -0.0394592
972.2 4.71239 -0.112091
972.4 4.71239 -0.130781
972.6 4.71239 -0.0652322
972.8 4.71239 0.0313798
973 4.71239 0.0774372
973.2 4.71239 0.0487804
973.4 4.71239 -0.00120981
973.6 4.71239 -0.00710379
973.8 4.71239 0.0350734
974 4.71239 0.068911
974.2 4.71239 0.0472045
974.4 4.71239 -0.0121768
974.6 4.71239 -0.0457461
974.8 4.71239 -0.0137578
975 4.71239 0.0578532
975.2 4.71239 0.104518
975.4 4.71239 0.0864133
975.6 4.71239 0.0230916
975.8 4.71239 -0.0297267
976 4.71239 -0.0322306
976.2 4.71239 0.0082724
976.4 4.71239 0.0510855
976.6 4.71239 0.0622127
976.8 4.71239 0.0422108
977 4.71239 0.0181193
977.2 4.71239 0.0104902
977.4 4.71239 0.0105258
977.6 4.71239 -0.00726166
977.8 4.71239 -0.049407
978 4.71239 -0.0859888
978.2 4.71239 -0.0770681
978.4 4.71239 -0.0190816
978.6 4.71239 0.042034
978.8 4.71239 0.0531769
979 4.71239 0.0104204
979.2 4.71239 -0.0334916
979.4 4.71239 -0.0231898
979.6 4.71239 0.041231
979.8 4.71239 0.105795
980 4.71239 0.119814
980.2 4.71239 0.0832095
980.4 4.71239 0.0342792
980.6 4.71239 0.00147314
980.8 4.71239 -0.0189064
981 4.71239 -0.0380479
981.2 4.71239 -0.0460564
981.4 4.71239 -0.0243036
981.6 4.71239 0.0172755
981.8 4.71239 0.0347904
982 4.71239 -0.00462033
982.2 4.71239 -0.0784388
982.4 4.71239 -0.124753
982.6 4.71239 -0.106799
982.8 4.71239 -0.0510655
983 4.71239 -0.0121944
983.2 4.71239 -0.00658778
983.4 4.71239 0.00326431
983.6 4.71239 0.0535292
983.8 4.71239 0.122032
984 4.71239 0.1437
984.2 4.71239 0.0854671
984.4 4.71239 -0.00777546
984.6 4.71239 -0.0540215
984.8 4.71239 -0.0188216
985 4.71239 0.0510694
985.2 4.71239 0.0813415
985.4 4.71239 0.0494648
985.6 4.71239 0.00237179
985.8 4.71239 -0.00191054
986 4.71239 0.0407332
986.2 4.71239 0.0790446
986.4 4.71239 0.064796
986.6 4.71239 0.00443553
986.8 4.71239 -0.0485635
987 4.71239 -0.0468772
987.2 4.71239 0.00791291
987.4 4.71239 0.0713608
987.6 4.71239 0.0984271
987.8 4.71239 0.0799886
988 4.71239 0.0440002
988.2 4.71239 0.0259342
988.4 4.71239 0.0365742
988.6 4.71239 0.0542403
988.8 4.71239 0.0470327
989 4.71239 0.00514023
989.2 4.71239 -0.0466162
989.4 4.71239 -0.0699212
989.6 4.71239 -0.0494638
989.8 4.71239 -0.0085957
990 4.71239 0.0135068
990.2 4.71239 0.00121568
990.4 4.71239 -0.0232558
990.6 4.71239 -0.0266402
990.8 4.71239 -0.00319347
991 4.71239 0.0185018
991.2 4.71239 0.00909549
991.4 4.71239 -0.0250764
991.6 4.71239 -0.0447701
991.8 4.71239 -0.0186289
992 4.71239 0.0418441
992.2 4.71239 0.0906525
992.4 4.71239 0.0899005
992.6 4.71239 0.0424871
992.8 4.71239 -0.0151791
993 4.71239 -0.0469308
993.2 4.71239 -0.0413647
993.4 4.71239 -0.00926624
993.6 4.71239 0.0319198
993.8 4.71239 0.0658245
994 4.71239 0.0762349
994.2 4.71239 0.0521894
994.4 4.71239 0.00161421
994.6 4.71239 -0.0445584
994.8 4.71239 -0.053224
995 4.71239 -0.0207185
995.2 4.71239 0.0189474
995.4 4.71239 0.0249714
995.6 4.71239 -0.00798733
995.8 4.71239 -0.0419835
996 4.71239 -0.0349966
996.2 4.71239 0.0116773
996.4 4.71239 0.0501539
996.6 4.71239 0.0344814
996.8 4.71239 -0.0279028
997 4.71239 -0.0771735
997.2 4.71239 -0.0574731
997.4 4.71239 0.0263638
997.6 4.71239 0.108811
997.8 4.71239 0.121904
998 4.71239 0.0564758
998.2 4.71239 -0.0295278
998.4 4.71239 -0.0616804
998.6 4.71239 -0.0121094
998.8 4.71239 0.0783857
999 4.71239 0.134042
999.2 4.71239 0.104205
999.4 4.71239 0.00269047
999.6 4.71239 -0.102135
999.8 4.71239 -0.138581
1000 4.71239 -0.0854007
0.2 5.02655 0.085715
0.4 5.02655 -0.00839271
0.6 5.02655 -0.0245469
0.8 5.02655 0.0242168
1 5.02655 0.0439013
1.2 5.02655 -0.0134705
1.4 5.02655 -0.0866856
1.6 5.02655 -0.0870257
1.8 5.02655 -0.0160434
2 5.02655 0.0351926
2.2 5.02655 0.00378
2.4 5.02655 -0.0645456
2.6 5.02655 -0.0764721
2.8 5.02655 -0.0129802
3 5.02655 0.0466928
3.2 5.02655 0.0287016
3.4 5.02655 -0.0402293
3.6 5.02655 -0.0693233
3.8 5.02655 -0.0230868
4 5.02655 0.0318723
4.2 5.02655 0.0125733
4.4 5.02655 -0.072894
4.6 5.02655 -0.133208
4.8 5.02655 -0.105608
5 5.02655 -0.0303831
5.2 5.02655 0.00189969
5.4 5.02655 -0.0402094
5.6 5.02655 -0.0982279
5.8 5.02655 -0.101441
6 5.02655 -0.0498263
6.2 5.02655 -0.00348796
6.4 5.02655 -0.00386639
6.6 5.02655 -0.0308935
6.8 5.02655 -0.0418521
7 5.02655 -0.0302471
7.2 5.02655 -0.0265602
7.4 5.02655 -0.0475796
7.6 5.02655 -0.0677327
7.8 5.02655 -0.0507032
8 5.02655 0.00233287
8.2 5.02655 0.0506887
8.4 5.02655 0.0590033
8.6 5.02655 0.0325458
8.8 5.02655 0.00482119
9 5.02655 -3.57454e-05
9.2 5.02655 0.0152348
9.4 5.02655 0.0342245
9.6 5.02655 0.0446205
9.8 5.02655 0.0411474
10 5.02655 0.0227409
10.2 5.02655 -0.00334988
10.4 5.02655 -0.0192547
10.6 5.02655 -0.0104219
10.8 5.02655 0.0143188
11 5.02655 0.0247293
11.2 5.02655 -0.000639788
11.4 5.02655 -0.0479103
11.6 5.02655 -0.0784547
11.8 5.02655 -0.0677108
12 5.02655 -0.0292201
12.2 5.02655 0.00144403
12.4 5.02655 0.00158683
12.6 5.02655 -0.0232457
12.8 5.02655 -0.0527076
13 5.02655 -0.0703819
13.2 5.02655 -0.0682996
13.4 5.02655 -0.0440714
13.6 5.02655 -0.00405222
13.8 5.02655 0.0333534
14 5.02655 0.0494533
14.2 5.02655 0.0461976
14.4 5.02655 0.0488352
14.6 5.02655 0.0787551
14.8 5.02655 0.124355
15 5.02655 0.147326
15.2 5.02655 0.122062
15.4 5.02655 0.0642148
15.6 5.02655 0.0152049
15.8 5.02655 0.00136247
16 5.02655 0.0140783
16.2 5.02655 0.0278676
16.4 5.02655 0.0276891
16.6 5.02655 0.0138652
16.8 5.02655 -0.0100537
17 5.02655 -0.040068
17.2 5.02655 -0.0617855
17.4 5.02655 -0.0526577
17.6 5.02655 -0.0071763
17.8 5.02655 0.0441715
18 5.02655 0.0560415
18.2 5.02655 0.0154518
18.4 5.02655 -0.0395487
18.6 5.02655 -0.0578919
18.8 5.02655 -0.0303618
19 5.02655 0.00232425
19.2 5.02655 -0.00252573
19.4 5.02655 -0.0429974
19.6 5.02655 -0.0802542
19.8 5.02655 -0.0850814
20 5.02655 -0.0641137
20.2 5.02655 -0.0401516
20.4 5.02655 -0.021984
20.6 5.02655 -0.0052577
20.8 5.02655 0.0056452
21 5.02655 -0.00325173
21.2 5.02655 -0.0281086
21.4 5.02655 -0.0349603
21.6 5.02655 0.00598695
21.8 5.02655 0.0742681
22 5.02655 0.105733
22.2 5.02655 0.0581906
22.4 5.02655 -0.0361569
22.6 5.02655 -0.0984365
22.8 5.02655 -0.0854722
23 5.02655 -0.0332415
23.2 5.02655 -0.0113967
23.4 5.02655 -0.0433994
23.6 5.02655 -0.0848491
23.8 5.02655 -0.0796069
24 5.02655 -0.0221897
24.2 5.02655 0.0440659
24.4 5.02655 0.0799602
24.6 5.02655 0.0848896
24.8 5.02655 0.0789822
25 5.02655 0.0698677
25.2 5.02655 0.0517507
25.4 5.02655 0.0292688
25.6 5.02655 0.0212196
25.8 5.02655 0.0325157
26 5.02655 0.0362664
26.2 5.02655 0.000919643
26.4 5.02655 -0.0656446
26.6 5.02655 -0.115047
26.8 5.02655 -0.110575
27 5.02655 -0.0718167
27.2 5.02655 -0.053903
27.4 5.02655 -0.0827718
27.6 5.02655 -0.124249
27.8 5.02655 -0.12466
28 5.02655 -0.0729683
28.2 5.02655 -0.00951402
28.4 5.02655 0.0249775
28.6 5.02655 0.0329193
28.8 5.02655 0.0431138
29 5.02655 0.0618745
29.2 5.02655 0.0611404
29.4 5.02655 0.0210937
29.6 5.02655 -0.0308664
29.8 5.02655 -0.0422153
30 5.02655 0.0026154
30.2 5.02655 0.0572856
30.4 5.02655 0.062056
30.6 5.02655 0.0121157
30.8 5.02655 -0.0356903
31 5.02655 -0.0279943
31.2 5.02655 0.0233843
31.4 5.02655 0.0553382
31.6 5.02655 0.0267148
31.8 5.02655 -0.0343206
32 5.02655 -0.062727
32.2 5.02655 -0.0295505
32.4 5.02655 0.0292602
32.6 5.02655 0.0589778
32.8 5.02655 0.0498761
33 5.02655 0.042493
33.2 5.02655 0.0694636
33.4 5.02655 0.105944
33.6 5.02655 0.0923545
33.8 5.02655 0.00772998
34 5.02655 -0.0917969
34.2 5.02655 -0.120603
34.4 5.02655 -0.0514967
34.6 5.02655 0.0517683
34.8 5.02655 0.0961631
35 5.02655 0.0509559
35.2 5.02655 -0.0281726
35.4 5.02655 -0.0647097
35.6 5.02655 -0.0401698
35.8 5.02655 -0.000318048
36 5.02655 0.00883506
36.2 5.02655 -0.00733541
36.4 5.02655 -0.012766
36.6 5.02655 0.000918835
36.8 5.02655 0.000164642
37 5.02655 -0.039042
37.2 5.02655 -0.0833675
37.4 5.02655 -0.069701
37.6 5.02655 0.0158011
37.8 5.02655 0.105394
38 5.02655 0.114684
38.2 5.02655 0.0365134
38.4 5.02655 -0.04773
38.6 5.02655 -0.0575719
38.8 5.02655 -0.000738835
39 5.02655 0.0441294
39.2 5.02655 0.0263089
39.4 5.02655 -0.017789
39.6 5.02655 -0.0156562
39.8 5.02655 0.0463886
40 5.02655 0.104037
40.2 5.02655 0.0947638
40.4 5.02655 0.0351036
40.6 5.02655 -0.00218853
40.8 5.02655 0.0182961
41 5.02655 0.0492684
41.2 5.02655 0.0217828
41.4 5.02655 -0.0634049
41.6 5.02655 -0.129253
41.8 5.02655 -0.110934
42 5.02655 -0.0324835
42.2 5.02655 0.020209
42.4 5.02655 -0.00396616
42.6 5.02655 -0.0697779
42.8 5.02655 -0.104341
43 5.02655 -0.0809711
43.2 5.02655 -0.0391988
43.4 5.02655 -0.0268068
43.6 5.02655 -0.0416471
43.8 5.02655 -0.0410018
44 5.02655 0.00144202
44.2 5.02655 0.0630519
44.4 5.02655 0.0974067
44.6 5.02655 0.0807423
44.8 5.02655 0.0284495
45 5.02655 -0.0253215
45.2 5.02655 -0.0541851
45.4 5.02655 -0.0502595
45.6 5.02655 -0.0236417
45.8 5.02655 0.00216327
46 5.02655 0.00446671
46.2 5.02655 -0.0158389
46.4 5.02655 -0.0272008
46.6 5.02655 0.00329154
46.8 5.02655 0.066722
47 5.02655 0.108324
47.2 5.02655 0.0806558
47.4 5.02655 0.000767981
47.6 5.02655 -0.059331
47.8 5.02655 -0.0482213
48 5.02655 0.00611814
48.2 5.02655 0.0255875
48.4 5.02655 -0.0297415
48.6 5.02655 -0.115262
48.8 5.02655 -0.151607
49 5.02655 -0.112246
49.2 5.02655 -0.047475
49.4 5.02655 -0.0209744
49.6 5.02655 -0.0381011
49.8 5.02655 -0.0491323
50 5.02655 -0.0158643
50.2 5.02655 0.0437871
50.4 5.02655 0.0836119
50.6 5.02655 0.0868651
50.8 5.02655 0.0792385
51 5.02655 0.0860505
51.2 5.02655 0.095008
51.4 5.02655 0.0743587
51.6 5.02655 0.0204863
51.8 5.02655 -0.0298661
52 5.02655 -0.0402751
52.2 5.02655 -0.016322
52.4 5.02655 0.00464317
52.6 5.02655 0.00130387
52.8 5.02655 -0.00812691
53 5.02655 0.00422359
53.2 5.02655 0.0330116
53.4 5.02655 0.0407755
53.6 5.02655 0.00345751
53.8 5.02655 -0.0562121
54 5.02655 -0.0898099
54.2 5.02655 -0.0746291
54.4 5.02655 -0.0352687
54.6 5.02655 -0.0124033
54.8 5.02655 -0.0180406
55 5.02655 -0.0287387
55.2 5.02655 -0.019595
55.4 5.02655 0.00540921
55.6 5.02655 0.021742
55.8 5.02655 0.016855
56 5.02655 0.00506203
56.2 5.02655 0.00786373
56.4 5.02655 0.0257412
56.6 5.02655 0.0362102
56.8 5.02655 0.02012
57 5.02655 -0.0147426
57.2 5.02655 -0.0392742
57.4 5.02655 -0.0312129
57.6 5.02655 0.00372242
57.8 5.02655 0.0371315
58 5.02655 0.041652
58.2 5.02655 0.0108212
58.4 5.02655 -0.0382694
58.6 5.02655 -0.0763338
58.8 5.02655 -0.0776648
59 5.02655 -0.0342083
59.2 5.02655 0.036197
59.4 5.02655 0.094314
59.6 5.02655 0.101196
59.8 5.02655 0.0474791
60 5.02655 -0.0333752
60.2 5.02655 -0.0856014
60.4 5.02655 -0.0746374
60.6 5.02655 -0.0169093
60.8 5.02655 0.0339895
61 5.02655 0.0353383
61.2 5.02655 -0.006549
61.4 5.02655 -0.0448067
61.6 5.02655 -0.0383955
61.8 5.02655 0.0101035
62 5.02655 0.0616242
62.2 5.02655 0.0815579
62.4 5.02655 0.0697908
62.6 5.02655 0.050954
62.8 5.02655 0.0414445
63 5.02655 0.0329381
63.2 5.02655 0.00894588
63.4 5.02655 -0.0286806
63.6 5.02655 -0.055926
63.8 5.02655 -0.0493675
64 5.02655 -0.00912418
64.2 5.02655 0.0415041
64.4 5.02655 0.0752882
64.6 5.02655 0.0777306
64.8 5.02655 0.0502655
65 5.02655 0.00686918
65.2 5.02655 -0.0290791
65.4 5.02655 -0.0332141
65.6 5.02655 0.00138275
65.8 5.02655 0.0497567
66 5.02655 0.0674899
66.2 5.02655 0.0294757
66.4 5.02655 -0.0401424
66.6 5.02655 -0.0828902
66.8 5.02655 -0.0581292
67 5.02655 0.0182298
67.2 5.02655 0.0890648
67.4 5.02655 0.109421
67.6 5.02655 0.0817457
67.8 5.02655 0.0396297
68 5.02655 0.00565736
68.2 5.02655 -0.0253913
68.4 5.02655 -0.0631008
68.6 5.02655 -0.094535
68.8 5.02655 -0.093324
69 5.02655 -0.0554675
69.2 5.02655 -0.0147931
69.4 5.02655 -0.013037
69.6 5.02655 -0.0555111
69.8 5.02655 -0.103927
70 5.02655 -0.116122
70.2 5.02655 -0.0878876
70.4 5.02655 -0.0505244
70.6 5.02655 -0.0309131
70.8 5.02655 -0.0236577
71 5.02655 -0.00643389
71.2 5.02655 0.025494
71.4 5.02655 0.0519147
71.6 5.02655 0.0560779
71.8 5.02655 0.0488949
72 5.02655 0.0532646
72.2 5.02655 0.0669501
72.4 5.02655 0.056657
72.6 5.02655 0.0010891
72.8 5.02655 -0.0657959
73 5.02655 -0.0734798
73.2 5.02655 0.00962182
73.4 5.02655 0.124557
73.6 5.02655 0.163647
73.8 5.02655 0.0767323
74 5.02655 -0.0677716
74.2 5.02655 -0.140848
74.4 5.02655 -0.0794452
74.6 5.02655 0.0483284
74.8 5.02655 0.111143
75 5.02655 0.047249
75.2 5.02655 -0.0764033
75.4 5.02655 -0.139126
75.6 5.02655 -0.0926149
75.8 5.02655 -0.00370317
76 5.02655 0.0261546
76.2 5.02655 -0.0293482
76.4 5.02655 -0.101692
76.6 5.02655 -0.111135
76.8 5.02655 -0.0536313
77 5.02655 0.00396009
77.2 5.02655 0.00554227
77.4 5.02655 -0.0344646
77.6 5.02655 -0.0577854
77.8 5.02655 -0.0358015
78 5.02655 -0.000578311
78.2 5.02655 -0.00125696
78.4 5.02655 -0.0429154
78.6 5.02655 -0.0806125
78.8 5.02655 -0.0716917
79 5.02655 -0.022397
79.2 5.02655 0.0226106
79.4 5.02655 0.0298852
79.6 5.02655 0.00738134
79.8 5.02655 -0.0129707
80 5.02655 -0.0119074
80.2 5.02655 0.00404552
80.4 5.02655 0.0193459
80.6 5.02655 0.0276261
80.8 5.02655 0.0303612
81 5.02655 0.0263597
81.2 5.02655 0.0124011
81.4 5.02655 -0.00594504
81.6 5.02655 -0.0127429
81.8 5.02655 0.00295164
82 5.02655 0.0323498
82.2 5.02655 0.052873
82.4 5.02655 0.049693
82.6 5.02655 0.0280206
82.8 5.02655 0.00308235
83 5.02655 -0.0175536
83.2 5.02655 -0.0372249
83.4 5.02655 -0.0581425
83.6 5.02655 -0.0736296
83.8 5.02655 -0.0764517
84 5.02655 -0.0706867
84.2 5.02655 -0.0678641
84.4 5.02655 -0.0694451
84.6 5.02655 -0.0591376
84.8 5.02655 -0.0198092
85 5.02655 0.0410439
85.2 5.02655 0.0882832
85.4 5.02655 0.0876597
85.6 5.02655 0.0393365
85.8 5.02655 -0.0190013
86 5.02655 -0.0453629
86.2 5.02655 -0.0318536
86.4 5.02655 -0.0108511
86.6 5.02655 -0.0224123
86.8 5.02655 -0.0735298
87 5.02655 -0.12826
87.2 5.02655 -0.13979
87.4 5.02655 -0.0962438
87.6 5.02655 -0.0369178
87.8 5.02655 -0.0198611
88 5.02655 -0.067038
88.2 5.02655 -0.138477
88.4 5.02655 -0.16439
88.6 5.02655 -0.109415
88.8 5.02655 -0.00790785
89 5.02655 0.0668753
89.2 5.02655 0.0718359
89.4 5.02655 0.032451
89.6 5.02655 0.0112685
89.8 5.02655 0.0397347
90 5.02655 0.0857117
90.2 5.02655 0.090555
90.4 5.02655 0.0344122
90.6 5.02655 -0.0411097
90.8 5.02655 -0.075737
91 5.02655 -0.050448
91.2 5.02655 -0.00107039
91.4 5.02655 0.0237608
91.6 5.02655 0.0102354
91.8 5.02655 -0.016554
92 5.02655 -0.0277215
92.2 5.02655 -0.019878
92.4 5.02655 -0.00925839
92.6 5.02655 -0.00697468
92.8 5.02655 -0.00957709
93 5.02655 -0.0123794
93.2 5.02655 -0.0210879
93.4 5.02655 -0.0420345
93.6 5.02655 -0.0640507
93.8 5.02655 -0.0606409
94 5.02655 -0.0173371
94.2 5.02655 0.0449478
94.4 5.02655 0.0806669
94.6 5.02655 0.0585473
94.8 5.02655 -0.00928979
95 5.02655 -0.0772957
95.2 5.02655 -0.105179
95.4 5.02655 -0.0876298
95.6 5.02655 -0.0499537
95.8 5.02655 -0.0198981
96 5.02655 -0.00605836
96.2 5.02655 -0.000325579
96.4 5.02655 0.00551269
96.6 5.02655 0.0106605
96.8 5.02655 0.0120714
97 5.02655 0.0151256
97.2 5.02655 0.0319015
97.4 5.02655 0.066145
97.6 5.02655 0.101518
97.8 5.02655 0.109351
98 5.02655 0.0727559
98.2 5.02655 0.00514993
98.4 5.02655 -0.0563463
98.6 5.02655 -0.0788647
98.8 5.02655 -0.0581375
99 5.02655 -0.0174451
99.2 5.02655 0.0154123
99.4 5.02655 0.0292242
99.6 5.02655 0.0302002
99.8 5.02655 0.0279192
100 5.02655 0.0256645
100.2 5.02655 0.0237517
100.4 5.02655 0.0253192
100.6 5.02655 0.0323235
100.8 5.02655 0.0368751
101 5.02655 0.0242732
101.2 5.02655 -0.00925647
101.4 5.02655 -0.0438061
101.6 5.02655 -0.0480214
101.8 5.02655 -0.00874429
102 5.02655 0.0531083
102.2 5.02655 0.099656
102.4 5.02655 0.108872
102.6 5.02655 0.0881824
102.8 5.02655 0.0572446
103 5.02655 0.0245009
103.2 5.02655 -0.0136575
103.4 5.02655 -0.0542887
103.6 5.02655 -0.0793359
103.8 5.02655 -0.0724769
104 5.02655 -0.0407496
104.2 5.02655 -0.0108229
104.4 5.02655 -0.00112497
104.6 5.02655 -0.0032711
104.8 5.02655 0.00391251
105 5.02655 0.025594
105.2 5.02655 0.0442268
105.4 5.02655 0.0429507
105.6 5.02655 0.0275164
105.8 5.02655 0.0172121
106 5.02655 0.0172195
106.2 5.02655 0.0109185
106.4 5.02655 -0.0154953
106.6 5.02655 -0.0488366
106.8 5.02655 -0.0606536
107 5.02655 -0.0433532
107.2 5.02655 -0.0234833
107.4 5.02655 -0.0307377
107.6 5.02655 -0.0593162
107.8 5.02655 -0.0726361
108 5.02655 -0.0494847
108.2 5.02655 -0.0143793
108.4 5.02655 -0.0105023
108.6 5.02655 -0.0454013
108.8 5.02655 -0.0776793
109 5.02655 -0.0652002
109.2 5.02655 -0.0179364
109.4 5.02655 0.0108294
109.6 5.02655 -0.0128465
109.8 5.02655 -0.062172
110 5.02655 -0.0804784
110.2 5.02655 -0.047769
110.4 5.02655 -0.00309434
110.6 5.02655 0.00276167
110.8 5.02655 -0.0342101
111 5.02655 -0.0707712
111.2 5.02655 -0.0702342
111.4 5.02655 -0.0429259
111.6 5.02655 -0.0277286
111.8 5.02655 -0.0434903
112 5.02655 -0.0708126
112.2 5.02655 -0.0796381
112.4 5.02655 -0.0612798
112.6 5.02655 -0.0276225
112.8 5.02655 0.0093098
113 5.02655 0.0419132
113.2 5.02655 0.0544451
113.4 5.02655 0.0266352
113.6 5.02655 -0.0357444
113.8 5.02655 -0.0840331
114 5.02655 -0.0642655
114.2 5.02655 0.017794
114.4 5.02655 0.0830385
114.6 5.02655 0.0512024
114.8 5.02655 -0.0688441
115 5.02655 -0.174334
115.2 5.02655 -0.166299
115.4 5.02655 -0.0499192
115.6 5.02655 0.0705008
115.8 5.02655 0.0957497
116 5.02655 0.0221614
116.2 5.02655 -0.0718037
116.4 5.02655 -0.11397
116.6 5.02655 -0.0990737
116.8 5.02655 -0.0677964
117 5.02655 -0.0492039
117.2 5.02655 -0.0393204
117.4 5.02655 -0.0261903
117.6 5.02655 -0.0124838
117.8 5.02655 -0.00458827
118 5.02655 0.00559927
118.2 5.02655 0.0299297
118.4 5.02655 0.0571648
118.6 5.02655 0.0552999
118.8 5.02655 0.0111171
119 5.02655 -0.042882
119.2 5.02655 -0.0575201
119.4 5.02655 -0.0239892
119.6 5.02655 0.0122195
119.8 5.02655 0.00339629
120 5.02655 -0.0429897
120.2 5.02655 -0.0728338
120.4 5.02655 -0.0507096
120.6 5.02655 -0.00170684
120.8 5.02655 0.0210194
121 5.02655 0.000662038
121.2 5.02655 -0.0272304
121.4 5.02655 -0.0233212
121.6 5.02655 0.00817469
121.8 5.02655 0.0333353
122 5.02655 0.040446
122.2 5.02655 0.057234
122.4 5.02655 0.108916
122.6 5.02655 0.173504
122.8 5.02655 0.19686
123 5.02655 0.152857
123.2 5.02655 0.0747887
123.4 5.02655 0.0194564
123.6 5.02655 0.00887258
123.8 5.02655 0.018878
124 5.02655 0.0212953
124.2 5.02655 0.0201682
124.4 5.02655 0.0369411
124.6 5.02655 0.0701184
124.8 5.02655 0.0874207
125 5.02655 0.0629944
125.2 5.02655 0.0120321
125.4 5.02655 -0.0214949
125.6 5.02655 -0.00933825
125.8 5.02655 0.0357137
126 5.02655 0.0771625
126.2 5.02655 0.0879731
126.4 5.02655 0.0640054
126.6 5.02655 0.0158991
126.8 5.02655 -0.0391431
127 5.02655 -0.078816
127.2 5.02655 -0.0841772
127.4 5.02655 -0.0581135
127.6 5.02655 -0.0312669
127.8 5.02655 -0.0373529
128 5.02655 -0.0777373
128.2 5.02655 -0.116012
128.4 5.02655 -0.112842
128.6 5.02655 -0.0638717
128.8 5.02655 -2.48036e-05
129 5.02655 0.0450786
129.2 5.02655 0.0602314
129.4 5.02655 0.0520294
129.6 5.02655 0.0295823
129.8 5.02655 0.0036977
130 5.02655 -0.00706374
130.2 5.02655 0.0122972
130.4 5.02655 0.0494506
130.6 5.02655 0.0650479
130.8 5.02655 0.0317143
131 5.02655 -0.0292296
131.2 5.02655 -0.0647613
131.4 5.02655 -0.0498539
131.6 5.02655 -0.0185859
131.8 5.02655 -0.022836
132 5.02655 -0.065474
132.2 5.02655 -0.0934159
132.4 5.02655 -0.0641562
132.6 5.02655 -0.00362259
132.8 5.02655 0.0209014
133 5.02655 -0.0176976
133.2 5.02655 -0.0734264
133.4 5.02655 -0.0861129
133.6 5.02655 -0.0569304
133.8 5.02655 -0.0420338
134 5.02655 -0.0721125
134.2 5.02655 -0.10503
134.4 5.02655 -0.0783142
134.6 5.02655 0.00329237
134.8 5.02655 0.0614281
135 5.02655 0.0347663
135.2 5.02655 -0.0439099
135.4 5.02655 -0.0825201
135.6 5.02655 -0.0362383
135.8 5.02655 0.0439303
136 5.02655 0.0769614
136.2 5.02655 0.0464099
136.4 5.02655 0.00822134
136.6 5.02655 0.0113435
136.8 5.02655 0.0389172
137 5.02655 0.0421202
137.2 5.02655 0.0131841
137.4 5.02655 -0.00347716
137.6 5.02655 0.0254208
137.8 5.02655 0.0729821
138 5.02655 0.0846184
138.2 5.02655 0.0475524
138.4 5.02655 0.00366733
138.6 5.02655 -0.00953234
138.8 5.02655 -0.0072668
139 5.02655 -0.0286806
139.2 5.02655 -0.0719732
139.4 5.02655 -0.0863994
139.6 5.02655 -0.0380553
139.8 5.02655 0.0360561
140 5.02655 0.0613765
140.2 5.02655 0.0100601
140.4 5.02655 -0.0674426
140.6 5.02655 -0.101244
140.8 5.02655 -0.0766243
141 5.02655 -0.0359701
141.2 5.02655 -0.0170675
141.4 5.02655 -0.0138226
141.6 5.02655 -0.00411048
141.8 5.02655 0.00614217
142 5.02655 -0.00894189
142.2 5.02655 -0.0471199
142.4 5.02655 -0.064565
142.6 5.02655 -0.0260948
142.8 5.02655 0.0435927
143 5.02655 0.080044
143.2 5.02655 0.0518185
143.4 5.02655 -0.00414475
143.6 5.02655 -0.0292112
143.8 5.02655 -0.011881
144 5.02655 0.00761344
144.2 5.02655 -0.00209931
144.4 5.02655 -0.0205413
144.6 5.02655 -0.00547466
144.8 5.02655 0.047006
145 5.02655 0.0933206
145.2 5.02655 0.0948274
145.4 5.02655 0.0614732
145.6 5.02655 0.0320596
145.8 5.02655 0.0230874
146 5.02655 0.016263
146.2 5.02655 -0.00385434
146.4 5.02655 -0.0211122
146.6 5.02655 -0.0111759
146.8 5.02655 0.0169665
147 5.02655 0.0238982
147.2 5.02655 -0.0120906
147.4 5.02655 -0.066153
147.6 5.02655 -0.0977672
147.8 5.02655 -0.0995868
148 5.02655 -0.0969509
148.2 5.02655 -0.100027
148.4 5.02655 -0.0799718
148.6 5.02655 -0.0099757
148.8 5.02655 0.0812792
149 5.02655 0.123715
149.2 5.02655 0.0827955
149.4 5.02655 0.00588625
149.6 5.02655 -0.0265073
149.8 5.02655 0.00856152
150 5.02655 0.0533898
150.2 5.02655 0.0424762
150.4 5.02655 -0.0187678
150.6 5.02655 -0.064556
150.8 5.02655 -0.0502527
151 5.02655 -0.000865803
151.2 5.02655 0.0286558
151.4 5.02655 0.0214948
151.6 5.02655 0.00595325
151.8 5.02655 0.00104994
152 5.02655 -0.0156646
152.2 5.02655 -0.0691302
152.4 5.02655 -0.132228
152.6 5.02655 -0.140578
152.8 5.02655 -0.0708821
153 5.02655 0.0156961
153.2 5.02655 0.0309204
153.4 5.02655 -0.0408351
153.6 5.02655 -0.118643
153.8 5.02655 -0.110224
154 5.02655 -0.0116103
154.2 5.02655 0.0901615
154.4 5.02655 0.109487
154.6 5.02655 0.0435069
154.8 5.02655 -0.0401845
155 5.02655 -0.0798397
155.2 5.02655 -0.0679076
155.4 5.02655 -0.030982
155.6 5.02655 0.0130053
155.8 5.02655 0.0614473
156 5.02655 0.101359
156.2 5.02655 0.101559
156.4 5.02655 0.0440369
156.6 5.02655 -0.0440656
156.8 5.02655 -0.104474
157 5.02655 -0.0998157
157.2 5.02655 -0.0477986
157.4 5.02655 -0.000384789
157.6 5.02655 0.0084016
157.8 5.02655 -0.00930219
158 5.02655 -0.0162965
158.2 5.02655 0.00674811
158.4 5.02655 0.0420417
158.6 5.02655 0.0550437
158.8 5.02655 0.0300589
159 5.02655 -0.0146278
159.2 5.02655 -0.0448516
159.4 5.02655 -0.0429822
159.6 5.02655 -0.0236058
159.8 5.02655 -0.0176527
160 5.02655 -0.0401496
160.2 5.02655 -0.0735295
160.4 5.02655 -0.0841831
160.6 5.02655 -0.0561867
160.8 5.02655 -0.00702839
161 5.02655 0.0315066
161.2 5.02655 0.0459
161.4 5.02655 0.0505091
161.6 5.02655 0.0645607
161.8 5.02655 0.0850196
162 5.02655 0.0880943
162.2 5.02655 0.0574145
162.4 5.02655 0.00546452
162.6 5.02655 -0.0361483
162.8 5.02655 -0.045484
163 5.02655 -0.026835
163.2 5.02655 -0.00141426
163.4 5.02655 0.0128912
163.6 5.02655 0.0124793
163.8 5.02655 0.00600543
164 5.02655 0.00725723
164.2 5.02655 0.0265477
164.4 5.02655 0.0604216
164.6 5.02655 0.0874801
164.8 5.02655 0.0820718
165 5.02655 0.0401983
165.2 5.02655 -0.0100631
165.4 5.02655 -0.0323914
165.6 5.02655 -0.0192889
165.8 5.02655 0.00134159
166 5.02655 0.00226084
166.2 5.02655 -0.0064535
166.4 5.02655 0.0113561
166.6 5.02655 0.0680733
166.8 5.02655 0.126096
167 5.02655 0.133881
167.2 5.02655 0.0849279
167.4 5.02655 0.0266929
167.6 5.02655 0.00519197
167.8 5.02655 0.0127413
168 5.02655 0.00512988
168.2 5.02655 -0.0330993
168.4 5.02655 -0.0607873
168.6 5.02655 -0.0302842
168.8 5.02655 0.0449957
169 5.02655 0.0943312
169.2 5.02655 0.0676581
169.4 5.02655 -0.00407193
169.6 5.02655 -0.0412037
169.8 5.02655 -0.00462654
170 5.02655 0.0624087
170.2 5.02655 0.0864811
170.4 5.02655 0.0449591
170.6 5.02655 -0.0180055
170.8 5.02655 -0.0499491
171 5.02655 -0.0451328
171.2 5.02655 -0.0333948
171.4 5.02655 -0.0298565
171.6 5.02655 -0.0175942
171.8 5.02655 0.0169019
172 5.02655 0.0502077
172.2 5.02655 0.0422857
172.4 5.02655 -0.0115263
172.6 5.02655 -0.0650548
172.8 5.02655 -0.0675732
173 5.02655 -0.0198426
173.2 5.02655 0.0263773
173.4 5.02655 0.0254723
173.6 5.02655 -0.0131188
173.8 5.02655 -0.037599
174 5.02655 -0.011416
174.2 5.02655 0.0475446
174.4 5.02655 0.0850966
174.6 5.02655 0.0643419
174.8 5.02655 0.00092268
175 5.02655 -0.0516058
175.2 5.02655 -0.0504044
175.4 5.02655 -0.00152885
175.6 5.02655 0.0464694
175.8 5.02655 0.0486225
176 5.02655 0.00725412
176.2 5.02655 -0.030836
176.4 5.02655 -0.0248935
176.6 5.02655 0.0125466
176.8 5.02655 0.0267889
177 5.02655 -0.0147028
177.2 5.02655 -0.0753602
177.4 5.02655 -0.0805469
177.6 5.02655 -0.000835128
177.8 5.02655 0.105861
178 5.02655 0.148665
178.2 5.02655 0.0997212
178.4 5.02655 0.0233101
178.6 5.02655 0.00244011
178.8 5.02655 0.0463532
179 5.02655 0.0855771
179.2 5.02655 0.0580906
179.4 5.02655 -0.0166622
179.6 5.02655 -0.0617393
179.8 5.02655 -0.0324528
180 5.02655 0.0349098
180.2 5.02655 0.0675724
180.4 5.02655 0.0354846
180.6 5.02655 -0.0249268
180.8 5.02655 -0.0579215
181 5.02655 -0.0426117
181.2 5.02655 0.00134455
181.4 5.02655 0.0436601
181.6 5.02655 0.0641071
181.8 5.02655 0.0525852
182 5.02655 0.0118525
182.2 5.02655 -0.0316802
182.4 5.02655 -0.0373381
182.6 5.02655 0.00874014
182.8 5.02655 0.0637955
183 5.02655 0.0608534
183.2 5.02655 -0.0166394
183.4 5.02655 -0.103631
183.6 5.02655 -0.115019
183.8 5.02655 -0.0391986
184 5.02655 0.045341
184.2 5.02655 0.0548776
184.4 5.02655 -0.0097118
184.6 5.02655 -0.0716394
184.8 5.02655 -0.0700851
185 5.02655 -0.0222667
185.2 5.02655 0.0132758
185.4 5.02655 0.014743
185.6 5.02655 0.0135945
185.8 5.02655 0.035761
186 5.02655 0.0554819
186.2 5.02655 0.0288055
186.4 5.02655 -0.0390565
186.6 5.02655 -0.0889236
186.8 5.02655 -0.0795358
187 5.02655 -0.0438055
187.2 5.02655 -0.0506615
187.4 5.02655 -0.115014
187.6 5.02655 -0.170077
187.8 5.02655 -0.142352
188 5.02655 -0.0412012
188.2 5.02655 0.0457604
188.4 5.02655 0.0467996
188.6 5.02655 -0.0202329
188.8 5.02655 -0.0751637
189 5.02655 -0.0638874
189.2 5.02655 -0.00571895
189.4 5.02655 0.0413024
189.6 5.02655 0.043122
189.8 5.02655 0.011527
190 5.02655 -0.0202376
190.2 5.02655 -0.0261393
190.4 5.02655 0.00284715
190.6 5.02655 0.0553297
190.8 5.02655 0.096202
191 5.02655 0.0834346
191.2 5.02655 0.0103387
191.4 5.02655 -0.0692504
191.6 5.02655 -0.079976
191.8 5.02655 -0.0044142
192 5.02655 0.0858949
192.2 5.02655 0.0980672
192.4 5.02655 0.0191658
192.6 5.02655 -0.0658752
192.8 5.02655 -0.0678327
193 5.02655 0.00628473
193.2 5.02655 0.0639731
193.4 5.02655 0.0370125
193.6 5.02655 -0.0402879
193.8 5.02655 -0.076247
194 5.02655 -0.0328996
194.2 5.02655 0.0319271
194.4 5.02655 0.0386
194.6 5.02655 -0.0183159
194.8 5.02655 -0.0677594
195 5.02655 -0.0508322
195.2 5.02655 0.010698
195.4 5.02655 0.045146
195.6 5.02655 0.0164758
195.8 5.02655 -0.0399103
196 5.02655 -0.0664778
196.2 5.02655 -0.0497294
196.4 5.02655 -0.0243198
196.6 5.02655 -0.0200799
196.8 5.02655 -0.0239653
197 5.02655 -0.0013569
197.2 5.02655 0.0558589
197.4 5.02655 0.1154
197.6 5.02655 0.138877
197.8 5.02655 0.121473
198 5.02655 0.0937436
198.2 5.02655 0.0885292
198.4 5.02655 0.110231
198.6 5.02655 0.133958
198.8 5.02655 0.129982
199 5.02655 0.0897127
199.2 5.02655 0.0325877
199.4 5.02655 -0.011192
199.6 5.02655 -0.0289512
199.8 5.02655 -0.0393648
200 5.02655 -0.0739286
200.2 5.02655 -0.13921
200.4 5.02655 -0.200052
200.6 5.02655 -0.209395
200.8 5.02655 -0.158977
201 5.02655 -0.0936569
201.2 5.02655 -0.0668334
201.4 5.02655 -0.0834149
201.6 5.02655 -0.097017
201.8 5.02655 -0.0672784
202 5.02655 -0.010038
202.2 5.02655 0.0209733
202.4 5.02655 -0.000571696
202.6 5.02655 -0.0415102
202.8 5.02655 -0.050038
203 5.02655 -0.0181531
203.2 5.02655 0.0128029
203.4 5.02655 0.00935142
203.6 5.02655 -0.00874589
203.8 5.02655 0.0052161
204 5.02655 0.0592825
204.2 5.02655 0.102715
204.4 5.02655 0.0808764
204.6 5.02655 0.000844315
204.8 5.02655 -0.0712683
205 5.02655 -0.0784642
205.2 5.02655 -0.0271358
205.4 5.02655 0.0303288
205.6 5.02655 0.0555073
205.8 5.02655 0.0537217
206 5.02655 0.0479636
206.2 5.02655 0.0414629
206.4 5.02655 0.0185688
206.6 5.02655 -0.0240581
206.8 5.02655 -0.0635061
207 5.02655 -0.0743357
207.2 5.02655 -0.0581721
207.4 5.02655 -0.0407093
207.6 5.02655 -0.0411931
207.8 5.02655 -0.0531003
208 5.02655 -0.05669
208.2 5.02655 -0.0431946
208.4 5.02655 -0.0208377
208.6 5.02655 -0.00135712
208.8 5.02655 0.0109106
209 5.02655 0.0161653
209.2 5.02655 0.014186
209.4 5.02655 0.00855695
209.6 5.02655 0.0111725
209.8 5.02655 0.0330581
210 5.02655 0.0686136
210.2 5.02655 0.0960555
210.4 5.02655 0.099192
210.6 5.02655 0.0850352
210.8 5.02655 0.0724776
211 5.02655 0.0643056
211.2 5.02655 0.040733
211.4 5.02655 -0.0114434
211.6 5.02655 -0.0680713
211.8 5.02655 -0.078984
212 5.02655 -0.0181102
212.2 5.02655 0.0811514
212.4 5.02655 0.148692
212.6 5.02655 0.139638
212.8 5.02655 0.0726183
213 5.02655 0.00661646
213.2 5.02655 -0.0161715
213.4 5.02655 -0.00205009
213.6 5.02655 0.0145067
213.8 5.02655 0.0133702
214 5.02655 0.00572221
214.2 5.02655 0.0120894
214.4 5.02655 0.0318711
214.6 5.02655 0.0408774
214.8 5.02655 0.019815
215 5.02655 -0.0182855
215.2 5.02655 -0.0340648
215.4 5.02655 0.000271876
215.6 5.02655 0.0672444
215.8 5.02655 0.111229
216 5.02655 0.0859348
216.2 5.02655 -0.000327277
216.4 5.02655 -0.0874799
216.6 5.02655 -0.116554
216.8 5.02655 -0.0831229
217 5.02655 -0.037797
217.2 5.02655 -0.0328422
217.4 5.02655 -0.0703832
217.6 5.02655 -0.105622
217.8 5.02655 -0.098609
218 5.02655 -0.0563435
218.2 5.02655 -0.0211349
218.4 5.02655 -0.0232309
218.6 5.02655 -0.0526046
218.8 5.02655 -0.0766206
219 5.02655 -0.0758224
219.2 5.02655 -0.0556496
219.4 5.02655 -0.029254
219.6 5.02655 -0.00215171
219.8 5.02655 0.0215503
220 5.02655 0.0283979
220.2 5.02655 0.00512554
220.4 5.02655 -0.039151
220.6 5.02655 -0.0712112
220.8 5.02655 -0.0638668
221 5.02655 -0.025878
221.2 5.02655 0.00640182
221.4 5.02655 0.00905899
221.6 5.02655 -0.00429776
221.8 5.02655 -0.00218944
222 5.02655 0.0248099
222.2 5.02655 0.0521599
222.4 5.02655 0.0499089
222.6 5.02655 0.0154523
222.8 5.02655 -0.0268598
223 5.02655 -0.0530142
223.2 5.02655 -0.0574132
223.4 5.02655 -0.0452429
223.6 5.02655 -0.0193071
223.8 5.02655 0.0159801
224 5.02655 0.0426203
224.2 5.02655 0.035498
224.4 5.02655 -0.0108678
224.6 5.02655 -0.0667233
224.8 5.02655 -0.0875545
225 5.02655 -0.0536656
225.2 5.02655 0.0127774
225.4 5.02655 0.0699253
225.6 5.02655 0.0916498
225.8 5.02655 0.0810436
226 5.02655 0.0571828
226.2 5.02655 0.0372527
226.4 5.02655 0.029765
226.6 5.02655 0.0338551
226.8 5.02655 0.0381475
227 5.02655 0.0265273
227.2 5.02655 -0.00402454
227.4 5.02655 -0.0311015
227.6 5.02655 -0.0241473
227.8 5.02655 0.0175707
228 5.02655 0.0515862
228.2 5.02655 0.0319415
228.4 5.02655 -0.0336379
228.6 5.02655 -0.0788682
228.8 5.02655 -0.0453645
229 5.02655 0.0470722
229.2 5.02655 0.110421
229.4 5.02655 0.0772446
229.6 5.02655 -0.0262899
229.8 5.02655 -0.10598
230 5.02655 -0.0972198
230.2 5.02655 -0.0267869
230.4 5.02655 0.0259706
230.6 5.02655 0.0180751
230.8 5.02655 -0.0203081
231 5.02655 -0.0348757
231.2 5.02655 -0.0141856
231.4 5.02655 0.00580722
231.6 5.02655 -0.00352177
231.8 5.02655 -0.0244586
232 5.02655 -0.0186946
232.2 5.02655 0.0180839
232.4 5.02655 0.0442752
232.6 5.02655 0.0198334
232.8 5.02655 -0.0438818
233 5.02655 -0.0916209
233.2 5.02655 -0.0809209
233.4 5.02655 -0.0247798
233.6 5.02655 0.0236671
233.8 5.02655 0.023883
234 5.02655 -0.0173548
234.2 5.02655 -0.0586172
234.4 5.02655 -0.0639366
234.6 5.02655 -0.0312059
234.8 5.02655 0.0106201
235 5.02655 0.026445
235.2 5.02655 0.00104289
235.4 5.02655 -0.0502537
235.6 5.02655 -0.0924326
235.8 5.02655 -0.0968821
236 5.02655 -0.0638811
236.2 5.02655 -0.02145
236.4 5.02655 0.000566336
236.6 5.02655 -0.00260259
236.8 5.02655 -0.0099376
237 5.02655 -0.00045604
237.2 5.02655 0.0236748
237.4 5.02655 0.0434296
237.6 5.02655 0.0509952
237.8 5.02655 0.0647622
238 5.02655 0.109415
238.2 5.02655 0.180033
238.4 5.02655 0.231687
238.6 5.02655 0.212934
238.8 5.02655 0.115221
239 5.02655 -0.0106146
239.2 5.02655 -0.0911221
239.4 5.02655 -0.0895042
239.6 5.02655 -0.0330886
239.8 5.02655 0.0166677
240 5.02655 0.0226559
240.2 5.02655 0.00202137
240.4 5.02655 -0.00105588
240.6 5.02655 0.0303061
240.8 5.02655 0.0637143
241 5.02655 0.0538797
241.2 5.02655 -0.00146254
241.4 5.02655 -0.0505316
241.6 5.02655 -0.0394224
241.8 5.02655 0.0268292
242 5.02655 0.0837039
242.2 5.02655 0.0729191
242.4 5.02655 0.00477836
242.6 5.02655 -0.0521606
242.8 5.02655 -0.0436592
243 5.02655 0.0153883
243.2 5.02655 0.0628515
243.4 5.02655 0.0590621
243.6 5.02655 0.0240011
243.8 5.02655 0.00478316
244 5.02655 0.0190858
244.2 5.02655 0.0428036
244.4 5.02655 0.0495663
244.6 5.02655 0.0457329
244.8 5.02655 0.0561654
245 5.02655 0.0838331
245.2 5.02655 0.100267
245.4 5.02655 0.0811675
245.6 5.02655 0.0401539
245.8 5.02655 0.0148895
246 5.02655 0.0218212
246.2 5.02655 0.0372087
246.4 5.02655 0.0284812
246.6 5.02655 -0.00459551
246.8 5.02655 -0.0313554
247 5.02655 -0.0311238
247.2 5.02655 -0.0197526
247.4 5.02655 -0.0275178
247.6 5.02655 -0.0572468
247.8 5.02655 -0.0768581
248 5.02655 -0.0567289
248.2 5.02655 -0.00636796
248.4 5.02655 0.0330723
248.6 5.02655 0.0299461
248.8 5.02655 -0.0104692
249 5.02655 -0.0576253
249.2 5.02655 -0.0850002
249.4 5.02655 -0.0834358
249.6 5.02655 -0.0544243
249.8 5.02655 -0.00417186
250 5.02655 0.052053
250.2 5.02655 0.0897085
250.4 5.02655 0.0907558
250.6 5.02655 0.0610862
250.8 5.02655 0.0259221
251 5.02655 0.00462689
251.2 5.02655 -0.00625231
251.4 5.02655 -0.0220113
251.6 5.02655 -0.0464068
251.8 5.02655 -0.066351
252 5.02655 -0.0701086
252.2 5.02655 -0.0632128
252.4 5.02655 -0.0607562
252.6 5.02655 -0.0673365
252.8 5.02655 -0.0717675
253 5.02655 -0.0622639
253.2 5.02655 -0.0401736
253.4 5.02655 -0.0149064
253.6 5.02655 0.00903567
253.8 5.02655 0.0318278
254 5.02655 0.0465651
254.2 5.02655 0.0388118
254.4 5.02655 0.00579754
254.6 5.02655 -0.0289591
254.8 5.02655 -0.0319191
255 5.02655 0.0051267
255.2 5.02655 0.0526013
255.4 5.02655 0.07286
255.6 5.02655 0.0596277
255.8 5.02655 0.0399875
256 5.02655 0.0368932
256.2 5.02655 0.0400674
256.4 5.02655 0.0228374
256.6 5.02655 -0.0168691
256.8 5.02655 -0.04581
257 5.02655 -0.0320726
257.2 5.02655 0.0150239
257.4 5.02655 0.0518055
257.6 5.02655 0.0465373
257.8 5.02655 0.00917104
258 5.02655 -0.0288144
258.2 5.02655 -0.0543096
258.4 5.02655 -0.0795284
258.6 5.02655 -0.110104
258.8 5.02655 -0.122568
259 5.02655 -0.0885558
259.2 5.02655 -0.0191219
259.4 5.02655 0.0310529
259.6 5.02655 0.0160248
259.8 5.02655 -0.0474034
260 5.02655 -0.088776
260.2 5.02655 -0.0531002
260.4 5.02655 0.0416716
260.6 5.02655 0.120655
260.8 5.02655 0.124546
261 5.02655 0.0635482
261.2 5.02655 0.000433839
261.4 5.02655 -0.0138424
261.6 5.02655 0.0159523
261.8 5.02655 0.0453229
262 5.02655 0.0412435
262.2 5.02655 0.0131697
262.4 5.02655 -0.00326314
262.6 5.02655 0.0133873
262.8 5.02655 0.0494972
263 5.02655 0.0731615
263.2 5.02655 0.066977
263.4 5.02655 0.0418086
263.6 5.02655 0.0197309
263.8 5.02655 0.00824736
264 5.02655 -0.0041419
264.2 5.02655 -0.0265421
264.4 5.02655 -0.0455656
264.6 5.02655 -0.0344375
264.8 5.02655 0.0146009
265 5.02655 0.0718471
265.2 5.02655 0.0926527
265.4 5.02655 0.0624985
265.6 5.02655 0.0155293
265.8 5.02655 0.0019043
266 5.02655 0.0356192
266.2 5.02655 0.0796296
266.4 5.02655 0.0859493
266.6 5.02655 0.0469997
266.8 5.02655 0.00131168
267 5.02655 -0.0112245
267.2 5.02655 0.00806959
267.4 5.02655 0.0241621
267.6 5.02655 0.0136244
267.8 5.02655 -0.00850213
268 5.02655 -0.0116532
268.2 5.02655 0.00802339
268.4 5.02655 0.0198535
268.6 5.02655 -0.00411016
268.8 5.02655 -0.0523186
269 5.02655 -0.0831997
269.2 5.02655 -0.0709693
269.4 5.02655 -0.0342411
269.6 5.02655 -0.0139415
269.8 5.02655 -0.0268244
270 5.02655 -0.048302
270.2 5.02655 -0.0431906
270.4 5.02655 -0.00783267
270.6 5.02655 0.0241547
270.8 5.02655 0.0173427
271 5.02655 -0.0288902
271.2 5.02655 -0.0806181
271.4 5.02655 -0.102298
271.6 5.02655 -0.0858849
271.8 5.02655 -0.0497261
272 5.02655 -0.0157635
272.2 5.02655 0.00770112
272.4 5.02655 0.023814
272.6 5.02655 0.0354245
272.8 5.02655 0.0402336
273 5.02655 0.0359588
273.2 5.02655 0.0255735
273.4 5.02655 0.0151657
273.6 5.02655 0.0081122
273.8 5.02655 0.00339393
274 5.02655 -0.00122392
274.2 5.02655 -0.00706648
274.4 5.02655 -0.0162275
274.6 5.02655 -0.0319361
274.8 5.02655 -0.0528742
275 5.02655 -0.0670358
275.2 5.02655 -0.0566779
275.4 5.02655 -0.0158432
275.6 5.02655 0.0362572
275.8 5.02655 0.0651478
276 5.02655 0.0515165
276.2 5.02655 0.0130767
276.4 5.02655 -0.00872139
276.6 5.02655 0.0109157
276.8 5.02655 0.0530962
277 5.02655 0.0725876
277.2 5.02655 0.0442714
277.4 5.02655 -0.0101253
277.6 5.02655 -0.0448576
277.8 5.02655 -0.0377492
278 5.02655 -0.00982952
278.2 5.02655 0.00406367
278.4 5.02655 -0.00211634
278.6 5.02655 -0.000902497
278.8 5.02655 0.0299845
279 5.02655 0.0728876
279.2 5.02655 0.0834229
279.4 5.02655 0.0390044
279.6 5.02655 -0.0331444
279.8 5.02655 -0.0813999
280 5.02655 -0.0802264
280.2 5.02655 -0.0494884
280.4 5.02655 -0.0246393
280.6 5.02655 -0.0159892
280.8 5.02655 -0.00383452
281 5.02655 0.0301746
281.2 5.02655 0.0770094
281.4 5.02655 0.110186
281.6 5.02655 0.116105
281.8 5.02655 0.106577
282 5.02655 0.100939
282.2 5.02655 0.102528
282.4 5.02655 0.0975034
282.6 5.02655 0.0736252
282.8 5.02655 0.0341788
283 5.02655 -0.0065841
283.2 5.02655 -0.0355408
283.4 5.02655 -0.0453448
283.6 5.02655 -0.0329744
283.8 5.02655 -0.00248968
284 5.02655 0.0300497
284.2 5.02655 0.0433274
284.4 5.02655 0.0308025
284.6 5.02655 0.0121002
284.8 5.02655 0.0154108
285 5.02655 0.0438145
285.2 5.02655 0.0646345
285.4 5.02655 0.0411463
285.6 5.02655 -0.0235583
285.8 5.02655 -0.0812133
286 5.02655 -0.0837571
286.2 5.02655 -0.033644
286.4 5.02655 0.0159579
286.6 5.02655 0.0137595
286.8 5.02655 -0.0390995
287 5.02655 -0.0924209
287.2 5.02655 -0.0979463
287.4 5.02655 -0.0536056
287.6 5.02655 0.00103433
287.8 5.02655 0.0259261
288 5.02655 0.0130732
288.2 5.02655 -0.0167029
288.4 5.02655 -0.0386179
288.6 5.02655 -0.0407123
288.8 5.02655 -0.0224324
289 5.02655 0.0115851
289.2 5.02655 0.0506944
289.4 5.02655 0.0765547
289.6 5.02655 0.0723288
289.8 5.02655 0.0389553
290 5.02655 -4.03646e-05
290.2 5.02655 -0.0153866
290.4 5.02655 0.00328874
290.6 5.02655 0.0399426
290.8 5.02655 0.0693737
291 5.02655 0.0805549
291.2 5.02655 0.0815064
291.4 5.02655 0.0830362
291.6 5.02655 0.0823424
291.8 5.02655 0.0662325
292 5.02655 0.029383
292.2 5.02655 -0.0151589
292.4 5.02655 -0.0468064
292.6 5.02655 -0.0574939
292.8 5.02655 -0.0576922
293 5.02655 -0.0621635
293.2 5.02655 -0.0734396
293.4 5.02655 -0.0828579
293.6 5.02655 -0.0857022
293.8 5.02655 -0.0882764
294 5.02655 -0.0957116
294.2 5.02655 -0.0970534
294.4 5.02655 -0.0719611
294.6 5.02655 -0.0168987
294.8 5.02655 0.0405993
295 5.02655 0.0632795
295.2 5.02655 0.0426568
295.4 5.02655 0.0104763
295.6 5.02655 0.00511169
295.8 5.02655 0.0282261
296 5.02655 0.0425273
296.2 5.02655 0.0160955
296.4 5.02655 -0.0372273
296.6 5.02655 -0.070308
296.8 5.02655 -0.0553807
297 5.02655 -0.0156177
297.2 5.02655 0.00215334
297.4 5.02655 -0.0184915
297.6 5.02655 -0.0467602
297.8 5.02655 -0.0437846
298 5.02655 -0.00919444
298.2 5.02655 0.0208983
298.4 5.02655 0.0198251
298.6 5.02655 0.00234917
298.8 5.02655 0.00415336
299 5.02655 0.0360766
299.2 5.02655 0.0701252
299.4 5.02655 0.0730034
299.6 5.02655 0.0445712
299.8 5.02655 0.0156934
300 5.02655 0.0119905
300.2 5.02655 0.0289942
300.4 5.02655 0.0438039
300.6 5.02655 0.0413496
300.8 5.02655 0.021752
301 5.02655 -0.0111956
301.2 5.02655 -0.0540478
301.4 5.02655 -0.091992
301.6 5.02655 -0.0961308
301.8 5.02655 -0.0487595
302 5.02655 0.0268939
302.2 5.02655 0.075607
302.4 5.02655 0.060899
302.6 5.02655 0.00486536
302.8 5.02655 -0.0322436
303 5.02655 -0.0151816
303.2 5.02655 0.0304233
303.4 5.02655 0.0500034
303.6 5.02655 0.0217658
303.8 5.02655 -0.0232885
304 5.02655 -0.0420881
304.2 5.02655 -0.0276695
304.4 5.02655 -0.0080127
304.6 5.02655 -0.00404259
304.8 5.02655 -0.00481827
305 5.02655 0.0101942
305.2 5.02655 0.0364403
305.4 5.02655 0.0470838
305.6 5.02655 0.0301739
305.8 5.02655 0.00804024
306 5.02655 0.00878188
306.2 5.02655 0.0249918
306.4 5.02655 0.0165626
306.6 5.02655 -0.0393035
306.8 5.02655 -0.110638
307 5.02655 -0.135989
307.2 5.02655 -0.0886877
307.4 5.02655 -0.00838203
307.6 5.02655 0.0364355
307.8 5.02655 0.0136606
308 5.02655 -0.0474957
308.2 5.02655 -0.0910526
308.4 5.02655 -0.0847766
308.6 5.02655 -0.0375938
308.8 5.02655 0.0192711
309 5.02655 0.056447
309.2 5.02655 0.0564696
309.4 5.02655 0.0178175
309.6 5.02655 -0.0395032
309.8 5.02655 -0.0789756
310 5.02655 -0.074291
310.2 5.02655 -0.0375751
310.4 5.02655 -0.012827
310.6 5.02655 -0.0309682
310.8 5.02655 -0.0731127
311 5.02655 -0.0887221
311.2 5.02655 -0.0539334
311.4 5.02655 -0.00271148
311.6 5.02655 0.0107968
311.8 5.02655 -0.0218233
312 5.02655 -0.0489138
312.2 5.02655 -0.0189186
312.4 5.02655 0.0529531
312.6 5.02655 0.0939906
312.8 5.02655 0.0548268
313 5.02655 -0.0297742
313.2 5.02655 -0.0741106
313.4 5.02655 -0.0349976
313.6 5.02655 0.0406184
313.8 5.02655 0.0691446
314 5.02655 0.0240886
314.2 5.02655 -0.0371753
314.4 5.02655 -0.0421843
314.6 5.02655 0.0141431
314.8 5.02655 0.0683718
315 5.02655 0.0659571
315.2 5.02655 0.0231665
315.4 5.02655 0.00212233
315.6 5.02655 0.0330034
315.8 5.02655 0.0786691
316 5.02655 0.0820638
316.2 5.02655 0.0360008
316.4 5.02655 -0.00920293
316.6 5.02655 -0.00661922
316.8 5.02655 0.0343132
317 5.02655 0.0651508
317.2 5.02655 0.05969
317.4 5.02655 0.0408785
317.6 5.02655 0.0429869
317.8 5.02655 0.0627397
318 5.02655 0.0650631
318.2 5.02655 0.0351589
318.4 5.02655 0.00540012
318.6 5.02655 0.016517
318.8 5.02655 0.0600851
319 5.02655 0.0794079
319.2 5.02655 0.035515
319.4 5.02655 -0.0399921
319.6 5.02655 -0.0740439
319.8 5.02655 -0.0334509
320 5.02655 0.0372821
320.2 5.02655 0.0678388
320.4 5.02655 0.0419589
320.6 5.02655 0.00978005
320.8 5.02655 0.0202529
321 5.02655 0.0585216
321.2 5.02655 0.0653272
321.4 5.02655 0.0130499
321.6 5.02655 -0.056491
321.8 5.02655 -0.0785125
322 5.02655 -0.038479
322.2 5.02655 0.0157386
322.4 5.02655 0.0325283
322.6 5.02655 0.0111929
322.8 5.02655 -0.00990493
323 5.02655 -0.00687234
323.2 5.02655 0.00656784
323.4 5.02655 0.00938183
323.6 5.02655 0.00640752
323.8 5.02655 0.0151605
324 5.02655 0.0282465
324.2 5.02655 0.0127703
324.4 5.02655 -0.0424175
324.6 5.02655 -0.0946099
324.8 5.02655 -0.0846316
325 5.02655 -0.00915306
325.2 5.02655 0.0624853
325.4 5.02655 0.0585972
325.6 5.02655 -0.0136024
325.8 5.02655 -0.0731415
326 5.02655 -0.0550604
326.2 5.02655 0.0185542
326.4 5.02655 0.0675813
326.6 5.02655 0.0451432
326.8 5.02655 -0.0177372
327 5.02655 -0.0598606
327.2 5.02655 -0.0618687
327.4 5.02655 -0.0526929
327.6 5.02655 -0.0526459
327.8 5.02655 -0.0385794
328 5.02655 0.0180591
328.2 5.02655 0.0934475
328.4 5.02655 0.120603
328.6 5.02655 0.0663749
328.8 5.02655 -0.0186339
329 5.02655 -0.0488381
329.2 5.02655 -0.0018042
329.4 5.02655 0.0515517
329.6 5.02655 0.0272974
329.8 5.02655 -0.0710544
330 5.02655 -0.150406
330.2 5.02655 -0.12939
330.4 5.02655 -0.0277295
330.6 5.02655 0.0575805
330.8 5.02655 0.0585856
331 5.02655 0.00355279
331.2 5.02655 -0.025711
331.4 5.02655 0.0103942
331.6 5.02655 0.0704943
331.8 5.02655 0.0861942
332 5.02655 0.0390869
332.2 5.02655 -0.0250583
332.4 5.02655 -0.0509766
332.6 5.02655 -0.0296485
332.8 5.02655 0.00180629
333 5.02655 0.00436086
333.2 5.02655 -0.0272928
333.4 5.02655 -0.0676893
333.6 5.02655 -0.0871592
333.8 5.02655 -0.0725897
334 5.02655 -0.0319067
334.2 5.02655 0.0116906
334.4 5.02655 0.0315548
334.6 5.02655 0.0146885
334.8 5.02655 -0.0256842
335 5.02655 -0.0578127
335.2 5.02655 -0.0588317
335.4 5.02655 -0.0363339
335.6 5.02655 -0.0188527
335.8 5.02655 -0.0236156
336 5.02655 -0.038072
336.2 5.02655 -0.0372917
336.4 5.02655 -0.0159775
336.6 5.02655 0.00518578
336.8 5.02655 0.00762805
337 5.02655 0.00182309
337.2 5.02655 0.0162941
337.4 5.02655 0.0587953
337.6 5.02655 0.097807
337.8 5.02655 0.0922008
338 5.02655 0.0393888
338.2 5.02655 -0.0146175
338.4 5.02655 -0.0202609
338.6 5.02655 0.0216799
338.8 5.02655 0.0578615
339 5.02655 0.0382674
339.2 5.02655 -0.0277293
339.4 5.02655 -0.0763214
339.6 5.02655 -0.0534354
339.8 5.02655 0.0273991
340 5.02655 0.0946136
340.2 5.02655 0.0881521
340.4 5.02655 0.0193244
340.6 5.02655 -0.0406515
340.8 5.02655 -0.0322965
341 5.02655 0.0331761
341.2 5.02655 0.0882401
341.4 5.02655 0.0810822
341.6 5.02655 0.0284792
341.8 5.02655 -0.00726625
342 5.02655 0.00827753
342.2 5.02655 0.0405286
342.4 5.02655 0.0257519
342.6 5.02655 -0.050337
342.8 5.02655 -0.125362
343 5.02655 -0.121067
343.2 5.02655 -0.0288512
343.4 5.02655 0.0755143
343.6 5.02655 0.108105
343.8 5.02655 0.0615508
344 5.02655 0.00572163
344.2 5.02655 0.00656612
344.4 5.02655 0.0571847
344.6 5.02655 0.0969751
344.8 5.02655 0.0885385
345 5.02655 0.0565672
345.2 5.02655 0.0451074
345.4 5.02655 0.0536336
345.6 5.02655 0.0375368
345.8 5.02655 -0.0266866
346 5.02655 -0.0983951
346.2 5.02655 -0.113986
346.4 5.02655 -0.0657741
346.6 5.02655 -0.0168852
346.8 5.02655 -0.0260343
347 5.02655 -0.071673
347.2 5.02655 -0.0739341
347.4 5.02655 0.00511733
347.6 5.02655 0.10478
347.8 5.02655 0.128838
348 5.02655 0.0597925
348.2 5.02655 -0.0139471
348.4 5.02655 0.00249331
348.6 5.02655 0.0973454
348.8 5.02655 0.160456
349 5.02655 0.107762
349.2 5.02655 -0.0212364
349.4 5.02655 -0.106229
349.6 5.02655 -0.0797052
349.8 5.02655 0.00234164
350 5.02655 0.0299476
350.2 5.02655 -0.0358425
350.4 5.02655 -0.125081
350.6 5.02655 -0.143646
350.8 5.02655 -0.0762564
351 5.02655 0.00616728
351.2 5.02655 0.0307336
351.4 5.02655 -0.004932
351.6 5.02655 -0.0467889
351.8 5.02655 -0.0527601
352 5.02655 -0.0310669
352.2 5.02655 -0.0154864
352.4 5.02655 -0.0215429
352.6 5.02655 -0.0365626
352.8 5.02655 -0.042681
353 5.02655 -0.0346557
353.2 5.02655 -0.0150377
353.4 5.02655 0.0139628
353.6 5.02655 0.0449114
353.8 5.02655 0.0597075
354 5.02655 0.0442646
354.2 5.02655 0.010711
354.4 5.02655 -0.00692168
354.6 5.02655 0.0111713
354.8 5.02655 0.0436933
355 5.02655 0.0489819
355.2 5.02655 0.0142672
355.4 5.02655 -0.0263533
355.6 5.02655 -0.0312885
355.8 5.02655 -0.00215901
356 5.02655 0.0179787
356.2 5.02655 -0.00102125
356.4 5.02655 -0.0374669
356.6 5.02655 -0.0460899
356.8 5.02655 -0.0197789
357 5.02655 -0.00377568
357.2 5.02655 -0.0365392
357.4 5.02655 -0.0866167
357.6 5.02655 -0.0710171
357.8 5.02655 0.0513351
358 5.02655 0.212899
358.2 5.02655 0.282492
358.4 5.02655 0.188725
358.6 5.02655 -0.00280387
358.8 5.02655 -0.141853
359 5.02655 -0.128359
359.2 5.02655 0.00127771
359.4 5.02655 0.116067
359.6 5.02655 0.113727
359.8 5.02655 0.00489163
360 5.02655 -0.113014
360.2 5.02655 -0.15285
360.4 5.02655 -0.107063
360.6 5.02655 -0.0322074
360.8 5.02655 0.0183963
361 5.02655 0.0383801
361.2 5.02655 0.0516616
361.4 5.02655 0.0688202
361.6 5.02655 0.0731605
361.8 5.02655 0.0499828
362 5.02655 0.0170075
362.2 5.02655 0.0119924
362.4 5.02655 0.0474535
362.6 5.02655 0.0875527
362.8 5.02655 0.0810156
363 5.02655 0.0179228
363.2 5.02655 -0.0549776
363.4 5.02655 -0.0817777
363.6 5.02655 -0.0559258
363.8 5.02655 -0.0228325
364 5.02655 -0.0242376
364.2 5.02655 -0.0507075
364.4 5.02655 -0.0580735
364.6 5.02655 -0.025568
364.8 5.02655 0.0170114
365 5.02655 0.0258415
365.2 5.02655 -0.00396165
365.4 5.02655 -0.0353068
365.6 5.02655 -0.0374916
365.8 5.02655 -0.0217905
366 5.02655 -0.0190178
366.2 5.02655 -0.0313324
366.4 5.02655 -0.0248313
366.6 5.02655 0.0251382
366.8 5.02655 0.0954415
367 5.02655 0.135674
367.2 5.02655 0.122476
367.4 5.02655 0.078507
367.6 5.02655 0.0350555
367.8 5.02655 -0.00599665
368 5.02655 -0.0566242
368.2 5.02655 -0.0981476
368.4 5.02655 -0.0809962
368.6 5.02655 0.0143472
368.8 5.02655 0.129665
369 5.02655 0.16936
369.2 5.02655 0.0978258
369.4 5.02655 -0.0173179
369.6 5.02655 -0.0736969
369.8 5.02655 -0.0394071
370 5.02655 0.0250802
370.2 5.02655 0.0481948
370.4 5.02655 0.0277736
370.6 5.02655 0.0146988
370.8 5.02655 0.0311479
371 5.02655 0.0368754
371.2 5.02655 -0.0109907
371.4 5.02655 -0.0864445
371.6 5.02655 -0.112005
371.8 5.02655 -0.0494015
372 5.02655 0.0506083
372.2 5.02655 0.104657
372.4 5.02655 0.0898312
372.6 5.02655 0.0575021
372.8 5.02655 0.0554527
373 5.02655 0.0635642
373.2 5.02655 0.0275597
373.4 5.02655 -0.0561295
373.6 5.02655 -0.120539
373.8 5.02655 -0.104708
374 5.02655 -0.0304499
374.2 5.02655 0.0206322
374.4 5.02655 0.00294459
374.6 5.02655 -0.0445105
374.8 5.02655 -0.0555934
375 5.02655 -0.0238361
375.2 5.02655 -0.00672294
375.4 5.02655 -0.0446121
375.6 5.02655 -0.101931
375.8 5.02655 -0.107977
376 5.02655 -0.0452414
376.2 5.02655 0.0278169
376.4 5.02655 0.0480528
376.6 5.02655 0.0223068
376.8 5.02655 0.0126804
377 5.02655 0.0537582
377.2 5.02655 0.106242
377.4 5.02655 0.102313
377.6 5.02655 0.0245157
377.8 5.02655 -0.0752846
378 5.02655 -0.131981
378.2 5.02655 -0.126841
378.4 5.02655 -0.0886107
378.6 5.02655 -0.0516676
378.8 5.02655 -0.0291722
379 5.02655 -0.0217034
379.2 5.02655 -0.0307099
379.4 5.02655 -0.0512594
379.6 5.02655 -0.0624181
379.8 5.02655 -0.0433477
380 5.02655 -0.00243806
380.2 5.02655 0.0228106
380.4 5.02655 0.00583675
380.6 5.02655 -0.0337414
380.8 5.02655 -0.0463993
381 5.02655 -0.0067107
381.2 5.02655 0.0568798
381.4 5.02655 0.0914101
381.6 5.02655 0.0735307
381.8 5.02655 0.0276482
382 5.02655 -0.00656333
382.2 5.02655 -0.0144313
382.4 5.02655 -0.0109262
382.6 5.02655 -0.0141609
382.8 5.02655 -0.0247044
383 5.02655 -0.0302831
383.2 5.02655 -0.0215654
383.4 5.02655 0.000791729
383.6 5.02655 0.0281178
383.8 5.02655 0.045693
384 5.02655 0.03696
384.2 5.02655 -0.00322837
384.4 5.02655 -0.0558777
384.6 5.02655 -0.0869224
384.8 5.02655 -0.0779909
385 5.02655 -0.046287
385.2 5.02655 -0.0250913
385.4 5.02655 -0.0232351
385.6 5.02655 -0.0136883
385.8 5.02655 0.0298095
386 5.02655 0.0909366
386.2 5.02655 0.119119
386.4 5.02655 0.0841642
386.6 5.02655 0.0130049
386.8 5.02655 -0.0375786
387 5.02655 -0.0413149
387.2 5.02655 -0.0241595
387.4 5.02655 -0.024538
387.6 5.02655 -0.0451598
387.8 5.02655 -0.056513
388 5.02655 -0.0424103
388.2 5.02655 -0.0236097
388.4 5.02655 -0.0273244
388.6 5.02655 -0.0452
388.8 5.02655 -0.04009
389 5.02655 0.00253108
389.2 5.02655 0.0453322
389.4 5.02655 0.0357839
389.6 5.02655 -0.0303814
389.8 5.02655 -0.0958261
390 5.02655 -0.0986943
390.2 5.02655 -0.0370994
390.4 5.02655 0.0306516
390.6 5.02655 0.0480108
390.8 5.02655 0.0139632
391 5.02655 -0.025991
391.2 5.02655 -0.0331688
391.4 5.02655 -0.0110768
391.6 5.02655 0.0102387
391.8 5.02655 0.0143482
392 5.02655 0.0156264
392.2 5.02655 0.0378685
392.4 5.02655 0.0810672
392.6 5.02655 0.112377
392.8 5.02655 0.0916868
393 5.02655 0.0105109
393.2 5.02655 -0.0900509
393.4 5.02655 -0.142409
393.6 5.02655 -0.103963
393.8 5.02655 0.00437606
394 5.02655 0.110012
394.2 5.02655 0.14596
394.4 5.02655 0.103659
394.6 5.02655 0.0317202
394.8 5.02655 -0.0148687
395 5.02655 -0.0204191
395.2 5.02655 -0.00477824
395.4 5.02655 0.0137693
395.6 5.02655 0.0369049
395.8 5.02655 0.0657839
396 5.02655 0.078645
396.2 5.02655 0.0477141
396.4 5.02655 -0.0198844
396.6 5.02655 -0.0743626
396.8 5.02655 -0.070156
397 5.02655 -0.0171817
397.2 5.02655 0.0277913
397.4 5.02655 0.023755
397.6 5.02655 -0.0120088
397.8 5.02655 -0.0324355
398 5.02655 -0.0225123
398.2 5.02655 -0.0150665
398.4 5.02655 -0.0416414
398.6 5.02655 -0.0847341
398.8 5.02655 -0.0962503
399 5.02655 -0.0596401
399.2 5.02655 -0.0137107
399.4 5.02655 -0.00458412
399.6 5.02655 -0.0268035
399.8 5.02655 -0.0313794
400 5.02655 0.00722951
400.2 5.02655 0.0513964
400.4 5.02655 0.0422298
400.6 5.02655 -0.0259563
400.8 5.02655 -0.0909903
401 5.02655 -0.0881739
401.2 5.02655 -0.0187093
401.4 5.02655 0.0564629
401.6 5.02655 0.0838249
401.8 5.02655 0.0637873
402 5.02655 0.031049
402.2 5.02655 0.00701692
402.4 5.02655 -0.0136405
402.6 5.02655 -0.037229
402.8 5.02655 -0.0534828
403 5.02655 -0.0525404
403.2 5.02655 -0.0455404
403.4 5.02655 -0.0508565
403.6 5.02655 -0.0614909
403.8 5.02655 -0.0447163
404 5.02655 0.0143539
404.2 5.02655 0.0788205
404.4 5.02655 0.0883158
404.6 5.02655 0.0263399
404.8 5.02655 -0.0527659
405 5.02655 -0.0759421
405.2 5.02655 -0.0276219
405.4 5.02655 0.0364549
405.6 5.02655 0.0532744
405.8 5.02655 0.0194366
406 5.02655 -0.0143487
406.2 5.02655 -0.00948237
406.4 5.02655 0.0146567
406.6 5.02655 0.00794383
406.8 5.02655 -0.0455169
407 5.02655 -0.102319
407.2 5.02655 -0.103744
407.4 5.02655 -0.0395094
407.6 5.02655 0.0383516
407.8 5.02655 0.0650941
408 5.02655 0.0242903
408.2 5.02655 -0.04017
408.4 5.02655 -0.0690697
408.6 5.02655 -0.0425909
408.8 5.02655 0.00806173
409 5.02655 0.0392498
409.2 5.02655 0.0409114
409.4 5.02655 0.0417818
409.6 5.02655 0.0696988
409.8 5.02655 0.112669
410 5.02655 0.127448
410.2 5.02655 0.0892228
410.4 5.02655 0.025546
410.6 5.02655 -0.00974817
410.8 5.02655 0.0025672
411 5.02655 0.0225102
411.2 5.02655 -0.00335237
411.4 5.02655 -0.0757204
411.6 5.02655 -0.135626
411.8 5.02655 -0.128747
412 5.02655 -0.066134
412.2 5.02655 -0.00805999
412.4 5.02655 0.00839242
412.6 5.02655 0.00703085
412.8 5.02655 0.0291065
413 5.02655 0.0682638
413.2 5.02655 0.0736518
413.4 5.02655 0.0218979
413.6 5.02655 -0.0376147
413.8 5.02655 -0.032795
414 5.02655 0.0401396
414.2 5.02655 0.101524
414.4 5.02655 0.0783832
414.6 5.02655 -0.00495479
414.8 5.02655 -0.0499441
415 5.02655 0.000750164
415.2 5.02655 0.0926948
415.4 5.02655 0.120267
415.6 5.02655 0.0471935
415.8 5.02655 -0.0551966
416 5.02655 -0.092202
416.2 5.02655 -0.0468471
416.4 5.02655 0.0180198
416.6 5.02655 0.0443672
416.8 5.02655 0.0369862
417 5.02655 0.0312085
417.2 5.02655 0.0296447
417.4 5.02655 0.000631469
417.6 5.02655 -0.0624842
417.8 5.02655 -0.110051
418 5.02655 -0.08507
418.2 5.02655 0.00593116
418.4 5.02655 0.0924972
418.6 5.02655 0.114947
418.8 5.02655 0.0835672
419 5.02655 0.0538942
419.2 5.02655 0.0558783
419.4 5.02655 0.0666642
419.6 5.02655 0.0523435
419.8 5.02655 0.0148499
420 5.02655 -0.016655
420.2 5.02655 -0.0286716
420.4 5.02655 -0.0356123
420.6 5.02655 -0.0471709
420.8 5.02655 -0.0449797
421 5.02655 -0.00939919
421.2 5.02655 0.0389426
421.4 5.02655 0.0476114
421.6 5.02655 -0.0083356
421.8 5.02655 -0.0883473
422 5.02655 -0.122331
422.2 5.02655 -0.0822195
422.4 5.02655 -0.00667508
422.6 5.02655 0.0451855
422.8 5.02655 0.0504895
423 5.02655 0.0274902
423.2 5.02655 -0.000477346
423.4 5.02655 -0.0251812
423.6 5.02655 -0.0392508
423.8 5.02655 -0.0260013
424 5.02655 0.0184973
424.2 5.02655 0.0631365
424.4 5.02655 0.0652211
424.6 5.02655 0.0224315
424.8 5.02655 -0.0163654
425 5.02655 -0.00767713
425.2 5.02655 0.0289024
425.4 5.02655 0.0313596
425.6 5.02655 -0.0234332
425.8 5.02655 -0.0817794
426 5.02655 -0.0755023
426.2 5.02655 -0.0109074
426.4 5.02655 0.0328234
426.6 5.02655 0.00250431
426.8 5.02655 -0.0563191
427 5.02655 -0.0518108
427.2 5.02655 0.0352275
427.4 5.02655 0.116579
427.6 5.02655 0.0978993
427.8 5.02655 -0.00484761
428 5.02655 -0.0800394
428.2 5.02655 -0.0522403
428.4 5.02655 0.0300134
428.6 5.02655 0.0592509
428.8 5.02655 0.00476552
429 5.02655 -0.0510124
429.2 5.02655 -0.020326
429.4 5.02655 0.074467
429.6 5.02655 0.12396
429.8 5.02655 0.0650738
430 5.02655 -0.0406635
430.2 5.02655 -0.0801717
430.4 5.02655 -0.0223831
430.6 5.02655 0.0502324
430.8 5.02655 0.0457684
431 5.02655 -0.0277785
431.2 5.02655 -0.0779585
431.4 5.02655 -0.041989
431.6 5.02655 0.0412452
431.8 5.02655 0.0813686
432 5.02655 0.0397733
432.2 5.02655 -0.0367205
432.4 5.02655 -0.0788619
432.6 5.02655 -0.067877
432.8 5.02655 -0.0353256
433 5.02655 -0.00800834
433.2 5.02655 0.021794
433.4 5.02655 0.0672002
433.6 5.02655 0.108129
433.8 5.02655 0.102419
434 5.02655 0.0366564
434.2 5.02655 -0.0477809
434.4 5.02655 -0.0890764
434.6 5.02655 -0.0633309
434.8 5.02655 -0.00391153
435 5.02655 0.0350592
435.2 5.02655 0.0286339
435.4 5.02655 -0.00482239
435.6 5.02655 -0.0310675
435.8 5.02655 -0.034409
436 5.02655 -0.0267434
436.2 5.02655 -0.0294873
436.4 5.02655 -0.0503378
436.6 5.02655 -0.0755123
436.8 5.02655 -0.0813771
437 5.02655 -0.0541725
437.2 5.02655 -0.00175485
437.4 5.02655 0.0514337
437.6 5.02655 0.0811463
437.8 5.02655 0.0773187
438 5.02655 0.0456194
438.2 5.02655 0.000277312
438.4 5.02655 -0.0416006
438.6 5.02655 -0.0622834
438.8 5.02655 -0.0494895
439 5.02655 -0.00795651
439.2 5.02655 0.0364968
439.4 5.02655 0.0529595
439.6 5.02655 0.0319358
439.8 5.02655 -0.00491495
440 5.02655 -0.0251907
440.2 5.02655 -0.015836
440.4 5.02655 0.00970542
440.6 5.02655 0.0327295
440.8 5.02655 0.0500428
441 5.02655 0.068792
441.2 5.02655 0.0861422
441.4 5.02655 0.085526
441.6 5.02655 0.0573607
441.8 5.02655 0.0160085
442 5.02655 -0.0128572
442.2 5.02655 -0.0201624
442.4 5.02655 -0.0196728
442.6 5.02655 -0.0238166
442.8 5.02655 -0.0233739
443 5.02655 -0.00182953
443.2 5.02655 0.0338525
443.4 5.02655 0.0521727
443.6 5.02655 0.0349385
443.8 5.02655 0.00620682
444 5.02655 0.00750292
444.2 5.02655 0.0425968
444.4 5.02655 0.0624913
444.6 5.02655 0.0193555
444.8 5.02655 -0.069221
445 5.02655 -0.12624
445.2 5.02655 -0.0933446
445.4 5.02655 0.00465429
445.6 5.02655 0.0830633
445.8 5.02655 0.0818157
446 5.02655 0.0171343
446.2 5.02655 -0.0502098
446.4 5.02655 -0.082366
446.6 5.02655 -0.0882294
446.8 5.02655 -0.0893494
447 5.02655 -0.0853176
447.2 5.02655 -0.0641112
447.4 5.02655 -0.0334524
447.6 5.02655 -0.0204347
447.8 5.02655 -0.0356962
448 5.02655 -0.0531976
448.2 5.02655 -0.0390398
448.4 5.02655 0.00481016
448.6 5.02655 0.0402578
448.8 5.02655 0.0393516
449 5.02655 0.0183509
449.2 5.02655 0.0154458
449.4 5.02655 0.0415271
449.6 5.02655 0.0682214
449.8 5.02655 0.0670786
450 5.02655 0.0460514
450.2 5.02655 0.0346712
450.4 5.02655 0.0404326
450.6 5.02655 0.0387857
450.8 5.02655 0.012535
451 5.02655 -0.0144007
451.2 5.02655 -0.000926316
451.4 5.02655 0.0546504
451.6 5.02655 0.100518
451.8 5.02655 0.0860253
452 5.02655 0.0224804
452.2 5.02655 -0.026917
452.4 5.02655 -0.0202533
452.6 5.02655 0.0143566
452.8 5.02655 0.014998
453 5.02655 -0.0355011
453.2 5.02655 -0.0841583
453.4 5.02655 -0.0678515
453.6 5.02655 0.0113351
453.8 5.02655 0.0835526
454 5.02655 0.0840482
454.2 5.02655 0.0184908
454.4 5.02655 -0.0485966
454.6 5.02655 -0.0628965
454.8 5.02655 -0.0284857
455 5.02655 0.00962158
455.2 5.02655 0.0181028
455.4 5.02655 0.00302215
455.6 5.02655 -0.00846102
455.8 5.02655 -0.00152902
456 5.02655 0.015205
456.2 5.02655 0.0250406
456.4 5.02655 0.0216291
456.6 5.02655 0.0119302
456.8 5.02655 0.00609782
457 5.02655 0.00724673
457.2 5.02655 0.00946896
457.4 5.02655 0.00428046
457.6 5.02655 -0.009442
457.8 5.02655 -0.0204698
458 5.02655 -0.0128304
458.2 5.02655 0.0169185
458.4 5.02655 0.0492596
458.6 5.02655 0.0534253
458.8 5.02655 0.014673
459 5.02655 -0.049388
459.2 5.02655 -0.101982
459.4 5.02655 -0.117628
459.6 5.02655 -0.0989909
459.8 5.02655 -0.0659647
460 5.02655 -0.0340597
460.2 5.02655 -0.00684352
460.4 5.02655 0.0156764
460.6 5.02655 0.0308885
460.8 5.02655 0.0389038
461 5.02655 0.0467149
461.2 5.02655 0.0583975
461.4 5.02655 0.0628211
461.6 5.02655 0.0416261
461.8 5.02655 -0.0044171
462 5.02655 -0.0439684
462.2 5.02655 -0.0424722
462.4 5.02655 -0.00449785
462.6 5.02655 0.0208354
462.8 5.02655 -0.0124663
463 5.02655 -0.0937787
463.2 5.02655 -0.158308
463.4 5.02655 -0.148375
463.6 5.02655 -0.0694995
463.8 5.02655 0.0177796
464 5.02655 0.057906
464.2 5.02655 0.0451348
464.4 5.02655 0.0115129
464.6 5.02655 -0.0156475
464.8 5.02655 -0.0325306
465 5.02655 -0.0411804
465.2 5.02655 -0.0324499
465.4 5.02655 0.000614706
465.6 5.02655 0.0395797
465.8 5.02655 0.048657
466 5.02655 0.014351
466.2 5.02655 -0.031685
466.4 5.02655 -0.0421618
466.6 5.02655 -0.00736345
466.8 5.02655 0.03167
467 5.02655 0.0298366
467.2 5.02655 -0.00864305
467.4 5.02655 -0.0346736
467.6 5.02655 -0.0133265
467.8 5.02655 0.0327625
468 5.02655 0.0489728
468.2 5.02655 0.0144102
468.4 5.02655 -0.0302913
468.6 5.02655 -0.0280142
468.8 5.02655 0.0278462
469 5.02655 0.0818542
469.2 5.02655 0.0750527
469.4 5.02655 0.00921057
469.6 5.02655 -0.053267
469.8 5.02655 -0.0519688
470 5.02655 0.0133265
470.2 5.02655 0.0861597
470.4 5.02655 0.108236
470.6 5.02655 0.0674979
470.8 5.02655 -0.0015217
471 5.02655 -0.053378
471.2 5.02655 -0.0637915
471.4 5.02655 -0.0361101
471.6 5.02655 0.00951621
471.8 5.02655 0.047579
472 5.02655 0.0562863
472.2 5.02655 0.0286388
472.4 5.02655 -0.0191891
472.6 5.02655 -0.0553643
472.8 5.02655 -0.056862
473 5.02655 -0.0305618
473.2 5.02655 -0.00745222
473.4 5.02655 -0.0119816
473.6 5.02655 -0.0366009
473.8 5.02655 -0.0491203
474 5.02655 -0.0269745
474.2 5.02655 0.016917
474.4 5.02655 0.0444147
474.6 5.02655 0.0288883
474.8 5.02655 -0.0189752
475 5.02655 -0.0619208
475.2 5.02655 -0.0712655
475.4 5.02655 -0.0507378
475.6 5.02655 -0.0272465
475.8 5.02655 -0.0218729
476 5.02655 -0.0320646
476.2 5.02655 -0.040355
476.4 5.02655 -0.0356144
476.6 5.02655 -0.0224925
476.8 5.02655 -0.0116895
477 5.02655 -0.00597053
477.2 5.02655 0.000830513
477.4 5.02655 0.0124852
477.6 5.02655 0.0225283
477.8 5.02655 0.0205526
478 5.02655 0.00531545
478.2 5.02655 -0.0114973
478.4 5.02655 -0.0163519
478.6 5.02655 -0.00817122
478.8 5.02655 -0.000398664
479 5.02655 -0.00858206
479.2 5.02655 -0.0360649
479.4 5.02655 -0.0710111
479.6 5.02655 -0.095665
479.8 5.02655 -0.097746
480 5.02655 -0.0752197
480.2 5.02655 -0.0343832
480.4 5.02655 0.0135372
480.6 5.02655 0.0549646
480.8 5.02655 0.0776273
481 5.02655 0.0763202
481.2 5.02655 0.0564764
481.4 5.02655 0.0306278
481.6 5.02655 0.00910803
481.8 5.02655 -0.00642073
482 5.02655 -0.0198621
482.2 5.02655 -0.0314035
482.4 5.02655 -0.0336219
482.6 5.02655 -0.0196127
482.8 5.02655 0.00459526
483 5.02655 0.0192617
483.2 5.02655 0.0077292
483.4 5.02655 -0.0235531
483.6 5.02655 -0.0448287
483.8 5.02655 -0.0286535
484 5.02655 0.0208256
484.2 5.02655 0.0662829
484.4 5.02655 0.069837
484.6 5.02655 0.0298476
484.8 5.02655 -0.016487
485 5.02655 -0.0298813
485.2 5.02655 -0.00781461
485.4 5.02655 0.0158683
485.6 5.02655 0.0104801
485.8 5.02655 -0.0168674
486 5.02655 -0.0308805
486.2 5.02655 -0.0114822
486.4 5.02655 0.0190505
486.6 5.02655 0.0181813
486.8 5.02655 -0.0290201
487 5.02655 -0.0902574
487.2 5.02655 -0.117429
487.4 5.02655 -0.0942854
487.6 5.02655 -0.0479303
487.8 5.02655 -0.0149185
488 5.02655 -0.00417462
488.2 5.02655 0.00120859
488.4 5.02655 0.011445
488.6 5.02655 0.0120315
488.8 5.02655 -0.0154052
489 5.02655 -0.0610691
489.2 5.02655 -0.0883905
489.4 5.02655 -0.0727786
489.6 5.02655 -0.0326296
489.8 5.02655 -0.0125086
490 5.02655 -0.0338978
490.2 5.02655 -0.0695083
490.4 5.02655 -0.0726236
490.6 5.02655 -0.030583
490.8 5.02655 0.0170485
491 5.02655 0.0169009
491.2 5.02655 -0.043241
491.4 5.02655 -0.119425
491.6 5.02655 -0.150429
491.8 5.02655 -0.111059
492 5.02655 -0.031462
492.2 5.02655 0.0298704
492.4 5.02655 0.0320058
492.6 5.02655 -0.0200455
492.8 5.02655 -0.0815164
493 5.02655 -0.10148
493.2 5.02655 -0.0611107
493.4 5.02655 0.00992149
493.6 5.02655 0.0549974
493.8 5.02655 0.0379867
494 5.02655 -0.0223879
494.2 5.02655 -0.0667897
494.4 5.02655 -0.0504739
494.6 5.02655 0.0126251
494.8 5.02655 0.0633138
495 5.02655 0.0564971
495.2 5.02655 0.00429728
495.4 5.02655 -0.0425138
495.6 5.02655 -0.0518938
495.8 5.02655 -0.0404446
496 5.02655 -0.0438332
496.2 5.02655 -0.066912
496.4 5.02655 -0.076119
496.6 5.02655 -0.0433902
496.8 5.02655 0.0139108
497 5.02655 0.0482995
497.2 5.02655 0.0353761
497.4 5.02655 0.000158487
497.6 5.02655 -0.0155279
497.8 5.02655 -0.00324902
498 5.02655 0.00680522
498.2 5.02655 -0.00919721
498.4 5.02655 -0.0325465
498.6 5.02655 -0.0231143
498.8 5.02655 0.026866
499 5.02655 0.0745266
499.2 5.02655 0.0699474
499.4 5.02655 0.0119894
499.6 5.02655 -0.0495392
499.8 5.02655 -0.0668307
500 5.02655 -0.0394378
500.2 5.02655 -0.00248151
500.4 5.02655 0.0200325
500.6 5.02655 0.0359994
500.8 5.02655 0.059139
501 5.02655 0.0784395
501.2 5.02655 0.0688057
501.4 5.02655 0.0298305
501.6 5.02655 -0.00256676
501.8 5.02655 0.00590221
502 5.02655 0.0441106
502.2 5.02655 0.0630865
502.4 5.02655 0.0311467
502.6 5.02655 -0.0276945
502.8 5.02655 -0.0592421
503 5.02655 -0.0401208
503.2 5.02655 -0.00289557
503.4 5.02655 0.00342385
503.6 5.02655 -0.0293208
503.8 5.02655 -0.0590616
504 5.02655 -0.0402086
504.2 5.02655 0.0281164
504.4 5.02655 0.103037
504.6 5.02655 0.140552
504.8 5.02655 0.130876
505 5.02655 0.0960017
505.2 5.02655 0.0635263
505.4 5.02655 0.0475028
505.6 5.02655 0.0464217
505.8 5.02655 0.0478818
506 5.02655 0.0340738
506.2 5.02655 -0.0062086
506.4 5.02655 -0.0612908
506.6 5.02655 -0.0957501
506.8 5.02655 -0.0779215
507 5.02655 -0.0154045
507.2 5.02655 0.0417586
507.4 5.02655 0.0428976
507.6 5.02655 -0.0143808
507.8 5.02655 -0.079619
508 5.02655 -0.0962599
508.2 5.02655 -0.0521247
508.4 5.02655 0.0158807
508.6 5.02655 0.0616008
508.8 5.02655 0.0678566
509 5.02655 0.0479988
509.2 5.02655 0.0213418
509.4 5.02655 -0.00293124
509.6 5.02655 -0.0203766
509.8 5.02655 -0.0229474
510 5.02655 -0.00591151
510.2 5.02655 0.0193931
510.4 5.02655 0.0296457
510.6 5.02655 0.012543
510.8 5.02655 -0.0165603
511 5.02655 -0.0263941
511.2 5.02655 -0.000279595
511.4 5.02655 0.0461212
511.6 5.02655 0.078272
511.8 5.02655 0.0734448
512 5.02655 0.0394755
512.2 5.02655 0.00633524
512.4 5.02655 0.000249601
512.6 5.02655 0.0221222
512.8 5.02655 0.0463261
513 5.02655 0.0410308
513.2 5.02655 -0.00356891
513.4 5.02655 -0.0618434
513.6 5.02655 -0.0898153
513.8 5.02655 -0.0634086
514 5.02655 -0.00395208
514.2 5.02655 0.0374447
514.4 5.02655 0.0267928
514.6 5.02655 -0.0198527
514.8 5.02655 -0.0523771
515 5.02655 -0.0359531
515.2 5.02655 0.0168824
515.4 5.02655 0.0625893
515.6 5.02655 0.0692109
515.8 5.02655 0.0387913
516 5.02655 -0.00669498
516.2 5.02655 -0.0491595
516.4 5.02655 -0.0789078
516.6 5.02655 -0.0857579
516.8 5.02655 -0.0624744
517 5.02655 -0.0221837
517.2 5.02655 -0.000214722
517.4 5.02655 -0.023081
517.6 5.02655 -0.0739767
517.8 5.02655 -0.101105
518 5.02655 -0.0694407
518.2 5.02655 -0.000495704
518.4 5.02655 0.0490679
518.6 5.02655 0.0485603
518.8 5.02655 0.0234454
519 5.02655 0.0197316
519.2 5.02655 0.0473196
519.4 5.02655 0.0717372
519.6 5.02655 0.0616257
519.8 5.02655 0.0288951
520 5.02655 0.0101149
520.2 5.02655 0.0157046
520.4 5.02655 0.0164567
520.6 5.02655 -0.0127028
520.8 5.02655 -0.0499764
521 5.02655 -0.0458287
521.2 5.02655 0.0144359
521.4 5.02655 0.0837088
521.6 5.02655 0.100699
521.8 5.02655 0.0579516
522 5.02655 0.00779904
522.2 5.02655 -0.00119848
522.4 5.02655 0.0204883
522.6 5.02655 0.0232659
522.8 5.02655 -0.0137358
523 5.02655 -0.0528904
523.2 5.02655 -0.0433245
523.4 5.02655 0.0155689
523.6 5.02655 0.0705482
523.8 5.02655 0.0738968
524 5.02655 0.0328427
524.2 5.02655 -0.00690619
524.4 5.02655 -0.0174331
524.6 5.02655 -0.0140707
524.8 5.02655 -0.0244779
525 5.02655 -0.0470219
525.2 5.02655 -0.052048
525.4 5.02655 -0.0209053
525.6 5.02655 0.029073
525.8 5.02655 0.0637102
526 5.02655 0.0687003
526.2 5.02655 0.0598235
526.4 5.02655 0.0590342
526.6 5.02655 0.069134
526.8 5.02655 0.0747986
527 5.02655 0.0624012
527.2 5.02655 0.0334691
527.4 5.02655 0.00152611
527.6 5.02655 -0.0183201
527.8 5.02655 -0.017991
528 5.02655 -0.00281231
528.2 5.02655 0.00732578
528.4 5.02655 -0.00876351
528.6 5.02655 -0.0492193
528.8 5.02655 -0.0797002
529 5.02655 -0.0604417
529.2 5.02655 0.00908493
529.4 5.02655 0.0790028
529.6 5.02655 0.0944704
529.8 5.02655 0.0543022
530 5.02655 0.0144329
530.2 5.02655 0.0258663
530.4 5.02655 0.0755829
530.6 5.02655 0.101265
530.8 5.02655 0.0654342
531 5.02655 0.00179948
531.2 5.02655 -0.022166
531.4 5.02655 0.0173499
531.6 5.02655 0.0748933
531.8 5.02655 0.0901627
532 5.02655 0.0543914
532.2 5.02655 0.0114247
532.4 5.02655 -2.11112e-06
532.6 5.02655 0.0137613
532.8 5.02655 0.0241278
533 5.02655 0.0253258
533.2 5.02655 0.0362035
533.4 5.02655 0.059104
533.6 5.02655 0.0607075
533.8 5.02655 0.0118524
534 5.02655 -0.0617607
534.2 5.02655 -0.0917959
534.4 5.02655 -0.040587
534.6 5.02655 0.0497788
534.8 5.02655 0.0972974
535 5.02655 0.06682
535.2 5.02655 0.00310649
535.4 5.02655 -0.0276577
535.6 5.02655 -0.0146076
535.8 5.02655 -0.00456867
536 5.02655 -0.0324436
536.2 5.02655 -0.0709906
536.4 5.02655 -0.0641427
536.6 5.02655 -0.000798168
536.8 5.02655 0.0649143
537 5.02655 0.0727091
537.2 5.02655 0.022834
537.4 5.02655 -0.0286053
537.6 5.02655 -0.0351125
537.8 5.02655 -0.00513338
538 5.02655 0.0211341
538.2 5.02655 0.0248567
538.4 5.02655 0.0230311
538.6 5.02655 0.0335293
538.8 5.02655 0.0443865
539 5.02655 0.0294639
539.2 5.02655 -0.0127468
539.4 5.02655 -0.0508942
539.6 5.02655 -0.0548271
539.8 5.02655 -0.0285255
540 5.02655 -0.00216895
540.2 5.02655 0.0031111
540.4 5.02655 -0.00674121
540.6 5.02655 -0.0148318
540.8 5.02655 -0.0165659
541 5.02655 -0.0208187
541.2 5.02655 -0.0350714
541.4 5.02655 -0.0593654
541.6 5.02655 -0.0930287
541.8 5.02655 -0.134691
542 5.02655 -0.169087
542.2 5.02655 -0.164561
542.4 5.02655 -0.100436
542.6 5.02655 -0.00063708
542.8 5.02655 0.0731988
543 5.02655 0.0753349
543.2 5.02655 0.0225486
543.4 5.02655 -0.0230545
543.6 5.02655 -0.0204929
543.8 5.02655 0.00954827
544 5.02655 0.0172245
544.2 5.02655 -0.011418
544.4 5.02655 -0.0376652
544.6 5.02655 -0.0227059
544.8 5.02655 0.0171568
545 5.02655 0.0246983
545.2 5.02655 -0.0281132
545.4 5.02655 -0.0992763
545.6 5.02655 -0.117849
545.8 5.02655 -0.0614253
546 5.02655 0.019633
546.2 5.02655 0.0575941
546.4 5.02655 0.0366645
546.6 5.02655 -0.0011239
546.8 5.02655 -0.0120208
547 5.02655 0.00294835
547.2 5.02655 0.012056
547.4 5.02655 0.00116686
547.6 5.02655 -0.00765865
547.8 5.02655 0.012716
548 5.02655 0.0572866
548.2 5.02655 0.0931181
548.4 5.02655 0.0977796
548.6 5.02655 0.0831232
548.8 5.02655 0.0767389
549 5.02655 0.086364
549.2 5.02655 0.0906999
549.4 5.02655 0.0659903
549.6 5.02655 0.0159637
549.8 5.02655 -0.0284295
550 5.02655 -0.0375592
550.2 5.02655 -0.0101143
550.4 5.02655 0.0265761
550.6 5.02655 0.0409187
550.8 5.02655 0.0240351
551 5.02655 -0.00306838
551.2 5.02655 -0.00893063
551.4 5.02655 0.0167464
551.6 5.02655 0.0482235
551.8 5.02655 0.0457967
552 5.02655 0.000449662
552.2 5.02655 -0.0443122
552.4 5.02655 -0.0272219
552.6 5.02655 0.0634525
552.8 5.02655 0.160502
553 5.02655 0.169645
553.2 5.02655 0.0621472
553.4 5.02655 -0.0871204
553.6 5.02655 -0.163737
553.8 5.02655 -0.120398
554 5.02655 -0.0165413
554.2 5.02655 0.0489295
554.4 5.02655 0.037753
554.6 5.02655 -0.00173444
554.8 5.02655 -0.00296083
555 5.02655 0.0409497
555.2 5.02655 0.077149
555.4 5.02655 0.0627198
555.6 5.02655 0.0164852
555.8 5.02655 -0.00603871
556 5.02655 0.0213229
556.2 5.02655 0.068057
556.4 5.02655 0.0854648
556.6 5.02655 0.0592494
556.8 5.02655 0.0158246
557 5.02655 -0.0148528
557.2 5.02655 -0.0280022
557.4 5.02655 -0.0337871
557.6 5.02655 -0.0329355
557.8 5.02655 -0.0160636
558 5.02655 0.0159745
558.2 5.02655 0.0457229
558.4 5.02655 0.0598968
558.6 5.02655 0.0673495
558.8 5.02655 0.0843991
559 5.02655 0.104468
559.2 5.02655 0.0972155
559.4 5.02655 0.0470343
559.6 5.02655 -0.0157939
559.8 5.02655 -0.0380337
560 5.02655 -0.00156131
560.2 5.02655 0.0517047
560.4 5.02655 0.0633001
560.6 5.02655 0.0227697
560.8 5.02655 -0.0230858
561 5.02655 -0.0279667
561.2 5.02655 -0.0016493
561.4 5.02655 0.00420557
561.6 5.02655 -0.037617
561.8 5.02655 -0.0931552
562 5.02655 -0.105605
562.2 5.02655 -0.062923
562.4 5.02655 -0.0130798
562.6 5.02655 -0.00894376
562.8 5.02655 -0.0485151
563 5.02655 -0.0794665
563.2 5.02655 -0.059504
563.4 5.02655 -0.00145288
563.6 5.02655 0.044412
563.8 5.02655 0.0437417
564 5.02655 0.00578185
564.2 5.02655 -0.0363231
564.4 5.02655 -0.0596174
564.6 5.02655 -0.0616552
564.8 5.02655 -0.0486147
565 5.02655 -0.0273876
565.2 5.02655 -0.00944362
565.4 5.02655 -0.00881513
565.6 5.02655 -0.0259083
565.8 5.02655 -0.0385462
566 5.02655 -0.0220754
566.2 5.02655 0.0174944
566.4 5.02655 0.0399781
566.6 5.02655 0.010807
566.8 5.02655 -0.0574531
567 5.02655 -0.113146
567.2 5.02655 -0.119205
567.4 5.02655 -0.0915121
567.6 5.02655 -0.0758414
567.8 5.02655 -0.0903266
568 5.02655 -0.10329
568.2 5.02655 -0.074211
568.4 5.02655 -0.00837282
568.6 5.02655 0.042561
568.8 5.02655 0.0371445
569 5.02655 -0.00842612
569.2 5.02655 -0.0377044
569.4 5.02655 -0.0160316
569.6 5.02655 0.0340525
569.8 5.02655 0.0615875
570 5.02655 0.0431498
570.2 5.02655 0.00326176
570.4 5.02655 -0.0173297
570.6 5.02655 -0.00335049
570.8 5.02655 0.0278509
571 5.02655 0.0512727
571.2 5.02655 0.0558751
571.4 5.02655 0.0428774
571.6 5.02655 0.0152274
571.8 5.02655 -0.0218537
572 5.02655 -0.0536106
572.2 5.02655 -0.0606432
572.4 5.02655 -0.0369153
572.6 5.02655 0.00085274
572.8 5.02655 0.0273396
573 5.02655 0.0315092
573.2 5.02655 0.0219865
573.4 5.02655 0.0110558
573.6 5.02655 0.000735764
573.8 5.02655 -0.0111913
574 5.02655 -0.0173431
574.2 5.02655 -0.00364387
574.4 5.02655 0.030565
574.6 5.02655 0.0625812
574.8 5.02655 0.0654136
575 5.02655 0.0371813
575.2 5.02655 0.00520302
575.4 5.02655 -0.00297382
575.6 5.02655 0.0113571
575.8 5.02655 0.0228686
576 5.02655 0.0137441
576.2 5.02655 -0.00686778
576.4 5.02655 -0.0175349
576.6 5.02655 -0.011798
576.8 5.02655 -0.00218451
577 5.02655 0.00242169
577.2 5.02655 0.0134583
577.4 5.02655 0.0480935
577.6 5.02655 0.0997261
577.8 5.02655 0.132491
578 5.02655 0.112034
578.2 5.02655 0.0419334
578.4 5.02655 -0.0339023
578.6 5.02655 -0.0663289
578.8 5.02655 -0.0393611
579 5.02655 0.0217706
579.2 5.02655 0.0737908
579.4 5.02655 0.085608
579.6 5.02655 0.0540429
579.8 5.02655 0.00108578
580 5.02655 -0.0408594
580.2 5.02655 -0.0488652
580.4 5.02655 -0.0250169
580.6 5.02655 0.00458393
580.8 5.02655 0.0110239
581 5.02655 -0.0119321
581.2 5.02655 -0.0423551
581.4 5.02655 -0.0517831
581.6 5.02655 -0.0326701
581.8 5.02655 -0.00409517
582 5.02655 0.00763267
582.2 5.02655 -0.00878523
582.4 5.02655 -0.0450037
582.6 5.02655 -0.082931
582.8 5.02655 -0.103753
583 5.02655 -0.0921363
583.2 5.02655 -0.0449627
583.4 5.02655 0.016354
583.6 5.02655 0.0493973
583.8 5.02655 0.0225363
584 5.02655 -0.0485138
584.2 5.02655 -0.102757
584.4 5.02655 -0.0862042
584.6 5.02655 -0.00738782
584.8 5.02655 0.0657828
585 5.02655 0.0721149
585.2 5.02655 0.02026
585.4 5.02655 -0.0203908
585.6 5.02655 0.00617484
585.8 5.02655 0.0825439
586 5.02655 0.136253
586.2 5.02655 0.115484
586.4 5.02655 0.0397219
586.6 5.02655 -0.0258828
586.8 5.02655 -0.0389993
587 5.02655 -0.0154023
587.2 5.02655 0.000750166
587.4 5.02655 -0.00934427
587.6 5.02655 -0.0230544
587.8 5.02655 -0.00987719
588 5.02655 0.0297237
588.2 5.02655 0.0644181
588.4 5.02655 0.0665963
588.6 5.02655 0.0395032
588.8 5.02655 0.00876573
589 5.02655 -0.00708705
589.2 5.02655 -0.0124807
589.4 5.02655 -0.022621
589.6 5.02655 -0.0417749
589.8 5.02655 -0.0577996
590 5.02655 -0.0565454
590.2 5.02655 -0.0372439
590.4 5.02655 -0.0113904
590.6 5.02655 0.0113028
590.8 5.02655 0.031665
591 5.02655 0.0538804
591.2 5.02655 0.0719979
591.4 5.02655 0.0685095
591.6 5.02655 0.0304772
591.8 5.02655 -0.0326959
592 5.02655 -0.090615
592.2 5.02655 -0.11484
592.4 5.02655 -0.101846
592.6 5.02655 -0.0727343
592.8 5.02655 -0.050254
593 5.02655 -0.038201
593.2 5.02655 -0.0246114
593.4 5.02655 -0.00279468
593.6 5.02655 0.0162921
593.8 5.02655 0.0156572
594 5.02655 -0.00613491
594.2 5.02655 -0.0292523
594.4 5.02655 -0.0298441
594.6 5.02655 -0.00111088
594.8 5.02655 0.0428342
595 5.02655 0.0795324
595.2 5.02655 0.0911721
595.4 5.02655 0.069511
595.6 5.02655 0.0189959
595.8 5.02655 -0.0386112
596 5.02655 -0.0688228
596.2 5.02655 -0.0475067
596.4 5.02655 0.0136268
596.6 5.02655 0.0697468
596.8 5.02655 0.0802473
597 5.02655 0.0448866
597.2 5.02655 -0.00167791
597.4 5.02655 -0.0315469
597.6 5.02655 -0.0506389
597.8 5.02655 -0.0774498
598 5.02655 -0.103014
598.2 5.02655 -0.0908738
598.4 5.02655 -0.0262512
598.6 5.02655 0.04677
598.8 5.02655 0.0584132
599 5.02655 -0.00972033
599.2 5.02655 -0.0935119
599.4 5.02655 -0.107977
599.6 5.02655 -0.0386373
599.8 5.02655 0.0428092
600 5.02655 0.0593308
600.2 5.02655 0.013131
600.4 5.02655 -0.0251617
600.6 5.02655 -0.00728063
600.8 5.02655 0.0335742
601 5.02655 0.0269165
601.2 5.02655 -0.0430145
601.4 5.02655 -0.111462
601.6 5.02655 -0.105765
601.8 5.02655 -0.0285804
602 5.02655 0.0466132
602.2 5.02655 0.0580991
602.4 5.02655 0.0160681
602.6 5.02655 -0.0250887
602.8 5.02655 -0.0372953
603 5.02655 -0.041413
603.2 5.02655 -0.061836
603.4 5.02655 -0.0814938
603.6 5.02655 -0.0603496
603.8 5.02655 0.00698284
604 5.02655 0.0712921
604.2 5.02655 0.0756582
604.4 5.02655 0.0146667
604.6 5.02655 -0.0618388
604.8 5.02655 -0.100103
605 5.02655 -0.087688
605.2 5.02655 -0.049915
605.4 5.02655 -0.0158327
605.6 5.02655 0.00241045
605.8 5.02655 0.00533167
606 5.02655 -0.00114032
606.2 5.02655 -0.00396113
606.4 5.02655 0.0126686
606.6 5.02655 0.0480976
606.8 5.02655 0.074355
607 5.02655 0.0593056
607.2 5.02655 0.0066731
607.4 5.02655 -0.0375944
607.6 5.02655 -0.0305807
607.8 5.02655 0.0189149
608 5.02655 0.0591785
608.2 5.02655 0.0561313
608.4 5.02655 0.0329908
608.6 5.02655 0.0380372
608.8 5.02655 0.0787376
609 5.02655 0.105461
609.2 5.02655 0.0686927
609.4 5.02655 -0.0183172
609.6 5.02655 -0.0882377
609.8 5.02655 -0.0900883
610 5.02655 -0.0381314
610.2 5.02655 0.0133218
610.4 5.02655 0.0313803
610.6 5.02655 0.0273952
610.8 5.02655 0.0246448
611 5.02655 0.0244814
611.2 5.02655 0.0152817
611.4 5.02655 0.00112877
611.6 5.02655 -0.000375392
611.8 5.02655 0.00883386
612 5.02655 -0.00295205
612.2 5.02655 -0.0565968
612.4 5.02655 -0.118586
612.6 5.02655 -0.121741
612.8 5.02655 -0.040922
613 5.02655 0.0646641
613.2 5.02655 0.10377
613.4 5.02655 0.0495727
613.6 5.02655 -0.0306592
613.8 5.02655 -0.0509176
614 5.02655 -0.000917375
614.2 5.02655 0.0493432
614.4 5.02655 0.0378775
614.6 5.02655 -0.015727
614.8 5.02655 -0.0387852
615 5.02655 0.00165788
615.2 5.02655 0.0557157
615.4 5.02655 0.0499815
615.6 5.02655 -0.0224495
615.8 5.02655 -0.089455
616 5.02655 -0.0800903
616.2 5.02655 -0.00482941
616.4 5.02655 0.0559748
616.6 5.02655 0.0404872
616.8 5.02655 -0.029618
617 5.02655 -0.0772024
617.2 5.02655 -0.0552171
617.4 5.02655 0.00596373
617.6 5.02655 0.0378126
617.8 5.02655 0.0117827
618 5.02655 -0.0304426
618.2 5.02655 -0.0255238
618.4 5.02655 0.0383659
618.6 5.02655 0.1033
618.8 5.02655 0.0987891
619 5.02655 0.0150941
619.2 5.02655 -0.0833912
619.4 5.02655 -0.119895
619.6 5.02655 -0.0793218
619.8 5.02655 -0.0189551
620 5.02655 -0.00634656
620.2 5.02655 -0.0501169
620.4 5.02655 -0.095306
620.6 5.02655 -0.0842235
620.8 5.02655 -0.0147629
621 5.02655 0.063743
621.2 5.02655 0.104587
621.4 5.02655 0.102911
621.6 5.02655 0.0815555
621.8 5.02655 0.0526897
622 5.02655 0.00882907
622.2 5.02655 -0.0492733
622.4 5.02655 -0.0930733
622.6 5.02655 -0.0897426
622.8 5.02655 -0.0431369
623 5.02655 0.00235503
623.2 5.02655 0.00626739
623.4 5.02655 -0.0260255
623.6 5.02655 -0.0543756
623.8 5.02655 -0.0536567
624 5.02655 -0.0406273
624.2 5.02655 -0.0468734
624.4 5.02655 -0.0749407
624.6 5.02655 -0.0939944
624.8 5.02655 -0.0785081
625 5.02655 -0.0390897
625.2 5.02655 -0.00816476
625.4 5.02655 -0.00255184
625.6 5.02655 -0.011227
625.8 5.02655 -0.018211
626 5.02655 -0.0237782
626.2 5.02655 -0.0354402
626.4 5.02655 -0.0470439
626.6 5.02655 -0.0411686
626.8 5.02655 -0.0130145
627 5.02655 0.0210887
627.2 5.02655 0.0466223
627.4 5.02655 0.0721506
627.6 5.02655 0.112165
627.8 5.02655 0.149958
628 5.02655 0.137657
628.2 5.02655 0.0504421
628.4 5.02655 -0.065238
628.6 5.02655 -0.119034
628.8 5.02655 -0.0649089
629 5.02655 0.0452084
629.2 5.02655 0.108682
629.4 5.02655 0.0747717
629.6 5.02655 -0.00831665
629.8 5.02655 -0.050707
630 5.02655 -0.0148114
630.2 5.02655 0.0549418
630.4 5.02655 0.0884092
630.6 5.02655 0.0602705
630.8 5.02655 0.00236651
631 5.02655 -0.0382936
631.2 5.02655 -0.0399817
631.4 5.02655 -0.0116032
631.6 5.02655 0.0221133
631.8 5.02655 0.0330964
632 5.02655 0.0028129
632.2 5.02655 -0.0576956
632.4 5.02655 -0.101597
632.6 5.02655 -0.0797276
632.8 5.02655 0.00602047
633 5.02655 0.09046
633.2 5.02655 0.103159
633.4 5.02655 0.0421834
633.6 5.02655 -0.0219437
633.8 5.02655 -0.023516
634 5.02655 0.026366
634.2 5.02655 0.0570948
634.4 5.02655 0.0239551
634.6 5.02655 -0.0421089
634.8 5.02655 -0.0784431
635 5.02655 -0.0689356
635.2 5.02655 -0.0572079
635.4 5.02655 -0.0808268
635.6 5.02655 -0.115004
635.8 5.02655 -0.100801
636 5.02655 -0.0224606
636.2 5.02655 0.0651112
636.4 5.02655 0.0946926
636.6 5.02655 0.0587224
636.8 5.02655 0.00862485
637 5.02655 -0.0106193
637.2 5.02655 -0.00540251
637.4 5.02655 -0.00757266
637.6 5.02655 -0.0229405
637.8 5.02655 -0.0272838
638 5.02655 -0.0108284
638.2 5.02655 -0.00268378
638.4 5.02655 -0.034416
638.6 5.02655 -0.0889906
638.8 5.02655 -0.107939
639 5.02655 -0.0563397
639.2 5.02655 0.0318619
639.4 5.02655 0.0862097
639.6 5.02655 0.0729702
639.8 5.02655 0.0235545
640 5.02655 -0.0103697
640.2 5.02655 -0.0153121
640.4 5.02655 -0.0182495
640.6 5.02655 -0.0385361
640.8 5.02655 -0.0565369
641 5.02655 -0.0386506
641.2 5.02655 0.0157473
641.4 5.02655 0.0659036
641.6 5.02655 0.070042
641.8 5.02655 0.026567
642 5.02655 -0.0280997
642.2 5.02655 -0.0566565
642.4 5.02655 -0.050658
642.6 5.02655 -0.0280598
642.8 5.02655 -0.0109317
643 5.02655 -0.0080552
643.2 5.02655 -0.012197
643.4 5.02655 -0.0084106
643.6 5.02655 0.0120466
643.8 5.02655 0.0394404
644 5.02655 0.0477254
644.2 5.02655 0.017399
644.4 5.02655 -0.0388919
644.6 5.02655 -0.0789727
644.8 5.02655 -0.0684115
645 5.02655 -0.0165403
645.2 5.02655 0.0307938
645.4 5.02655 0.0385292
645.6 5.02655 0.0184164
645.8 5.02655 0.0128745
646 5.02655 0.0457104
646.2 5.02655 0.096139
646.4 5.02655 0.123093
646.6 5.02655 0.107533
646.8 5.02655 0.0644877
647 5.02655 0.0188334
647.2 5.02655 -0.0191893
647.4 5.02655 -0.0514661
647.6 5.02655 -0.075791
647.8 5.02655 -0.0837531
648 5.02655 -0.0738908
648.2 5.02655 -0.0572588
648.4 5.02655 -0.0454206
648.6 5.02655 -0.0390629
648.8 5.02655 -0.0340879
649 5.02655 -0.0335287
649.2 5.02655 -0.0432163
649.4 5.02655 -0.0560824
649.6 5.02655 -0.053624
649.8 5.02655 -0.031625
650 5.02655 -0.015789
650.2 5.02655 -0.0355374
650.4 5.02655 -0.0800969
650.6 5.02655 -0.0972889
650.8 5.02655 -0.0510493
651 5.02655 0.0261431
651.2 5.02655 0.0581212
651.4 5.02655 0.0104394
651.6 5.02655 -0.0632257
651.8 5.02655 -0.0773699
652 5.02655 -0.0139664
652.2 5.02655 0.0537491
652.4 5.02655 0.0468763
652.6 5.02655 -0.0241221
652.8 5.02655 -0.0705358
653 5.02655 -0.0309689
653.2 5.02655 0.0549723
653.4 5.02655 0.0936154
653.6 5.02655 0.0468318
653.8 5.02655 -0.0277129
654 5.02655 -0.0498769
654.2 5.02655 -0.0110416
654.4 5.02655 0.0237943
654.6 5.02655 0.00111329
654.8 5.02655 -0.0573531
655 5.02655 -0.0861734
655.2 5.02655 -0.0568211
655.4 5.02655 -0.00666325
655.6 5.02655 0.0124906
655.8 5.02655 -0.00391023
656 5.02655 -0.0154364
656.2 5.02655 0.00805842
656.4 5.02655 0.0501982
656.6 5.02655 0.0706121
656.8 5.02655 0.0518868
657 5.02655 0.0147681
657.2 5.02655 -0.00825355
657.4 5.02655 -0.00444563
657.6 5.02655 0.0139563
657.8 5.02655 0.02636
658 5.02655 0.0211224
658.2 5.02655 0.00361929
658.4 5.02655 -0.00565046
658.6 5.02655 0.014212
658.8 5.02655 0.0606696
659 5.02655 0.0980698
659.2 5.02655 0.0853363
659.4 5.02655 0.0236758
659.6 5.02655 -0.0310217
659.8 5.02655 -0.0206683
660 5.02655 0.0460004
660.2 5.02655 0.0911917
660.4 5.02655 0.0496156
660.6 5.02655 -0.0527978
660.8 5.02655 -0.119713
661 5.02655 -0.0897401
661.2 5.02655 -0.00715132
661.4 5.02655 0.0288467
661.6 5.02655 -0.0200749
661.8 5.02655 -0.0876169
662 5.02655 -0.0840188
662.2 5.02655 -0.00502245
662.4 5.02655 0.0630885
662.6 5.02655 0.0479251
662.8 5.02655 -0.0220031
663 5.02655 -0.0518405
663.2 5.02655 0.00684866
663.4 5.02655 0.100321
663.6 5.02655 0.136474
663.8 5.02655 0.0877433
664 5.02655 0.0130823
664.2 5.02655 -0.0170649
664.4 5.02655 0.00356548
664.6 5.02655 0.0260265
664.8 5.02655 0.0155823
665 5.02655 -0.00975808
665.2 5.02655 -0.0129018
665.4 5.02655 0.00777613
665.6 5.02655 0.0141684
665.8 5.02655 -0.0230119
666 5.02655 -0.0848122
666.2 5.02655 -0.120316
666.4 5.02655 -0.098078
666.6 5.02655 -0.03589
666.8 5.02655 0.0187761
667 5.02655 0.0329989
667.2 5.02655 0.0151166
667.4 5.02655 0.00365134
667.6 5.02655 0.0311783
667.8 5.02655 0.0926045
668 5.02655 0.143769
668.2 5.02655 0.136166
668.4 5.02655 0.0627293
668.6 5.02655 -0.0280851
668.8 5.02655 -0.0711927
669 5.02655 -0.0448522
669.2 5.02655 0.00870363
669.4 5.02655 0.0278333
669.6 5.02655 -0.00434541
669.8 5.02655 -0.0464082
670 5.02655 -0.0492499
670.2 5.02655 -0.0105399
670.4 5.02655 0.0297815
670.6 5.02655 0.0414974
670.8 5.02655 0.0347323
671 5.02655 0.032674
671.2 5.02655 0.0292631
671.4 5.02655 -0.00479887
671.6 5.02655 -0.0719631
671.8 5.02655 -0.12464
672 5.02655 -0.111179
672.2 5.02655 -0.0415102
672.4 5.02655 0.0137848
672.6 5.02655 0.000548137
672.8 5.02655 -0.0541989
673 5.02655 -0.0711969
673.2 5.02655 -0.0120924
673.4 5.02655 0.0735529
673.6 5.02655 0.105208
673.8 5.02655 0.0649742
674 5.02655 0.0156581
674.2 5.02655 0.0225315
674.4 5.02655 0.0738464
674.6 5.02655 0.0958508
674.8 5.02655 0.0433751
675 5.02655 -0.0428396
675.2 5.02655 -0.0795436
675.4 5.02655 -0.0338235
675.6 5.02655 0.0412315
675.8 5.02655 0.0655696
676 5.02655 0.0162017
676.2 5.02655 -0.0543843
676.4 5.02655 -0.0782367
676.6 5.02655 -0.0398426
676.8 5.02655 0.0165804
677 5.02655 0.0370861
677.2 5.02655 0.00737915
677.4 5.02655 -0.0434439
677.6 5.02655 -0.0765763
677.8 5.02655 -0.0753087
678 5.02655 -0.0493499
678.2 5.02655 -0.0180948
678.4 5.02655 0.00633855
678.6 5.02655 0.0233435
678.8 5.02655 0.0371691
679 5.02655 0.0481808
679.2 5.02655 0.049649
679.4 5.02655 0.0323828
679.6 5.02655 -0.00613953
679.8 5.02655 -0.0555469
680 5.02655 -0.0953155
680.2 5.02655 -0.106605
680.4 5.02655 -0.0856109
680.6 5.02655 -0.0484279
680.8 5.02655 -0.0215831
681 5.02655 -0.0225403
681.2 5.02655 -0.0439875
681.4 5.02655 -0.0576129
681.6 5.02655 -0.0389892
681.8 5.02655 0.00650242
682 5.02655 0.0441322
682.2 5.02655 0.0422524
682.4 5.02655 0.00678254
682.6 5.02655 -0.0209882
682.8 5.02655 -0.00636006
683 5.02655 0.0402093
683.2 5.02655 0.0721723
683.4 5.02655 0.0563762
683.6 5.02655 0.00753879
683.8 5.02655 -0.0321288
684 5.02655 -0.0427602
684.2 5.02655 -0.0451519
684.4 5.02655 -0.0653866
684.6 5.02655 -0.0923984
684.8 5.02655 -0.0858971
685 5.02655 -0.0282592
685.2 5.02655 0.0447142
685.4 5.02655 0.0773075
685.6 5.02655 0.0554557
685.8 5.02655 0.022987
686 5.02655 0.0322998
686.2 5.02655 0.0868337
686.4 5.02655 0.140125
686.6 5.02655 0.146754
686.8 5.02655 0.103427
687 5.02655 0.0408421
687.2 5.02655 -0.00942956
687.4 5.02655 -0.0294958
687.6 5.02655 -0.0086787
687.8 5.02655 0.0531637
688 5.02655 0.127036
688.2 5.02655 0.157745
688.4 5.02655 0.109834
688.6 5.02655 0.0138282
688.8 5.02655 -0.0522275
689 5.02655 -0.0415369
689.2 5.02655 0.00830913
689.4 5.02655 0.01837
689.6 5.02655 -0.0348057
689.8 5.02655 -0.084252
690 5.02655 -0.0487657
690.2 5.02655 0.0645999
690.4 5.02655 0.155623
690.6 5.02655 0.135233
690.8 5.02655 0.0204411
691 5.02655 -0.0879011
691.2 5.02655 -0.11425
691.4 5.02655 -0.0763249
691.6 5.02655 -0.0419806
691.8 5.02655 -0.040598
692 5.02655 -0.0392798
692.2 5.02655 -0.00171256
692.4 5.02655 0.055523
692.6 5.02655 0.0811724
692.8 5.02655 0.0520856
693 5.02655 -0.00256635
693.2 5.02655 -0.0405835
693.4 5.02655 -0.0518431
693.6 5.02655 -0.0528886
693.8 5.02655 -0.0495818
694 5.02655 -0.026713
694.2 5.02655 0.0222975
694.4 5.02655 0.0736117
694.6 5.02655 0.0953333
694.8 5.02655 0.08442
695 5.02655 0.0653265
695.2 5.02655 0.0523588
695.4 5.02655 0.031568
695.6 5.02655 -0.00894168
695.8 5.02655 -0.0450639
696 5.02655 -0.0366948
696.2 5.02655 0.0146419
696.4 5.02655 0.0499406
696.6 5.02655 0.0140997
696.8 5.02655 -0.0730474
697 5.02655 -0.128497
697.2 5.02655 -0.0964558
697.4 5.02655 -0.0112913
697.6 5.02655 0.044919
697.8 5.02655 0.0390257
698 5.02655 0.0183059
698.2 5.02655 0.0405265
698.4 5.02655 0.0947533
698.6 5.02655 0.115703
698.8 5.02655 0.0715686
699 5.02655 0.00869597
699.2 5.02655 -0.00734494
699.4 5.02655 0.0216645
699.6 5.02655 0.0278977
699.8 5.02655 -0.0302037
700 5.02655 -0.102212
700.2 5.02655 -0.09613
700.4 5.02655 0.0103168
700.6 5.02655 0.132887
700.8 5.02655 0.166792
701 5.02655 0.0957556
701.2 5.02655 -3.96985e-05
701.4 5.02655 -0.039417
701.6 5.02655 -0.021567
701.8 5.02655 -0.00375953
702 5.02655 -0.0168661
702.2 5.02655 -0.0290273
702.4 5.02655 0.00239322
702.6 5.02655 0.0638088
702.8 5.02655 0.0914981
703 5.02655 0.0439733
703.2 5.02655 -0.0468639
703.4 5.02655 -0.106013
703.6 5.02655 -0.0908682
703.8 5.02655 -0.0285457
704 5.02655 0.018785
704.2 5.02655 0.0160247
704.4 5.02655 -0.0194266
704.6 5.02655 -0.0447417
704.8 5.02655 -0.0349515
705 5.02655 -0.00141247
705.2 5.02655 0.0232387
705.4 5.02655 0.0148193
705.6 5.02655 -0.0216839
705.8 5.02655 -0.0543086
706 5.02655 -0.0486314
706.2 5.02655 0.00171884
706.4 5.02655 0.0648166
706.6 5.02655 0.0940333
706.8 5.02655 0.067739
707 5.02655 0.00774575
707.2 5.02655 -0.0419532
707.4 5.02655 -0.0542456
707.6 5.02655 -0.0361888
707.8 5.02655 -0.0115085
708 5.02655 0.00615371
708.2 5.02655 0.0191285
708.4 5.02655 0.031214
708.6 5.02655 0.0378329
708.8 5.02655 0.0340017
709 5.02655 0.0250613
709.2 5.02655 0.021152
709.4 5.02655 0.0214185
709.6 5.02655 0.0118389
709.8 5.02655 -0.015782
710 5.02655 -0.0460923
710.2 5.02655 -0.0491893
710.4 5.02655 -0.0109097
710.6 5.02655 0.048195
710.8 5.02655 0.0877945
711 5.02655 0.0828919
711.2 5.02655 0.0453127
711.4 5.02655 0.0118787
711.6 5.02655 0.0113443
711.8 5.02655 0.0387016
712 5.02655 0.0573502
712.2 5.02655 0.028586
712.4 5.02655 -0.0519586
712.6 5.02655 -0.140407
712.8 5.02655 -0.171795
713 5.02655 -0.113632
713.2 5.02655 -0.00106851
713.4 5.02655 0.0858211
713.6 5.02655 0.0899786
713.8 5.02655 0.0280167
714 5.02655 -0.0285396
714.2 5.02655 -0.0242647
714.4 5.02655 0.0300432
714.6 5.02655 0.0786041
714.8 5.02655 0.0845937
715 5.02655 0.0629711
715.2 5.02655 0.0501481
715.4 5.02655 0.0540126
715.6 5.02655 0.0471854
715.8 5.02655 0.00790053
716 5.02655 -0.0468094
716.2 5.02655 -0.0779712
716.4 5.02655 -0.0684119
716.6 5.02655 -0.0378385
716.8 5.02655 -0.0136862
717 5.02655 0.000812228
717.2 5.02655 0.0209871
717.4 5.02655 0.0502124
717.6 5.02655 0.0697231
717.8 5.02655 0.0629708
718 5.02655 0.0393798
718.2 5.02655 0.0235244
718.4 5.02655 0.0243043
718.6 5.02655 0.0268405
718.8 5.02655 0.0174069
719 5.02655 0.00441435
719.2 5.02655 0.00388344
719.4 5.02655 0.0101106
719.6 5.02655 -0.00228433
719.8 5.02655 -0.0405966
720 5.02655 -0.0711464
720.2 5.02655 -0.0511745
720.4 5.02655 0.0155694
720.6 5.02655 0.0704294
720.8 5.02655 0.059023
721 5.02655 -0.00634621
721.2 5.02655 -0.0561885
721.4 5.02655 -0.0392776
721.6 5.02655 0.0209322
721.8 5.02655 0.0530663
722 5.02655 0.0157973
722.2 5.02655 -0.0601931
722.4 5.02655 -0.107828
722.6 5.02655 -0.0902162
722.8 5.02655 -0.0264508
723 5.02655 0.0382774
723.2 5.02655 0.0732091
723.4 5.02655 0.0725841
723.6 5.02655 0.0433716
723.8 5.02655 -0.00135912
724 5.02655 -0.0395314
724.2 5.02655 -0.047666
724.4 5.02655 -0.0222928
724.6 5.02655 0.0111395
724.8 5.02655 0.0211762
725 5.02655 0.00328787
725.2 5.02655 -0.0169057
725.4 5.02655 -0.0158436
725.6 5.02655 -8.2482e-05
725.8 5.02655 0.00459509
726 5.02655 -0.0123532
726.2 5.02655 -0.0329984
726.4 5.02655 -0.0343999
726.6 5.02655 -0.0157723
726.8 5.02655 0.00569108
727 5.02655 0.0202629
727.2 5.02655 0.0342964
727.4 5.02655 0.0512462
727.6 5.02655 0.0574043
727.8 5.02655 0.0393213
728 5.02655 0.0110233
728.2 5.02655 0.00717373
728.4 5.02655 0.040902
728.6 5.02655 0.079019
728.8 5.02655 0.0746165
729 5.02655 0.0243508
729.2 5.02655 -0.0214535
729.4 5.02655 -0.0161002
729.6 5.02655 0.0242743
729.8 5.02655 0.0345439
730 5.02655 -0.0233605
730.2 5.02655 -0.110507
730.4 5.02655 -0.148434
730.6 5.02655 -0.102581
730.8 5.02655 -0.0168253
731 5.02655 0.0360023
731.2 5.02655 0.0265929
731.4 5.02655 -0.0149905
731.6 5.02655 -0.0448346
731.8 5.02655 -0.0485476
732 5.02655 -0.0371927
732.2 5.02655 -0.0193958
732.4 5.02655 0.00372355
732.6 5.02655 0.0200612
732.8 5.02655 0.00601563
733 5.02655 -0.0409757
733.2 5.02655 -0.0795843
733.4 5.02655 -0.0563125
733.6 5.02655 0.0319183
733.8 5.02655 0.119655
734 5.02655 0.1322
734.2 5.02655 0.0634524
734.4 5.02655 -0.0168626
734.6 5.02655 -0.0379125
734.8 5.02655 -0.00109884
735 5.02655 0.0294906
735.2 5.02655 0.00436742
735.4 5.02655 -0.0569103
735.6 5.02655 -0.0925378
735.8 5.02655 -0.0686807
736 5.02655 -0.0112485
736.2 5.02655 0.0290195
736.4 5.02655 0.0294942
736.6 5.02655 0.00761917
736.8 5.02655 -0.00953278
737 5.02655 -0.0133357
737.2 5.02655 -0.0111779
737.4 5.02655 -0.00955394
737.6 5.02655 -0.00979353
737.8 5.02655 -0.0153091
738 5.02655 -0.0305582
738.2 5.02655 -0.0498977
738.4 5.02655 -0.0573562
738.6 5.02655 -0.0460298
738.8 5.02655 -0.0327711
739 5.02655 -0.0415744
739.2 5.02655 -0.0692673
739.4 5.02655 -0.0784597
739.6 5.02655 -0.0359805
739.8 5.02655 0.0435242
740 5.02655 0.103609
740.2 5.02655 0.101794
740.4 5.02655 0.0532268
740.6 5.02655 0.0110465
740.8 5.02655 0.00640337
741 5.02655 0.0194986
741.2 5.02655 0.0139537
741.4 5.02655 -0.0113707
741.6 5.02655 -0.0203097
741.8 5.02655 0.00963216
742 5.02655 0.0490389
742.2 5.02655 0.0436012
742.4 5.02655 -0.0217966
742.6 5.02655 -0.0991723
742.8 5.02655 -0.125926
743 5.02655 -0.0913345
743.2 5.02655 -0.0447431
743.4 5.02655 -0.0364936
743.6 5.02655 -0.0613292
743.8 5.02655 -0.0692809
744 5.02655 -0.0285357
744.2 5.02655 0.0348481
744.4 5.02655 0.0663633
744.6 5.02655 0.0457181
744.8 5.02655 0.00934442
745 5.02655 0.00776736
745.2 5.02655 0.0476238
745.4 5.02655 0.0841677
745.6 5.02655 0.0715245
745.8 5.02655 0.0140718
746 5.02655 -0.0362976
746.2 5.02655 -0.0318826
746.4 5.02655 0.025961
746.6 5.02655 0.0927202
746.8 5.02655 0.125576
747 5.02655 0.117901
747.2 5.02655 0.0925201
747.4 5.02655 0.0690522
747.6 5.02655 0.0449171
747.8 5.02655 0.00808667
748 5.02655 -0.0382008
748.2 5.02655 -0.0705936
748.4 5.02655 -0.0673758
748.6 5.02655 -0.0322929
748.8 5.02655 0.00682419
749 5.02655 0.0236989
749.2 5.02655 0.0165121
749.4 5.02655 0.00472565
749.6 5.02655 0.00577595
749.8 5.02655 0.0184258
750 5.02655 0.0293611
750.2 5.02655 0.0316636
750.4 5.02655 0.0312804
750.6 5.02655 0.0347261
750.8 5.02655 0.0362259
751 5.02655 0.023578
751.2 5.02655 -0.00296237
751.4 5.02655 -0.0244083
751.6 5.02655 -0.0223312
751.8 5.02655 -0.0037094
752 5.02655 0.00125461
752.2 5.02655 -0.0269333
752.4 5.02655 -0.0666695
752.6 5.02655 -0.0675115
752.8 5.02655 -0.000654734
753 5.02655 0.102725
753.2 5.02655 0.170312
753.4 5.02655 0.15283
753.6 5.02655 0.0713906
753.8 5.02655 -0.0015471
754 5.02655 -0.0103065
754.2 5.02655 0.0339752
754.4 5.02655 0.0708048
754.6 5.02655 0.0545615
754.8 5.02655 -0.00196113
755 5.02655 -0.0471458
755.2 5.02655 -0.0479054
755.4 5.02655 -0.0216312
755.6 5.02655 -0.0110383
755.8 5.02655 -0.0336061
756 5.02655 -0.0625241
756.2 5.02655 -0.0578626
756.4 5.02655 -0.0109157
756.6 5.02655 0.0469974
756.8 5.02655 0.0777167
757 5.02655 0.0721997
757.2 5.02655 0.0525321
757.4 5.02655 0.0440761
757.6 5.02655 0.0523436
757.8 5.02655 0.0656957
758 5.02655 0.0711965
758.2 5.02655 0.0612089
758.4 5.02655 0.0299351
758.6 5.02655 -0.0231569
758.8 5.02655 -0.0804105
759 5.02655 -0.1057
759.2 5.02655 -0.0733696
759.4 5.02655 -0.0029697
759.6 5.02655 0.0454729
759.8 5.02655 0.0257965
760 5.02655 -0.0418657
760.2 5.02655 -0.083189
760.4 5.02655 -0.0445277
760.6 5.02655 0.0464058
760.8 5.02655 0.104606
761 5.02655 0.0757806
761.2 5.02655 -0.00641281
761.4 5.02655 -0.0588914
761.6 5.02655 -0.0405635
761.8 5.02655 0.00704663
762 5.02655 0.0149021
762.2 5.02655 -0.0289632
762.4 5.02655 -0.0657952
762.6 5.02655 -0.0393879
762.8 5.02655 0.0312294
763 5.02655 0.0669399
763.2 5.02655 0.0161837
763.4 5.02655 -0.0849846
763.6 5.02655 -0.148332
763.8 5.02655 -0.123522
764 5.02655 -0.0432793
764.2 5.02655 0.0198438
764.4 5.02655 0.0301977
764.6 5.02655 0.0144945
764.8 5.02655 0.0172985
765 5.02655 0.0455272
765.2 5.02655 0.0637185
765.4 5.02655 0.0382523
765.6 5.02655 -0.0230333
765.8 5.02655 -0.0765508
766 5.02655 -0.0828281
766.2 5.02655 -0.039995
766.4 5.02655 0.0165652
766.6 5.02655 0.0432984
766.8 5.02655 0.0222242
767 5.02655 -0.0246359
767.2 5.02655 -0.0517051
767.4 5.02655 -0.0285207
767.6 5.02655 0.0299531
767.8 5.02655 0.0731535
768 5.02655 0.0627155
768.2 5.02655 0.0138704
768.4 5.02655 -0.0167263
768.6 5.02655 0.00989321
768.8 5.02655 0.0708945
769 5.02655 0.103549
769.2 5.02655 0.0718851
769.4 5.02655 0.00390159
769.6 5.02655 -0.0418775
769.8 5.02655 -0.0393073
770 5.02655 -0.0130755
770.2 5.02655 0.00299071
770.4 5.02655 0.00868349
770.6 5.02655 0.0248909
770.8 5.02655 0.0472248
771 5.02655 0.0366243
771.2 5.02655 -0.0296992
771.4 5.02655 -0.110326
771.6 5.02655 -0.127459
771.8 5.02655 -0.0528518
772 5.02655 0.0472539
772.2 5.02655 0.0714072
772.4 5.02655 -0.00996468
772.6 5.02655 -0.118552
772.8 5.02655 -0.147053
773 5.02655 -0.0675649
773.2 5.02655 0.0468187
773.4 5.02655 0.104883
773.6 5.02655 0.0875298
773.8 5.02655 0.0500023
774 5.02655 0.0471381
774.2 5.02655 0.0740172
774.4 5.02655 0.0835769
774.6 5.02655 0.0484823
774.8 5.02655 -0.00833797
775 5.02655 -0.0417245
775.2 5.02655 -0.0298852
775.4 5.02655 0.0125688
775.6 5.02655 0.0567626
775.8 5.02655 0.083416
776 5.02655 0.0871672
776.2 5.02655 0.0711609
776.4 5.02655 0.0457081
776.6 5.02655 0.0268216
776.8 5.02655 0.0250711
777 5.02655 0.0332468
777.2 5.02655 0.0317093
777.4 5.02655 0.0113574
777.6 5.02655 -0.0120373
777.8 5.02655 -0.0127402
778 5.02655 0.0154542
778.2 5.02655 0.0497853
778.4 5.02655 0.0614314
778.6 5.02655 0.0443743
778.8 5.02655 0.017822
779 5.02655 0.00285902
779.2 5.02655 0.00295026
779.4 5.02655 0.00851735
779.6 5.02655 0.0136386
779.8 5.02655 0.0211653
780 5.02655 0.0327578
780.2 5.02655 0.0415797
780.4 5.02655 0.0391964
780.6 5.02655 0.0266552
780.8 5.02655 0.0142291
781 5.02655 0.0110035
781.2 5.02655 0.0183318
781.4 5.02655 0.032981
781.6 5.02655 0.0509773
781.8 5.02655 0.0654512
782 5.02655 0.0659631
782.2 5.02655 0.0478558
782.4 5.02655 0.0221937
782.6 5.02655 0.00799131
782.8 5.02655 0.00858498
783 5.02655 0.000905932
783.2 5.02655 -0.0410251
783.4 5.02655 -0.108561
783.6 5.02655 -0.152912
783.8 5.02655 -0.127996
784 5.02655 -0.0407353
784.2 5.02655 0.0473394
784.4 5.02655 0.0741563
784.6 5.02655 0.0324137
784.8 5.02655 -0.0299078
785 5.02655 -0.0601101
785.2 5.02655 -0.0474407
785.4 5.02655 -0.0216363
785.6 5.02655 -0.0141364
785.8 5.02655 -0.0266381
786 5.02655 -0.0342304
786.2 5.02655 -0.011915
786.4 5.02655 0.0425416
786.6 5.02655 0.104657
786.8 5.02655 0.137716
787 5.02655 0.117807
787.2 5.02655 0.0560049
787.4 5.02655 -0.00265475
787.6 5.02655 -0.0122688
787.8 5.02655 0.0317034
788 5.02655 0.084063
788.2 5.02655 0.0917115
788.4 5.02655 0.0472049
788.6 5.02655 -0.00438089
788.8 5.02655 -0.0155856
789 5.02655 0.0121503
789.2 5.02655 0.0347807
789.4 5.02655 0.0210855
789.6 5.02655 -0.0103915
789.8 5.02655 -0.0169073
790 5.02655 0.0142101
790.2 5.02655 0.0504854
790.4 5.02655 0.055403
790.6 5.02655 0.0317042
790.8 5.02655 0.013168
791 5.02655 0.0197842
791.2 5.02655 0.0364154
791.4 5.02655 0.0397496
791.6 5.02655 0.0320288
791.8 5.02655 0.0335641
792 5.02655 0.0467389
792.2 5.02655 0.0465265
792.4 5.02655 0.0160564
792.6 5.02655 -0.0211217
792.8 5.02655 -0.0229277
793 5.02655 0.0161813
793.2 5.02655 0.0487088
793.4 5.02655 0.0253304
793.6 5.02655 -0.0449476
793.8 5.02655 -0.102018
794 5.02655 -0.103852
794.2 5.02655 -0.0737593
794.4 5.02655 -0.0665227
794.6 5.02655 -0.0958705
794.8 5.02655 -0.11493
795 5.02655 -0.0751191
795.2 5.02655 0.00909228
795.4 5.02655 0.070031
795.6 5.02655 0.0601305
795.8 5.02655 0.00202484
796 5.02655 -0.0397188
796.2 5.02655 -0.0270264
796.4 5.02655 0.021193
796.6 5.02655 0.0604519
796.8 5.02655 0.0666969
797 5.02655 0.0468114
797.2 5.02655 0.018069
797.4 5.02655 -0.00752261
797.6 5.02655 -0.0216491
797.8 5.02655 -0.02015
798 5.02655 -0.0137567
798.2 5.02655 -0.0269847
798.4 5.02655 -0.0700399
798.6 5.02655 -0.112687
798.8 5.02655 -0.103766
799 5.02655 -0.029088
799.2 5.02655 0.0573102
799.4 5.02655 0.0768951
799.6 5.02655 0.00759875
799.8 5.02655 -0.0878515
800 5.02655 -0.122734
800.2 5.02655 -0.0728464
800.4 5.02655 0.00470324
800.6 5.02655 0.0359125
800.8 5.02655 0.0022877
801 5.02655 -0.0531237
801.2 5.02655 -0.0783082
801.4 5.02655 -0.0575076
801.6 5.02655 -0.00930372
801.8 5.02655 0.0400323
802 5.02655 0.070012
802.2 5.02655 0.0658745
802.4 5.02655 0.0268696
802.6 5.02655 -0.0204301
802.8 5.02655 -0.0340935
803 5.02655 0.00158245
803.2 5.02655 0.0501509
803.4 5.02655 0.0559217
803.6 5.02655 0.00906075
803.8 5.02655 -0.0349558
804 5.02655 -0.0148141
804.2 5.02655 0.0611259
804.4 5.02655 0.115446
804.6 5.02655 0.0851753
804.8 5.02655 -0.00602702
805 5.02655 -0.0718838
805.2 5.02655 -0.0566105
805.4 5.02655 0.0105611
805.6 5.02655 0.0578583
805.8 5.02655 0.0526399
806 5.02655 0.0242765
806.2 5.02655 0.0112735
806.4 5.02655 0.00933916
806.6 5.02655 -0.0125707
806.8 5.02655 -0.0563798
807 5.02655 -0.080055
807.2 5.02655 -0.0481562
807.4 5.02655 0.0176096
807.6 5.02655 0.056894
807.8 5.02655 0.0396184
808 5.02655 0.000518647
808.2 5.02655 -0.00393967
808.4 5.02655 0.0360935
808.6 5.02655 0.0731545
808.8 5.02655 0.0600528
809 5.02655 0.00371281
809.2 5.02655 -0.0475123
809.4 5.02655 -0.0618964
809.6 5.02655 -0.0538236
809.8 5.02655 -0.0526728
810 5.02655 -0.0572095
810.2 5.02655 -0.0362895
810.4 5.02655 0.0262287
810.6 5.02655 0.102003
810.8 5.02655 0.143368
811 5.02655 0.13215
811.2 5.02655 0.0930062
811.4 5.02655 0.0578847
811.6 5.02655 0.0300078
811.8 5.02655 -0.00667206
812 5.02655 -0.0480495
812.2 5.02655 -0.0575487
812.4 5.02655 -0.00472653
812.6 5.02655 0.0886394
812.8 5.02655 0.155353
813 5.02655 0.14338
813.2 5.02655 0.0666146
813.4 5.02655 -0.0113643
813.6 5.02655 -0.0422101
813.8 5.02655 -0.0336251
814 5.02655 -0.023927
814.2 5.02655 -0.0279715
814.4 5.02655 -0.023741
814.6 5.02655 0.00570176
814.8 5.02655 0.0343512
815 5.02655 0.0169068
815.2 5.02655 -0.0483849
815.4 5.02655 -0.099736
815.6 5.02655 -0.0733896
815.8 5.02655 0.0168652
816 5.02655 0.0808149
816.2 5.02655 0.0458818
816.4 5.02655 -0.0577657
816.6 5.02655 -0.123829
816.8 5.02655 -0.0856989
817 5.02655 0.00966867
817.2 5.02655 0.0573842
817.4 5.02655 0.0170369
817.6 5.02655 -0.0426349
817.8 5.02655 -0.0305048
818 5.02655 0.053191
818.2 5.02655 0.113797
818.4 5.02655 0.074963
818.6 5.02655 -0.028747
818.8 5.02655 -0.0910587
819 5.02655 -0.0564292
819.2 5.02655 0.020778
819.4 5.02655 0.0474752
819.6 5.02655 0.00164178
819.8 5.02655 -0.0511826
820 5.02655 -0.0449718
820.2 5.02655 0.0103329
820.4 5.02655 0.0528007
820.6 5.02655 0.0494087
820.8 5.02655 0.0251285
821 5.02655 0.0121069
821.2 5.02655 0.00066654
821.4 5.02655 -0.035879
821.6 5.02655 -0.0820601
821.8 5.02655 -0.0813239
822 5.02655 -0.00935419
822.2 5.02655 0.0767292
822.4 5.02655 0.0913945
822.6 5.02655 0.0211313
822.8 5.02655 -0.0548605
823 5.02655 -0.057567
823.2 5.02655 -0.00356633
823.4 5.02655 0.0182277
823.6 5.02655 -0.0377153
823.8 5.02655 -0.110301
824 5.02655 -0.102157
824.2 5.02655 0.0018812
824.4 5.02655 0.113859
824.6 5.02655 0.14224
824.8 5.02655 0.0876769
825 5.02655 0.0240286
825.2 5.02655 0.00256281
825.4 5.02655 0.00566529
825.6 5.02655 -0.00243682
825.8 5.02655 -0.0127899
826 5.02655 0.0114709
826.2 5.02655 0.0669492
826.4 5.02655 0.0960865
826.6 5.02655 0.0583922
826.8 5.02655 -0.0070158
827 5.02655 -0.0203802
827.2 5.02655 0.0380271
827.4 5.02655 0.0954609
827.6 5.02655 0.0722897
827.8 5.02655 -0.0170958
828 5.02655 -0.0764243
828.2 5.02655 -0.041875
828.4 5.02655 0.0416881
828.6 5.02655 0.0762669
828.8 5.02655 0.0280271
829 5.02655 -0.037425
829.2 5.02655 -0.039458
829.4 5.02655 0.0221202
829.6 5.02655 0.0745057
829.8 5.02655 0.0628173
830 5.02655 0.00800584
830.2 5.02655 -0.0297409
830.4 5.02655 -0.0228685
830.6 5.02655 0.00672151
830.8 5.02655 0.0309427
831 5.02655 0.0483226
831.2 5.02655 0.066511
831.4 5.02655 0.0737603
831.6 5.02655 0.0505152
831.8 5.02655 0.00515082
832 5.02655 -0.0239552
832.2 5.02655 -0.0112982
832.4 5.02655 0.0247533
832.6 5.02655 0.0475042
832.8 5.02655 0.0498592
833 5.02655 0.0568504
833.2 5.02655 0.0787179
833.4 5.02655 0.0838719
833.6 5.02655 0.0379279
833.8 5.02655 -0.0393633
834 5.02655 -0.0814764
834.2 5.02655 -0.0488861
834.4 5.02655 0.0212518
834.6 5.02655 0.0560967
834.8 5.02655 0.0304137
835 5.02655 -0.0119131
835.2 5.02655 -0.0218311
835.4 5.02655 -0.00757969
835.6 5.02655 -0.0141087
835.8 5.02655 -0.0526771
836 5.02655 -0.0814039
836.2 5.02655 -0.0654106
836.4 5.02655 -0.0314577
836.6 5.02655 -0.0350928
836.8 5.02655 -0.0793711
837 5.02655 -0.0985958
837.2 5.02655 -0.0401364
837.4 5.02655 0.0573615
837.6 5.02655 0.0977257
837.8 5.02655 0.0406302
838 5.02655 -0.0460296
838.2 5.02655 -0.0647287
838.4 5.02655 -0.0039349
838.6 5.02655 0.0519142
838.8 5.02655 0.0284614
839 5.02655 -0.0506444
839.2 5.02655 -0.10016
839.4 5.02655 -0.0809856
839.6 5.02655 -0.0402847
839.8 5.02655 -0.039934
840 5.02655 -0.0745446
840.2 5.02655 -0.0856082
840.4 5.02655 -0.0456748
840.6 5.02655 0.00460352
840.8 5.02655 0.0138746
841 5.02655 -0.0112418
841.2 5.02655 -0.0213488
841.4 5.02655 5.35306e-05
841.6 5.02655 0.00968571
841.8 5.02655 -0.0316844
842 5.02655 -0.0917629
842.2 5.02655 -0.0950071
842.4 5.02655 -0.0195483
842.6 5.02655 0.0630763
842.8 5.02655 0.0655086
843 5.02655 -0.0110702
843.2 5.02655 -0.0749552
843.4 5.02655 -0.0493152
843.6 5.02655 0.0426265
843.8 5.02655 0.112174
844 5.02655 0.10955
844.2 5.02655 0.0697581
844.4 5.02655 0.0539699
844.6 5.02655 0.0719548
844.8 5.02655 0.0823212
845 5.02655 0.0568089
845.2 5.02655 0.0159805
845.4 5.02655 -0.00616803
845.6 5.02655 -0.010366
845.8 5.02655 -0.0233239
846 5.02655 -0.0490304
846.2 5.02655 -0.0554192
846.4 5.02655 -0.0199391
846.6 5.02655 0.0298632
846.8 5.02655 0.0427609
847 5.02655 0.00712718
847.2 5.02655 -0.0334644
847.4 5.02655 -0.0366769
847.6 5.02655 -0.0163511
847.8 5.02655 -0.0212739
848 5.02655 -0.0638706
848.2 5.02655 -0.0940987
848.4 5.02655 -0.0578195
848.6 5.02655 0.0321784
848.8 5.02655 0.104375
849 5.02655 0.108078
849.2 5.02655 0.0669954
849.4 5.02655 0.0423601
849.6 5.02655 0.0555033
849.8 5.02655 0.0672902
850 5.02655 0.0357785
850.2 5.02655 -0.0248355
850.4 5.02655 -0.0581437
850.6 5.02655 -0.0319627
850.8 5.02655 0.0256641
851 5.02655 0.0601364
851.2 5.02655 0.047606
851.4 5.02655 0.00992594
851.6 5.02655 -0.0185744
851.8 5.02655 -0.0242192
852 5.02655 -0.0139154
852.2 5.02655 0.00143986
852.4 5.02655 0.0117435
852.6 5.02655 0.00379246
852.8 5.02655 -0.0301283
853 5.02655 -0.0749511
853.2 5.02655 -0.0962192
853.4 5.02655 -0.0725102
853.6 5.02655 -0.0216423
853.8 5.02655 0.0156286
854 5.02655 0.0186228
854.2 5.02655 0.00441398
854.4 5.02655 -0.00068644
854.6 5.02655 0.00489331
854.8 5.02655 0.00556406
855 5.02655 0.00417983
855.2 5.02655 0.0279184
855.4 5.02655 0.0853559
855.6 5.02655 0.130702
855.8 5.02655 0.0968209
856 5.02655 -0.0259044
856.2 5.02655 -0.15764
856.4 5.02655 -0.195348
856.6 5.02655 -0.113579
856.8 5.02655 0.0115355
857 5.02655 0.0820641
857.2 5.02655 0.0721991
857.4 5.02655 0.0346496
857.6 5.02655 0.0247201
857.8 5.02655 0.0394571
858 5.02655 0.0387152
858.2 5.02655 0.0084865
858.4 5.02655 -0.0194579
858.6 5.02655 -0.0125383
858.8 5.02655 0.0176297
859 5.02655 0.0302399
859.2 5.02655 0.0084198
859.4 5.02655 -0.0204065
859.6 5.02655 -0.0219876
859.8 5.02655 0.000741898
860 5.02655 0.0145072
860.2 5.02655 0.00202904
860.4 5.02655 -0.0146586
860.6 5.02655 -0.00430455
860.8 5.02655 0.0304644
861 5.02655 0.0537275
861.2 5.02655 0.0402176
861.4 5.02655 0.0069983
861.6 5.02655 -0.0065247
861.8 5.02655 0.0146009
862 5.02655 0.043094
862.2 5.02655 0.0395068
862.4 5.02655 -0.00571425
862.6 5.02655 -0.0624706
862.8 5.02655 -0.0880972
863 5.02655 -0.0602023
863.2 5.02655 0.0109174
863.4 5.02655 0.0915846
863.6 5.02655 0.14357
863.8 5.02655 0.143888
864 5.02655 0.0981669
864.2 5.02655 0.037175
864.4 5.02655 -0.00675605
864.6 5.02655 -0.0251076
864.8 5.02655 -0.0343737
865 5.02655 -0.0510925
865.2 5.02655 -0.0706203
865.4 5.02655 -0.0764016
865.6 5.02655 -0.0673542
865.8 5.02655 -0.0647689
866 5.02655 -0.0852034
866.2 5.02655 -0.112959
866.4 5.02655 -0.11199
866.6 5.02655 -0.0683278
866.8 5.02655 -0.0110437
867 5.02655 0.0176669
867.2 5.02655 0.00932435
867.4 5.02655 -0.00563553
867.6 5.02655 -0.00172088
867.8 5.02655 0.00516134
868 5.02655 -0.0214863
868.2 5.02655 -0.0836127
868.4 5.02655 -0.130185
868.6 5.02655 -0.105735
868.8 5.02655 -0.0136353
869 5.02655 0.079662
869.2 5.02655 0.106412
869.4 5.02655 0.0572502
869.6 5.02655 -0.0224012
869.8 5.02655 -0.0847198
870 5.02655 -0.116039
870.2 5.02655 -0.125805
870.4 5.02655 -0.118677
870.6 5.02655 -0.092724
870.8 5.02655 -0.0588584
871 5.02655 -0.0422552
871.2 5.02655 -0.0541103
871.4 5.02655 -0.0715243
871.6 5.02655 -0.060224
871.8 5.02655 -0.0179595
872 5.02655 0.0175499
872.2 5.02655 0.0119748
872.4 5.02655 -0.0223644
872.6 5.02655 -0.0395601
872.8 5.02655 -0.0162823
873 5.02655 0.0189273
873.2 5.02655 0.021521
873.4 5.02655 -0.0122727
873.6 5.02655 -0.0404773
873.8 5.02655 -0.0297058
874 5.02655 0.000769103
874.2 5.02655 0.00323276
874.4 5.02655 -0.0351844
874.6 5.02655 -0.0722121
874.8 5.02655 -0.0627112
875 5.02655 -0.0192904
875.2 5.02655 -0.00236075
875.4 5.02655 -0.0464373
875.6 5.02655 -0.111731
875.8 5.02655 -0.123781
876 5.02655 -0.0579751
876.2 5.02655 0.0295644
876.4 5.02655 0.0620804
876.6 5.02655 0.0241331
876.8 5.02655 -0.0270284
877 5.02655 -0.0286752
877.2 5.02655 0.0214715
877.4 5.02655 0.071694
877.6 5.02655 0.0780732
877.8 5.02655 0.046538
878 5.02655 0.0144459
878.2 5.02655 0.00528692
878.4 5.02655 0.0124573
878.6 5.02655 0.0213587
878.8 5.02655 0.0311271
879 5.02655 0.04724
879.2 5.02655 0.0620432
879.4 5.02655 0.0565247
879.6 5.02655 0.0243753
879.8 5.02655 -0.0144093
880 5.02655 -0.0313301
880.2 5.02655 -0.0192163
880.4 5.02655 0.00147004
880.6 5.02655 0.00633354
880.8 5.02655 -0.00808015
881 5.02655 -0.0252883
881.2 5.02655 -0.0300909
881.4 5.02655 -0.0236696
881.6 5.02655 -0.0190499
881.8 5.02655 -0.0273343
882 5.02655 -0.0496048
882.2 5.02655 -0.0765012
882.4 5.02655 -0.0912738
882.6 5.02655 -0.0782557
882.8 5.02655 -0.0385057
883 5.02655 0.000326645
883.2 5.02655 -0.000195062
883.4 5.02655 -0.0515145
883.6 5.02655 -0.115622
883.8 5.02655 -0.132125
884 5.02655 -0.0778292
884.2 5.02655 0.00226564
884.4 5.02655 0.0336922
884.6 5.02655 -0.0125022
884.8 5.02655 -0.0873573
885 5.02655 -0.111687
885.2 5.02655 -0.0555347
885.4 5.02655 0.0343018
885.6 5.02655 0.0847926
885.8 5.02655 0.0673822
886 5.02655 0.0147636
886.2 5.02655 -0.0244412
886.4 5.02655 -0.034982
886.6 5.02655 -0.0358896
886.8 5.02655 -0.0438741
887 5.02655 -0.0501184
887.2 5.02655 -0.0355901
887.4 5.02655 0.0010474
887.6 5.02655 0.0400077
887.8 5.02655 0.0623006
888 5.02655 0.0661033
888.2 5.02655 0.0597247
888.4 5.02655 0.0469734
888.6 5.02655 0.0282116
888.8 5.02655 0.0127625
889 5.02655 0.0178719
889.2 5.02655 0.0470367
889.4 5.02655 0.0741185
889.6 5.02655 0.0609061
889.8 5.02655 -0.00264956
890 5.02655 -0.0786041
890.2 5.02655 -0.108525
890.4 5.02655 -0.0651712
890.6 5.02655 0.0223077
890.8 5.02655 0.0941424
891 5.02655 0.110008
891.2 5.02655 0.0769517
891.4 5.02655 0.0343119
891.6 5.02655 0.0165341
891.8 5.02655 0.0289251
892 5.02655 0.0519811
892.2 5.02655 0.0627792
892.4 5.02655 0.0525496
892.6 5.02655 0.0287264
892.8 5.02655 0.00421283
893 5.02655 -0.0147993
893.2 5.02655 -0.0319032
893.4 5.02655 -0.0518722
893.6 5.02655 -0.0693738
893.8 5.02655 -0.0686834
894 5.02655 -0.0382448
894.2 5.02655 0.0131818
894.4 5.02655 0.0580276
894.6 5.02655 0.0719415
894.8 5.02655 0.0559842
895 5.02655 0.0353221
895.2 5.02655 0.0343736
895.4 5.02655 0.0537431
895.6 5.02655 0.0725183
895.8 5.02655 0.0714653
896 5.02655 0.0505417
896.2 5.02655 0.0234483
896.4 5.02655 -0.000121456
896.6 5.02655 -0.020905
896.8 5.02655 -0.0389143
897 5.02655 -0.0429789
897.2 5.02655 -0.0194807
897.4 5.02655 0.0271078
897.6 5.02655 0.0683981
897.8 5.02655 0.0741383
898 5.02655 0.0419425
898.2 5.02655 0.0015146
898.4 5.02655 -0.0148996
898.6 5.02655 -0.00536579
898.8 5.02655 0.00278916
899 5.02655 -0.0114141
899.2 5.02655 -0.0328816
899.4 5.02655 -0.0246443
899.6 5.02655 0.0250217
899.8 5.02655 0.0765351
900 5.02655 0.0714738
900.2 5.02655 -0.00327579
900.4 5.02655 -0.0906517
900.6 5.02655 -0.114604
900.8 5.02655 -0.0606576
901 5.02655 0.00242357
901.2 5.02655 -0.00790176
901.4 5.02655 -0.0957913
901.6 5.02655 -0.174601
901.8 5.02655 -0.155685
902 5.02655 -0.0461314
902.2 5.02655 0.0530303
902.4 5.02655 0.051574
902.6 5.02655 -0.0349263
902.8 5.02655 -0.104758
903 5.02655 -0.0819155
903.2 5.02655 0.00435755
903.4 5.02655 0.0592227
903.6 5.02655 0.0310833
903.8 5.02655 -0.036261
904 5.02655 -0.0628348
904.2 5.02655 -0.0273963
904.4 5.02655 0.0142333
904.6 5.02655 0.00302236
904.8 5.02655 -0.0509156
905 5.02655 -0.0829067
905.2 5.02655 -0.0522312
905.4 5.02655 0.0120897
905.6 5.02655 0.0483464
905.8 5.02655 0.0307723
906 5.02655 -0.011663
906.2 5.02655 -0.0377067
906.4 5.02655 -0.036285
906.6 5.02655 -0.0207581
906.8 5.02655 0.0021405
907 5.02655 0.0371025
907.2 5.02655 0.0751067
907.4 5.02655 0.0849828
907.6 5.02655 0.0464846
907.8 5.02655 -0.0154295
908 5.02655 -0.0484297
908.2 5.02655 -0.0312364
908.4 5.02655 -0.000790702
908.6 5.02655 -0.00788713
908.8 5.02655 -0.0513782
909 5.02655 -0.0741177
909.2 5.02655 -0.0308314
909.4 5.02655 0.0532128
909.6 5.02655 0.106424
909.8 5.02655 0.0908953
910 5.02655 0.0419963
910.2 5.02655 0.0218665
910.4 5.02655 0.0462837
910.6 5.02655 0.0739113
910.8 5.02655 0.0651233
911 5.02655 0.0314895
911.2 5.02655 0.0151649
911.4 5.02655 0.0306184
911.6 5.02655 0.0473612
911.8 5.02655 0.0337046
912 5.02655 -0.000288228
912.2 5.02655 -0.0184077
912.4 5.02655 -0.00887329
912.6 5.02655 0.0016186
912.8 5.02655 -0.00940245
913 5.02655 -0.0212727
913.2 5.02655 0.00564961
913.4 5.02655 0.0689652
913.6 5.02655 0.109609
913.8 5.02655 0.0740165
914 5.02655 -0.017167
914.2 5.02655 -0.0815623
914.4 5.02655 -0.0626421
914.6 5.02655 0.00739684
914.8 5.02655 0.0443189
915 5.02655 0.00618672
915.2 5.02655 -0.0631184
915.4 5.02655 -0.0890227
915.6 5.02655 -0.0522788
915.8 5.02655 -0.00648762
916 5.02655 -0.0121865
916.2 5.02655 -0.067247
916.4 5.02655 -0.110962
916.6 5.02655 -0.0908672
916.8 5.02655 -0.0156202
917 5.02655 0.0572822
917.2 5.02655 0.0765827
917.4 5.02655 0.0369809
917.6 5.02655 -0.0252711
917.8 5.02655 -0.0639379
918 5.02655 -0.0517887
918.2 5.02655 0.00542633
918.4 5.02655 0.0711491
918.6 5.02655 0.0977712
918.8 5.02655 0.0596028
919 5.02655 -0.0230389
919.2 5.02655 -0.0942205
919.4 5.02655 -0.105506
919.6 5.02655 -0.0549153
919.8 5.02655 0.014823
920 5.02655 0.0550153
920.2 5.02655 0.0481175
920.4 5.02655 0.0116241
920.6 5.02655 -0.0249342
920.8 5.02655 -0.0418385
921 5.02655 -0.0349685
921.2 5.02655 -0.0132698
921.4 5.02655 0.00403065
921.6 5.02655 -0.00444065
921.8 5.02655 -0.0446512
922 5.02655 -0.0945727
922.2 5.02655 -0.11683
922.4 5.02655 -0.0919669
922.6 5.02655 -0.0390892
922.8 5.02655 0.00141115
923 5.02655 0.00643403
923.2 5.02655 -0.0115222
923.4 5.02655 -0.0247443
923.6 5.02655 -0.0221528
923.8 5.02655 -0.014987
924 5.02655 -0.0148665
924.2 5.02655 -0.0172417
924.4 5.02655 -0.011693
924.6 5.02655 -0.000836928
924.8 5.02655 0.00240813
925 5.02655 -0.00334653
925.2 5.02655 -0.000513645
925.4 5.02655 0.0239437
925.6 5.02655 0.0529452
925.8 5.02655 0.0510146
926 5.02655 0.00683032
926.2 5.02655 -0.0449225
926.4 5.02655 -0.0561303
926.6 5.02655 -0.0194709
926.8 5.02655 0.0207297
927 5.02655 0.0180484
927.2 5.02655 -0.0219264
927.4 5.02655 -0.0476747
927.6 5.02655 -0.022163
927.8 5.02655 0.0333333
928 5.02655 0.0628847
928.2 5.02655 0.0379118
928.4 5.02655 -0.0149325
928.6 5.02655 -0.0479883
928.8 5.02655 -0.0430807
929 5.02655 -0.0197475
929.2 5.02655 -0.00146942
929.4 5.02655 0.00981111
929.6 5.02655 0.0205482
929.8 5.02655 0.0216802
930 5.02655 -0.0037752
930.2 5.02655 -0.0478316
930.4 5.02655 -0.0691739
930.6 5.02655 -0.0332817
930.8 5.02655 0.0413031
931 5.02655 0.0909653
931.2 5.02655 0.0694165
931.4 5.02655 -0.00382487
931.6 5.02655 -0.0654154
931.8 5.02655 -0.0757137
932 5.02655 -0.0537714
932.2 5.02655 -0.0433537
932.4 5.02655 -0.0564559
932.6 5.02655 -0.0643052
932.8 5.02655 -0.041801
933 5.02655 -0.00369452
933.2 5.02655 0.0150372
933.4 5.02655 0.007214
933.6 5.02655 0.0046543
933.8 5.02655 0.0359977
934 5.02655 0.0856703
934.2 5.02655 0.108718
934.4 5.02655 0.0845232
934.6 5.02655 0.0412461
934.8 5.02655 0.0195654
935 5.02655 0.0225646
935.2 5.02655 0.0163407
935.4 5.02655 -0.0195815
935.6 5.02655 -0.0588662
935.8 5.02655 -0.0582154
936 5.02655 -0.014447
936.2 5.02655 0.0247545
936.4 5.02655 0.0140142
936.6 5.02655 -0.0363265
936.8 5.02655 -0.0726098
937 5.02655 -0.060979
937.2 5.02655 -0.0239498
937.4 5.02655 -0.00642393
937.6 5.02655 -0.0155762
937.8 5.02655 -0.0109872
938 5.02655 0.0419568
938.2 5.02655 0.121084
938.4 5.02655 0.16223
938.6 5.02655 0.124396
938.8 5.02655 0.0318252
939 5.02655 -0.0503388
939.2 5.02655 -0.0753085
939.4 5.02655 -0.0461089
939.6 5.02655 0.00226596
939.8 5.02655 0.038106
940 5.02655 0.0491257
940.2 5.02655 0.0383102
940.4 5.02655 0.0175666
940.6 5.02655 0.00363783
940.8 5.02655 0.00690251
941 5.02655 0.0174828
941.2 5.02655 0.0101135
941.4 5.02655 -0.0268376
941.6 5.02655 -0.0692314
941.8 5.02655 -0.0758105
942 5.02655 -0.0342184
942.2 5.02655 0.0195779
942.4 5.02655 0.0381925
942.6 5.02655 0.0166595
942.8 5.02655 -0.00237556
943 5.02655 0.0191075
943.2 5.02655 0.068418
943.4 5.02655 0.100689
943.6 5.02655 0.0985529
943.8 5.02655 0.0945064
944 5.02655 0.123831
944.2 5.02655 0.167804
944.4 5.02655 0.165302
944.6 5.02655 0.0861441
944.8 5.02655 -0.0234986
945 5.02655 -0.0846062
945.2 5.02655 -0.070549
945.4 5.02655 -0.031813
945.6 5.02655 -0.0302664
945.8 5.02655 -0.0637584
946 5.02655 -0.0732093
946.2 5.02655 -0.0217224
946.4 5.02655 0.0534484
946.6 5.02655 0.08039
946.8 5.02655 0.0346619
947 5.02655 -0.0348224
947.2 5.02655 -0.0632301
947.4 5.02655 -0.0383359
947.6 5.02655 -0.00201685
947.8 5.02655 0.00621308
948 5.02655 -0.0108252
948.2 5.02655 -0.0254836
948.4 5.02655 -0.0245013
948.6 5.02655 -0.015526
948.8 5.02655 -0.00232071
949 5.02655 0.0248665
949.2 5.02655 0.0656669
949.4 5.02655 0.0914723
949.6 5.02655 0.0711764
949.8 5.02655 0.016195
950 5.02655 -0.0176289
950.2 5.02655 0.0128231
950.4 5.02655 0.0837419
950.6 5.02655 0.121616
950.8 5.02655 0.0795946
951 5.02655 -0.0111079
951.2 5.02655 -0.0722488
951.4 5.02655 -0.056737
951.6 5.02655 0.010899
951.8 5.02655 0.0679751
952 5.02655 0.0749205
952.2 5.02655 0.039964
952.4 5.02655 -0.00449487
952.6 5.02655 -0.0339991
952.8 5.02655 -0.0408637
953 5.02655 -0.0276144
953.2 5.02655 -0.00540684
953.4 5.02655 0.00554812
953.6 5.02655 -0.0110607
953.8 5.02655 -0.0476575
954 5.02655 -0.0733861
954.2 5.02655 -0.0642218
954.4 5.02655 -0.0311167
954.6 5.02655 -0.00998804
954.8 5.02655 -0.0218002
955 5.02655 -0.049765
955.2 5.02655 -0.0607651
955.4 5.02655 -0.0432999
955.6 5.02655 -0.0148929
955.8 5.02655 0.00616801
956 5.02655 0.022918
956.2 5.02655 0.0453154
956.4 5.02655 0.0622857
956.6 5.02655 0.0453763
956.8 5.02655 -0.0130596
957 5.02655 -0.0753838
957.2 5.02655 -0.0862697
957.4 5.02655 -0.0276646
957.6 5.02655 0.0603186
957.8 5.02655 0.116961
958 5.02655 0.114742
958.2 5.02655 0.0735239
958.4 5.02655 0.0283184
958.6 5.02655 -0.00551514
958.8 5.02655 -0.0337312
959 5.02655 -0.0613682
959.2 5.02655 -0.0808381
959.4 5.02655 -0.0808108
959.6 5.02655 -0.0585803
959.8 5.02655 -0.0210249
960 5.02655 0.0199853
960.2 5.02655 0.0489127
960.4 5.02655 0.0504509
960.6 5.02655 0.0233312
960.8 5.02655 -0.00976711
961 5.02655 -0.0184568
961.2 5.02655 3.16786e-05
961.4 5.02655 0.00896644
961.6 5.02655 -0.0294124
961.8 5.02655 -0.100311
962 5.02655 -0.135119
962.2 5.02655 -0.0790739
962.4 5.02655 0.0410585
962.6 5.02655 0.131236
962.8 5.02655 0.120949
963 5.02655 0.0338156
963.2 5.02655 -0.040631
963.4 5.02655 -0.042794
963.6 5.02655 0.00105894
963.8 5.02655 0.020896
964 5.02655 -0.0129518
964.2 5.02655 -0.0615123
964.4 5.02655 -0.0694585
964.6 5.02655 -0.0278612
964.8 5.02655 0.0249264
965 5.02655 0.0538287
965.2 5.02655 0.0608652
965.4 5.02655 0.0664191
965.6 5.02655 0.073536
965.8 5.02655 0.0658667
966 5.02655 0.0370406
966.2 5.02655 0.0060809
966.4 5.02655 -0.00359418
966.6 5.02655 0.00837757
966.8 5.02655 0.0230183
967 5.02655 0.0292936
967.2 5.02655 0.0350805
967.4 5.02655 0.0471741
967.6 5.02655 0.0518531
967.8 5.02655 0.0280672
968 5.02655 -0.0214769
968.2 5.02655 -0.0646757
968.4 5.02655 -0.0721501
968.6 5.02655 -0.0490318
968.8 5.02655 -0.0269524
969 5.02655 -0.0273376
969.2 5.02655 -0.0417979
969.4 5.02655 -0.0500941
969.6 5.02655 -0.0464641
969.8 5.02655 -0.0390895
970 5.02655 -0.0299685
970.2 5.02655 -0.0107421
970.4 5.02655 0.0167742
970.6 5.02655 0.0290777
970.8 5.02655 0.00514355
971 5.02655 -0.0397268
971.2 5.02655 -0.0605239
971.4 5.02655 -0.0333665
971.6 5.02655 0.00881919
971.8 5.02655 0.00755628
972 5.02655 -0.0511453
972.2 5.02655 -0.110685
972.4 5.02655 -0.100348
972.6 5.02655 -0.0148529
972.8 5.02655 0.0752366
973 5.02655 0.0969929
973.2 5.02655 0.0509355
973.4 5.02655 0.00408389
973.6 5.02655 0.0112391
973.8 5.02655 0.0560242
974 5.02655 0.0761989
974.2 5.02655 0.0394472
974.4 5.02655 -0.018531
974.6 5.02655 -0.0340326
974.8 5.02655 0.0147031
975 5.02655 0.0843448
975.2 5.02655 0.11093
975.4 5.02655 0.071849
975.6 5.02655 0.00351892
975.8 5.02655 -0.0366631
976 5.02655 -0.0219654
976.2 5.02655 0.0255587
976.4 5.02655 0.0613425
976.6 5.02655 0.0596741
976.8 5.02655 0.031984
977 5.02655 0.00834922
977.2 5.02655 0.00320045
977.4 5.02655 0.00117526
977.6 5.02655 -0.0211001
977.8 5.02655 -0.0606506
978 5.02655 -0.0821803
978.2 5.02655 -0.053634
978.4 5.02655 0.0127699
978.6 5.02655 0.0636785
978.8 5.02655 0.0564974
979 5.02655 0.00635725
979.2 5.02655 -0.0262111
979.4 5.02655 0.0019899
979.6 5.02655 0.0713082
979.8 5.02655 0.120992
980 5.02655 0.112013
980.2 5.02655 0.0606335
980.4 5.02655 0.0101517
980.6 5.02655 -0.0178093
980.8 5.02655 -0.0332914
981 5.02655 -0.0461343
981.2 5.02655 -0.0440367
981.4 5.02655 -0.0139838
981.6 5.02655 0.0242405
981.8 5.02655 0.0264457
982 5.02655 -0.0258578
982.2 5.02655 -0.094445
982.4 5.02655 -0.11814
982.6 5.02655 -0.0776935
982.8 5.02655 -0.014891
983 5.02655 0.0185936
983.2 5.02655 0.0213765
983.4 5.02655 0.0372258
983.6 5.02655 0.0906927
983.8 5.02655 0.144915
984 5.02655 0.138088
984.2 5.02655 0.059066
984.4 5.02655 -0.0291769
984.6 5.02655 -0.0507556
984.8 5.02655 0.00411832
985 5.02655 0.0711826
985.2 5.02655 0.0830468
985.4 5.02655 0.0388404
985.6 5.02655 -0.00260027
985.8 5.02655 0.0071317
986 5.02655 0.0535301
986.2 5.02655 0.0790226
986.4 5.02655 0.04796
986.6 5.02655 -0.0155297
986.8 5.02655 -0.0533486
987 5.02655 -0.0306038
987.2 5.02655 0.0340151
987.4 5.02655 0.0894945
987.6 5.02655 0.0988636
987.8 5.02655 0.0668973
988 5.02655 0.0290719
988.2 5.02655 0.0168444
988.4 5.02655 0.0306811
988.6 5.02655 0.0425698
988.8 5.02655 0.02451
989 5.02655 -0.0225805
989.2 5.02655 -0.0666681
989.4 5.02655 -0.0734162
989.6 5.02655 -0.0397274
989.8 5.02655 0.0020746
990 5.02655 0.0157011
990.2 5.02655 -0.00313394
990.4 5.02655 -0.0246521
990.6 5.02655 -0.0196842
990.8 5.02655 0.00703234
991 5.02655 0.0226586
991.2 5.02655 0.00543926
991.4 5.02655 -0.0270382
991.6 5.02655 -0.033787
991.8 5.02655 0.0054351
992 5.02655 0.0656818
992.2 5.02655 0.0986218
992.4 5.02655 0.0775236
992.6 5.02655 0.0195682
992.8 5.02655 -0.0333834
993 5.02655 -0.0508623
993.2 5.02655 -0.0313161
993.4 5.02655 0.00785916
993.6 5.02655 0.0473554
993.8 5.02655 0.0716464
994 5.02655 0.067713
994.2 5.02655 0.0313192
994.4 5.02655 -0.0215179
994.6 5.02655 -0.0571528
994.8 5.02655 -0.0498473
995 5.02655 -0.0087288
995.2 5.02655 0.0257987
995.4 5.02655 0.0200313
995.6 5.02655 -0.0173231
995.8 5.02655 -0.042112
996 5.02655 -0.0214023
996.2 5.02655 0.0280756
996.4 5.02655 0.0536008
996.6 5.02655 0.0218085
996.8 5.02655 -0.0415791
997 5.02655 -0.0718089
997.2 5.02655 -0.0282549
997.4 5.02655 0.0621674
997.6 5.02655 0.125883
997.8 5.02655 0.109097
998 5.02655 0.026779
998.2 5.02655 -0.0502328
998.4 5.02655 -0.0568211
998.6 5.02655 0.0116251
998.8 5.02655 0.096561
999 5.02655 0.124242
999.2 5.02655 0.064159
999.4 5.02655 -0.0471456
999.6 5.02655 -0.133301
999.8 5.02655 -0.135491
1000 5.02655 -0.0565881
0.2 5.34071 0.040763
0.4 5.34071 -0.0421357
0.6 5.34071 -0.0358035
0.8 5.34071 0.0165672
1 5.34071 0.0192921
1.2 5.34071 -0.0483398
1.4 5.34071 -0.106129
1.6 5.34071 -0.0803904
1.8 5.34071 -0.0024257
2 5.34071 0.0309313
2.2 5.34071 -0.0176241
2.4 5.34071 -0.0787874
2.6 5.34071 -0.0681229
2.8 5.34071 0.00405287
3 5.34071 0.0470337
3.2 5.34071 0.0080145
3.4 5.34071 -0.0604025
3.6 5.34071 -0.0702895
3.8 5.34071 -0.0136082
4 5.34071 0.0270937
4.2 5.34071 -0.0143443
4.4 5.34071 -0.101106
4.6 5.34071 -0.137349
4.8 5.34071 -0.0857123
5 5.34071 -0.0107165
5.2 5.34071 0.00242334
5.4 5.34071 -0.0513358
5.6 5.34071 -0.0987379
5.8 5.34071 -0.0817438
6 5.34071 -0.0223798
6.2 5.34071 0.0143528
6.4 5.34071 0.00169252
6.6 5.34071 -0.0269284
6.8 5.34071 -0.031936
7 5.34071 -0.0181946
7.2 5.34071 -0.0182904
7.4 5.34071 -0.0394702
7.6 5.34071 -0.0495548
7.8 5.34071 -0.0193569
8 5.34071 0.0365537
8.2 5.34071 0.0735828
8.4 5.34071 0.0662057
8.6 5.34071 0.0319822
8.8 5.34071 0.00701444
9 5.34071 0.00850695
9.2 5.34071 0.0263615
9.4 5.34071 0.0423363
9.6 5.34071 0.0462536
9.8 5.34071 0.035674
10 5.34071 0.0126971
10.2 5.34071 -0.0122482
10.4 5.34071 -0.0214905
10.6 5.34071 -0.0064937
10.8 5.34071 0.0165419
11 5.34071 0.0172294
11.2 5.34071 -0.0165858
11.4 5.34071 -0.0610657
11.6 5.34071 -0.0778165
11.8 5.34071 -0.0530597
12 5.34071 -0.0108531
12.2 5.34071 0.0127833
12.4 5.34071 0.00351979
12.6 5.34071 -0.0248815
12.8 5.34071 -0.0499437
13 5.34071 -0.0578319
13.2 5.34071 -0.0443233
13.4 5.34071 -0.0111104
13.6 5.34071 0.0312512
13.8 5.34071 0.0631726
14 5.34071 0.0708184
14.2 5.34071 0.0637042
14.4 5.34071 0.0688667
14.6 5.34071 0.100075
14.8 5.34071 0.136322
15 5.34071 0.139561
15.2 5.34071 0.0957388
15.4 5.34071 0.0322316
15.6 5.34071 -0.00910855
15.8 5.34071 -0.0119623
16 5.34071 0.00558477
16.2 5.34071 0.0169107
16.4 5.34071 0.0116205
16.6 5.34071 -0.00603881
16.8 5.34071 -0.0307447
17 5.34071 -0.0563142
17.2 5.34071 -0.0668242
17.4 5.34071 -0.0440577
17.6 5.34071 0.00701837
17.8 5.34071 0.048869
18 5.34071 0.042412
18.2 5.34071 -0.00938025
18.4 5.34071 -0.0588156
18.6 5.34071 -0.0621856
18.8 5.34071 -0.026651
19 5.34071 -0.000191353
19.2 5.34071 -0.0163795
19.4 5.34071 -0.0592515
19.6 5.34071 -0.0865785
19.8 5.34071 -0.0779761
20 5.34071 -0.0492562
20.2 5.34071 -0.0239043
20.4 5.34071 -0.0067268
20.6 5.34071 0.00747529
20.8 5.34071 0.0128293
21 5.34071 -0.00144355
21.2 5.34071 -0.0238664
21.4 5.34071 -0.0192143
21.6 5.34071 0.0303366
21.8 5.34071 0.0894703
22 5.34071 0.0949039
22.2 5.34071 0.0246288
22.4 5.34071 -0.0690182
22.6 5.34071 -0.108943
22.8 5.34071 -0.074131
23 5.34071 -0.018909
23.2 5.34071 -0.00830456
23.4 5.34071 -0.0457183
23.6 5.34071 -0.0753515
23.8 5.34071 -0.0503827
24 5.34071 0.0168816
24.2 5.34071 0.0763817
24.4 5.34071 0.0971865
24.6 5.34071 0.0892764
24.8 5.34071 0.0749801
25 5.34071 0.0589609
25.2 5.34071 0.0357353
25.4 5.34071 0.0131298
25.6 5.34071 0.00818619
25.8 5.34071 0.017893
26 5.34071 0.0114554
26.2 5.34071 -0.0343095
26.4 5.34071 -0.0982014
26.6 5.34071 -0.129847
26.8 5.34071 -0.106491
27 5.34071 -0.0627127
27.2 5.34071 -0.0522109
27.4 5.34071 -0.0846522
27.6 5.34071 -0.114161
27.8 5.34071 -0.0938013
28 5.34071 -0.0295316
28.2 5.34071 0.0305104
28.4 5.34071 0.053781
28.6 5.34071 0.0540915
28.8 5.34071 0.060554
29 5.34071 0.0714892
29.2 5.34071 0.0574752
29.4 5.34071 0.00954448
29.6 5.34071 -0.0347227
29.8 5.34071 -0.0285493
30 5.34071 0.02534
30.2 5.34071 0.0700038
30.4 5.34071 0.055976
30.6 5.34071 -0.00121773
30.8 5.34071 -0.0374866
31 5.34071 -0.0137116
31.2 5.34071 0.0390773
31.4 5.34071 0.0559296
31.6 5.34071 0.0133673
31.8 5.34071 -0.0435707
32 5.34071 -0.0528184
32.2 5.34071 -0.00430677
32.4 5.34071 0.0527704
32.6 5.34071 0.0697629
32.8 5.34071 0.0527582
33 5.34071 0.0473972
33.2 5.34071 0.074538
33.4 5.34071 0.0966794
33.6 5.34071 0.0597781
33.8 5.34071 -0.0352816
34 5.34071 -0.117326
34.2 5.34071 -0.111565
34.4 5.34071 -0.019761
34.6 5.34071 0.0754591
34.8 5.34071 0.0911152
35 5.34071 0.0245279
35.2 5.34071 -0.0512702
35.4 5.34071 -0.0685015
35.6 5.34071 -0.0303416
35.8 5.34071 0.00745461
36 5.34071 0.00814771
36.2 5.34071 -0.0100153
36.4 5.34071 -0.0114748
36.6 5.34071 0.00171175
36.8 5.34071 -0.00644054
37 5.34071 -0.0475589
37.2 5.34071 -0.0768371
37.4 5.34071 -0.0395828
37.6 5.34071 0.0541418
37.8 5.34071 0.123673
38 5.34071 0.100385
38.2 5.34071 0.00703846
38.4 5.34071 -0.0631046
38.6 5.34071 -0.0482645
38.8 5.34071 0.0168725
39 5.34071 0.0492184
39.2 5.34071 0.0187974
39.4 5.34071 -0.0196717
39.6 5.34071 -0.00105714
39.8 5.34071 0.065026
40 5.34071 0.104923
40.2 5.34071 0.0728459
40.4 5.34071 0.00735536
40.6 5.34071 -0.0187098
40.8 5.34071 0.00901775
41 5.34071 0.0289021
41.2 5.34071 -0.0161198
41.4 5.34071 -0.100996
41.6 5.34071 -0.142422
41.8 5.34071 -0.0967577
42 5.34071 -0.013205
42.2 5.34071 0.0214623
42.4 5.34071 -0.0207015
42.6 5.34071 -0.0842827
42.8 5.34071 -0.10028
43 5.34071 -0.0618811
43.2 5.34071 -0.0199077
43.4 5.34071 -0.0139716
43.6 5.34071 -0.027706
43.8 5.34071 -0.0168119
44 5.34071 0.0325346
44.2 5.34071 0.0864057
44.4 5.34071 0.100785
44.6 5.34071 0.0647998
44.8 5.34071 0.00483056
45 5.34071 -0.043361
45.2 5.34071 -0.059293
45.4 5.34071 -0.0431812
45.6 5.34071 -0.0115025
45.8 5.34071 0.0107855
46 5.34071 0.00664169
46.2 5.34071 -0.0137317
46.4 5.34071 -0.015607
46.6 5.34071 0.024473
46.8 5.34071 0.0830186
47 5.34071 0.102475
47.2 5.34071 0.0514261
47.4 5.34071 -0.0327119
47.6 5.34071 -0.0756417
47.8 5.34071 -0.0459333
48 5.34071 0.0074832
48.2 5.34071 0.00839938
48.4 5.34071 -0.0599393
48.6 5.34071 -0.134485
48.8 5.34071 -0.142781
49 5.34071 -0.0821512
49.2 5.34071 -0.0168408
49.4 5.34071 -0.000948124
49.6 5.34071 -0.0208862
49.8 5.34071 -0.0217265
50 5.34071 0.0219292
50.2 5.34071 0.0787905
50.4 5.34071 0.104552
50.6 5.34071 0.0949804
50.8 5.34071 0.0820193
51 5.34071 0.0846286
51.2 5.34071 0.0829554
51.4 5.34071 0.0491596
51.6 5.34071 -0.00850633
51.8 5.34071 -0.0486437
52 5.34071 -0.0441975
52.2 5.34071 -0.0135479
52.4 5.34071 0.00422108
52.6 5.34071 -0.0027676
52.8 5.34071 -0.009447
53 5.34071 0.00693872
53.2 5.34071 0.0311695
53.4 5.34071 0.0255511
53.6 5.34071 -0.0217853
53.8 5.34071 -0.0766119
54 5.34071 -0.0930497
54.2 5.34071 -0.0625162
54.4 5.34071 -0.0200985
54.6 5.34071 -0.00322986
54.8 5.34071 -0.0128462
55 5.34071 -0.0201472
55.2 5.34071 -0.00553752
55.4 5.34071 0.0191975
55.6 5.34071 0.0292497
55.8 5.34071 0.0190187
56 5.34071 0.00774411
56.2 5.34071 0.0136523
56.4 5.34071 0.0300886
56.6 5.34071 0.0327875
56.8 5.34071 0.00910053
57 5.34071 -0.0251528
57.2 5.34071 -0.0400687
57.4 5.34071 -0.0211609
57.6 5.34071 0.01657
57.8 5.34071 0.0420161
58 5.34071 0.033551
58.2 5.34071 -0.00586199
58.4 5.34071 -0.0524726
58.6 5.34071 -0.0768569
58.8 5.34071 -0.0597824
59 5.34071 -0.00348856
59.2 5.34071 0.0652195
59.4 5.34071 0.105589
59.6 5.34071 0.0877624
59.8 5.34071 0.0179057
60 5.34071 -0.0593551
60.2 5.34071 -0.0910255
60.4 5.34071 -0.0582632
60.6 5.34071 0.00639015
60.8 5.34071 0.0466174
61 5.34071 0.0324357
61.2 5.34071 -0.0138229
61.4 5.34071 -0.0409788
61.6 5.34071 -0.0186751
61.8 5.34071 0.0359785
62 5.34071 0.0793097
62.2 5.34071 0.0846405
62.4 5.34071 0.062502
62.6 5.34071 0.0403615
62.8 5.34071 0.0295162
63 5.34071 0.0173401
63.2 5.34071 -0.00984735
63.4 5.34071 -0.0436727
63.6 5.34071 -0.0583697
63.8 5.34071 -0.0369477
64 5.34071 0.0110996
64.2 5.34071 0.0578853
64.4 5.34071 0.07896
64.6 5.34071 0.0667306
64.8 5.34071 0.0294499
65 5.34071 -0.0143936
65.2 5.34071 -0.0409247
65.4 5.34071 -0.031309
65.6 5.34071 0.0109587
65.8 5.34071 0.0529184
66 5.34071 0.0533274
66.2 5.34071 0.00164893
66.4 5.34071 -0.0639213
66.6 5.34071 -0.0853954
66.8 5.34071 -0.0384525
67 5.34071 0.0431399
67.2 5.34071 0.0988421
67.4 5.34071 0.0961716
67.6 5.34071 0.0523992
67.8 5.34071 0.00525001
68 5.34071 -0.0283502
68.2 5.34071 -0.0580545
68.4 5.34071 -0.090648
68.6 5.34071 -0.109434
68.8 5.34071 -0.0925349
69 5.34071 -0.0472345
69.2 5.34071 -0.0133239
69.4 5.34071 -0.0248227
69.6 5.34071 -0.0721994
69.8 5.34071 -0.110284
70 5.34071 -0.104675
70.2 5.34071 -0.0644647
70.4 5.34071 -0.0258332
70.6 5.34071 -0.00923112
70.8 5.34071 -0.00169244
71 5.34071 0.0181772
71.2 5.34071 0.048342
71.4 5.34071 0.0663534
71.6 5.34071 0.061423
71.8 5.34071 0.0503772
72 5.34071 0.0531473
72.2 5.34071 0.0594547
72.4 5.34071 0.0361014
72.6 5.34071 -0.0250804
72.8 5.34071 -0.0774588
73 5.34071 -0.0570228
73.2 5.34071 0.0419852
73.4 5.34071 0.139606
73.6 5.34071 0.13699
73.8 5.34071 0.0192405
74 5.34071 -0.116465
74.2 5.34071 -0.148966
74.4 5.34071 -0.0540205
74.6 5.34071 0.0685371
74.8 5.34071 0.0945011
75 5.34071 0.000153924
75.2 5.34071 -0.118032
75.4 5.34071 -0.147555
75.6 5.34071 -0.0748848
75.8 5.34071 0.00963816
76 5.34071 0.0154323
76.2 5.34071 -0.0535934
76.4 5.34071 -0.113458
76.6 5.34071 -0.0986284
76.8 5.34071 -0.0303315
77 5.34071 0.0167638
77.2 5.34071 0.00233695
77.4 5.34071 -0.0404919
77.6 5.34071 -0.0531732
77.8 5.34071 -0.0229847
78 5.34071 0.00680014
78.2 5.34071 -0.00599978
78.4 5.34071 -0.0504111
78.6 5.34071 -0.0757385
78.8 5.34071 -0.0504202
79 5.34071 0.00413605
79.2 5.34071 0.040151
79.4 5.34071 0.03461
79.6 5.34071 0.00685771
79.8 5.34071 -0.00980303
80 5.34071 -0.00309019
80.2 5.34071 0.0144364
80.4 5.34071 0.0271181
80.6 5.34071 0.0313225
80.8 5.34071 0.0297493
81 5.34071 0.0213807
81.2 5.34071 0.0049235
81.4 5.34071 -0.0111949
81.6 5.34071 -0.0116002
81.8 5.34071 0.00913638
82 5.34071 0.0364645
82.2 5.34071 0.047811
82.4 5.34071 0.0341766
82.6 5.34071 0.006424
82.8 5.34071 -0.019581
83 5.34071 -0.0390628
83.2 5.34071 -0.0567414
83.4 5.34071 -0.0734742
83.6 5.34071 -0.0818951
83.8 5.34071 -0.0772508
84 5.34071 -0.0666248
84.2 5.34071 -0.0606803
84.4 5.34071 -0.0567532
84.6 5.34071 -0.0373513
84.8 5.34071 0.00866
85 5.34071 0.06488
85.2 5.34071 0.0940522
85.4 5.34071 0.0711661
85.6 5.34071 0.0102676
85.8 5.34071 -0.0447497
86 5.34071 -0.0590955
86.2 5.34071 -0.0385732
86.4 5.34071 -0.0225734
86.6 5.34071 -0.0446544
86.8 5.34071 -0.0980364
87 5.34071 -0.139417
87.2 5.34071 -0.129315
87.4 5.34071 -0.0723406
87.6 5.34071 -0.018222
87.8 5.34071 -0.018356
88 5.34071 -0.07544
88.2 5.34071 -0.135049
88.4 5.34071 -0.13235
88.6 5.34071 -0.0533579
88.8 5.34071 0.04897
89 5.34071 0.102852
89.2 5.34071 0.0847643
89.4 5.34071 0.0381351
89.6 5.34071 0.0244335
89.8 5.34071 0.0579083
90 5.34071 0.0929088
90.2 5.34071 0.0762106
90.4 5.34071 0.00671566
90.6 5.34071 -0.0617908
90.8 5.34071 -0.0759467
91 5.34071 -0.0350086
91.2 5.34071 0.0140297
91.4 5.34071 0.0276885
91.6 5.34071 0.00544415
91.8 5.34071 -0.0206431
92 5.34071 -0.0258227
92.2 5.34071 -0.0143251
92.4 5.34071 -0.00464849
92.6 5.34071 -0.00472327
92.8 5.34071 -0.00862522
93 5.34071 -0.0126754
93.2 5.34071 -0.0231904
93.4 5.34071 -0.0429986
93.6 5.34071 -0.0566526
93.8 5.34071 -0.0399048
94 5.34071 0.0115112
94.2 5.34071 0.0670047
94.4 5.34071 0.0823284
94.6 5.34071 0.0394234
94.8 5.34071 -0.0350704
95 5.34071 -0.0918521
95.2 5.34071 -0.0997354
95.4 5.34071 -0.066399
95.6 5.34071 -0.023492
95.8 5.34071 0.00410887
96 5.34071 0.0141367
96.2 5.34071 0.017906
96.4 5.34071 0.0227309
96.6 5.34071 0.0265806
96.8 5.34071 0.0275401
97 5.34071 0.0325881
97.2 5.34071 0.0519844
97.4 5.34071 0.0838658
97.6 5.34071 0.10747
97.8 5.34071 0.0967317
98 5.34071 0.0445914
98.2 5.34071 -0.0254729
98.4 5.34071 -0.0744118
98.6 5.34071 -0.077454
98.8 5.34071 -0.0418864
99 5.34071 0.00284616
99.2 5.34071 0.0312772
99.4 5.34071 0.0385728
99.6 5.34071 0.0350864
99.8 5.34071 0.0305103
100 5.34071 0.026954
100.2 5.34071 0.0245387
100.4 5.34071 0.0260749
100.6 5.34071 0.0314599
100.8 5.34071 0.0309521
101 5.34071 0.0122155
101.2 5.34071 -0.021881
101.4 5.34071 -0.0467642
101.6 5.34071 -0.0349689
101.8 5.34071 0.0155749
102 5.34071 0.0750454
102.2 5.34071 0.106793
102.4 5.34071 0.0981899
102.6 5.34071 0.0649493
102.8 5.34071 0.0279199
103 5.34071 -0.00722825
103.2 5.34071 -0.0443251
103.4 5.34071 -0.0775215
103.6 5.34071 -0.0886626
103.8 5.34071 -0.067756
104 5.34071 -0.0296728
104.2 5.34071 -0.00220734
104.4 5.34071 0.00282676
104.6 5.34071 0.000159947
104.8 5.34071 0.00972109
105 5.34071 0.0303236
105.2 5.34071 0.0418313
105.4 5.34071 0.0321644
105.6 5.34071 0.0129251
105.8 5.34071 0.00272938
106 5.34071 0.00113111
106.2 5.34071 -0.0103125
106.4 5.34071 -0.0396809
106.6 5.34071 -0.0677927
106.8 5.34071 -0.0690642
107 5.34071 -0.0457462
107.2 5.34071 -0.0293098
107.4 5.34071 -0.0425756
107.6 5.34071 -0.0691501
107.8 5.34071 -0.0719564
108 5.34071 -0.0411119
108.2 5.34071 -0.0104466
108.4 5.34071 -0.0178399
108.6 5.34071 -0.0562114
108.8 5.34071 -0.0781062
109 5.34071 -0.0523773
109.2 5.34071 -0.00460744
109.4 5.34071 0.0106922
109.6 5.34071 -0.0250178
109.8 5.34071 -0.0708361
110 5.34071 -0.0740133
110.2 5.34071 -0.0318289
110.4 5.34071 0.00638242
110.6 5.34071 -0.00192373
110.8 5.34071 -0.0445307
111 5.34071 -0.0729717
111.2 5.34071 -0.0609851
111.4 5.34071 -0.031177
111.6 5.34071 -0.0223471
111.8 5.34071 -0.0428027
112 5.34071 -0.0655995
112.2 5.34071 -0.0636976
112.4 5.34071 -0.0364241
112.6 5.34071 6.60659e-07
112.8 5.34071 0.0335564
113 5.34071 0.0565541
113.2 5.34071 0.0538114
113.4 5.34071 0.0120227
113.6 5.34071 -0.0508177
113.8 5.34071 -0.0815884
114 5.34071 -0.0404192
114.2 5.34071 0.0435299
114.4 5.34071 0.0833752
114.6 5.34071 0.0199998
114.8 5.34071 -0.105308
115 5.34071 -0.179586
115.2 5.34071 -0.12903
115.4 5.34071 0.00417061
115.6 5.34071 0.10301
115.8 5.34071 0.090516
116 5.34071 -0.00420399
116.2 5.34071 -0.0905489
116.4 5.34071 -0.110552
116.6 5.34071 -0.0790975
116.8 5.34071 -0.0431753
117 5.34071 -0.0250923
117.2 5.34071 -0.0146696
117.4 5.34071 -0.00081311
117.6 5.34071 0.0116385
117.8 5.34071 0.0182266
118 5.34071 0.0289639
118.2 5.34071 0.0516704
118.4 5.34071 0.0691887
118.6 5.34071 0.0521677
118.8 5.34071 -0.000219754
119 5.34071 -0.0466481
119.2 5.34071 -0.0449808
119.4 5.34071 -0.00332293
119.6 5.34071 0.0253545
119.8 5.34071 0.00460179
120 5.34071 -0.0413091
120.2 5.34071 -0.0562122
120.4 5.34071 -0.019805
120.6 5.34071 0.0289154
120.8 5.34071 0.0404566
121 5.34071 0.0136461
121.2 5.34071 -0.00788102
121.4 5.34071 0.00724852
121.6 5.34071 0.0429242
121.8 5.34071 0.0648862
122 5.34071 0.0708999
122.2 5.34071 0.0922352
122.4 5.34071 0.14415
122.6 5.34071 0.193136
122.8 5.34071 0.188493
123 5.34071 0.12181
123.2 5.34071 0.040278
123.4 5.34071 -0.00301922
123.6 5.34071 -0.000896331
123.8 5.34071 0.0138839
124 5.34071 0.017291
124.2 5.34071 0.0199399
124.4 5.34071 0.0408482
124.6 5.34071 0.0702108
124.8 5.34071 0.0743961
125 5.34071 0.0378739
125.2 5.34071 -0.0125579
125.4 5.34071 -0.0330065
125.6 5.34071 -0.00713794
125.8 5.34071 0.0404796
126 5.34071 0.0716317
126.2 5.34071 0.0663611
126.4 5.34071 0.0289023
126.6 5.34071 -0.02479
126.8 5.34071 -0.0752614
127 5.34071 -0.101624
127.2 5.34071 -0.091748
127.4 5.34071 -0.0580532
127.6 5.34071 -0.0350773
127.8 5.34071 -0.0492404
128 5.34071 -0.0891991
128.2 5.34071 -0.113258
128.4 5.34071 -0.090129
128.6 5.34071 -0.0289923
128.8 5.34071 0.0327717
129 5.34071 0.0658344
129.2 5.34071 0.0671693
129.4 5.34071 0.0484681
129.6 5.34071 0.0208964
129.8 5.34071 -0.00332014
130 5.34071 -0.00691022
130.2 5.34071 0.0178659
130.4 5.34071 0.0498026
130.6 5.34071 0.049743
130.8 5.34071 0.00292784
131 5.34071 -0.0563332
131.2 5.34071 -0.0770755
131.4 5.34071 -0.0503722
131.6 5.34071 -0.0217074
131.8 5.34071 -0.035451
132 5.34071 -0.0772759
132.2 5.34071 -0.0897235
132.4 5.34071 -0.0459504
132.6 5.34071 0.0110723
132.8 5.34071 0.0174619
133 5.34071 -0.0332303
133.2 5.34071 -0.0821314
133.4 5.34071 -0.0791832
133.6 5.34071 -0.0443642
133.8 5.34071 -0.0361244
134 5.34071 -0.068241
134.2 5.34071 -0.0865023
134.4 5.34071 -0.040297
134.6 5.34071 0.0423635
134.8 5.34071 0.0783647
135 5.34071 0.0290463
135.2 5.34071 -0.0480227
135.4 5.34071 -0.0631468
135.6 5.34071 0.00181443
135.8 5.34071 0.0762817
136 5.34071 0.0880876
136.2 5.34071 0.0444487
136.4 5.34071 0.0105093
136.6 5.34071 0.0220312
136.8 5.34071 0.0473277
137 5.34071 0.0409996
137.2 5.34071 0.0101164
137.4 5.34071 0.00296897
137.6 5.34071 0.0392139
137.8 5.34071 0.0788697
138 5.34071 0.0725825
138.2 5.34071 0.0245589
138.4 5.34071 -0.0162477
138.6 5.34071 -0.022524
138.8 5.34071 -0.0206629
139 5.34071 -0.0452937
139.2 5.34071 -0.0811145
139.4 5.34071 -0.0762713
139.6 5.34071 -0.014292
139.8 5.34071 0.0514946
140 5.34071 0.0526358
140.2 5.34071 -0.0150314
140.4 5.34071 -0.0857997
140.6 5.34071 -0.0985017
140.8 5.34071 -0.058531
141 5.34071 -0.0167533
141.2 5.34071 -0.0028409
141.4 5.34071 -0.00152617
141.6 5.34071 0.00739059
141.8 5.34071 0.0121373
142 5.34071 -0.00943868
142.2 5.34071 -0.0439788
142.4 5.34071 -0.0456857
142.6 5.34071 0.00620354
142.8 5.34071 0.0711246
143 5.34071 0.0870358
143.2 5.34071 0.0418484
143.4 5.34071 -0.0131858
143.6 5.34071 -0.0256165
143.8 5.34071 -0.000681912
144 5.34071 0.0156593
144.2 5.34071 0.00255336
144.4 5.34071 -0.00934157
144.6 5.34071 0.0167993
144.8 5.34071 0.0702567
145 5.34071 0.102578
145.2 5.34071 0.0862639
145.4 5.34071 0.0445209
145.6 5.34071 0.0166228
145.8 5.34071 0.00979029
146 5.34071 0.00134104
146.2 5.34071 -0.0186892
146.4 5.34071 -0.0295825
146.6 5.34071 -0.0129958
146.8 5.34071 0.0121735
147 5.34071 0.00704458
147.2 5.34071 -0.0375766
147.4 5.34071 -0.0869648
147.6 5.34071 -0.104782
147.8 5.34071 -0.0947461
148 5.34071 -0.08472
148.2 5.34071 -0.0774261
148.4 5.34071 -0.0416862
148.6 5.34071 0.0370302
148.8 5.34071 0.115694
149 5.34071 0.128445
149.2 5.34071 0.0640193
149.4 5.34071 -0.0120553
149.6 5.34071 -0.026945
149.8 5.34071 0.0177868
150 5.34071 0.051972
150.2 5.34071 0.0235181
150.4 5.34071 -0.0404441
150.6 5.34071 -0.0705268
150.8 5.34071 -0.0395179
151 5.34071 0.0113225
151.2 5.34071 0.0298041
151.4 5.34071 0.0131486
151.6 5.34071 -0.00490195
151.8 5.34071 -0.0125829
152 5.34071 -0.0365026
152.2 5.34071 -0.0915748
152.4 5.34071 -0.138486
152.6 5.34071 -0.11895
152.8 5.34071 -0.0334404
153 5.34071 0.0411608
153.2 5.34071 0.0297975
153.4 5.34071 -0.0526667
153.6 5.34071 -0.110772
153.8 5.34071 -0.0706456
154 5.34071 0.0396263
154.2 5.34071 0.120971
154.4 5.34071 0.10658
154.6 5.34071 0.0217857
154.8 5.34071 -0.0554396
155 5.34071 -0.0751276
155.2 5.34071 -0.0462317
155.4 5.34071 -0.00150601
155.6 5.34071 0.0430309
155.8 5.34071 0.0847693
156 5.34071 0.108032
156.2 5.34071 0.085183
156.4 5.34071 0.0115682
156.6 5.34071 -0.0728626
156.8 5.34071 -0.111363
157 5.34071 -0.0828536
157.2 5.34071 -0.0212563
157.4 5.34071 0.019822
157.6 5.34071 0.0184776
157.8 5.34071 -0.00124773
158 5.34071 -0.00215676
158.2 5.34071 0.0250926
158.4 5.34071 0.0545111
158.6 5.34071 0.0539028
158.8 5.34071 0.0180091
159 5.34071 -0.026591
159.2 5.34071 -0.0472775
159.4 5.34071 -0.0358826
159.6 5.34071 -0.0149657
159.8 5.34071 -0.0141369
160 5.34071 -0.0392563
160.2 5.34071 -0.0652555
160.4 5.34071 -0.0607982
160.6 5.34071 -0.0201991
160.8 5.34071 0.0308909
161 5.34071 0.0622224
161.2 5.34071 0.0685193
161.4 5.34071 0.0692406
161.6 5.34071 0.0803862
161.8 5.34071 0.0926876
162 5.34071 0.0822501
162.2 5.34071 0.0405854
162.4 5.34071 -0.0116285
162.6 5.34071 -0.0426146
162.8 5.34071 -0.0382543
163 5.34071 -0.0111826
163.2 5.34071 0.0149686
163.4 5.34071 0.0257714
163.6 5.34071 0.022675
163.8 5.34071 0.0173258
164 5.34071 0.0229765
164.2 5.34071 0.0458239
164.4 5.34071 0.0767606
164.6 5.34071 0.092151
164.8 5.34071 0.0717918
165 5.34071 0.022192
165.2 5.34071 -0.0225696
165.4 5.34071 -0.0315443
165.6 5.34071 -0.0088972
165.8 5.34071 0.0123379
166 5.34071 0.0117434
166.2 5.34071 0.00843114
166.4 5.34071 0.0362088
166.6 5.34071 0.0941835
166.8 5.34071 0.136429
167 5.34071 0.12026
167.2 5.34071 0.0573251
167.4 5.34071 0.00264572
167.6 5.34071 -0.00841955
167.8 5.34071 0.00208261
168 5.34071 -0.00958541
168.2 5.34071 -0.0450536
168.4 5.34071 -0.0562296
168.6 5.34071 -0.0081611
168.8 5.34071 0.0663176
169 5.34071 0.0945252
169.2 5.34071 0.0470123
169.4 5.34071 -0.0241935
169.6 5.34071 -0.0418346
169.8 5.34071 0.0100916
170 5.34071 0.0707398
170.2 5.34071 0.0733719
170.4 5.34071 0.0168274
170.6 5.34071 -0.0428508
170.8 5.34071 -0.0609191
171 5.34071 -0.0456756
171.2 5.34071 -0.0304372
171.4 5.34071 -0.0237779
171.6 5.34071 -0.00610447
171.8 5.34071 0.028829
172 5.34071 0.0510968
172.2 5.34071 0.0273211
172.4 5.34071 -0.0315455
172.6 5.34071 -0.072321
172.8 5.34071 -0.0553905
173 5.34071 0.000377962
173.2 5.34071 0.0376485
173.4 5.34071 0.0233508
173.6 5.34071 -0.016813
173.8 5.34071 -0.0289309
174 5.34071 0.00958167
174.2 5.34071 0.0658816
174.4 5.34071 0.0853942
174.6 5.34071 0.0459476
174.8 5.34071 -0.0209299
175 5.34071 -0.0592472
175.2 5.34071 -0.039192
175.4 5.34071 0.0166212
175.6 5.34071 0.0546457
175.8 5.34071 0.0409527
176 5.34071 -0.00603805
176.2 5.34071 -0.0348737
176.4 5.34071 -0.0166784
176.6 5.34071 0.0207924
176.8 5.34071 0.0227113
177 5.34071 -0.0261688
177.2 5.34071 -0.0736447
177.4 5.34071 -0.0515126
177.6 5.34071 0.0442613
177.8 5.34071 0.137666
178 5.34071 0.147963
178.2 5.34071 0.0761983
178.4 5.34071 0.00353918
178.6 5.34071 0.000432868
178.8 5.34071 0.0501094
179 5.34071 0.0742743
179.2 5.34071 0.0287104
179.4 5.34071 -0.0447493
179.6 5.34071 -0.0688204
179.8 5.34071 -0.0206054
180 5.34071 0.0447886
180.2 5.34071 0.0587673
180.4 5.34071 0.0117376
180.6 5.34071 -0.045857
180.8 5.34071 -0.0627542
181 5.34071 -0.0325026
181.2 5.34071 0.0156146
181.4 5.34071 0.051177
181.6 5.34071 0.0587365
181.8 5.34071 0.0345443
182 5.34071 -0.0109035
182.2 5.34071 -0.0461628
182.4 5.34071 -0.0362054
182.6 5.34071 0.0168099
182.8 5.34071 0.0588906
183 5.34071 0.0323142
183.2 5.34071 -0.0550521
183.4 5.34071 -0.124162
183.6 5.34071 -0.104266
183.8 5.34071 -0.0133939
184 5.34071 0.0568385
184.2 5.34071 0.0402762
184.4 5.34071 -0.034195
184.6 5.34071 -0.0821045
184.8 5.34071 -0.060703
185 5.34071 -0.00706722
185.2 5.34071 0.0205968
185.4 5.34071 0.0150322
185.6 5.34071 0.013941
185.8 5.34071 0.0337501
186 5.34071 0.0401396
186.2 5.34071 -0.0023587
186.4 5.34071 -0.0715095
186.6 5.34071 -0.105493
186.8 5.34071 -0.0806698
187 5.34071 -0.0464623
187.2 5.34071 -0.0650929
187.4 5.34071 -0.128308
187.6 5.34071 -0.158852
187.8 5.34071 -0.101063
188 5.34071 0.0079085
188.2 5.34071 0.0739377
188.4 5.34071 0.0473733
188.6 5.34071 -0.0275975
188.8 5.34071 -0.0671792
189 5.34071 -0.0365233
189.2 5.34071 0.025864
189.4 5.34071 0.0608984
189.6 5.34071 0.0478582
189.8 5.34071 0.01062
190 5.34071 -0.0155508
190.2 5.34071 -0.0103474
190.4 5.34071 0.0267044
190.6 5.34071 0.0759647
190.8 5.34071 0.0995563
191 5.34071 0.0646122
191.2 5.34071 -0.0171469
191.4 5.34071 -0.0808047
191.6 5.34071 -0.0627023
191.8 5.34071 0.0270486
192 5.34071 0.101283
192.2 5.34071 0.0824044
192.4 5.34071 -0.0106712
192.6 5.34071 -0.0792438
192.8 5.34071 -0.0540182
193 5.34071 0.0272052
193.2 5.34071 0.0656041
193.4 5.34071 0.01743
193.6 5.34071 -0.0575865
193.8 5.34071 -0.071254
194 5.34071 -0.0124216
194.2 5.34071 0.0439454
194.4 5.34071 0.0305715
194.6 5.34071 -0.0324946
194.8 5.34071 -0.0666559
195 5.34071 -0.0313454
195.2 5.34071 0.0305783
195.4 5.34071 0.0481924
195.6 5.34071 0.00533032
195.8 5.34071 -0.0477903
196 5.34071 -0.0591298
196.2 5.34071 -0.0310281
196.4 5.34071 -0.00444893
196.6 5.34071 -0.0010539
196.8 5.34071 0.00123991
197 5.34071 0.0338679
197.2 5.34071 0.0930484
197.4 5.34071 0.140343
197.6 5.34071 0.144393
197.8 5.34071 0.113149
198 5.34071 0.0828593
198.2 5.34071 0.0805497
198.4 5.34071 0.100231
198.6 5.34071 0.112075
198.8 5.34071 0.0908891
199 5.34071 0.0377639
199.2 5.34071 -0.0213926
199.4 5.34071 -0.0587159
199.6 5.34071 -0.0704598
199.8 5.34071 -0.081659
200 5.34071 -0.11972
200.2 5.34071 -0.179424
200.4 5.34071 -0.21896
200.6 5.34071 -0.199581
200.8 5.34071 -0.130456
201 5.34071 -0.0655457
201.2 5.34071 -0.0490943
201.4 5.34071 -0.0687381
201.6 5.34071 -0.0724092
201.8 5.34071 -0.0318535
202 5.34071 0.0223831
202.2 5.34071 0.0377561
202.4 5.34071 0.00413724
202.6 5.34071 -0.0334465
202.8 5.34071 -0.0295542
203 5.34071 0.00798338
203.2 5.34071 0.0325757
203.4 5.34071 0.0217841
203.6 5.34071 0.0068568
203.8 5.34071 0.0296921
204 5.34071 0.0818755
204.2 5.34071 0.105721
204.4 5.34071 0.0604662
204.6 5.34071 -0.025573
204.8 5.34071 -0.0806213
205 5.34071 -0.0633717
205.2 5.34071 -0.000133304
205.4 5.34071 0.0517559
205.6 5.34071 0.0642495
205.8 5.34071 0.0531847
206 5.34071 0.0418311
206.2 5.34071 0.0286962
206.4 5.34071 -0.00109065
206.6 5.34071 -0.044115
206.8 5.34071 -0.0742278
207 5.34071 -0.0719954
207.2 5.34071 -0.0482086
207.4 5.34071 -0.0308585
207.6 5.34071 -0.0331764
207.8 5.34071 -0.0423461
208 5.34071 -0.0389646
208.2 5.34071 -0.0193937
208.4 5.34071 0.00467778
208.6 5.34071 0.0222822
208.8 5.34071 0.0313642
209 5.34071 0.0334612
209.2 5.34071 0.029617
209.4 5.34071 0.0253466
209.6 5.34071 0.0325965
209.8 5.34071 0.0581226
210 5.34071 0.0906534
210.2 5.34071 0.107723
210.4 5.34071 0.0990578
210.6 5.34071 0.0776956
210.8 5.34071 0.0617522
211 5.34071 0.0486851
211.2 5.34071 0.018324
211.4 5.34071 -0.0339732
211.6 5.34071 -0.0755071
211.8 5.34071 -0.0604968
212 5.34071 0.0191935
212.2 5.34071 0.113961
212.4 5.34071 0.155374
212.6 5.34071 0.117603
212.8 5.34071 0.0384803
213 5.34071 -0.0199727
213.2 5.34071 -0.0282134
213.4 5.34071 -0.00619073
213.6 5.34071 0.00936981
213.8 5.34071 0.00576801
214 5.34071 2.36009e-05
214.2 5.34071 0.00989857
214.4 5.34071 0.0279312
214.6 5.34071 0.0287752
214.8 5.34071 0.00096468
215 5.34071 -0.0333161
215.2 5.34071 -0.035197
215.4 5.34071 0.0106393
215.6 5.34071 0.0726034
215.8 5.34071 0.0935899
216 5.34071 0.0424134
216.2 5.34071 -0.052852
216.4 5.34071 -0.125512
216.6 5.34071 -0.129535
216.8 5.34071 -0.0808428
217 5.34071 -0.0385629
217.2 5.34071 -0.044717
217.4 5.34071 -0.0846118
217.6 5.34071 -0.108043
217.8 5.34071 -0.0856855
218 5.34071 -0.0385089
218.2 5.34071 -0.0111384
218.4 5.34071 -0.0234259
218.6 5.34071 -0.0544606
218.8 5.34071 -0.0707209
219 5.34071 -0.0599647
219.2 5.34071 -0.0338077
219.4 5.34071 -0.00624548
219.6 5.34071 0.0181288
219.8 5.34071 0.0345415
220 5.34071 0.030178
220.2 5.34071 -0.00222787
220.4 5.34071 -0.0455126
220.6 5.34071 -0.0654173
220.8 5.34071 -0.0440972
221 5.34071 -0.00150712
221.2 5.34071 0.0246206
221.4 5.34071 0.0197019
221.6 5.34071 0.00603131
221.8 5.34071 0.0130278
222 5.34071 0.0404435
222.2 5.34071 0.0585594
222.4 5.34071 0.0430527
222.6 5.34071 0.00143841
222.8 5.34071 -0.0376525
223 5.34071 -0.0541007
223.2 5.34071 -0.0482212
223.4 5.34071 -0.0280831
223.6 5.34071 0.00206339
223.8 5.34071 0.0348966
224 5.34071 0.0507873
224.2 5.34071 0.0298332
224.4 5.34071 -0.0222957
224.6 5.34071 -0.0683769
224.8 5.34071 -0.0686555
225 5.34071 -0.0174963
225.2 5.34071 0.0516725
225.4 5.34071 0.0973064
225.6 5.34071 0.102558
225.8 5.34071 0.0796361
226 5.34071 0.0508199
226.2 5.34071 0.0314764
226.4 5.34071 0.026346
226.6 5.34071 0.0306505
226.8 5.34071 0.0309613
227 5.34071 0.0138425
227.2 5.34071 -0.0169044
227.4 5.34071 -0.0349939
227.6 5.34071 -0.0160964
227.8 5.34071 0.0277663
228 5.34071 0.0490888
228.2 5.34071 0.0138343
228.4 5.34071 -0.0513034
228.6 5.34071 -0.0756713
228.8 5.34071 -0.0198633
229 5.34071 0.0716329
229.2 5.34071 0.107561
229.4 5.34071 0.0447391
229.6 5.34071 -0.0628725
229.8 5.34071 -0.11837
230 5.34071 -0.0813535
230.2 5.34071 -0.00325892
230.4 5.34071 0.0360378
230.6 5.34071 0.0134808
230.8 5.34071 -0.0251585
231 5.34071 -0.0300412
231.2 5.34071 -0.00454491
231.4 5.34071 0.010299
231.6 5.34071 -0.00457839
231.8 5.34071 -0.0219691
232 5.34071 -0.00800473
232.2 5.34071 0.0283841
232.4 5.34071 0.0410541
232.6 5.34071 0.00180236
232.8 5.34071 -0.061904
233 5.34071 -0.0924233
233.2 5.34071 -0.0618636
233.4 5.34071 -5.04637e-05
233.6 5.34071 0.0370552
233.8 5.34071 0.0214229
234 5.34071 -0.0253991
234.2 5.34071 -0.0580856
234.4 5.34071 -0.0492723
234.6 5.34071 -0.00911307
234.8 5.34071 0.0275746
235 5.34071 0.0299888
235.2 5.34071 -0.00640318
235.4 5.34071 -0.0570487
235.6 5.34071 -0.0859927
235.8 5.34071 -0.0728622
236 5.34071 -0.0289335
236.2 5.34071 0.0130518
236.4 5.34071 0.0283347
236.6 5.34071 0.0213202
236.8 5.34071 0.0169531
237 5.34071 0.0317952
237.2 5.34071 0.0572589
237.4 5.34071 0.0740609
237.6 5.34071 0.0802501
237.8 5.34071 0.097477
238 5.34071 0.144016
238.2 5.34071 0.203117
238.4 5.34071 0.225557
238.6 5.34071 0.171455
238.8 5.34071 0.0532027
239 5.34071 -0.0650803
239.2 5.34071 -0.116322
239.4 5.34071 -0.0849257
239.6 5.34071 -0.0163606
239.8 5.34071 0.0273116
240 5.34071 0.0235174
240.2 5.34071 0.00267206
240.4 5.34071 0.00741319
240.6 5.34071 0.041586
240.8 5.34071 0.0647313
241 5.34071 0.0397136
241.2 5.34071 -0.0188539
241.4 5.34071 -0.0527153
241.6 5.34071 -0.0212879
241.8 5.34071 0.0497108
242 5.34071 0.0898711
242.2 5.34071 0.0572468
242.4 5.34071 -0.0158261
242.6 5.34071 -0.0561476
242.8 5.34071 -0.026585
243 5.34071 0.0380064
243.2 5.34071 0.0733318
243.4 5.34071 0.0552337
243.6 5.34071 0.0179941
243.8 5.34071 0.00708694
244 5.34071 0.027919
244.2 5.34071 0.0497776
244.4 5.34071 0.0516665
244.6 5.34071 0.0473522
244.8 5.34071 0.0597896
245 5.34071 0.0834518
245.2 5.34071 0.0874917
245.4 5.34071 0.0564083
245.6 5.34071 0.0137658
245.8 5.34071 -0.00407396
246 5.34071 0.00824137
246.2 5.34071 0.0197985
246.4 5.34071 0.00331987
246.6 5.34071 -0.0310043
246.8 5.34071 -0.0504219
247 5.34071 -0.0427373
247.2 5.34071 -0.0312603
247.4 5.34071 -0.042605
247.6 5.34071 -0.0694077
247.8 5.34071 -0.0764184
248 5.34071 -0.0432595
248.2 5.34071 0.00849485
248.4 5.34071 0.0359218
248.6 5.34071 0.0175899
248.8 5.34071 -0.0293715
249 5.34071 -0.0707613
249.2 5.34071 -0.0845788
249.4 5.34071 -0.0681478
249.6 5.34071 -0.0278268
249.8 5.34071 0.0261331
250 5.34071 0.0754677
250.2 5.34071 0.0971547
250.4 5.34071 0.0807006
250.6 5.34071 0.0405275
250.8 5.34071 0.00401192
251 5.34071 -0.0146774
251.2 5.34071 -0.0246296
251.4 5.34071 -0.0408553
251.6 5.34071 -0.0627172
251.8 5.34071 -0.0755606
252 5.34071 -0.071505
252.2 5.34071 -0.0603999
252.4 5.34071 -0.0566208
252.6 5.34071 -0.0603545
252.8 5.34071 -0.0583561
253 5.34071 -0.0416575
253.2 5.34071 -0.0154867
253.4 5.34071 0.00998649
253.6 5.34071 0.0315284
253.8 5.34071 0.0490969
254 5.34071 0.0547967
254.2 5.34071 0.0370562
254.4 5.34071 0.000492063
254.6 5.34071 -0.0266363
254.8 5.34071 -0.0160237
255 5.34071 0.0283867
255.2 5.34071 0.070015
255.4 5.34071 0.0767917
255.6 5.34071 0.0539622
255.8 5.34071 0.0329765
256 5.34071 0.0304224
256.2 5.34071 0.0290898
256.4 5.34071 0.00533595
256.6 5.34071 -0.0331333
256.8 5.34071 -0.0499022
257 5.34071 -0.0227977
257.2 5.34071 0.0258153
257.4 5.34071 0.0503171
257.6 5.34071 0.0299096
257.8 5.34071 -0.014149
258 5.34071 -0.0497305
258.2 5.34071 -0.0703219
258.4 5.34071 -0.0904458
258.6 5.34071 -0.110701
258.8 5.34071 -0.105194
259 5.34071 -0.0545972
259.2 5.34071 0.0160785
259.4 5.34071 0.0499153
259.6 5.34071 0.0168911
259.8 5.34071 -0.0462962
260 5.34071 -0.066467
260.2 5.34071 -0.00771033
260.4 5.34071 0.0893193
260.6 5.34071 0.145819
260.8 5.34071 0.120759
261 5.34071 0.046463
261.2 5.34071 -0.0087635
261.4 5.34071 -0.00746066
261.6 5.34071 0.0288646
261.8 5.34071 0.0519251
262 5.34071 0.0387965
262.2 5.34071 0.0101398
262.4 5.34071 0.00208649
262.6 5.34071 0.0265604
262.8 5.34071 0.0611167
263 5.34071 0.0744598
263.2 5.34071 0.057503
263.4 5.34071 0.0280292
263.6 5.34071 0.00746012
263.8 5.34071 -0.00192207
264 5.34071 -0.0135641
264.2 5.34071 -0.0323866
264.4 5.34071 -0.0407955
264.6 5.34071 -0.0157678
264.8 5.34071 0.0394846
265 5.34071 0.0878345
265.2 5.34071 0.0903076
265.4 5.34071 0.0476001
265.6 5.34071 0.00379635
265.8 5.34071 0.00309086
266 5.34071 0.0434878
266.2 5.34071 0.0788198
266.4 5.34071 0.0684712
266.6 5.34071 0.0203618
266.8 5.34071 -0.020191
267 5.34071 -0.0216099
267.2 5.34071 0.00204738
267.4 5.34071 0.0131398
267.6 5.34071 -0.0028614
267.8 5.34071 -0.0229398
268 5.34071 -0.0198141
268.2 5.34071 0.000365333
268.4 5.34071 0.00370992
268.6 5.34071 -0.0287627
268.8 5.34071 -0.0742001
269 5.34071 -0.0908899
269.2 5.34071 -0.064952
269.4 5.34071 -0.025897
269.6 5.34071 -0.0127494
269.8 5.34071 -0.0305679
270 5.34071 -0.0472441
270.2 5.34071 -0.0328882
270.4 5.34071 0.00433377
270.6 5.34071 0.0260903
270.8 5.34071 0.00501609
271 5.34071 -0.0466455
271.2 5.34071 -0.0896359
271.4 5.34071 -0.0945724
271.6 5.34071 -0.064055
271.8 5.34071 -0.022299
272 5.34071 0.0102046
272.2 5.34071 0.0294398
272.4 5.34071 0.0408136
272.6 5.34071 0.0470101
272.8 5.34071 0.045739
273 5.34071 0.0361881
273.2 5.34071 0.0228659
273.4 5.34071 0.0117792
273.6 5.34071 0.00494072
273.8 5.34071 0.000264568
274 5.34071 -0.00461865
274.2 5.34071 -0.0108975
274.4 5.34071 -0.0204707
274.6 5.34071 -0.0353042
274.8 5.34071 -0.0514603
275 5.34071 -0.0554464
275.2 5.34071 -0.0327562
275.4 5.34071 0.0147825
275.6 5.34071 0.0617111
275.8 5.34071 0.0759544
276 5.34071 0.0491943
276.2 5.34071 0.00939528
276.4 5.34071 -0.00283994
276.6 5.34071 0.0252828
276.8 5.34071 0.0635008
277 5.34071 0.0679221
277.2 5.34071 0.0267135
277.4 5.34071 -0.0266822
277.6 5.34071 -0.0483031
277.8 5.34071 -0.0285762
278 5.34071 0.00213532
278.2 5.34071 0.0122392
278.4 5.34071 0.00556187
278.6 5.34071 0.0124052
278.8 5.34071 0.0463221
279 5.34071 0.0799447
279.2 5.34071 0.0714646
279.4 5.34071 0.0129199
279.6 5.34071 -0.0561713
279.8 5.34071 -0.086667
280 5.34071 -0.0669778
280.2 5.34071 -0.0276575
280.4 5.34071 -0.00232084
280.6 5.34071 0.00747636
280.8 5.34071 0.0249308
281 5.34071 0.0627349
281.2 5.34071 0.104929
281.4 5.34071 0.125721
281.6 5.34071 0.118931
281.8 5.34071 0.101927
282 5.34071 0.0923855
282.2 5.34071 0.088472
282.4 5.34071 0.0747911
282.6 5.34071 0.0429947
282.8 5.34071 0.00126695
283 5.34071 -0.0346803
283.2 5.34071 -0.0537002
283.4 5.34071 -0.0516289
283.6 5.34071 -0.0291245
283.8 5.34071 0.00554583
284 5.34071 0.0340566
284.2 5.34071 0.038393
284.4 5.34071 0.0198931
284.6 5.34071 0.00317299
284.8 5.34071 0.0119782
285 5.34071 0.039001
285.2 5.34071 0.0471905
285.4 5.34071 0.00881911
285.6 5.34071 -0.0580508
285.8 5.34071 -0.100132
286 5.34071 -0.0813903
286.2 5.34071 -0.0225302
286.4 5.34071 0.0170803
286.6 5.34071 -0.00164838
286.8 5.34071 -0.059334
287 5.34071 -0.0994707
287.2 5.34071 -0.0845833
287.4 5.34071 -0.0288492
287.6 5.34071 0.0216131
287.8 5.34071 0.0336958
288 5.34071 0.0110804
288.2 5.34071 -0.0192575
288.4 5.34071 -0.0342336
288.6 5.34071 -0.0269491
288.8 5.34071 -0.00118878
289 5.34071 0.0351939
289.2 5.34071 0.0691871
289.4 5.34071 0.0830242
289.6 5.34071 0.06545
289.8 5.34071 0.0255774
290 5.34071 -0.00885809
290.2 5.34071 -0.0126687
290.4 5.34071 0.0152298
290.6 5.34071 0.0523207
290.8 5.34071 0.074623
291 5.34071 0.0770629
291.2 5.34071 0.0714001
291.4 5.34071 0.0669392
291.6 5.34071 0.0579348
291.8 5.34071 0.0322694
292 5.34071 -0.0101198
292.2 5.34071 -0.0522208
292.4 5.34071 -0.0754173
292.6 5.34071 -0.0777039
292.8 5.34071 -0.0735102
293 5.34071 -0.0761255
293.2 5.34071 -0.0843011
293.4 5.34071 -0.0884044
293.6 5.34071 -0.0859676
293.8 5.34071 -0.0842868
294 5.34071 -0.0856181
294.2 5.34071 -0.0762988
294.4 5.34071 -0.0395602
294.6 5.34071 0.0190608
294.8 5.34071 0.0666198
295 5.34071 0.071773
295.2 5.34071 0.0391081
295.4 5.34071 0.00739204
295.6 5.34071 0.00834941
295.8 5.34071 0.0310024
296 5.34071 0.0345106
296.2 5.34071 -0.00257474
296.4 5.34071 -0.0536884
296.6 5.34071 -0.0719056
296.8 5.34071 -0.043154
297 5.34071 -0.00254781
297.2 5.34071 0.0061528
297.4 5.34071 -0.0196917
297.6 5.34071 -0.0413455
297.8 5.34071 -0.0267618
298 5.34071 0.0118404
298.2 5.34071 0.035356
298.4 5.34071 0.0266553
298.6 5.34071 0.0100475
298.8 5.34071 0.0187998
299 5.34071 0.0526252
299.2 5.34071 0.0776148
299.4 5.34071 0.0670216
299.6 5.34071 0.0319252
299.8 5.34071 0.00648842
300 5.34071 0.00924677
300.2 5.34071 0.0272956
300.4 5.34071 0.0363616
300.6 5.34071 0.0258999
300.8 5.34071 0.000249686
301 5.34071 -0.0347783
301.2 5.34071 -0.0731132
301.4 5.34071 -0.0971324
301.6 5.34071 -0.0810311
301.8 5.34071 -0.0189924
302 5.34071 0.0536588
302.2 5.34071 0.0828211
302.4 5.34071 0.04836
302.6 5.34071 -0.0110688
302.8 5.34071 -0.035405
303 5.34071 -0.00584923
303.2 5.34071 0.0374789
303.4 5.34071 0.0429078
303.6 5.34071 0.00425218
303.8 5.34071 -0.0374264
304 5.34071 -0.0445473
304.2 5.34071 -0.0224114
304.4 5.34071 -0.00312887
304.6 5.34071 -0.00122619
304.8 5.34071 -5.3621e-05
305 5.34071 0.0174483
305.2 5.34071 0.0396582
305.4 5.34071 0.0403217
305.6 5.34071 0.016321
305.8 5.34071 -0.00459932
306 5.34071 -0.000530249
306.2 5.34071 0.0108922
306.4 5.34071 -0.00985796
306.6 5.34071 -0.071581
306.8 5.34071 -0.129972
307 5.34071 -0.128834
307.2 5.34071 -0.0616858
307.4 5.34071 0.0163441
307.6 5.34071 0.0413082
307.8 5.34071 0.000532667
308 5.34071 -0.0613756
308.2 5.34071 -0.0895492
308.4 5.34071 -0.0650405
308.6 5.34071 -0.00924668
308.8 5.34071 0.0426849
309 5.34071 0.0649712
309.2 5.34071 0.0475347
309.4 5.34071 -0.00230435
309.6 5.34071 -0.0577654
309.8 5.34071 -0.0834279
310 5.34071 -0.0637676
310.2 5.34071 -0.0231697
310.4 5.34071 -0.00680254
310.6 5.34071 -0.0331834
310.8 5.34071 -0.070509
311 5.34071 -0.0701109
311.2 5.34071 -0.0237887
311.4 5.34071 0.0230087
311.6 5.34071 0.0231822
311.8 5.34071 -0.0136247
312 5.34071 -0.0287148
312.2 5.34071 0.0152188
312.4 5.34071 0.082927
312.6 5.34071 0.100392
312.8 5.34071 0.039926
313 5.34071 -0.0419756
313.2 5.34071 -0.0625481
313.4 5.34071 -0.00387722
313.6 5.34071 0.0672057
313.8 5.34071 0.0743219
314 5.34071 0.0162927
314.2 5.34071 -0.0351286
314.4 5.34071 -0.019582
314.6 5.34071 0.0446459
314.8 5.34071 0.0866293
315 5.34071 0.0674806
315.2 5.34071 0.0223099
315.4 5.34071 0.0129052
315.6 5.34071 0.0516935
315.8 5.34071 0.0889072
316 5.34071 0.0754062
316.2 5.34071 0.0225494
316.4 5.34071 -0.0124857
316.6 5.34071 0.00495417
316.8 5.34071 0.0494552
317 5.34071 0.0713158
317.2 5.34071 0.0568956
317.4 5.34071 0.0381576
317.6 5.34071 0.0440684
317.8 5.34071 0.0608826
318 5.34071 0.0537743
318.2 5.34071 0.0195748
318.4 5.34071 -0.00247816
318.6 5.34071 0.0189888
318.8 5.34071 0.0599328
319 5.34071 0.0622633
319.2 5.34071 0.00463313
319.4 5.34071 -0.0638587
319.6 5.34071 -0.073994
319.8 5.34071 -0.0149683
320 5.34071 0.0524891
320.2 5.34071 0.065562
320.4 5.34071 0.0289001
320.6 5.34071 0.00160756
320.8 5.34071 0.0201861
321 5.34071 0.0532502
321.2 5.34071 0.0429813
321.4 5.34071 -0.0195469
321.6 5.34071 -0.0790175
321.8 5.34071 -0.0787887
322 5.34071 -0.0248296
322.2 5.34071 0.0250678
322.4 5.34071 0.0289553
322.6 5.34071 0.00145964
322.8 5.34071 -0.0157301
323 5.34071 -0.00757727
323.2 5.34071 0.00539576
323.4 5.34071 0.005332
323.6 5.34071 0.00231349
323.8 5.34071 0.0110955
324 5.34071 0.0176041
324.2 5.34071 -0.00849104
324.4 5.34071 -0.0646922
324.6 5.34071 -0.099723
324.8 5.34071 -0.0657432
325 5.34071 0.0176432
325.2 5.34071 0.0719651
325.4 5.34071 0.0429288
325.6 5.34071 -0.035872
325.8 5.34071 -0.0772668
326 5.34071 -0.0371761
326.2 5.34071 0.0381074
326.4 5.34071 0.0675
326.6 5.34071 0.0252788
326.8 5.34071 -0.0395654
327 5.34071 -0.0690357
327.2 5.34071 -0.058976
327.4 5.34071 -0.044491
327.6 5.34071 -0.0385821
327.8 5.34071 -0.013504
328 5.34071 0.0490448
328.2 5.34071 0.111339
328.4 5.34071 0.110142
328.6 5.34071 0.0353573
328.8 5.34071 -0.0443758
329 5.34071 -0.0527226
329.2 5.34071 0.00496011
329.4 5.34071 0.043507
329.6 5.34071 -0.00376905
329.8 5.34071 -0.103261
330 5.34071 -0.153641
330.2 5.34071 -0.0977639
330.4 5.34071 0.0139015
330.6 5.34071 0.0797889
330.8 5.34071 0.0563143
331 5.34071 -0.00346301
331.2 5.34071 -0.018697
331.4 5.34071 0.0279985
331.6 5.34071 0.0788891
331.8 5.34071 0.0726584
332 5.34071 0.0115505
332.2 5.34071 -0.0475586
332.4 5.34071 -0.0578652
332.6 5.34071 -0.0269104
332.8 5.34071 0.000888607
333 5.34071 -0.00661809
333.2 5.34071 -0.0429557
333.4 5.34071 -0.0770619
333.6 5.34071 -0.0827536
333.8 5.34071 -0.0551393
334 5.34071 -0.00952029
334.2 5.34071 0.0281326
334.4 5.34071 0.0348987
334.6 5.34071 0.00667316
334.8 5.34071 -0.0351404
335 5.34071 -0.0583528
335.2 5.34071 -0.0482632
335.4 5.34071 -0.0214312
335.6 5.34071 -0.0071586
335.8 5.34071 -0.0151965
336 5.34071 -0.0265523
336.2 5.34071 -0.0185746
336.4 5.34071 0.00633181
336.6 5.34071 0.0245366
336.8 5.34071 0.0232738
337 5.34071 0.0197305
337.2 5.34071 0.0399494
337.4 5.34071 0.0811671
337.6 5.34071 0.105955
337.8 5.34071 0.0812973
338 5.34071 0.0203514
338.2 5.34071 -0.0242177
338.4 5.34071 -0.0137791
338.6 5.34071 0.0329269
338.8 5.34071 0.0568386
339 5.34071 0.0215856
339.2 5.34071 -0.0441764
339.4 5.34071 -0.0725853
339.6 5.34071 -0.02656
339.8 5.34071 0.0584832
340 5.34071 0.106365
340.2 5.34071 0.0750179
340.4 5.34071 -0.00112748
340.6 5.34071 -0.0454731
340.8 5.34071 -0.0158893
341 5.34071 0.0543585
341.2 5.34071 0.0933756
341.4 5.34071 0.0661361
341.6 5.34071 0.00842949
341.8 5.34071 -0.0168491
342 5.34071 0.00731912
342.2 5.34071 0.0322211
342.4 5.34071 0.00147148
342.6 5.34071 -0.0769289
342.8 5.34071 -0.128791
343 5.34071 -0.0905302
343.2 5.34071 0.0180734
343.4 5.34071 0.108224
343.6 5.34071 0.111897
343.8 5.34071 0.0493745
344 5.34071 0.000986729
344.2 5.34071 0.0173442
344.4 5.34071 0.0702891
344.6 5.34071 0.0960169
344.8 5.34071 0.0723896
345 5.34071 0.0365973
345.2 5.34071 0.0274496
345.4 5.34071 0.0312387
345.6 5.34071 0.00289975
345.8 5.34071 -0.0654994
346 5.34071 -0.12154
346.2 5.34071 -0.111319
346.4 5.34071 -0.049423
346.6 5.34071 -0.00724604
346.8 5.34071 -0.026758
347 5.34071 -0.0650152
347.2 5.34071 -0.0442693
347.4 5.34071 0.0475274
347.6 5.34071 0.130618
347.8 5.34071 0.12181
348 5.34071 0.0362784
348.2 5.34071 -0.0229423
348.4 5.34071 0.0170717
348.6 5.34071 0.110386
348.8 5.34071 0.140547
349 5.34071 0.0539152
349.2 5.34071 -0.0763939
349.4 5.34071 -0.130838
349.6 5.34071 -0.075469
349.8 5.34071 0.00545666
350 5.34071 0.00948752
350.2 5.34071 -0.0699985
350.4 5.34071 -0.143452
350.6 5.34071 -0.130437
350.8 5.34071 -0.0451791
351 5.34071 0.0285458
351.2 5.34071 0.0322174
351.4 5.34071 -0.0142813
351.6 5.34071 -0.0503794
351.8 5.34071 -0.045315
352 5.34071 -0.0197553
352.2 5.34071 -0.00796816
352.4 5.34071 -0.0174867
352.6 5.34071 -0.0303871
352.8 5.34071 -0.0304587
353 5.34071 -0.0163971
353.2 5.34071 0.00705618
353.4 5.34071 0.0360121
353.6 5.34071 0.0607914
353.8 5.34071 0.0641217
354 5.34071 0.0388208
354.2 5.34071 0.00489407
354.4 5.34071 -0.00437353
354.6 5.34071 0.0200796
354.8 5.34071 0.0475872
355 5.34071 0.04022
355.2 5.34071 -0.00119257
355.4 5.34071 -0.0350352
355.6 5.34071 -0.0277757
355.8 5.34071 0.00481738
356 5.34071 0.0169182
356.2 5.34071 -0.00954953
356.4 5.34071 -0.0415585
356.6 5.34071 -0.0383078
356.8 5.34071 -0.00737196
357 5.34071 0.00159245
357.2 5.34071 -0.0350302
357.4 5.34071 -0.0686353
357.6 5.34071 -0.0218236
357.8 5.34071 0.116282
358 5.34071 0.252042
358.2 5.34071 0.26295
358.4 5.34071 0.119227
358.6 5.34071 -0.075315
358.8 5.34071 -0.171308
359 5.34071 -0.108113
359.2 5.34071 0.0361898
359.4 5.34071 0.123253
359.6 5.34071 0.0805987
359.8 5.34071 -0.0444813
360 5.34071 -0.143223
360.2 5.34071 -0.147329
360.4 5.34071 -0.0761595
360.6 5.34071 0.0027762
360.8 5.34071 0.0447407
361 5.34071 0.0563255
361.2 5.34071 0.0645741
361.4 5.34071 0.0747928
361.6 5.34071 0.0684257
361.8 5.34071 0.0377391
362 5.34071 0.0077965
362.2 5.34071 0.0125933
362.4 5.34071 0.0510065
362.6 5.34071 0.0784897
362.8 5.34071 0.0516869
363 5.34071 -0.0211731
363.2 5.34071 -0.0839019
363.4 5.34071 -0.0902381
363.6 5.34071 -0.0517531
363.8 5.34071 -0.0207549
364 5.34071 -0.0285562
364.2 5.34071 -0.0521861
364.4 5.34071 -0.0477625
364.6 5.34071 -0.00775174
364.8 5.34071 0.0288568
365 5.34071 0.0247254
365.2 5.34071 -0.0108929
365.4 5.34071 -0.036117
365.6 5.34071 -0.0291215
365.8 5.34071 -0.0106576
366 5.34071 -0.00906439
366.2 5.34071 -0.0168071
366.4 5.34071 0.00150409
366.6 5.34071 0.0588811
366.8 5.34071 0.120477
367 5.34071 0.138642
367.2 5.34071 0.10447
367.4 5.34071 0.0506506
367.6 5.34071 0.00596471
367.8 5.34071 -0.033258
368 5.34071 -0.0759001
368.2 5.34071 -0.0965764
368.4 5.34071 -0.0517472
368.6 5.34071 0.0564394
368.8 5.34071 0.153152
369 5.34071 0.153388
369.2 5.34071 0.0536526
369.4 5.34071 -0.0563073
369.6 5.34071 -0.0844366
369.8 5.34071 -0.0287518
370 5.34071 0.0337479
370.2 5.34071 0.0426634
370.4 5.34071 0.0156158
370.6 5.34071 0.00602632
370.8 5.34071 0.0218704
371 5.34071 0.0159527
371.2 5.34071 -0.0407468
371.4 5.34071 -0.104173
371.6 5.34071 -0.100254
371.8 5.34071 -0.0158364
372 5.34071 0.0790436
372.2 5.34071 0.108969
372.4 5.34071 0.0749029
372.6 5.34071 0.0389579
372.8 5.34071 0.0369106
373 5.34071 0.0346835
373.2 5.34071 -0.0156149
373.4 5.34071 -0.097554
373.6 5.34071 -0.137988
373.8 5.34071 -0.0952493
374 5.34071 -0.0150727
374.2 5.34071 0.0202123
374.4 5.34071 -0.0127763
374.6 5.34071 -0.0577315
374.8 5.34071 -0.0560478
375 5.34071 -0.0210507
375.2 5.34071 -0.0146624
375.4 5.34071 -0.0599445
375.6 5.34071 -0.105246
375.8 5.34071 -0.0871606
376 5.34071 -0.0113339
376.2 5.34071 0.0525134
376.4 5.34071 0.0547353
376.6 5.34071 0.0225783
376.8 5.34071 0.0199685
377 5.34071 0.0633899
377.2 5.34071 0.0991545
377.4 5.34071 0.0676428
377.6 5.34071 -0.0260739
377.8 5.34071 -0.117312
378 5.34071 -0.149356
378.2 5.34071 -0.121625
378.4 5.34071 -0.0731048
378.6 5.34071 -0.0361712
378.8 5.34071 -0.018091
379 5.34071 -0.0160828
379.2 5.34071 -0.0288885
379.4 5.34071 -0.0474239
379.6 5.34071 -0.0497263
379.8 5.34071 -0.0218235
380 5.34071 0.018261
380.2 5.34071 0.032345
380.4 5.34071 0.00545857
380.6 5.34071 -0.0307758
380.8 5.34071 -0.0288013
381 5.34071 0.0215407
381.2 5.34071 0.079243
381.4 5.34071 0.0947177
381.6 5.34071 0.0596229
381.8 5.34071 0.00924257
382 5.34071 -0.0190903
382.2 5.34071 -0.0203198
382.4 5.34071 -0.0148458
382.6 5.34071 -0.0183736
382.8 5.34071 -0.0268625
383 5.34071 -0.0271911
383.2 5.34071 -0.0130656
383.4 5.34071 0.011135
383.6 5.34071 0.0343544
383.8 5.34071 0.041817
384 5.34071 0.0208833
384.2 5.34071 -0.0258173
384.4 5.34071 -0.0729769
384.6 5.34071 -0.0887221
384.8 5.34071 -0.065151
385 5.34071 -0.0282316
385.2 5.34071 -0.0090561
385.4 5.34071 -0.00680825
385.6 5.34071 0.00924452
385.8 5.34071 0.0564206
386 5.34071 0.10679
386.2 5.34071 0.111194
386.4 5.34071 0.0555024
386.6 5.34071 -0.0187426
386.8 5.34071 -0.0569343
387 5.34071 -0.0480796
387.2 5.34071 -0.0286067
387.4 5.34071 -0.0323831
387.6 5.34071 -0.0514735
387.8 5.34071 -0.0547136
388 5.34071 -0.0345787
388.2 5.34071 -0.0176207
388.4 5.34071 -0.0250718
388.6 5.34071 -0.0390703
388.8 5.34071 -0.0240736
389 5.34071 0.021212
389.2 5.34071 0.0509657
389.4 5.34071 0.022196
389.6 5.34071 -0.0496367
389.8 5.34071 -0.0987834
390 5.34071 -0.0767106
390.2 5.34071 -0.00338148
390.4 5.34071 0.0547066
390.6 5.34071 0.0532974
390.8 5.34071 0.00965352
391 5.34071 -0.0248384
391.2 5.34071 -0.0208193
391.4 5.34071 0.00654932
391.6 5.34071 0.0255361
391.8 5.34071 0.0269199
392 5.34071 0.0303191
392.2 5.34071 0.0554463
392.4 5.34071 0.092844
392.6 5.34071 0.105695
392.8 5.34071 0.0623062
393 5.34071 -0.0291907
393.2 5.34071 -0.115863
393.4 5.34071 -0.134738
393.6 5.34071 -0.0637478
393.8 5.34071 0.0542498
394 5.34071 0.140909
394.2 5.34071 0.144442
394.4 5.34071 0.0791186
394.6 5.34071 0.00492359
394.8 5.34071 -0.0297231
395 5.34071 -0.022902
395.2 5.34071 -0.00128841
395.4 5.34071 0.0188798
395.6 5.34071 0.0410981
395.8 5.34071 0.0630274
396 5.34071 0.0610321
396.2 5.34071 0.0155655
396.4 5.34071 -0.0526626
396.6 5.34071 -0.0903336
396.8 5.34071 -0.0654422
397 5.34071 -0.0058998
397.2 5.34071 0.0282596
397.4 5.34071 0.0103005
397.6 5.34071 -0.028054
397.8 5.34071 -0.0413899
398 5.34071 -0.0277375
398.2 5.34071 -0.0255676
398.4 5.34071 -0.0566794
398.6 5.34071 -0.0918187
398.8 5.34071 -0.0860796
399 5.34071 -0.0386102
399.2 5.34071 0.00297727
399.4 5.34071 0.00186363
399.6 5.34071 -0.0213228
399.8 5.34071 -0.0168155
400 5.34071 0.0256343
400.2 5.34071 0.0571483
400.4 5.34071 0.0282688
400.6 5.34071 -0.0453435
400.8 5.34071 -0.0928044
401 5.34071 -0.0642552
401.2 5.34071 0.0162973
401.4 5.34071 0.0804208
401.6 5.34071 0.0869872
401.8 5.34071 0.0524024
402 5.34071 0.0154782
402.2 5.34071 -0.00822899
402.4 5.34071 -0.028009
402.6 5.34071 -0.0481045
402.8 5.34071 -0.0570388
403 5.34071 -0.0492837
403.2 5.34071 -0.0399461
403.4 5.34071 -0.0436941
403.6 5.34071 -0.0464824
403.8 5.34071 -0.0173954
404 5.34071 0.0453292
404.2 5.34071 0.0947162
404.4 5.34071 0.0785824
404.6 5.34071 0.00224486
404.8 5.34071 -0.0668017
405 5.34071 -0.0660657
405.2 5.34071 -0.00366949
405.4 5.34071 0.0528556
405.6 5.34071 0.0516967
405.8 5.34071 0.0089468
406 5.34071 -0.0192651
406.2 5.34071 -0.00700214
406.4 5.34071 0.0132045
406.6 5.34071 -0.00523344
406.8 5.34071 -0.0616162
407 5.34071 -0.102668
407.2 5.34071 -0.0793998
407.4 5.34071 -0.00223322
407.6 5.34071 0.0658451
407.8 5.34071 0.0697876
408 5.34071 0.0139424
408.2 5.34071 -0.0455337
408.4 5.34071 -0.0558614
408.6 5.34071 -0.0142519
408.8 5.34071 0.0374681
409 5.34071 0.0601564
409.2 5.34071 0.0558379
409.4 5.34071 0.0581327
409.6 5.34071 0.0869762
409.8 5.34071 0.119742
410 5.34071 0.114201
410.2 5.34071 0.0596299
410.4 5.34071 -0.00408636
410.6 5.34071 -0.0271798
410.8 5.34071 -0.00722968
411 5.34071 0.00573476
411.2 5.34071 -0.0321041
411.4 5.34071 -0.102331
411.6 5.34071 -0.139952
411.8 5.34071 -0.105949
412 5.34071 -0.0313505
412.2 5.34071 0.0207133
412.4 5.34071 0.0279685
412.6 5.34071 0.0260204
412.8 5.34071 0.0501319
413 5.34071 0.0807236
413.2 5.34071 0.0681916
413.4 5.34071 0.00747503
413.6 5.34071 -0.0393477
413.8 5.34071 -0.0125688
414 5.34071 0.0654412
414.2 5.34071 0.106391
414.4 5.34071 0.0589745
414.6 5.34071 -0.0246658
414.8 5.34071 -0.045625
415 5.34071 0.0243472
415.2 5.34071 0.105807
415.4 5.34071 0.101737
415.6 5.34071 0.00845116
415.8 5.34071 -0.082889
416 5.34071 -0.0907863
416.2 5.34071 -0.0265513
416.4 5.34071 0.035174
416.6 5.34071 0.0484702
416.8 5.34071 0.0333142
417 5.34071 0.0248737
417.2 5.34071 0.0172136
417.4 5.34071 -0.0195136
417.6 5.34071 -0.0781804
417.8 5.34071 -0.102661
418 5.34071 -0.0504001
418.2 5.34071 0.0492167
418.4 5.34071 0.119355
418.6 5.34071 0.11697
418.8 5.34071 0.0724374
419 5.34071 0.043704
419.2 5.34071 0.0475522
419.4 5.34071 0.0518846
419.6 5.34071 0.0281177
419.8 5.34071 -0.0116688
420 5.34071 -0.0373884
420.2 5.34071 -0.0428583
420.4 5.34071 -0.0458691
420.6 5.34071 -0.0515724
420.8 5.34071 -0.0393904
421 5.34071 0.00198713
421.2 5.34071 0.0416056
421.4 5.34071 0.0306597
421.6 5.34071 -0.0372931
421.8 5.34071 -0.107018
422 5.34071 -0.114529
422.2 5.34071 -0.0530824
422.4 5.34071 0.0238094
422.6 5.34071 0.0612339
422.8 5.34071 0.0508793
423 5.34071 0.0199996
423.2 5.34071 -0.00853857
423.4 5.34071 -0.0287935
423.6 5.34071 -0.0335886
423.8 5.34071 -0.00969153
424 5.34071 0.0374826
424.2 5.34071 0.0708881
424.4 5.34071 0.0557872
424.6 5.34071 0.0059655
424.8 5.34071 -0.0243306
425 5.34071 -0.00508489
425.2 5.34071 0.0278883
425.4 5.34071 0.0154918
425.6 5.34071 -0.0450349
425.8 5.34071 -0.088016
426 5.34071 -0.0592269
426.2 5.34071 0.0106331
426.4 5.34071 0.0386069
426.6 5.34071 -0.00524356
426.8 5.34071 -0.054108
427 5.34071 -0.02581
427.2 5.34071 0.0677325
427.4 5.34071 0.124396
427.6 5.34071 0.072983
427.8 5.34071 -0.0359719
428 5.34071 -0.0859564
428.2 5.34071 -0.0320864
428.4 5.34071 0.0483776
428.6 5.34071 0.0553663
428.8 5.34071 -0.00945208
429 5.34071 -0.04845
429.2 5.34071 0.00428779
429.4 5.34071 0.0949807
429.6 5.34071 0.113485
429.8 5.34071 0.0291749
430 5.34071 -0.0693643
430.2 5.34071 -0.0794535
430.4 5.34071 -0.00458422
430.6 5.34071 0.0555617
430.8 5.34071 0.0281619
431 5.34071 -0.0484364
431.2 5.34071 -0.0769966
431.4 5.34071 -0.0199489
431.6 5.34071 0.0595457
431.8 5.34071 0.0752836
432 5.34071 0.014249
432.2 5.34071 -0.0592735
432.4 5.34071 -0.082683
432.6 5.34071 -0.05517
432.8 5.34071 -0.0164035
433 5.34071 0.0120254
433.2 5.34071 0.0424443
433.4 5.34071 0.0828566
433.6 5.34071 0.106712
433.8 5.34071 0.0774851
434 5.34071 -0.00156069
434.2 5.34071 -0.0776251
434.4 5.34071 -0.0955328
434.6 5.34071 -0.0503766
434.8 5.34071 0.0109605
435 5.34071 0.0373589
435.2 5.34071 0.0176987
435.4 5.34071 -0.0192242
435.6 5.34071 -0.040054
435.8 5.34071 -0.037212
436 5.34071 -0.0284587
436.2 5.34071 -0.0336452
436.4 5.34071 -0.0540636
436.6 5.34071 -0.0713168
436.8 5.34071 -0.0635518
437 5.34071 -0.0243004
437.2 5.34071 0.0310864
437.4 5.34071 0.0758536
437.6 5.34071 0.0898541
437.8 5.34071 0.070236
438 5.34071 0.028666
438.2 5.34071 -0.0177096
438.4 5.34071 -0.0517099
438.6 5.34071 -0.0584882
438.8 5.34071 -0.0321706
439 5.34071 0.0146629
439.2 5.34071 0.0525792
439.4 5.34071 0.0556791
439.6 5.34071 0.0250999
439.8 5.34071 -0.0103894
440 5.34071 -0.0210229
440.2 5.34071 -0.00254917
440.4 5.34071 0.025802
440.6 5.34071 0.0467098
440.8 5.34071 0.0607122
441 5.34071 0.0748161
441.2 5.34071 0.0833054
441.4 5.34071 0.0705189
441.6 5.34071 0.0334797
441.8 5.34071 -0.00770865
442 5.34071 -0.0293025
442.2 5.34071 -0.0293761
442.4 5.34071 -0.025211
442.6 5.34071 -0.0258866
442.8 5.34071 -0.0189688
443 5.34071 0.0079758
443.2 5.34071 0.0406038
443.4 5.34071 0.0478099
443.6 5.34071 0.0219692
443.8 5.34071 -0.00426663
444 5.34071 0.004899
444.2 5.34071 0.0382855
444.4 5.34071 0.0418999
444.6 5.34071 -0.0172215
444.8 5.34071 -0.100962
445 5.34071 -0.130264
445.2 5.34071 -0.0688077
445.4 5.34071 0.0336623
445.6 5.34071 0.0897142
445.8 5.34071 0.0600564
446 5.34071 -0.0171652
446.2 5.34071 -0.0778351
446.4 5.34071 -0.0963096
446.6 5.34071 -0.0917594
446.8 5.34071 -0.085268
447 5.34071 -0.0727883
447.2 5.34071 -0.0449202
447.4 5.34071 -0.0150149
447.6 5.34071 -0.00850337
447.8 5.34071 -0.0262887
448 5.34071 -0.0363836
448.2 5.34071 -0.011579
448.4 5.34071 0.034042
448.6 5.34071 0.0598841
448.8 5.34071 0.0484833
449 5.34071 0.0264877
449.2 5.34071 0.0296109
449.4 5.34071 0.0573495
449.6 5.34071 0.076125
449.8 5.34071 0.0646849
450 5.34071 0.0402005
450.2 5.34071 0.0311997
450.4 5.34071 0.0366868
450.6 5.34071 0.0297625
450.8 5.34071 0.00177802
451 5.34071 -0.0160122
451.2 5.34071 0.0105126
451.4 5.34071 0.0669788
451.6 5.34071 0.0958763
451.8 5.34071 0.0605979
452 5.34071 -0.00819526
452.2 5.34071 -0.044811
452.4 5.34071 -0.0245268
452.6 5.34071 0.00856613
452.8 5.34071 -0.00264953
453 5.34071 -0.0555865
453.2 5.34071 -0.0871592
453.4 5.34071 -0.0477022
453.6 5.34071 0.0374781
453.8 5.34071 0.091183
454 5.34071 0.0654387
454.2 5.34071 -0.0108835
454.4 5.34071 -0.0667195
454.6 5.34071 -0.0616756
454.8 5.34071 -0.0174688
455 5.34071 0.0165849
455.2 5.34071 0.0165139
455.4 5.34071 -0.00147743
455.6 5.34071 -0.00929093
455.8 5.34071 0.00161193
456 5.34071 0.0175989
456.2 5.34071 0.0228362
456.4 5.34071 0.0152237
456.6 5.34071 0.00442168
456.8 5.34071 -0.000287857
457 5.34071 0.00147023
457.2 5.34071 0.00220975
457.4 5.34071 -0.00518377
457.6 5.34071 -0.0184655
457.8 5.34071 -0.0245524
458 5.34071 -0.0104549
458.2 5.34071 0.0203804
458.4 5.34071 0.0437033
458.6 5.34071 0.0321508
458.8 5.34071 -0.0184681
459 5.34071 -0.0812925
459.2 5.34071 -0.119528
459.4 5.34071 -0.116326
459.6 5.34071 -0.0835437
459.8 5.34071 -0.0441564
460 5.34071 -0.0114003
460.2 5.34071 0.0137878
460.4 5.34071 0.0321861
460.6 5.34071 0.0419992
460.8 5.34071 0.0451793
461 5.34071 0.0490419
461.2 5.34071 0.0547994
461.4 5.34071 0.0491007
461.6 5.34071 0.0175868
461.8 5.34071 -0.0302902
462 5.34071 -0.0597468
462.2 5.34071 -0.0451037
462.4 5.34071 -0.00532305
462.6 5.34071 0.00654082
462.8 5.34071 -0.0418065
463 5.34071 -0.120539
463.2 5.34071 -0.160292
463.4 5.34071 -0.119689
463.6 5.34071 -0.0262749
463.8 5.34071 0.0520251
464 5.34071 0.0712866
464.2 5.34071 0.0423793
464.4 5.34071 0.00395343
464.6 5.34071 -0.0207007
464.8 5.34071 -0.0325802
465 5.34071 -0.0341502
465.2 5.34071 -0.0171562
465.4 5.34071 0.0192777
465.6 5.34071 0.0507471
465.8 5.34071 0.0452142
466 5.34071 0.00218677
466.2 5.34071 -0.0377577
466.4 5.34071 -0.0337103
466.6 5.34071 0.00823834
466.8 5.34071 0.0395966
467 5.34071 0.025068
467.2 5.34071 -0.0154718
467.4 5.34071 -0.0302116
467.6 5.34071 0.00198829
467.8 5.34071 0.0446586
468 5.34071 0.0463805
468.2 5.34071 0.00343385
468.4 5.34071 -0.0326265
468.6 5.34071 -0.0137357
468.8 5.34071 0.0469695
469 5.34071 0.0858509
469.2 5.34071 0.0573426
469.4 5.34071 -0.0153106
469.6 5.34071 -0.0624644
469.8 5.34071 -0.0380504
470 5.34071 0.0366393
470.2 5.34071 0.0966418
470.4 5.34071 0.0942767
470.6 5.34071 0.0357399
470.8 5.34071 -0.0339701
471 5.34071 -0.0722439
471.2 5.34071 -0.0652523
471.4 5.34071 -0.0261135
471.6 5.34071 0.0201306
471.8 5.34071 0.0484514
472 5.34071 0.0425004
472.2 5.34071 0.00397795
472.4 5.34071 -0.0438383
472.6 5.34071 -0.0694179
472.8 5.34071 -0.0582386
473 5.34071 -0.0269217
473.2 5.34071 -0.00837563
473.4 5.34071 -0.0192883
473.6 5.34071 -0.0427772
473.8 5.34071 -0.045889
474 5.34071 -0.0152999
474.2 5.34071 0.0260664
474.4 5.34071 0.0398818
474.6 5.34071 0.0100295
474.8 5.34071 -0.0413511
475 5.34071 -0.0751264
475.2 5.34071 -0.0711861
475.4 5.34071 -0.0434054
475.6 5.34071 -0.0212836
475.8 5.34071 -0.0203369
476 5.34071 -0.0314268
476.2 5.34071 -0.0360025
476.4 5.34071 -0.0269183
476.6 5.34071 -0.012408
476.8 5.34071 -0.00275477
477 5.34071 0.00185946
477.2 5.34071 0.00828097
477.4 5.34071 0.0181713
477.6 5.34071 0.0234034
477.8 5.34071 0.0153973
478 5.34071 -0.00302212
478.2 5.34071 -0.0182222
478.4 5.34071 -0.0193273
478.6 5.34071 -0.0101096
478.8 5.34071 -0.00616065
479 5.34071 -0.0201256
479.2 5.34071 -0.049794
479.4 5.34071 -0.0796785
479.6 5.34071 -0.0927825
479.8 5.34071 -0.0809503
480 5.34071 -0.0469292
480.2 5.34071 -0.000553709
480.4 5.34071 0.0452947
480.6 5.34071 0.0775599
480.8 5.34071 0.086924
481 5.34071 0.0728047
481.2 5.34071 0.0446686
481.4 5.34071 0.0161526
481.6 5.34071 -0.00435445
481.8 5.34071 -0.0177058
482 5.34071 -0.0283242
482.2 5.34071 -0.0352016
482.4 5.34071 -0.0309796
482.6 5.34071 -0.0120779
482.8 5.34071 0.0111399
483 5.34071 0.0186846
483.2 5.34071 2.2733e-05
483.4 5.34071 -0.0303981
483.6 5.34071 -0.0411474
483.8 5.34071 -0.012946
484 5.34071 0.0383538
484.2 5.34071 0.0714434
484.4 5.34071 0.0571722
484.6 5.34071 0.00785674
484.8 5.34071 -0.0334116
485 5.34071 -0.0350726
485.2 5.34071 -0.00755208
485.4 5.34071 0.0107952
485.6 5.34071 -0.00269946
485.8 5.34071 -0.0303747
486 5.34071 -0.0366302
486.2 5.34071 -0.0120646
486.4 5.34071 0.0119467
486.6 5.34071 -0.00305128
486.8 5.34071 -0.0577449
487 5.34071 -0.110262
487.2 5.34071 -0.117801
487.4 5.34071 -0.0786629
487.6 5.34071 -0.029057
487.8 5.34071 -0.00200622
488 5.34071 0.00254982
488.2 5.34071 0.00456788
488.4 5.34071 0.0099104
488.6 5.34071 0.00147769
488.8 5.34071 -0.0332386
489 5.34071 -0.0757425
489.2 5.34071 -0.0895258
489.4 5.34071 -0.0613416
489.6 5.34071 -0.0208269
489.8 5.34071 -0.0108852
490 5.34071 -0.0396428
490.2 5.34071 -0.0696719
490.4 5.34071 -0.0593967
490.6 5.34071 -0.0117356
490.8 5.34071 0.0247086
491 5.34071 0.00486634
491.2 5.34071 -0.0649089
491.4 5.34071 -0.129506
491.6 5.34071 -0.13455
491.8 5.34071 -0.0736759
492 5.34071 0.0080699
492.2 5.34071 0.0525764
492.4 5.34071 0.0331189
492.6 5.34071 -0.0286177
492.8 5.34071 -0.0808354
493 5.34071 -0.0801039
493.2 5.34071 -0.0241525
493.4 5.34071 0.0444233
493.6 5.34071 0.0707255
493.8 5.34071 0.0345792
494 5.34071 -0.0286139
494.2 5.34071 -0.0577271
494.4 5.34071 -0.0235423
494.6 5.34071 0.0418497
494.8 5.34071 0.0762825
495 5.34071 0.0493742
495.2 5.34071 -0.00995037
495.4 5.34071 -0.0487677
495.6 5.34071 -0.0472217
495.8 5.34071 -0.0325966
496 5.34071 -0.0376347
496.2 5.34071 -0.0564453
496.4 5.34071 -0.0526098
496.6 5.34071 -0.0086187
496.8 5.34071 0.0461668
497 5.34071 0.0656571
497.2 5.34071 0.0393787
497.4 5.34071 0.00302564
497.6 5.34071 -0.0055605
497.8 5.34071 0.0101539
498 5.34071 0.0160625
498.2 5.34071 -0.00296131
498.4 5.34071 -0.019463
498.6 5.34071 0.00194275
498.8 5.34071 0.0543719
499 5.34071 0.0878351
499.2 5.34071 0.0629622
499.4 5.34071 -0.00325486
499.6 5.34071 -0.0542562
499.8 5.34071 -0.0528057
500 5.34071 -0.0134872
500.2 5.34071 0.0243467
500.4 5.34071 0.0434466
500.6 5.34071 0.0571485
500.8 5.34071 0.0761894
501 5.34071 0.0851546
501.2 5.34071 0.0632141
501.4 5.34071 0.0205269
501.6 5.34071 -0.00343255
501.8 5.34071 0.0153782
502 5.34071 0.0521625
502.2 5.34071 0.0571999
502.4 5.34071 0.0131895
502.6 5.34071 -0.0421806
502.8 5.34071 -0.0574252
503 5.34071 -0.0251735
503.2 5.34071 0.0110668
503.4 5.34071 0.00860029
503.6 5.34071 -0.0250441
503.8 5.34071 -0.0410337
504 5.34071 -0.00375022
504.2 5.34071 0.0714155
504.4 5.34071 0.135022
504.6 5.34071 0.150855
504.8 5.34071 0.122221
505 5.34071 0.0784075
505.2 5.34071 0.0456657
505.4 5.34071 0.0324086
505.6 5.34071 0.0318993
505.8 5.34071 0.0291764
506 5.34071 0.00812314
506.2 5.34071 -0.0358843
506.4 5.34071 -0.0835839
506.6 5.34071 -0.0990296
506.8 5.34071 -0.0613365
507 5.34071 0.00697053
507.2 5.34071 0.0509632
507.4 5.34071 0.0318691
507.6 5.34071 -0.0336731
507.8 5.34071 -0.0866182
508 5.34071 -0.0800411
508.2 5.34071 -0.0198749
508.4 5.34071 0.0469002
508.6 5.34071 0.0786757
508.8 5.34071 0.069816
509 5.34071 0.041116
509.2 5.34071 0.0122293
509.4 5.34071 -0.00976986
509.6 5.34071 -0.0214277
509.8 5.34071 -0.01637
510 5.34071 0.00558184
510.2 5.34071 0.0287172
510.4 5.34071 0.0312392
510.6 5.34071 0.00866668
510.8 5.34071 -0.0167854
511 5.34071 -0.0155974
511.2 5.34071 0.0192486
511.4 5.34071 0.0634111
511.6 5.34071 0.0828002
511.8 5.34071 0.0637983
512 5.34071 0.0239124
512.2 5.34071 -0.0046481
512.4 5.34071 -0.00221867
512.6 5.34071 0.0224816
512.8 5.34071 0.0392863
513 5.34071 0.021363
513.2 5.34071 -0.0296845
513.4 5.34071 -0.0798561
513.6 5.34071 -0.0883662
513.8 5.34071 -0.0449436
514 5.34071 0.0161315
514.2 5.34071 0.043987
514.4 5.34071 0.0185607
514.6 5.34071 -0.0295548
514.8 5.34071 -0.0491319
515 5.34071 -0.0182803
515.2 5.34071 0.0365891
515.4 5.34071 0.069875
515.6 5.34071 0.0591863
515.8 5.34071 0.0172064
516 5.34071 -0.030331
516.2 5.34071 -0.0670848
516.4 5.34071 -0.0857235
516.6 5.34071 -0.0788841
516.8 5.34071 -0.0454482
517 5.34071 -0.00560102
517.2 5.34071 0.00570553
517.4 5.34071 -0.0266259
517.6 5.34071 -0.072783
517.8 5.34071 -0.0809011
518 5.34071 -0.0311436
518.2 5.34071 0.0395378
518.4 5.34071 0.0751809
518.6 5.34071 0.0605319
518.8 5.34071 0.0333148
519 5.34071 0.0354873
519.2 5.34071 0.0635404
519.4 5.34071 0.0778705
519.6 5.34071 0.0562055
519.8 5.34071 0.0211742
520 5.34071 0.00777183
520.2 5.34071 0.0157399
520.4 5.34071 0.0119417
520.6 5.34071 -0.0192034
520.8 5.34071 -0.0456396
521 5.34071 -0.022898
521.2 5.34071 0.0458142
521.4 5.34071 0.102804
521.6 5.34071 0.097018
521.8 5.34071 0.0413942
522 5.34071 -0.00381325
522.2 5.34071 -0.00208684
522.4 5.34071 0.0205465
522.6 5.34071 0.0149841
522.8 5.34071 -0.0246556
523 5.34071 -0.0514001
523.2 5.34071 -0.0239016
523.4 5.34071 0.0402826
523.6 5.34071 0.0820802
523.8 5.34071 0.0665415
524 5.34071 0.0172503
524.2 5.34071 -0.0174513
524.4 5.34071 -0.0202001
524.6 5.34071 -0.0147556
524.8 5.34071 -0.0252842
525 5.34071 -0.041658
525.2 5.34071 -0.0337229
525.4 5.34071 0.00770739
525.6 5.34071 0.0567682
525.8 5.34071 0.0812062
526 5.34071 0.0760162
526.2 5.34071 0.0629581
526.4 5.34071 0.0614707
526.6 5.34071 0.0683891
526.8 5.34071 0.0665512
527 5.34071 0.0461305
527.2 5.34071 0.0136953
527.4 5.34071 -0.0152331
527.6 5.34071 -0.0275152
527.8 5.34071 -0.0197748
528 5.34071 -0.00239236
528.2 5.34071 0.00337865
528.4 5.34071 -0.0179995
528.6 5.34071 -0.054923
528.8 5.34071 -0.0691066
529 5.34071 -0.0300541
529.2 5.34071 0.046316
529.4 5.34071 0.103059
529.6 5.34071 0.0970323
529.8 5.34071 0.0467466
530 5.34071 0.0147695
530.2 5.34071 0.0381475
530.4 5.34071 0.0854883
530.6 5.34071 0.0936175
530.8 5.34071 0.0433104
531 5.34071 -0.0155869
531.2 5.34071 -0.0207883
531.4 5.34071 0.0307783
531.6 5.34071 0.0810147
531.8 5.34071 0.0783679
532 5.34071 0.0324402
532.2 5.34071 -0.00597535
532.4 5.34071 -0.00748655
532.6 5.34071 0.0104635
532.8 5.34071 0.019464
533 5.34071 0.0204146
533.2 5.34071 0.0321354
533.4 5.34071 0.049278
533.6 5.34071 0.0368917
533.8 5.34071 -0.0214787
534 5.34071 -0.0852306
534.2 5.34071 -0.0889371
534.4 5.34071 -0.0172093
534.6 5.34071 0.0686007
534.8 5.34071 0.0915624
535 5.34071 0.0404643
535.2 5.34071 -0.0235846
535.4 5.34071 -0.0418093
535.6 5.34071 -0.0219993
535.8 5.34071 -0.0165473
536 5.34071 -0.0472708
536.2 5.34071 -0.0743488
536.4 5.34071 -0.048256
536.6 5.34071 0.0225092
536.8 5.34071 0.07453
537 5.34071 0.0602351
537.2 5.34071 0.000521765
537.4 5.34071 -0.0423098
537.6 5.34071 -0.0343759
537.8 5.34071 0.00111858
538 5.34071 0.0227698
538.2 5.34071 0.0210433
538.4 5.34071 0.0180927
538.6 5.34071 0.0269491
538.8 5.34071 0.0300994
539 5.34071 0.00532293
539.2 5.34071 -0.0388895
539.4 5.34071 -0.0675952
539.6 5.34071 -0.0585821
539.8 5.34071 -0.0265709
540 5.34071 -0.00402105
540.2 5.34071 -0.00542041
540.4 5.34071 -0.0184604
540.6 5.34071 -0.0265567
540.8 5.34071 -0.0290626
541 5.34071 -0.0362523
541.2 5.34071 -0.0535559
541.4 5.34071 -0.0788706
541.6 5.34071 -0.110125
541.8 5.34071 -0.142985
542 5.34071 -0.158884
542.2 5.34071 -0.129347
542.4 5.34071 -0.0467685
542.6 5.34071 0.0508913
542.8 5.34071 0.101901
543 5.34071 0.0777948
543.2 5.34071 0.0146552
543.4 5.34071 -0.0230222
543.6 5.34071 -0.00969395
543.8 5.34071 0.0194462
544 5.34071 0.0173571
544.2 5.34071 -0.0152568
544.4 5.34071 -0.0333058
544.6 5.34071 -0.00905858
544.8 5.34071 0.0265896
545 5.34071 0.0182574
545.2 5.34071 -0.0433273
545.4 5.34071 -0.101623
545.6 5.34071 -0.0933581
545.8 5.34071 -0.0190405
546 5.34071 0.0569311
546.2 5.34071 0.0754554
546.4 5.34071 0.0406539
546.6 5.34071 0.00403361
546.8 5.34071 0.00139463
547 5.34071 0.0195863
547.2 5.34071 0.0257052
547.4 5.34071 0.0143298
547.6 5.34071 0.0125264
547.8 5.34071 0.0411253
548 5.34071 0.0850964
548.2 5.34071 0.11011
548.4 5.34071 0.102425
548.6 5.34071 0.0820549
548.8 5.34071 0.075116
549 5.34071 0.0814085
549.2 5.34071 0.076039
549.4 5.34071 0.0412573
549.6 5.34071 -0.00972878
549.8 5.34071 -0.0432243
550 5.34071 -0.0369086
550.2 5.34071 -0.000409846
550.4 5.34071 0.0338307
550.6 5.34071 0.0388936
550.8 5.34071 0.0158572
551 5.34071 -0.0080027
551.2 5.34071 -0.00468817
551.4 5.34071 0.0256634
551.6 5.34071 0.0504305
551.8 5.34071 0.0355587
552 5.34071 -0.0129892
552.2 5.34071 -0.0428995
552.4 5.34071 -0.00339657
552.6 5.34071 0.0932101
552.8 5.34071 0.165402
553 5.34071 0.132644
553.2 5.34071 -0.000359873
553.4 5.34071 -0.136068
553.6 5.34071 -0.170727
553.8 5.34071 -0.0912469
554 5.34071 0.018028
554.2 5.34071 0.0646013
554.4 5.34071 0.0367365
554.6 5.34071 -0.000718702
554.8 5.34071 0.0100349
555 5.34071 0.0562684
555.2 5.34071 0.0794373
555.4 5.34071 0.0505995
555.6 5.34071 0.00417496
555.8 5.34071 -0.00577359
556 5.34071 0.0309354
556.2 5.34071 0.0721527
556.4 5.34071 0.0739707
556.6 5.34071 0.0359553
556.8 5.34071 -0.00799887
557 5.34071 -0.0317538
557.2 5.34071 -0.0372765
557.4 5.34071 -0.0361905
557.6 5.34071 -0.0274387
557.8 5.34071 -0.00318375
558 5.34071 0.0309336
558.2 5.34071 0.0562014
558.4 5.34071 0.0642019
558.6 5.34071 0.0681028
558.8 5.34071 0.0811961
559 5.34071 0.090635
559.2 5.34071 0.067648
559.4 5.34071 0.00857013
559.6 5.34071 -0.0464098
559.8 5.34071 -0.0497956
560 5.34071 -0.00156858
560.2 5.34071 0.0448323
560.4 5.34071 0.0390435
560.6 5.34071 -0.0107812
560.8 5.34071 -0.0500252
561 5.34071 -0.0435915
561.2 5.34071 -0.0167997
561.4 5.34071 -0.0215137
561.6 5.34071 -0.0693094
561.8 5.34071 -0.114123
562 5.34071 -0.106133
562.2 5.34071 -0.052024
562.4 5.34071 -0.00866382
562.6 5.34071 -0.0179118
562.8 5.34071 -0.0598897
563 5.34071 -0.0778533
563.2 5.34071 -0.0428492
563.4 5.34071 0.0165816
563.6 5.34071 0.0484395
563.8 5.34071 0.0304941
564 5.34071 -0.0155944
564.2 5.34071 -0.054354
564.4 5.34071 -0.0685573
564.6 5.34071 -0.0617213
564.8 5.34071 -0.0429058
565 5.34071 -0.0205691
565.2 5.34071 -0.00666161
565.4 5.34071 -0.0119187
565.6 5.34071 -0.0303054
565.8 5.34071 -0.0369909
566 5.34071 -0.0139856
566.2 5.34071 0.0219961
566.4 5.34071 0.0287657
566.6 5.34071 -0.0163706
566.8 5.34071 -0.0859354
567 5.34071 -0.126325
567.2 5.34071 -0.113933
567.4 5.34071 -0.0784728
567.6 5.34071 -0.0647409
567.8 5.34071 -0.0779123
568 5.34071 -0.0788592
568.2 5.34071 -0.0358073
568.4 5.34071 0.0306809
568.6 5.34071 0.0658879
568.8 5.34071 0.042648
569 5.34071 -0.00634066
569.2 5.34071 -0.0239104
569.4 5.34071 0.00937309
569.6 5.34071 0.0570518
569.8 5.34071 0.0701276
570 5.34071 0.0393276
570.2 5.34071 -0.000433161
570.4 5.34071 -0.0114216
570.6 5.34071 0.0107216
570.8 5.34071 0.0415761
571 5.34071 0.05747
571.2 5.34071 0.0524849
571.4 5.34071 0.0314708
571.6 5.34071 -0.000476433
571.8 5.34071 -0.0355838
572 5.34071 -0.0578194
572.2 5.34071 -0.0514189
572.4 5.34071 -0.018072
572.6 5.34071 0.0200759
572.8 5.34071 0.0395709
573 5.34071 0.0360067
573.2 5.34071 0.0224858
573.4 5.34071 0.0107478
573.6 5.34071 0.000988964
573.8 5.34071 -0.00820408
574 5.34071 -0.00807946
574.2 5.34071 0.0124745
574.4 5.34071 0.0473229
574.6 5.34071 0.0704613
574.8 5.34071 0.0604824
575 5.34071 0.0255455
575.2 5.34071 -0.00290795
575.4 5.34071 -0.00337693
575.6 5.34071 0.0137925
575.8 5.34071 0.021364
576 5.34071 0.00793391
576.2 5.34071 -0.011125
576.4 5.34071 -0.0155288
576.6 5.34071 -0.00458372
576.8 5.34071 0.00694661
577 5.34071 0.0136905
577.2 5.34071 0.0296251
577.4 5.34071 0.0671088
577.6 5.34071 0.11097
577.8 5.34071 0.12365
578 5.34071 0.0811922
578.2 5.34071 0.00220797
578.4 5.34071 -0.062947
578.6 5.34071 -0.0731055
578.8 5.34071 -0.0279222
579 5.34071 0.0361085
579.2 5.34071 0.0757296
579.4 5.34071 0.0690687
579.6 5.34071 0.0243095
579.8 5.34071 -0.0296738
580 5.34071 -0.0614254
580.2 5.34071 -0.0559562
580.4 5.34071 -0.0249818
580.6 5.34071 0.0013001
580.8 5.34071 -0.00113004
581 5.34071 -0.0289376
581.2 5.34071 -0.0548827
581.4 5.34071 -0.054393
581.6 5.34071 -0.028924
581.8 5.34071 -0.00295309
582 5.34071 -0.000178634
582.2 5.34071 -0.0245584
582.4 5.34071 -0.0617771
582.6 5.34071 -0.0920209
582.8 5.34071 -0.0985024
583 5.34071 -0.0712936
583.2 5.34071 -0.0156951
583.4 5.34071 0.039644
583.6 5.34071 0.0540319
583.8 5.34071 0.00951885
584 5.34071 -0.0617377
584.2 5.34071 -0.0955118
584.4 5.34071 -0.0538559
584.6 5.34071 0.032797
584.8 5.34071 0.0903471
585 5.34071 0.0741043
585.2 5.34071 0.0152999
585.4 5.34071 -0.0116908
585.6 5.34071 0.031264
585.8 5.34071 0.105156
586 5.34071 0.1351
586.2 5.34071 0.0882658
586.4 5.34071 0.00456322
586.6 5.34071 -0.0488324
586.8 5.34071 -0.0450697
587 5.34071 -0.0146904
587.2 5.34071 -0.00161886
587.4 5.34071 -0.0135668
587.6 5.34071 -0.0211631
587.8 5.34071 0.000615146
588 5.34071 0.0408449
588.2 5.34071 0.0651652
588.4 5.34071 0.0535087
588.6 5.34071 0.0187688
588.8 5.34071 -0.0111203
589 5.34071 -0.0229382
589.2 5.34071 -0.0264859
589.4 5.34071 -0.0365194
589.6 5.34071 -0.0529003
589.8 5.34071 -0.061337
590 5.34071 -0.0506879
590.2 5.34071 -0.0251197
590.4 5.34071 0.00192339
590.6 5.34071 0.022553
590.8 5.34071 0.0394811
591 5.34071 0.0557148
591.2 5.34071 0.0628396
591.4 5.34071 0.0445437
591.6 5.34071 -0.0052539
591.8 5.34071 -0.0691257
592 5.34071 -0.114758
592.2 5.34071 -0.120478
592.4 5.34071 -0.0927689
592.6 5.34071 -0.0576477
592.8 5.34071 -0.0349082
593 5.34071 -0.0227388
593.2 5.34071 -0.00782421
593.4 5.34071 0.0129342
593.6 5.34071 0.0259353
593.8 5.34071 0.0174252
594 5.34071 -0.00718245
594.2 5.34071 -0.0246833
594.4 5.34071 -0.0151925
594.6 5.34071 0.0201419
594.8 5.34071 0.0617144
595 5.34071 0.0871252
595.2 5.34071 0.0828584
595.4 5.34071 0.0469788
595.6 5.34071 -0.00918615
595.8 5.34071 -0.0593047
596 5.34071 -0.0714606
596.2 5.34071 -0.0327838
596.4 5.34071 0.03204
596.6 5.34071 0.0748703
596.8 5.34071 0.0653023
597 5.34071 0.0173441
597.2 5.34071 -0.0294869
597.4 5.34071 -0.0539479
597.6 5.34071 -0.0688557
597.8 5.34071 -0.0901051
598 5.34071 -0.102029
598.2 5.34071 -0.0713217
598.4 5.34071 0.00132875
598.6 5.34071 0.0604163
598.8 5.34071 0.0457993
599 5.34071 -0.0356975
599.2 5.34071 -0.105118
599.4 5.34071 -0.090711
599.6 5.34071 -0.00643567
599.8 5.34071 0.0629677
600 5.34071 0.0561738
600.2 5.34071 0.000383758
600.4 5.34071 -0.0286211
600.6 5.34071 -0.00129556
600.8 5.34071 0.0317801
601 5.34071 0.00701399
601.2 5.34071 -0.0678723
601.4 5.34071 -0.116976
601.6 5.34071 -0.0835755
601.8 5.34071 0.00389972
602 5.34071 0.0644722
602.2 5.34071 0.0533068
602.4 5.34071 0.000791461
602.6 5.34071 -0.0362222
602.8 5.34071 -0.0418638
603 5.34071 -0.0444254
603.2 5.34071 -0.0619901
603.4 5.34071 -0.069566
603.6 5.34071 -0.0328181
603.8 5.34071 0.0376325
604 5.34071 0.0849442
604.2 5.34071 0.0638177
604.4 5.34071 -0.0108962
604.6 5.34071 -0.0800761
604.8 5.34071 -0.0984477
605 5.34071 -0.0687996
605.2 5.34071 -0.024462
605.4 5.34071 0.00747033
605.6 5.34071 0.020337
605.8 5.34071 0.0187591
606 5.34071 0.0113883
606.2 5.34071 0.0121326
606.4 5.34071 0.0329393
606.6 5.34071 0.0655618
606.8 5.34071 0.078906
607 5.34071 0.0490409
607.2 5.34071 -0.00657911
607.4 5.34071 -0.0378427
607.6 5.34071 -0.0139453
607.8 5.34071 0.0399936
608 5.34071 0.0698739
608.2 5.34071 0.05537
608.4 5.34071 0.0320975
608.6 5.34071 0.0434576
608.8 5.34071 0.0808534
609 5.34071 0.0887355
609.2 5.34071 0.0318971
609.4 5.34071 -0.0564762
609.6 5.34071 -0.105848
609.8 5.34071 -0.0823508
610 5.34071 -0.0191145
610.2 5.34071 0.0270751
610.4 5.34071 0.0349708
610.6 5.34071 0.0254366
610.8 5.34071 0.0206026
611 5.34071 0.017223
611.2 5.34071 0.00476357
611.4 5.34071 -0.00876031
611.6 5.34071 -0.0079279
611.8 5.34071 -0.00192125
612 5.34071 -0.022523
612.2 5.34071 -0.0779294
612.4 5.34071 -0.122552
612.6 5.34071 -0.0962295
612.8 5.34071 0.00165828
613 5.34071 0.0946024
613.2 5.34071 0.102182
613.4 5.34071 0.0271873
613.6 5.34071 -0.0460079
613.8 5.34071 -0.0445569
614 5.34071 0.0148737
614.2 5.34071 0.0528475
614.4 5.34071 0.0247051
614.6 5.34071 -0.0287262
614.8 5.34071 -0.0360721
615 5.34071 0.0137708
615.2 5.34071 0.0560596
615.4 5.34071 0.0288035
615.6 5.34071 -0.0497208
615.8 5.34071 -0.0979986
616 5.34071 -0.0632033
616.2 5.34071 0.0183104
616.4 5.34071 0.0610222
616.6 5.34071 0.02372
616.8 5.34071 -0.0486524
617 5.34071 -0.077778
617.2 5.34071 -0.0371324
617.4 5.34071 0.0242596
617.6 5.34071 0.0409519
617.8 5.34071 0.00414973
618 5.34071 -0.031153
618.2 5.34071 -0.0101811
618.4 5.34071 0.0574263
618.6 5.34071 0.102993
618.8 5.34071 0.0690105
619 5.34071 -0.0291199
619.2 5.34071 -0.114417
619.4 5.34071 -0.122547
619.6 5.34071 -0.063269
619.8 5.34071 -0.00642962
620 5.34071 -0.00853942
620.2 5.34071 -0.0566965
620.4 5.34071 -0.0869758
620.6 5.34071 -0.0538087
620.8 5.34071 0.0254129
621 5.34071 0.0939334
621.2 5.34071 0.114153
621.4 5.34071 0.0941732
621.6 5.34071 0.0610309
621.8 5.34071 0.0238744
622 5.34071 -0.0247584
622.2 5.34071 -0.0782833
622.4 5.34071 -0.105718
622.6 5.34071 -0.083211
622.8 5.34071 -0.0287908
623 5.34071 0.00863933
623.2 5.34071 -0.00081871
623.4 5.34071 -0.0377857
623.6 5.34071 -0.0598331
623.8 5.34071 -0.0518527
624 5.34071 -0.0390178
624.2 5.34071 -0.0492075
624.4 5.34071 -0.07484
624.6 5.34071 -0.0823287
624.8 5.34071 -0.05476
625 5.34071 -0.0124792
625.2 5.34071 0.0121028
625.4 5.34071 0.0102045
625.6 5.34071 -0.00146118
625.8 5.34071 -0.00836035
626 5.34071 -0.0137735
626.2 5.34071 -0.0237548
626.4 5.34071 -0.0289825
626.6 5.34071 -0.013901
626.8 5.34071 0.0198639
627 5.34071 0.0529218
627.2 5.34071 0.0745997
627.4 5.34071 0.0968767
627.6 5.34071 0.12937
627.8 5.34071 0.14763
628 5.34071 0.107856
628.2 5.34071 0.00480201
628.4 5.34071 -0.0976259
628.6 5.34071 -0.115495
628.8 5.34071 -0.0318715
629 5.34071 0.0766068
629.2 5.34071 0.112118
629.4 5.34071 0.0530629
629.6 5.34071 -0.0292022
629.8 5.34071 -0.050005
630 5.34071 0.00324642
630.2 5.34071 0.0687188
630.4 5.34071 0.0820461
630.6 5.34071 0.0370416
630.8 5.34071 -0.0220683
631 5.34071 -0.0511082
631.2 5.34071 -0.039448
631.4 5.34071 -0.00517962
631.6 5.34071 0.0238274
631.8 5.34071 0.0226903
632 5.34071 -0.0176798
632.2 5.34071 -0.0746137
632.4 5.34071 -0.0980261
632.6 5.34071 -0.0516677
632.8 5.34071 0.0414854
633 5.34071 0.107577
633.2 5.34071 0.0914304
633.4 5.34071 0.0164963
633.6 5.34071 -0.0377237
633.8 5.34071 -0.0222198
634 5.34071 0.0291915
634.2 5.34071 0.0432373
634.4 5.34071 -0.00571467
634.6 5.34071 -0.0697462
634.8 5.34071 -0.0908299
635 5.34071 -0.0706841
635.2 5.34071 -0.0598161
635.4 5.34071 -0.0835051
635.6 5.34071 -0.103581
635.8 5.34071 -0.0669792
636 5.34071 0.0212396
636.2 5.34071 0.0946729
636.4 5.34071 0.0978342
636.6 5.34071 0.0448026
636.8 5.34071 -0.00482471
637 5.34071 -0.0164391
637.2 5.34071 -0.00878664
637.4 5.34071 -0.0132277
637.6 5.34071 -0.0274299
637.8 5.34071 -0.0263674
638 5.34071 -0.00895402
638.2 5.34071 -0.00845109
638.4 5.34071 -0.0463622
638.6 5.34071 -0.0918201
638.8 5.34071 -0.0876248
639 5.34071 -0.0177127
639.2 5.34071 0.066808
639.4 5.34071 0.0987776
639.6 5.34071 0.064156
639.8 5.34071 0.00892598
640 5.34071 -0.0189066
640.2 5.34071 -0.0186829
640.4 5.34071 -0.0218435
640.6 5.34071 -0.0402423
640.8 5.34071 -0.047863
641 5.34071 -0.0171565
641.2 5.34071 0.0393807
641.4 5.34071 0.0760114
641.6 5.34071 0.0605695
641.8 5.34071 0.00624984
642 5.34071 -0.0443279
642.2 5.34071 -0.0599884
642.4 5.34071 -0.0428493
642.6 5.34071 -0.0165326
642.8 5.34071 -0.00142998
643 5.34071 -0.00109369
643.2 5.34071 -0.00447084
643.4 5.34071 0.00280392
643.6 5.34071 0.0245968
643.8 5.34071 0.0459932
644 5.34071 0.0416361
644.2 5.34071 0.000902042
644.4 5.34071 -0.0530192
644.6 5.34071 -0.0767576
644.8 5.34071 -0.0474991
645 5.34071 0.0110521
645.2 5.34071 0.0502523
645.4 5.34071 0.0464159
645.6 5.34071 0.0240629
645.8 5.34071 0.0257526
646 5.34071 0.063317
646.2 5.34071 0.105686
646.4 5.34071 0.114027
646.6 5.34071 0.0804579
646.8 5.34071 0.0282605
647 5.34071 -0.0180204
647.2 5.34071 -0.0523364
647.4 5.34071 -0.0782643
647.6 5.34071 -0.0931673
647.8 5.34071 -0.0903497
648 5.34071 -0.0725124
648.2 5.34071 -0.0529147
648.4 5.34071 -0.0412015
648.6 5.34071 -0.0353792
648.8 5.34071 -0.031345
649 5.34071 -0.0328221
649.2 5.34071 -0.043317
649.4 5.34071 -0.052433
649.6 5.34071 -0.043632
649.8 5.34071 -0.0202253
650 5.34071 -0.0114428
650.2 5.34071 -0.0383964
650.4 5.34071 -0.077444
650.6 5.34071 -0.0759948
650.8 5.34071 -0.0151308
651 5.34071 0.0553041
651.2 5.34071 0.0634621
651.4 5.34071 -0.000575771
651.6 5.34071 -0.065234
651.8 5.34071 -0.0554665
652 5.34071 0.0187791
652.2 5.34071 0.0714283
652.4 5.34071 0.041597
652.6 5.34071 -0.0325219
652.8 5.34071 -0.0581324
653 5.34071 0.00127692
653.2 5.34071 0.08164
653.4 5.34071 0.0940016
653.6 5.34071 0.0279028
653.8 5.34071 -0.041153
654 5.34071 -0.0443799
654.2 5.34071 0.00230473
654.4 5.34071 0.0262793
654.6 5.34071 -0.00930129
654.8 5.34071 -0.0639572
655 5.34071 -0.0741379
655.2 5.34071 -0.030001
655.4 5.34071 0.0188527
655.6 5.34071 0.0278521
655.8 5.34071 0.00772243
656 5.34071 0.00290215
656.2 5.34071 0.0328783
656.4 5.34071 0.0704034
656.6 5.34071 0.0770321
656.8 5.34071 0.0469487
657 5.34071 0.00909506
657.2 5.34071 -0.00645018
657.4 5.34071 0.00462718
657.6 5.34071 0.0243057
657.8 5.34071 0.032648
658 5.34071 0.0231586
658.2 5.34071 0.00661632
658.4 5.34071 0.00466027
658.6 5.34071 0.0322322
658.8 5.34071 0.0768538
659 5.34071 0.0988814
659.2 5.34071 0.0669948
659.4 5.34071 -0.00038174
659.6 5.34071 -0.0409541
659.8 5.34071 -0.0115522
660 5.34071 0.0560016
660.2 5.34071 0.0788092
660.4 5.34071 0.0134887
660.6 5.34071 -0.0872685
660.8 5.34071 -0.126039
661 5.34071 -0.0689327
661.2 5.34071 0.0141034
661.4 5.34071 0.0292534
661.6 5.34071 -0.0321985
661.8 5.34071 -0.0856148
662 5.34071 -0.0559924
662.2 5.34071 0.0311475
662.4 5.34071 0.0808601
662.6 5.34071 0.0436429
662.8 5.34071 -0.0252435
663 5.34071 -0.0323443
663.2 5.34071 0.0429942
663.4 5.34071 0.125468
663.6 5.34071 0.13177
663.8 5.34071 0.0618905
664 5.34071 -0.0100703
664.2 5.34071 -0.024698
664.4 5.34071 0.00396159
664.6 5.34071 0.0213076
664.8 5.34071 0.00411615
665 5.34071 -0.019103
665.2 5.34071 -0.0154925
665.4 5.34071 0.00478016
665.6 5.34071 0.00124867
665.8 5.34071 -0.0436385
666 5.34071 -0.0981142
666.2 5.34071 -0.112158
666.4 5.34071 -0.0687479
666.6 5.34071 0.000325593
666.8 5.34071 0.0465045
667 5.34071 0.0481893
667.2 5.34071 0.0262074
667.4 5.34071 0.0215666
667.6 5.34071 0.0571995
667.8 5.34071 0.114542
668 5.34071 0.144666
668.2 5.34071 0.109563
668.4 5.34071 0.0211148
668.6 5.34071 -0.0612805
668.8 5.34071 -0.0807851
669 5.34071 -0.0364339
669.2 5.34071 0.0160568
669.4 5.34071 0.0216879
669.6 5.34071 -0.0180099
669.8 5.34071 -0.0519468
670 5.34071 -0.0396706
670.2 5.34071 0.0056959
670.4 5.34071 0.0397074
670.6 5.34071 0.0411027
670.8 5.34071 0.0285043
671 5.34071 0.0226515
671.2 5.34071 0.0111178
671.4 5.34071 -0.031775
671.6 5.34071 -0.0954213
671.8 5.34071 -0.126888
672 5.34071 -0.0884713
672.2 5.34071 -0.0111656
672.4 5.34071 0.0304313
672.6 5.34071 0.00163076
672.8 5.34071 -0.0492418
673 5.34071 -0.0450928
673.2 5.34071 0.0284953
673.4 5.34071 0.104101
673.6 5.34071 0.110444
673.8 5.34071 0.0548673
674 5.34071 0.0115945
674.2 5.34071 0.0307516
674.4 5.34071 0.0783715
674.6 5.34071 0.0792384
674.8 5.34071 0.0100602
675 5.34071 -0.0687375
675.2 5.34071 -0.0798416
675.4 5.34071 -0.015967
675.6 5.34071 0.0523838
675.8 5.34071 0.0540078
676 5.34071 -0.00972854
676.2 5.34071 -0.0724228
676.4 5.34071 -0.0753567
676.6 5.34071 -0.0236001
676.8 5.34071 0.0277777
677 5.34071 0.0320929
677.2 5.34071 -0.00925258
677.4 5.34071 -0.0580071
677.6 5.34071 -0.078454
677.8 5.34071 -0.0634174
678 5.34071 -0.0297661
678.2 5.34071 0.00215421
678.4 5.34071 0.0232493
678.6 5.34071 0.0357418
678.8 5.34071 0.0442972
679 5.34071 0.0480752
679.2 5.34071 0.0399571
679.4 5.34071 0.0130726
679.6 5.34071 -0.0304925
679.8 5.34071 -0.0763213
680 5.34071 -0.103766
680.2 5.34071 -0.0989962
680.4 5.34071 -0.0659137
680.6 5.34071 -0.0260402
680.8 5.34071 -0.00485811
681 5.34071 -0.0124838
681.2 5.34071 -0.0335164
681.4 5.34071 -0.0381574
681.6 5.34071 -0.00953213
681.8 5.34071 0.0366936
682 5.34071 0.063191
682.2 5.34071 0.0474465
682.4 5.34071 0.00803697
682.6 5.34071 -0.0108939
682.8 5.34071 0.0144092
683 5.34071 0.0597503
683.2 5.34071 0.076938
683.4 5.34071 0.0452416
683.6 5.34071 -0.0077312
683.8 5.34071 -0.0399151
684 5.34071 -0.042205
684.2 5.34071 -0.0419555
684.4 5.34071 -0.0593664
684.6 5.34071 -0.0742076
684.8 5.34071 -0.0485934
685 5.34071 0.0204647
685.2 5.34071 0.0864707
685.4 5.34071 0.100647
685.6 5.34071 0.06715
685.8 5.34071 0.039362
686 5.34071 0.0602816
686.2 5.34071 0.115977
686.4 5.34071 0.153531
686.6 5.34071 0.137462
686.8 5.34071 0.0791918
687 5.34071 0.0160242
687.2 5.34071 -0.0231799
687.4 5.34071 -0.0263533
687.6 5.34071 0.0104495
687.8 5.34071 0.0778928
688 5.34071 0.138647
688.2 5.34071 0.141156
688.4 5.34071 0.0689107
688.6 5.34071 -0.0282278
688.8 5.34071 -0.0731725
689 5.34071 -0.0415688
689.2 5.34071 0.00907459
689.4 5.34071 0.00562932
689.6 5.34071 -0.0503955
689.8 5.34071 -0.07903
690 5.34071 -0.0169724
690.2 5.34071 0.0977642
690.4 5.34071 0.156608
690.6 5.34071 0.0965007
690.8 5.34071 -0.0318292
691 5.34071 -0.120448
691.2 5.34071 -0.116921
691.4 5.34071 -0.0637116
691.6 5.34071 -0.0300362
691.8 5.34071 -0.029302
692 5.34071 -0.020148
692.2 5.34071 0.0240443
692.4 5.34071 0.0737178
692.6 5.34071 0.0799047
692.8 5.34071 0.0350689
693 5.34071 -0.0206958
693.2 5.34071 -0.0491277
693.4 5.34071 -0.0501533
693.6 5.34071 -0.043419
693.8 5.34071 -0.0312883
694 5.34071 0.00103665
694.2 5.34071 0.0526088
694.4 5.34071 0.0944997
694.6 5.34071 0.100359
694.8 5.34071 0.0774712
695 5.34071 0.0532904
695.2 5.34071 0.03665
695.4 5.34071 0.0110019
695.6 5.34071 -0.0289325
695.8 5.34071 -0.0531475
696 5.34071 -0.0294279
696.2 5.34071 0.0238173
696.4 5.34071 0.042535
696.6 5.34071 -0.0110028
696.8 5.34071 -0.0940495
697 5.34071 -0.121974
697.2 5.34071 -0.062509
697.4 5.34071 0.0271531
697.6 5.34071 0.0678982
697.8 5.34071 0.0491689
698 5.34071 0.0313641
698.2 5.34071 0.0606852
698.4 5.34071 0.107362
698.6 5.34071 0.106579
698.8 5.34071 0.0468923
699 5.34071 -0.0113072
699.2 5.34071 -0.0132556
699.4 5.34071 0.0179347
699.6 5.34071 0.0117899
699.8 5.34071 -0.0517269
700 5.34071 -0.103786
700.2 5.34071 -0.0637735
700.4 5.34071 0.0580836
700.6 5.34071 0.159641
700.8 5.34071 0.153513
701 5.34071 0.0575252
701.2 5.34071 -0.0330458
701.4 5.34071 -0.0525581
701.6 5.34071 -0.0235777
701.8 5.34071 -0.0076721
702 5.34071 -0.0216077
702.2 5.34071 -0.0244182
702.4 5.34071 0.0164425
702.6 5.34071 0.0709767
702.8 5.34071 0.0753824
703 5.34071 0.00794151
703.2 5.34071 -0.0801994
703.4 5.34071 -0.115779
703.6 5.34071 -0.07667
703.8 5.34071 -0.0081767
704 5.34071 0.0278952
704.2 5.34071 0.0116549
704.4 5.34071 -0.0260789
704.6 5.34071 -0.042319
704.8 5.34071 -0.0224599
705 5.34071 0.0123264
705.2 5.34071 0.0285819
705.4 5.34071 0.010285
705.6 5.34071 -0.027454
705.8 5.34071 -0.049213
706 5.34071 -0.0277245
706.2 5.34071 0.030267
706.4 5.34071 0.0846122
706.6 5.34071 0.0933115
706.8 5.34071 0.0490727
707 5.34071 -0.0143907
707.2 5.34071 -0.0533118
707.4 5.34071 -0.0508239
707.6 5.34071 -0.0236318
707.8 5.34071 0.00288815
708 5.34071 0.0190612
708.2 5.34071 0.0299984
708.4 5.34071 0.0388527
708.6 5.34071 0.0405463
708.8 5.34071 0.0323435
709 5.34071 0.0218989
709.2 5.34071 0.0179756
709.4 5.34071 0.0162358
709.6 5.34071 0.00279623
709.8 5.34071 -0.0249024
710 5.34071 -0.0463382
710.2 5.34071 -0.0344971
710.4 5.34071 0.0141592
710.6 5.34071 0.0699904
710.8 5.34071 0.0940417
711 5.34071 0.0724633
711.2 5.34071 0.0282462
711.4 5.34071 -0.000151915
711.6 5.34071 0.00713937
711.8 5.34071 0.0337135
712 5.34071 0.0394254
712.2 5.34071 -0.00543208
712.4 5.34071 -0.0892112
712.6 5.34071 -0.158138
712.8 5.34071 -0.154315
713 5.34071 -0.0670635
713.2 5.34071 0.0485965
713.4 5.34071 0.112426
713.6 5.34071 0.0882129
713.8 5.34071 0.0158718
714 5.34071 -0.0284258
714.2 5.34071 -0.00583305
714.4 5.34071 0.0534196
714.6 5.34071 0.0904232
714.8 5.34071 0.0813046
715 5.34071 0.0530062
715.2 5.34071 0.0401962
715.4 5.34071 0.0410073
715.6 5.34071 0.0253023
715.8 5.34071 -0.0198785
716 5.34071 -0.0682257
716.2 5.34071 -0.0829801
716.4 5.34071 -0.0583517
716.6 5.34071 -0.0217439
716.8 5.34071 0.0021708
717 5.34071 0.0166105
717.2 5.34071 0.0372894
717.4 5.34071 0.0624526
717.6 5.34071 0.0717937
717.8 5.34071 0.0548826
718 5.34071 0.0279494
718.2 5.34071 0.0146465
718.4 5.34071 0.0171164
718.6 5.34071 0.0172931
718.8 5.34071 0.00542829
719 5.34071 -0.00603995
719.2 5.34071 -0.00408848
719.4 5.34071 -0.000192577
719.6 5.34071 -0.0179046
719.8 5.34071 -0.0543653
720 5.34071 -0.0703492
720.2 5.34071 -0.0329758
720.4 5.34071 0.0364139
720.6 5.34071 0.0739557
720.8 5.34071 0.0409859
721 5.34071 -0.0289604
721.2 5.34071 -0.0629855
721.4 5.34071 -0.0284484
721.6 5.34071 0.0311015
721.8 5.34071 0.044713
722 5.34071 -0.00893247
722.2 5.34071 -0.0812178
722.4 5.34071 -0.106833
722.6 5.34071 -0.0663311
722.8 5.34071 0.00593574
723 5.34071 0.0629112
723.2 5.34071 0.0817451
723.4 5.34071 0.0651985
723.6 5.34071 0.025755
723.8 5.34071 -0.0199326
724 5.34071 -0.0492172
724.2 5.34071 -0.0442012
724.4 5.34071 -0.0111698
724.6 5.34071 0.0191021
724.8 5.34071 0.0201785
725 5.34071 -0.00233448
725.2 5.34071 -0.0189098
725.4 5.34071 -0.0121233
725.6 5.34071 0.00373994
725.8 5.34071 0.00347149
726 5.34071 -0.0157457
726.2 5.34071 -0.031269
726.4 5.34071 -0.024134
726.6 5.34071 -0.000602431
726.8 5.34071 0.0204644
727 5.34071 0.0329303
727.2 5.34071 0.0448632
727.4 5.34071 0.0569631
727.6 5.34071 0.0545459
727.8 5.34071 0.0300874
728 5.34071 0.0046107
728.2 5.34071 0.0100393
728.4 5.34071 0.04699
728.6 5.34071 0.0741289
728.8 5.34071 0.0525215
729 5.34071 -0.00431591
729.2 5.34071 -0.0402497
729.4 5.34071 -0.022234
729.6 5.34071 0.0158289
729.8 5.34071 0.00906073
730 5.34071 -0.0604355
730.2 5.34071 -0.13579
730.4 5.34071 -0.143848
730.6 5.34071 -0.073969
730.8 5.34071 0.0122216
731 5.34071 0.0469416
731.2 5.34071 0.020305
731.4 5.34071 -0.02478
731.6 5.34071 -0.047272
731.8 5.34071 -0.042351
732 5.34071 -0.0257715
732.2 5.34071 -0.00583214
732.4 5.34071 0.015305
732.6 5.34071 0.0235706
732.8 5.34071 -7.6306e-05
733 5.34071 -0.0464653
733.2 5.34071 -0.0680275
733.4 5.34071 -0.0225137
733.6 5.34071 0.0713062
733.8 5.34071 0.138008
734 5.34071 0.117938
734.2 5.34071 0.0315357
734.4 5.34071 -0.0404871
734.6 5.34071 -0.0423309
734.8 5.34071 0.00148629
735 5.34071 0.0211665
735.2 5.34071 -0.0166372
735.4 5.34071 -0.0744566
735.6 5.34071 -0.0910023
735.8 5.34071 -0.0493978
736 5.34071 0.0102724
736.2 5.34071 0.0392816
736.4 5.34071 0.0276362
736.6 5.34071 0.00147717
736.8 5.34071 -0.0135704
737 5.34071 -0.0146027
737.2 5.34071 -0.0116919
737.4 5.34071 -0.0106925
737.6 5.34071 -0.0124206
737.8 5.34071 -0.0201121
738 5.34071 -0.0360413
738.2 5.34071 -0.0515451
738.4 5.34071 -0.0516662
738.6 5.34071 -0.0354593
738.8 5.34071 -0.0237063
739 5.34071 -0.0354436
739.2 5.34071 -0.0576658
739.4 5.34071 -0.0509804
739.6 5.34071 0.00594767
739.8 5.34071 0.0832956
740 5.34071 0.122921
740.2 5.34071 0.0975764
740.4 5.34071 0.0392424
740.6 5.34071 0.00248347
740.8 5.34071 0.0053971
741 5.34071 0.0176696
741.2 5.34071 0.00691382
741.4 5.34071 -0.0170463
741.6 5.34071 -0.0168165
741.8 5.34071 0.0178584
742 5.34071 0.0468888
742.2 5.34071 0.0223286
742.4 5.34071 -0.0518585
742.6 5.34071 -0.116499
742.8 5.34071 -0.118671
743 5.34071 -0.0679471
743.2 5.34071 -0.0225866
743.4 5.34071 -0.0220727
743.6 5.34071 -0.0449175
743.8 5.34071 -0.0392459
744 5.34071 0.0123887
744.2 5.34071 0.0707401
744.4 5.34071 0.0851729
744.6 5.34071 0.0521121
744.8 5.34071 0.018506
745 5.34071 0.0275483
745.2 5.34071 0.0695067
745.4 5.34071 0.0931723
745.6 5.34071 0.0638181
745.8 5.34071 0.00281826
746 5.34071 -0.0329965
746.2 5.34071 -0.0081562
746.4 5.34071 0.0587565
746.6 5.34071 0.116799
746.8 5.34071 0.131146
747 5.34071 0.107507
747.2 5.34071 0.0738473
747.4 5.34071 0.046391
747.6 5.34071 0.0185611
747.8 5.34071 -0.0197543
748 5.34071 -0.0599402
748.2 5.34071 -0.0776855
748.4 5.34071 -0.058229
748.6 5.34071 -0.014736
748.8 5.34071 0.0217921
749 5.34071 0.0307391
749.2 5.34071 0.0186778
749.4 5.34071 0.00814533
749.6 5.34071 0.0127466
749.8 5.34071 0.0261365
750 5.34071 0.0343076
750.2 5.34071 0.0334964
750.4 5.34071 0.0315299
750.6 5.34071 0.0330338
750.8 5.34071 0.0300654
751 5.34071 0.0125942
751.2 5.34071 -0.013833
751.4 5.34071 -0.0285012
751.6 5.34071 -0.0186437
751.8 5.34071 0.00104803
752 5.34071 0.000375654
752.2 5.34071 -0.0299974
752.4 5.34071 -0.0582597
752.6 5.34071 -0.03696
752.8 5.34071 0.045422
753 5.34071 0.141017
753.2 5.34071 0.17871
753.4 5.34071 0.129669
753.6 5.34071 0.0369894
753.8 5.34071 -0.0233482
754 5.34071 -0.0129331
754.2 5.34071 0.0366678
754.4 5.34071 0.0610092
754.6 5.34071 0.028996
754.8 5.34071 -0.0300817
755 5.34071 -0.0629455
755.2 5.34071 -0.0495693
755.4 5.34071 -0.0196257
755.6 5.34071 -0.0142277
755.8 5.34071 -0.0385794
756 5.34071 -0.0577302
756.2 5.34071 -0.037227
756.4 5.34071 0.018417
756.6 5.34071 0.0707765
756.8 5.34071 0.0871836
757 5.34071 0.0698998
757.2 5.34071 0.0468464
757.4 5.34071 0.0401111
757.6 5.34071 0.0485911
757.8 5.34071 0.0574353
758 5.34071 0.0547124
758.2 5.34071 0.0351742
758.4 5.34071 -0.00380259
758.6 5.34071 -0.0573973
758.8 5.34071 -0.102822
759 5.34071 -0.106227
759.2 5.34071 -0.0549111
759.4 5.34071 0.0168974
759.6 5.34071 0.0481927
759.8 5.34071 0.0101101
760 5.34071 -0.0568509
760.2 5.34071 -0.076677
760.4 5.34071 -0.0168135
760.6 5.34071 0.071947
760.8 5.34071 0.104316
761 5.34071 0.049754
761.2 5.34071 -0.0351935
761.4 5.34071 -0.0693509
761.6 5.34071 -0.0345334
761.8 5.34071 0.0107106
762 5.34071 0.00491357
762.2 5.34071 -0.0425728
762.4 5.34071 -0.0650382
762.6 5.34071 -0.0224748
762.8 5.34071 0.0444744
763 5.34071 0.0560512
763.2 5.34071 -0.0159069
763.4 5.34071 -0.11231
763.6 5.34071 -0.146672
763.8 5.34071 -0.0927649
764 5.34071 -0.00460388
764.2 5.34071 0.0464483
764.4 5.34071 0.042607
764.6 5.34071 0.0235003
764.8 5.34071 0.0294376
765 5.34071 0.0546093
765.2 5.34071 0.0592819
765.4 5.34071 0.0196039
765.6 5.34071 -0.0431843
765.8 5.34071 -0.0822213
766 5.34071 -0.0681166
766.2 5.34071 -0.0135629
766.4 5.34071 0.0388197
766.6 5.34071 0.05077
766.8 5.34071 0.0176725
767 5.34071 -0.0275407
767.2 5.34071 -0.0401252
767.4 5.34071 -0.00244006
767.6 5.34071 0.0565669
767.8 5.34071 0.0848254
768 5.34071 0.0577538
768.2 5.34071 0.00658119
768.4 5.34071 -0.0108436
768.6 5.34071 0.0284772
768.8 5.34071 0.0851283
769 5.34071 0.0973466
769.2 5.34071 0.0470801
769.4 5.34071 -0.0219068
769.6 5.34071 -0.0533662
769.8 5.34071 -0.0365007
770 5.34071 -0.00615425
770.2 5.34071 0.00768864
770.4 5.34071 0.0126089
770.6 5.34071 0.0279454
770.8 5.34071 0.0413228
771 5.34071 0.0149088
771.2 5.34071 -0.0581585
771.4 5.34071 -0.122313
771.6 5.34071 -0.107974
771.8 5.34071 -0.0145204
772 5.34071 0.0727459
772.2 5.34071 0.0648274
772.4 5.34071 -0.0340796
772.6 5.34071 -0.125146
772.8 5.34071 -0.115268
773 5.34071 -0.0103666
773.2 5.34071 0.0975574
773.4 5.34071 0.129558
773.6 5.34071 0.0927076
773.8 5.34071 0.0538226
774 5.34071 0.0567375
774.2 5.34071 0.0804896
774.4 5.34071 0.0766488
774.6 5.34071 0.0310844
774.8 5.34071 -0.0218639
775 5.34071 -0.0393989
775.2 5.34071 -0.0118167
775.4 5.34071 0.0366535
775.6 5.34071 0.0762189
775.8 5.34071 0.0923192
776 5.34071 0.0848576
776.2 5.34071 0.0610736
776.4 5.34071 0.0338685
776.6 5.34071 0.0185157
776.8 5.34071 0.0207722
777 5.34071 0.0285092
777.2 5.34071 0.0228255
777.4 5.34071 0.00106248
777.6 5.34071 -0.0162112
777.8 5.34071 -0.0067138
778 5.34071 0.0266841
778.2 5.34071 0.0561128
778.4 5.34071 0.0571305
778.6 5.34071 0.032754
778.8 5.34071 0.00669099
779 5.34071 -0.0030457
779.2 5.34071 0.0016013
779.4 5.34071 0.00922763
779.6 5.34071 0.0154457
779.8 5.34071 0.0238034
780 5.34071 0.0343614
780.2 5.34071 0.0393369
780.4 5.34071 0.0324706
780.6 5.34071 0.0182508
780.8 5.34071 0.00799609
781 5.34071 0.00873032
781.2 5.34071 0.0191101
781.4 5.34071 0.0343725
781.6 5.34071 0.0496442
781.8 5.34071 0.0575364
782 5.34071 0.0492559
782.2 5.34071 0.0246491
782.4 5.34071 -0.00161863
782.6 5.34071 -0.0128263
782.8 5.34071 -0.0125216
783 5.34071 -0.026573
783.2 5.34071 -0.0732876
783.4 5.34071 -0.131736
783.6 5.34071 -0.150571
783.8 5.34071 -0.0977109
784 5.34071 -8.22235e-05
784.2 5.34071 0.0736584
784.4 5.34071 0.074562
784.6 5.34071 0.0164229
784.8 5.34071 -0.0428559
785 5.34071 -0.0584177
785.2 5.34071 -0.0343598
785.4 5.34071 -0.0072351
785.6 5.34071 -0.00310787
785.8 5.34071 -0.0143735
786 5.34071 -0.0130445
786.2 5.34071 0.0200339
786.4 5.34071 0.0774554
786.6 5.34071 0.128847
786.8 5.34071 0.140417
787 5.34071 0.099713
787.2 5.34071 0.0308395
787.4 5.34071 -0.0171191
787.6 5.34071 -0.00855024
787.8 5.34071 0.0438694
788 5.34071 0.0865624
788.2 5.34071 0.0756599
788.4 5.34071 0.0215119
788.6 5.34071 -0.0229612
788.8 5.34071 -0.0201423
789 5.34071 0.0129944
789.2 5.34071 0.0290544
789.4 5.34071 0.00835897
789.6 5.34071 -0.019309
789.8 5.34071 -0.014318
790 5.34071 0.0227671
790.2 5.34071 0.0526889
790.4 5.34071 0.0464766
790.6 5.34071 0.0186658
790.8 5.34071 0.00479145
791 5.34071 0.0161832
791.2 5.34071 0.0311418
791.4 5.34071 0.029715
791.6 5.34071 0.0206323
791.8 5.34071 0.0232643
792 5.34071 0.0331439
792.2 5.34071 0.0241856
792.4 5.34071 -0.0113512
792.6 5.34071 -0.041907
792.8 5.34071 -0.0313742
793 5.34071 0.0102169
793.2 5.34071 0.0290102
793.4 5.34071 -0.0115572
793.6 5.34071 -0.0838148
793.8 5.34071 -0.124644
794 5.34071 -0.107968
794.2 5.34071 -0.0724473
794.4 5.34071 -0.0692675
794.6 5.34071 -0.0954737
794.8 5.34071 -0.0971667
795 5.34071 -0.0393154
795.2 5.34071 0.0444594
795.4 5.34071 0.0846174
795.6 5.34071 0.052212
795.8 5.34071 -0.0109407
796 5.34071 -0.0398505
796.2 5.34071 -0.012599
796.4 5.34071 0.0375433
796.6 5.34071 0.0659818
796.8 5.34071 0.0583205
797 5.34071 0.0293653
797.2 5.34071 -0.00197872
797.4 5.34071 -0.0252092
797.6 5.34071 -0.0343484
797.8 5.34071 -0.0293702
798 5.34071 -0.0250998
798.2 5.34071 -0.0438153
798.4 5.34071 -0.0855771
798.6 5.34071 -0.112339
798.8 5.34071 -0.0802196
799 5.34071 0.00489543
799.2 5.34071 0.0759906
799.4 5.34071 0.0654027
799.6 5.34071 -0.0218468
799.8 5.34071 -0.106393
800 5.34071 -0.112435
800.2 5.34071 -0.0427196
800.4 5.34071 0.0301239
800.6 5.34071 0.0415312
800.8 5.34071 -0.00543716
801 5.34071 -0.0561911
801.2 5.34071 -0.0649351
801.4 5.34071 -0.0295332
801.6 5.34071 0.0230465
801.8 5.34071 0.065927
802 5.34071 0.0820227
802.2 5.34071 0.0626936
802.4 5.34071 0.0161001
802.6 5.34071 -0.0249518
802.8 5.34071 -0.0234474
803 5.34071 0.0212527
803.2 5.34071 0.0622942
803.4 5.34071 0.0516964
803.6 5.34071 -0.000918135
803.8 5.34071 -0.0313216
804 5.34071 0.00719395
804.2 5.34071 0.0829377
804.4 5.34071 0.113616
804.6 5.34071 0.0575929
804.8 5.34071 -0.0362935
805 5.34071 -0.0800534
805.2 5.34071 -0.0406892
805.4 5.34071 0.0309553
805.6 5.34071 0.0643618
805.8 5.34071 0.0448323
806 5.34071 0.0132175
806.2 5.34071 0.00248809
806.4 5.34071 -0.00137613
806.6 5.34071 -0.0270906
806.8 5.34071 -0.0652061
807 5.34071 -0.0710286
807.2 5.34071 -0.0227514
807.4 5.34071 0.0424374
807.6 5.34071 0.0658406
807.8 5.34071 0.0351525
808 5.34071 -0.00166939
808.2 5.34071 0.00520384
808.4 5.34071 0.0478566
808.6 5.34071 0.0716743
808.8 5.34071 0.0412132
809 5.34071 -0.020139
809.2 5.34071 -0.0612167
809.4 5.34071 -0.0617162
809.6 5.34071 -0.0458792
809.8 5.34071 -0.040347
810 5.34071 -0.0355956
810.2 5.34071 -0.0010674
810.4 5.34071 0.0677154
810.6 5.34071 0.132938
810.8 5.34071 0.151532
811 5.34071 0.119644
811.2 5.34071 0.0710507
811.4 5.34071 0.0346268
811.6 5.34071 0.00683362
811.8 5.34071 -0.027415
812 5.34071 -0.0569915
812.2 5.34071 -0.0453399
812.4 5.34071 0.024176
812.6 5.34071 0.113202
812.8 5.34071 0.153334
813 5.34071 0.11078
813.2 5.34071 0.020744
813.4 5.34071 -0.0485512
813.6 5.34071 -0.0625081
813.8 5.34071 -0.0439295
814 5.34071 -0.0324329
814.2 5.34071 -0.0340457
814.4 5.34071 -0.0235439
814.6 5.34071 0.00760005
814.8 5.34071 0.0258636
815 5.34071 -0.00613694
815.2 5.34071 -0.0717185
815.4 5.34071 -0.102264
815.6 5.34071 -0.0515483
815.8 5.34071 0.0406117
816 5.34071 0.079174
816.2 5.34071 0.0168758
816.4 5.34071 -0.0863222
816.6 5.34071 -0.123085
816.8 5.34071 -0.0566259
817 5.34071 0.0384905
817.2 5.34071 0.0628434
817.4 5.34071 0.00683509
817.6 5.34071 -0.0420836
817.8 5.34071 -0.00863447
818 5.34071 0.076159
818.2 5.34071 0.110139
818.4 5.34071 0.0431774
818.6 5.34071 -0.0604596
818.8 5.34071 -0.0958742
819 5.34071 -0.037599
819.2 5.34071 0.0367425
819.4 5.34071 0.0430618
819.6 5.34071 -0.0132306
819.8 5.34071 -0.0544879
820 5.34071 -0.029947
820.2 5.34071 0.0292626
820.4 5.34071 0.0592797
820.6 5.34071 0.0424459
820.8 5.34071 0.0140999
821 5.34071 0.00112886
821.2 5.34071 -0.0135229
821.4 5.34071 -0.0508155
821.6 5.34071 -0.0839265
821.8 5.34071 -0.0600634
822 5.34071 0.0234494
822.2 5.34071 0.0941618
822.4 5.34071 0.0792732
822.6 5.34071 -0.00524894
822.8 5.34071 -0.0678181
823 5.34071 -0.0488291
823.2 5.34071 0.0081851
823.4 5.34071 0.0138539
823.6 5.34071 -0.0504765
823.8 5.34071 -0.103773
824 5.34071 -0.0624359
824.2 5.34071 0.0555515
824.4 5.34071 0.147693
824.6 5.34071 0.141899
824.8 5.34071 0.0681598
825 5.34071 0.0079652
825.2 5.34071 -0.0030391
825.4 5.34071 0.00392549
825.6 5.34071 -0.00278344
825.8 5.34071 -0.00510152
826 5.34071 0.0287387
826.2 5.34071 0.0803969
826.4 5.34071 0.0904193
826.6 5.34071 0.0373246
826.8 5.34071 -0.0218201
827 5.34071 -0.0150161
827.2 5.34071 0.0508545
827.4 5.34071 0.0904676
827.6 5.34071 0.0432969
827.8 5.34071 -0.0472876
828 5.34071 -0.0816364
828.2 5.34071 -0.023176
828.4 5.34071 0.0577341
828.6 5.34071 0.069311
828.8 5.34071 0.00677795
829 5.34071 -0.0478322
829.2 5.34071 -0.0283831
829.4 5.34071 0.0394536
829.6 5.34071 0.0766289
829.8 5.34071 0.0464594
830 5.34071 -0.0110469
830.2 5.34071 -0.0363159
830.4 5.34071 -0.016548
830.6 5.34071 0.0168752
830.8 5.34071 0.0387289
831 5.34071 0.0526082
831.2 5.34071 0.0648387
831.4 5.34071 0.0614795
831.6 5.34071 0.028698
831.8 5.34071 -0.0155541
832 5.34071 -0.0323668
832.2 5.34071 -0.00764841
832.4 5.34071 0.0299095
832.6 5.34071 0.0462102
832.8 5.34071 0.043872
833 5.34071 0.0496201
833.2 5.34071 0.0650966
833.4 5.34071 0.054822
833.6 5.34071 -0.00390919
833.8 5.34071 -0.0754449
834 5.34071 -0.0943334
834.2 5.34071 -0.0417724
834.4 5.34071 0.0269372
834.6 5.34071 0.0438857
834.8 5.34071 0.00469555
835 5.34071 -0.0354927
835.2 5.34071 -0.0372873
835.4 5.34071 -0.0232146
835.6 5.34071 -0.0366525
835.8 5.34071 -0.0748073
836 5.34071 -0.0909319
836.2 5.34071 -0.063136
836.4 5.34071 -0.0311963
836.6 5.34071 -0.043734
836.8 5.34071 -0.0843325
837 5.34071 -0.082752
837.2 5.34071 -0.00738022
837.4 5.34071 0.0803442
837.6 5.34071 0.089735
837.8 5.34071 0.0110015
838 5.34071 -0.0674858
838.2 5.34071 -0.0621845
838.4 5.34071 0.00723243
838.6 5.34071 0.0456521
838.8 5.34071 0.000154568
839 5.34071 -0.0797464
839.2 5.34071 -0.109578
839.4 5.34071 -0.0737098
839.6 5.34071 -0.0342553
839.8 5.34071 -0.0424797
840 5.34071 -0.0742137
840.2 5.34071 -0.070326
840.4 5.34071 -0.0208432
840.6 5.34071 0.0225812
840.8 5.34071 0.0185495
841 5.34071 -0.0102214
841.2 5.34071 -0.0145501
841.4 5.34071 0.00731056
841.6 5.34071 0.00630559
841.8 5.34071 -0.0421365
842 5.34071 -0.0893882
842.2 5.34071 -0.0669938
842.4 5.34071 0.0203791
842.6 5.34071 0.0866763
842.8 5.34071 0.0619115
843 5.34071 -0.021893
843.2 5.34071 -0.0644981
843.4 5.34071 -0.0125529
843.6 5.34071 0.0828886
843.8 5.34071 0.131695
844 5.34071 0.106806
844.2 5.34071 0.0610376
844.4 5.34071 0.050058
844.6 5.34071 0.0671846
844.8 5.34071 0.0666835
845 5.34071 0.0314251
845.2 5.34071 -0.00872676
845.4 5.34071 -0.0242533
845.6 5.34071 -0.0252331
845.8 5.34071 -0.0378625
846 5.34071 -0.0574451
846.2 5.34071 -0.0505031
846.4 5.34071 -0.00618548
846.6 5.34071 0.0372406
846.8 5.34071 0.0342942
847 5.34071 -0.00974586
847.2 5.34071 -0.0438971
847.4 5.34071 -0.0367157
847.6 5.34071 -0.0158272
847.8 5.34071 -0.0272251
848 5.34071 -0.0669658
848.2 5.34071 -0.0777314
848.4 5.34071 -0.0199441
848.6 5.34071 0.0722714
848.8 5.34071 0.124286
849 5.34071 0.104258
849.2 5.34071 0.0545479
849.4 5.34071 0.0344571
849.6 5.34071 0.0487475
849.8 5.34071 0.0502448
850 5.34071 0.00794214
850.2 5.34071 -0.04865
850.4 5.34071 -0.0635695
850.6 5.34071 -0.0213297
850.8 5.34071 0.0357841
851 5.34071 0.0559357
851.2 5.34071 0.0297418
851.4 5.34071 -0.0108511
851.6 5.34071 -0.0333114
851.8 5.34071 -0.0315228
852 5.34071 -0.0173348
852.2 5.34071 -0.00276826
852.4 5.34071 0.00225697
852.6 5.34071 -0.0131621
852.8 5.34071 -0.0503269
853 5.34071 -0.0875598
853.2 5.34071 -0.091896
853.4 5.34071 -0.0530617
853.6 5.34071 0.000469852
853.8 5.34071 0.0289321
854 5.34071 0.0224965
854.2 5.34071 0.00611478
854.4 5.34071 0.00345136
854.6 5.34071 0.00979375
854.8 5.34071 0.0100577
855 5.34071 0.0123604
855.2 5.34071 0.0416818
855.4 5.34071 0.093719
855.6 5.34071 0.114297
855.8 5.34071 0.0490024
856 5.34071 -0.083938
856.2 5.34071 -0.189284
856.4 5.34071 -0.180289
856.6 5.34071 -0.0663926
856.8 5.34071 0.056056
857 5.34071 0.100888
857.2 5.34071 0.0696539
857.4 5.34071 0.0284908
857.6 5.34071 0.0231458
857.8 5.34071 0.0360651
858 5.34071 0.0269712
858.2 5.34071 -0.00636791
858.4 5.34071 -0.026643
858.6 5.34071 -0.0102648
858.8 5.34071 0.0195572
859 5.34071 0.0230964
859.2 5.34071 -0.00442462
859.4 5.34071 -0.0283344
859.6 5.34071 -0.0208498
859.8 5.34071 0.00418289
860 5.34071 0.0125643
860.2 5.34071 -0.00337953
860.4 5.34071 -0.0150464
860.6 5.34071 0.00300498
860.8 5.34071 0.0372129
861 5.34071 0.049918
861.2 5.34071 0.0262149
861.4 5.34071 -0.00670416
861.6 5.34071 -0.0117433
861.8 5.34071 0.0140254
862 5.34071 0.0355965
862.2 5.34071 0.0190288
862.4 5.34071 -0.0320213
862.6 5.34071 -0.0793783
862.8 5.34071 -0.084293
863 5.34071 -0.0365306
863.2 5.34071 0.0419164
863.4 5.34071 0.112619
863.6 5.34071 0.141477
863.8 5.34071 0.116263
864 5.34071 0.0540963
864.2 5.34071 -0.00939375
864.4 5.34071 -0.0465892
864.6 5.34071 -0.0579837
864.8 5.34071 -0.0643933
865 5.34071 -0.0790703
865.2 5.34071 -0.0928761
865.4 5.34071 -0.0909192
865.6 5.34071 -0.0781501
865.8 5.34071 -0.0771852
866 5.34071 -0.0973672
866.2 5.34071 -0.115428
866.4 5.34071 -0.0983044
866.6 5.34071 -0.0445159
866.8 5.34071 0.00836586
867 5.34071 0.0235399
867.2 5.34071 0.00537224
867.4 5.34071 -0.0107544
867.6 5.34071 -0.00708082
867.8 5.34071 -0.00760585
868 5.34071 -0.0436332
868.2 5.34071 -0.102417
868.4 5.34071 -0.127227
868.6 5.34071 -0.0767588
868.8 5.34071 0.0231342
869 5.34071 0.0974464
869.2 5.34071 0.0922344
869.4 5.34071 0.0202206
869.6 5.34071 -0.0625979
869.8 5.34071 -0.114004
870 5.34071 -0.130786
870.2 5.34071 -0.127121
870.4 5.34071 -0.1081
870.6 5.34071 -0.0744346
870.8 5.34071 -0.0409998
871 5.34071 -0.0309661
871.2 5.34071 -0.0463583
871.4 5.34071 -0.0578579
871.6 5.34071 -0.0366818
871.8 5.34071 0.00715973
872 5.34071 0.0319241
872.2 5.34071 0.0136873
872.4 5.34071 -0.0222064
872.6 5.34071 -0.0301862
872.8 5.34071 -0.00045106
873 5.34071 0.0285477
873.2 5.34071 0.0185327
873.4 5.34071 -0.0197507
873.6 5.34071 -0.0401879
873.8 5.34071 -0.0210256
874 5.34071 0.0062018
874.2 5.34071 -0.00266359
874.4 5.34071 -0.0450657
874.6 5.34071 -0.0715487
874.8 5.34071 -0.048548
875 5.34071 -0.0053725
875.2 5.34071 -0.00244319
875.4 5.34071 -0.0553147
875.6 5.34071 -0.1081
875.8 5.34071 -0.093491
876 5.34071 -0.0112463
876.2 5.34071 0.067419
876.4 5.34071 0.0764179
876.6 5.34071 0.0245129
876.8 5.34071 -0.0196224
877 5.34071 -0.0051215
877.2 5.34071 0.050423
877.4 5.34071 0.0891265
877.6 5.34071 0.0785737
877.8 5.34071 0.0388118
878 5.34071 0.00964812
878.2 5.34071 0.00678995
878.4 5.34071 0.0170635
878.6 5.34071 0.0261877
878.8 5.34071 0.0355523
879 5.34071 0.0490641
879.2 5.34071 0.0561285
879.4 5.34071 0.0399966
879.6 5.34071 0.00200645
879.8 5.34071 -0.0327879
880 5.34071 -0.0397609
880.2 5.34071 -0.0209465
880.4 5.34071 -0.00175404
880.6 5.34071 -0.00286486
880.8 5.34071 -0.0205748
881 5.34071 -0.0356765
881.2 5.34071 -0.0364255
881.4 5.34071 -0.0287479
881.6 5.34071 -0.0267868
881.8 5.34071 -0.0387919
882 5.34071 -0.0617165
882.2 5.34071 -0.0833613
882.4 5.34071 -0.0873993
882.6 5.34071 -0.0633323
882.8 5.34071 -0.0204851
883 5.34071 0.00889039
883.2 5.34071 -0.00743631
883.4 5.34071 -0.0658784
883.6 5.34071 -0.117909
883.8 5.34071 -0.10984
884 5.34071 -0.0391136
884.2 5.34071 0.0341951
884.4 5.34071 0.0426142
884.6 5.34071 -0.0190955
884.8 5.34071 -0.0851047
885 5.34071 -0.0835916
885.2 5.34071 -0.00881634
885.4 5.34071 0.0756473
885.6 5.34071 0.102766
885.8 5.34071 0.0641675
886 5.34071 0.00606456
886.2 5.34071 -0.0262797
886.4 5.34071 -0.029029
886.6 5.34071 -0.0263466
886.8 5.34071 -0.0308141
887 5.34071 -0.0292532
887.2 5.34071 -0.00555655
887.4 5.34071 0.0345658
887.6 5.34071 0.0685206
887.8 5.34071 0.0812262
888 5.34071 0.0761811
888.2 5.34071 0.0634852
888.4 5.34071 0.0466085
888.6 5.34071 0.0271225
888.8 5.34071 0.0159204
889 5.34071 0.0271577
889.2 5.34071 0.0562114
889.4 5.34071 0.0718383
889.6 5.34071 0.042087
889.8 5.34071 -0.0281148
890 5.34071 -0.0906451
890.2 5.34071 -0.092968
890.4 5.34071 -0.0264109
890.6 5.34071 0.0642132
890.8 5.34071 0.119204
891 5.34071 0.112447
891.2 5.34071 0.0662518
891.4 5.34071 0.0245711
891.6 5.34071 0.014987
891.8 5.34071 0.0326613
892 5.34071 0.0530845
892.2 5.34071 0.0556773
892.4 5.34071 0.0375523
892.6 5.34071 0.0103031
892.8 5.34071 -0.0131737
893 5.34071 -0.0292469
893.2 5.34071 -0.0429957
893.4 5.34071 -0.057655
893.6 5.34071 -0.0654121
893.8 5.34071 -0.0514666
894 5.34071 -0.0102864
894.2 5.34071 0.0423533
894.4 5.34071 0.0776328
894.6 5.34071 0.0780302
894.8 5.34071 0.0539587
895 5.34071 0.0340322
895.2 5.34071 0.0374591
895.4 5.34071 0.0568246
895.6 5.34071 0.0684926
895.8 5.34071 0.0576672
896 5.34071 0.0304273
896.2 5.34071 0.00240463
896.4 5.34071 -0.0187675
896.6 5.34071 -0.0352445
896.8 5.34071 -0.0457909
897 5.34071 -0.0389517
897.2 5.34071 -0.00590964
897.4 5.34071 0.0412003
897.6 5.34071 0.0712781
897.8 5.34071 0.0609906
898 5.34071 0.0194261
898.2 5.34071 -0.0184658
898.4 5.34071 -0.0263771
898.6 5.34071 -0.0125678
898.8 5.34071 -0.00717376
899 5.34071 -0.0236072
899.2 5.34071 -0.0387741
899.4 5.34071 -0.01921
899.6 5.34071 0.0328554
899.8 5.34071 0.068744
900 5.34071 0.0391192
900.2 5.34071 -0.0474293
900.4 5.34071 -0.12127
900.6 5.34071 -0.118231
900.8 5.34071 -0.0501454
901 5.34071 0.0009563
901.2 5.34071 -0.0317508
901.4 5.34071 -0.122894
901.6 5.34071 -0.174706
901.8 5.34071 -0.120128
902 5.34071 0.000498739
902.2 5.34071 0.076544
902.4 5.34071 0.0427142
902.6 5.34071 -0.0522958
902.8 5.34071 -0.100547
903 5.34071 -0.0519142
903.2 5.34071 0.0361002
903.4 5.34071 0.0686547
903.6 5.34071 0.0199194
903.8 5.34071 -0.0456153
904 5.34071 -0.0547405
904.2 5.34071 -0.00959472
904.4 5.34071 0.023103
904.6 5.34071 -0.00211966
904.8 5.34071 -0.0551604
905 5.34071 -0.0695332
905.2 5.34071 -0.0226185
905.4 5.34071 0.0401131
905.6 5.34071 0.060053
905.8 5.34071 0.0283469
906 5.34071 -0.0148096
906.2 5.34071 -0.0318228
906.4 5.34071 -0.0212419
906.6 5.34071 -0.000304824
906.8 5.34071 0.0255147
907 5.34071 0.0592334
907.2 5.34071 0.0869865
907.4 5.34071 0.0790888
907.6 5.34071 0.0273148
907.8 5.34071 -0.0318751
908 5.34071 -0.0495784
908.2 5.34071 -0.0209001
908.4 5.34071 0.00677299
908.6 5.34071 -0.00867025
908.8 5.34071 -0.0486124
909 5.34071 -0.052235
909.2 5.34071 0.0087597
909.4 5.34071 0.0901873
909.6 5.34071 0.121876
909.8 5.34071 0.0863385
910 5.34071 0.0350509
910.2 5.34071 0.0248432
910.4 5.34071 0.0538327
910.6 5.34071 0.0731023
910.8 5.34071 0.053121
911 5.34071 0.0181972
911.2 5.34071 0.00914168
911.4 5.34071 0.0280772
911.6 5.34071 0.038496
911.8 5.34071 0.0168036
912 5.34071 -0.0162962
912.2 5.34071 -0.0258344
912.4 5.34071 -0.0105873
912.6 5.34071 -0.00158944
912.8 5.34071 -0.0132039
913 5.34071 -0.0169406
913.2 5.34071 0.019921
913.4 5.34071 0.0787927
913.6 5.34071 0.0964372
913.8 5.34071 0.0370883
914 5.34071 -0.0557469
914.2 5.34071 -0.0978526
914.4 5.34071 -0.0557076
914.6 5.34071 0.0153181
914.8 5.34071 0.0329367
915 5.34071 -0.0209854
915.2 5.34071 -0.0844871
915.4 5.34071 -0.0902753
915.6 5.34071 -0.0415724
915.8 5.34071 -0.0030116
916 5.34071 -0.0228609
916.2 5.34071 -0.0784838
916.4 5.34071 -0.103707
916.6 5.34071 -0.0612153
916.8 5.34071 0.0207204
917 5.34071 0.0792364
917.2 5.34071 0.0750771
917.4 5.34071 0.0201987
917.6 5.34071 -0.0400465
917.8 5.34071 -0.0628916
918 5.34071 -0.0330966
918.2 5.34071 0.0305256
918.4 5.34071 0.0849374
918.6 5.34071 0.0878366
918.8 5.34071 0.0289008
919 5.34071 -0.0564097
919.2 5.34071 -0.109593
919.4 5.34071 -0.0951726
919.6 5.34071 -0.0292387
919.8 5.34071 0.0368726
920 5.34071 0.0605614
920.2 5.34071 0.0375871
920.4 5.34071 -0.00533518
920.6 5.34071 -0.0382318
920.8 5.34071 -0.0466822
921 5.34071 -0.0328765
921.2 5.34071 -0.0104709
921.4 5.34071 0.000102157
921.6 5.34071 -0.0181153
921.8 5.34071 -0.0621668
922 5.34071 -0.10335
922.2 5.34071 -0.107315
922.4 5.34071 -0.0665282
922.6 5.34071 -0.0105754
922.8 5.34071 0.0208656
923 5.34071 0.0150481
923.2 5.34071 -0.00661236
923.4 5.34071 -0.0169007
923.6 5.34071 -0.0112271
923.8 5.34071 -0.00426319
924 5.34071 -0.00505876
924.2 5.34071 -0.00607892
924.4 5.34071 0.00144403
924.6 5.34071 0.0114853
924.8 5.34071 0.0120592
925 5.34071 0.0064613
925.2 5.34071 0.0131189
925.4 5.34071 0.0384172
925.6 5.34071 0.0586493
925.8 5.34071 0.0421892
926 5.34071 -0.00912663
926.2 5.34071 -0.0523243
926.4 5.34071 -0.0468583
926.6 5.34071 -0.00198432
926.8 5.34071 0.0307774
927 5.34071 0.0156633
927.2 5.34071 -0.0254837
927.4 5.34071 -0.0384859
927.6 5.34071 -0.000687091
927.8 5.34071 0.0517386
928 5.34071 0.0644058
928.2 5.34071 0.0246685
928.4 5.34071 -0.0282161
928.6 5.34071 -0.0494847
928.8 5.34071 -0.0332718
929 5.34071 -0.00643219
929.2 5.34071 0.0100634
929.4 5.34071 0.0186885
929.6 5.34071 0.0251887
929.8 5.34071 0.0187471
930 5.34071 -0.0125979
930.2 5.34071 -0.0515838
930.4 5.34071 -0.0559466
930.6 5.34071 -0.00471877
930.8 5.34071 0.0670514
931 5.34071 0.0946247
931.2 5.34071 0.0494295
931.4 5.34071 -0.0297869
931.6 5.34071 -0.0781406
931.8 5.34071 -0.0715257
932 5.34071 -0.0428955
932.2 5.34071 -0.0340733
932.4 5.34071 -0.0454825
932.6 5.34071 -0.0439747
932.8 5.34071 -0.0127224
933 5.34071 0.0245537
933.2 5.34071 0.0358546
933.4 5.34071 0.0251097
933.6 5.34071 0.0280995
933.8 5.34071 0.0639901
934 5.34071 0.105908
934.2 5.34071 0.110734
934.4 5.34071 0.0716601
934.6 5.34071 0.0264174
934.8 5.34071 0.0102931
935 5.34071 0.0144005
935.2 5.34071 0.00269589
935.4 5.34071 -0.0347745
935.6 5.34071 -0.0632952
935.8 5.34071 -0.0464763
936 5.34071 0.00305828
936.2 5.34071 0.0319911
936.4 5.34071 0.00740391
936.6 5.34071 -0.0436597
936.8 5.34071 -0.0657426
937 5.34071 -0.039246
937.2 5.34071 0.000893216
937.4 5.34071 0.0136899
937.6 5.34071 0.00543543
937.8 5.34071 0.0204129
938 5.34071 0.0803329
938.2 5.34071 0.147691
938.4 5.34071 0.159583
938.6 5.34071 0.0941337
938.8 5.34071 -0.00535509
939 5.34071 -0.0718058
939.2 5.34071 -0.0728853
939.4 5.34071 -0.0276909
939.6 5.34071 0.0229404
939.8 5.34071 0.0513683
940 5.34071 0.0523723
940.2 5.34071 0.0344388
940.4 5.34071 0.012333
940.6 5.34071 0.0018566
940.8 5.34071 0.00815445
941 5.34071 0.0160247
941.2 5.34071 0.00182551
941.4 5.34071 -0.036733
941.6 5.34071 -0.0681459
941.8 5.34071 -0.0561499
942 5.34071 -0.00295211
942.2 5.34071 0.0467494
942.4 5.34071 0.0531273
942.6 5.34071 0.0268181
942.8 5.34071 0.0158537
943 5.34071 0.0473132
943.2 5.34071 0.0951918
943.4 5.34071 0.115551
943.6 5.34071 0.103997
943.8 5.34071 0.0996003
944 5.34071 0.127571
944.2 5.34071 0.155295
944.4 5.34071 0.124676
944.6 5.34071 0.0267187
944.8 5.34071 -0.0755568
945 5.34071 -0.110448
945.2 5.34071 -0.0752597
945.4 5.34071 -0.0341722
945.6 5.34071 -0.0386
945.8 5.34071 -0.0673948
946 5.34071 -0.0592533
946.2 5.34071 0.0045684
946.4 5.34071 0.0706873
946.6 5.34071 0.073637
946.8 5.34071 0.0116118
947 5.34071 -0.0526331
947.2 5.34071 -0.0629467
947.4 5.34071 -0.0260558
947.6 5.34071 0.00825108
947.8 5.34071 0.00882182
948 5.34071 -0.010353
948.2 5.34071 -0.0202452
948.4 5.34071 -0.0133957
948.6 5.34071 -0.000396553
948.8 5.34071 0.0166101
949 5.34071 0.046248
949.2 5.34071 0.0819106
949.4 5.34071 0.0927102
949.6 5.34071 0.0573518
949.8 5.34071 0.00172665
950 5.34071 -0.0165912
950.2 5.34071 0.0287092
950.4 5.34071 0.094729
950.6 5.34071 0.108254
950.8 5.34071 0.0438193
951 5.34071 -0.0463773
951.2 5.34071 -0.0848904
951.4 5.34071 -0.0454343
951.6 5.34071 0.0280057
951.8 5.34071 0.0716223
952 5.34071 0.0598419
952.2 5.34071 0.0144624
952.4 5.34071 -0.0288224
952.6 5.34071 -0.0501091
952.8 5.34071 -0.0475707
953 5.34071 -0.0283954
953.2 5.34071 -0.0070044
953.4 5.34071 -0.0030683
953.6 5.34071 -0.0264311
953.8 5.34071 -0.0613776
954 5.34071 -0.0759802
954.2 5.34071 -0.0550175
954.4 5.34071 -0.0194729
954.6 5.34071 -0.00532282
954.8 5.34071 -0.0234471
955 5.34071 -0.0483844
955.2 5.34071 -0.0491916
955.4 5.34071 -0.0235549
955.6 5.34071 0.00604118
955.8 5.34071 0.0244626
956 5.34071 0.0385984
956.2 5.34071 0.05602
956.4 5.34071 0.0614245
956.6 5.34071 0.0303569
956.8 5.34071 -0.0321577
957 5.34071 -0.080054
957.2 5.34071 -0.0657302
957.4 5.34071 0.00958123
957.6 5.34071 0.0925551
957.8 5.34071 0.127019
958 5.34071 0.101564
958.2 5.34071 0.0480047
958.4 5.34071 0.00128351
958.6 5.34071 -0.0295728
958.8 5.34071 -0.0535901
959 5.34071 -0.0742635
959.2 5.34071 -0.0827173
959.4 5.34071 -0.0700848
959.6 5.34071 -0.0381106
959.8 5.34071 0.00299005
960 5.34071 0.0399423
960.2 5.34071 0.0580725
960.4 5.34071 0.0467158
960.6 5.34071 0.0122912
960.8 5.34071 -0.0180512
961 5.34071 -0.0190696
961.2 5.34071 0.000694809
961.4 5.34071 0.000421381
961.6 5.34071 -0.0461577
961.8 5.34071 -0.107321
962 5.34071 -0.112958
962.2 5.34071 -0.0296193
962.4 5.34071 0.0904626
962.6 5.34071 0.150602
962.8 5.34071 0.105336
963 5.34071 0.00649214
963.2 5.34071 -0.0529631
963.4 5.34071 -0.0354207
963.6 5.34071 0.0115447
963.8 5.34071 0.0196435
964 5.34071 -0.0215921
964.2 5.34071 -0.0606885
964.4 5.34071 -0.0498963
964.6 5.34071 0.00298322
964.8 5.34071 0.0528102
965 5.34071 0.0718659
965.2 5.34071 0.0713445
965.4 5.34071 0.0719728
965.6 5.34071 0.0720375
965.8 5.34071 0.0554254
966 5.34071 0.0222546
966.2 5.34071 -0.00456052
966.4 5.34071 -0.00615208
966.6 5.34071 0.0102344
966.8 5.34071 0.023798
967 5.34071 0.0276112
967.2 5.34071 0.0317753
967.4 5.34071 0.0397116
967.6 5.34071 0.0349553
967.8 5.34071 0.00142396
968 5.34071 -0.0488353
968.2 5.34071 -0.0809683
968.4 5.34071 -0.0739128
968.6 5.34071 -0.0436448
968.8 5.34071 -0.0237757
969 5.34071 -0.0283318
969.2 5.34071 -0.0420302
969.4 5.34071 -0.045336
969.6 5.34071 -0.0371381
969.8 5.34071 -0.0269992
970 5.34071 -0.0151271
970.2 5.34071 0.00575244
970.4 5.34071 0.0289701
970.6 5.34071 0.0301958
970.8 5.34071 -0.00301186
971 5.34071 -0.0449344
971.2 5.34071 -0.0520018
971.4 5.34071 -0.0150971
971.6 5.34071 0.0209309
971.8 5.34071 0.00449933
972 5.34071 -0.0578249
972.2 5.34071 -0.0984446
972.4 5.34071 -0.0600932
972.6 5.34071 0.0369801
972.8 5.34071 0.111729
973 5.34071 0.107055
973.2 5.34071 0.0481047
973.4 5.34071 0.00897744
973.6 5.34071 0.0284818
973.8 5.34071 0.0714908
974 5.34071 0.0760283
974.2 5.34071 0.0278286
974.4 5.34071 -0.0230711
974.6 5.34071 -0.0189881
974.8 5.34071 0.0417245
975 5.34071 0.10258
975.2 5.34071 0.106484
975.4 5.34071 0.0502514
975.6 5.34071 -0.016398
975.8 5.34071 -0.0400111
976 5.34071 -0.00955018
976.2 5.34071 0.040343
976.4 5.34071 0.0655953
976.6 5.34071 0.0512948
976.8 5.34071 0.0186262
977 5.34071 -0.00223828
977.2 5.34071 -0.00440258
977.4 5.34071 -0.00829047
977.6 5.34071 -0.0328728
977.8 5.34071 -0.0659572
978 5.34071 -0.0703276
978.2 5.34071 -0.0249501
978.4 5.34071 0.0433714
978.6 5.34071 0.0790894
978.8 5.34071 0.0542877
979 5.34071 0.0016718
979.2 5.34071 -0.016365
979.4 5.34071 0.0269744
979.6 5.34071 0.0944052
979.8 5.34071 0.124346
980 5.34071 0.0932466
980.2 5.34071 0.0321221
980.4 5.34071 -0.0149696
980.6 5.34071 -0.0353483
980.8 5.34071 -0.0444178
981 5.34071 -0.049705
981.2 5.34071 -0.0377066
981.4 5.34071 -0.00229536
981.6 5.34071 0.0288327
981.8 5.34071 0.0155122
982 5.34071 -0.0445638
982.2 5.34071 -0.101206
982.4 5.34071 -0.0999634
982.6 5.34071 -0.0409827
982.8 5.34071 0.022741
983 5.34071 0.0475616
983.2 5.34071 0.047248
983.4 5.34071 0.0675437
983.6 5.34071 0.118978
983.8 5.34071 0.153612
984 5.34071 0.118958
984.2 5.34071 0.0268839
984.4 5.34071 -0.0477224
984.6 5.34071 -0.0425216
984.8 5.34071 0.0266552
985 5.34071 0.0843284
985.2 5.34071 0.0766231
985.4 5.34071 0.0244138
985.6 5.34071 -0.00731776
985.8 5.34071 0.0154759
986 5.34071 0.0610873
986.2 5.34071 0.0712653
986.4 5.34071 0.0264293
986.6 5.34071 -0.0339748
986.8 5.34071 -0.0529116
987 5.34071 -0.0113347
987.2 5.34071 0.0567878
987.4 5.34071 0.0988681
987.6 5.34071 0.0896236
987.8 5.34071 0.0472574
988 5.34071 0.0112979
988.2 5.34071 0.00610588
988.4 5.34071 0.0217847
988.6 5.34071 0.0267322
988.8 5.34071 -0.00041194
989 5.34071 -0.0480909
989.2 5.34071 -0.0801943
989.4 5.34071 -0.0697249
989.6 5.34071 -0.0261025
989.8 5.34071 0.0125419
990 5.34071 0.0163585
990.2 5.34071 -0.00717671
990.4 5.34071 -0.0236355
990.6 5.34071 -0.0108015
990.8 5.34071 0.0165698
991 5.34071 0.0245978
991.2 5.34071 0.00125065
991.4 5.34071 -0.0263534
991.6 5.34071 -0.0194966
991.8 5.34071 0.0289671
992 5.34071 0.0830901
992.2 5.34071 0.096937
992.4 5.34071 0.0575584
992.6 5.34071 -0.00526612
992.8 5.34071 -0.0483199
993 5.34071 -0.0498151
993.2 5.34071 -0.0182022
993.4 5.34071 0.0242151
993.6 5.34071 0.0581554
993.8 5.34071 0.0704549
994 5.34071 0.0525632
994.2 5.34071 0.00738324
994.4 5.34071 -0.0425433
994.6 5.34071 -0.0641525
994.8 5.34071 -0.0415911
995 5.34071 0.00411514
995.2 5.34071 0.0301245
995.4 5.34071 0.0131305
995.6 5.34071 -0.0249631
995.8 5.34071 -0.0381184
996 5.34071 -0.00571302
996.2 5.34071 0.0417256
996.4 5.34071 0.0518009
996.6 5.34071 0.0070009
996.8 5.34071 -0.0511853
997 5.34071 -0.0594152
997.2 5.34071 0.00372894
997.4 5.34071 0.0918857
997.6 5.34071 0.130633
997.8 5.34071 0.08561
998 5.34071 -0.00553914
998.2 5.34071 -0.0660209
998.4 5.34071 -0.0463999
998.6 5.34071 0.0342215
998.8 5.34071 0.105284
999 5.34071 0.102281
999.2 5.34071 0.0178319
999.4 5.34071 -0.0923668
999.6 5.34071 -0.151419
999.8 5.34071 -0.119138
1000 5.34071 -0.0222365
0.2 5.65487 -0.00817895
0.4 5.65487 -0.0717539
0.6 5.65487 -0.0435554
0.8 5.65487 0.00729604
1 5.65487 -0.00720573
1.2 5.65487 -0.0784771
1.4 5.65487 -0.115185
1.6 5.65487 -0.0658856
1.8 5.65487 0.0114294
2 5.65487 0.0236422
2.2 5.65487 -0.0373029
2.4 5.65487 -0.0853165
2.6 5.65487 -0.0531055
2.8 5.65487 0.0206894
3 5.65487 0.0427703
3.2 5.65487 -0.0134571
3.4 5.65487 -0.0746628
3.6 5.65487 -0.0643752
3.8 5.65487 -0.00279719
4 5.65487 0.019663
4.2 5.65487 -0.0398574
4.4 5.65487 -0.119421
4.6 5.65487 -0.128046
4.8 5.65487 -0.0574263
5 5.65487 0.00999839
5.2 5.65487 0.00270926
5.4 5.65487 -0.0574372
5.6 5.65487 -0.089583
5.8 5.65487 -0.054045
6 5.65487 0.0072573
6.2 5.65487 0.0307882
6.4 5.65487 0.00708605
6.6 5.65487 -0.0203274
6.8 5.65487 -0.018894
7 5.65487 -0.00436105
7.2 5.65487 -0.00823012
7.4 5.65487 -0.0274969
7.6 5.65487 -0.0265261
7.8 5.65487 0.0138843
8 5.65487 0.0671966
8.2 5.65487 0.0892737
8.4 5.65487 0.0669277
8.6 5.65487 0.0282881
8.8 5.65487 0.00852099
9 5.65487 0.016217
9.2 5.65487 0.0349077
9.4 5.65487 0.0463036
9.6 5.65487 0.0433593
9.8 5.65487 0.0267087
10 5.65487 0.00141047
10.2 5.65487 -0.0199476
10.4 5.65487 -0.0216228
10.6 5.65487 -0.0019298
10.8 5.65487 0.017146
11 5.65487 0.00804304
11.2 5.65487 -0.0309084
11.4 5.65487 -0.0682436
11.6 5.65487 -0.0695615
11.8 5.65487 -0.0332145
12 5.65487 0.00857619
12.2 5.65487 0.0228714
12.4 5.65487 0.00510839
12.6 5.65487 -0.0240817
12.8 5.65487 -0.0422914
13 5.65487 -0.0396213
13.2 5.65487 -0.0160084
13.4 5.65487 0.0229382
13.6 5.65487 0.0634958
13.8 5.65487 0.0868081
14 5.65487 0.0852508
14.2 5.65487 0.0749753
14.4 5.65487 0.0821571
14.6 5.65487 0.111599
14.8 5.65487 0.134944
15 5.65487 0.118135
15.2 5.65487 0.0600433
15.4 5.65487 -0.00290658
15.6 5.65487 -0.0325303
15.8 5.65487 -0.0241164
16 5.65487 -0.00345541
16.2 5.65487 0.00429849
16.4 5.65487 -0.00558567
16.6 5.65487 -0.0253516
16.8 5.65487 -0.0484259
17 5.65487 -0.0670483
17.2 5.65487 -0.0653219
17.4 5.65487 -0.0311449
17.6 5.65487 0.020526
17.8 5.65487 0.0487828
18 5.65487 0.0246308
18.2 5.65487 -0.0332941
18.4 5.65487 -0.072325
18.6 5.65487 -0.0603921
18.8 5.65487 -0.0203316
19 5.65487 -0.00268823
19.2 5.65487 -0.0286297
19.4 5.65487 -0.0697058
19.6 5.65487 -0.0844281
19.8 5.65487 -0.0632382
20 5.65487 -0.0295774
20.2 5.65487 -0.00531724
20.4 5.65487 0.00918904
20.6 5.65487 0.0194762
20.8 5.65487 0.0187575
21 5.65487 0.00050599
21.2 5.65487 -0.0172877
21.4 5.65487 -0.00158747
21.6 5.65487 0.0517169
21.8 5.65487 0.0959146
22 5.65487 0.0747846
22.2 5.65487 -0.0113439
22.4 5.65487 -0.0951237
22.6 5.65487 -0.108785
22.8 5.65487 -0.0555337
23 5.65487 -0.00272528
23.2 5.65487 -0.00439983
23.4 5.65487 -0.0435618
23.6 5.65487 -0.058478
23.8 5.65487 -0.0162266
24 5.65487 0.0543006
24.2 5.65487 0.101221
24.4 5.65487 0.1049
24.6 5.65487 0.084924
24.8 5.65487 0.063638
25 5.65487 0.0422823
25.2 5.65487 0.0162215
25.4 5.65487 -0.00429412
25.6 5.65487 -0.0056484
25.8 5.65487 0.00151867
26 5.65487 -0.0144772
26.2 5.65487 -0.0661803
26.4 5.65487 -0.121145
26.6 5.65487 -0.131937
26.8 5.65487 -0.0919817
27 5.65487 -0.0474699
27.2 5.65487 -0.045408
27.4 5.65487 -0.0782462
27.6 5.65487 -0.0928981
27.8 5.65487 -0.0537603
28 5.65487 0.016796
28.2 5.65487 0.0675482
28.4 5.65487 0.0773197
28.6 5.65487 0.0699688
28.8 5.65487 0.0720667
29 5.65487 0.0741066
29.2 5.65487 0.0481839
29.4 5.65487 -0.00293896
29.6 5.65487 -0.0351801
29.8 5.65487 -0.0120886
30 5.65487 0.0455843
30.2 5.65487 0.0758696
30.4 5.65487 0.044417
30.6 5.65487 -0.0144318
30.8 5.65487 -0.0356133
31 5.65487 0.0019133
31.2 5.65487 0.0509453
31.4 5.65487 0.0510465
31.6 5.65487 -0.00128885
31.8 5.65487 -0.0485556
32 5.65487 -0.0377395
32.2 5.65487 0.0213587
32.4 5.65487 0.0711146
32.6 5.65487 0.0737189
32.8 5.65487 0.0504758
33 5.65487 0.0476614
33.2 5.65487 0.0723157
33.4 5.65487 0.0779502
33.6 5.65487 0.02135
33.8 5.65487 -0.0748397
34 5.65487 -0.13137
34.2 5.65487 -0.0916063
34.4 5.65487 0.0139092
34.6 5.65487 0.0917632
34.8 5.65487 0.0771481
35 5.65487 -0.00430116
35.2 5.65487 -0.0693491
35.4 5.65487 -0.0655878
35.6 5.65487 -0.0175436
35.8 5.65487 0.0144976
36 5.65487 0.00666283
36.2 5.65487 -0.011715
36.4 5.65487 -0.00906036
36.6 5.65487 0.00233722
36.8 5.65487 -0.0124153
37 5.65487 -0.0514204
37.2 5.65487 -0.0627852
37.4 5.65487 -0.00558987
37.6 5.65487 0.0871827
37.8 5.65487 0.129846
38 5.65487 0.0762608
38.2 5.65487 -0.0231254
38.4 5.65487 -0.0723021
38.6 5.65487 -0.034233
38.8 5.65487 0.0328324
39 5.65487 0.0494896
39.2 5.65487 0.00944594
39.4 5.65487 -0.0196289
39.6 5.65487 0.0136453
39.8 5.65487 0.0772982
40 5.65487 0.0955391
40.2 5.65487 0.0437969
40.4 5.65487 -0.0211129
40.6 5.65487 -0.0333996
40.8 5.65487 -0.00114349
41 5.65487 0.00570656
41.2 5.65487 -0.0524448
41.4 5.65487 -0.128702
41.6 5.65487 -0.141648
41.8 5.65487 -0.0731105
42 5.65487 0.00736635
42.2 5.65487 0.0206151
42.4 5.65487 -0.0354103
42.6 5.65487 -0.0905372
42.8 5.65487 -0.086402
43 5.65487 -0.0367342
43.2 5.65487 0.00133217
43.4 5.65487 0.000230762
43.6 5.65487 -0.0110529
43.8 5.65487 0.00902358
44 5.65487 0.0604424
44.2 5.65487 0.101302
44.4 5.65487 0.0942981
44.6 5.65487 0.042514
44.8 5.65487 -0.0192613
45 5.65487 -0.0571563
45.2 5.65487 -0.0585965
45.4 5.65487 -0.0318759
45.6 5.65487 0.00176267
45.8 5.65487 0.0183524
46 5.65487 0.00816657
46.2 5.65487 -0.0102804
46.4 5.65487 -0.00248554
46.6 5.65487 0.0432588
46.8 5.65487 0.0911887
47 5.65487 0.0865942
47.2 5.65487 0.0171623
47.4 5.65487 -0.0629898
47.6 5.65487 -0.0845483
47.8 5.65487 -0.0391487
48 5.65487 0.00811576
48.2 5.65487 -0.00961057
48.4 5.65487 -0.0842705
48.6 5.65487 -0.140542
48.8 5.65487 -0.119976
49 5.65487 -0.044014
49.2 5.65487 0.0154417
49.4 5.65487 0.0191712
49.6 5.65487 -0.00162694
49.8 5.65487 0.00780618
50 5.65487 0.0575758
50.2 5.65487 0.106082
50.4 5.65487 0.115257
50.6 5.65487 0.0937985
50.8 5.65487 0.0767719
51 5.65487 0.0749222
51.2 5.65487 0.0627824
51.4 5.65487 0.0191486
51.6 5.65487 -0.0366664
51.8 5.65487 -0.0626597
52 5.65487 -0.0437935
52.2 5.65487 -0.00944757
52.4 5.65487 0.00338581
52.6 5.65487 -0.00656821
52.8 5.65487 -0.00984255
53 5.65487 0.00897455
53.2 5.65487 0.0262762
53.4 5.65487 0.00782571
53.6 5.65487 -0.0448957
53.8 5.65487 -0.0895125
54 5.65487 -0.0871812
54.2 5.65487 -0.0442837
54.4 5.65487 -0.00296083
54.6 5.65487 0.00625976
54.8 5.65487 -0.0063942
55 5.65487 -0.00958365
55.2 5.65487 0.00906202
55.4 5.65487 0.0311067
55.6 5.65487 0.0338939
55.8 5.65487 0.0193208
56 5.65487 0.00966819
56.2 5.65487 0.0181045
56.4 5.65487 0.0314908
56.6 5.65487 0.0261552
56.8 5.65487 -0.00280976
57 5.65487 -0.0331008
57.2 5.65487 -0.0369412
57.4 5.65487 -0.00903749
57.6 5.65487 0.0277956
57.8 5.65487 0.0427878
58 5.65487 0.0221657
58.2 5.65487 -0.0219716
58.4 5.65487 -0.0615393
58.6 5.65487 -0.0698568
58.8 5.65487 -0.036048
59 5.65487 0.0275726
59.2 5.65487 0.0878582
59.4 5.65487 0.106528
59.6 5.65487 0.0657374
59.8 5.65487 -0.0134204
60 5.65487 -0.0795249
60.2 5.65487 -0.0875394
60.4 5.65487 -0.0361859
60.6 5.65487 0.029064
60.8 5.65487 0.0546821
61 5.65487 0.026358
61.2 5.65487 -0.0197437
61.4 5.65487 -0.0331397
61.6 5.65487 0.00287344
61.8 5.65487 0.0583318
62 5.65487 0.0892319
62.2 5.65487 0.0794375
62.4 5.65487 0.0490955
62.6 5.65487 0.0258178
62.8 5.65487 0.0146988
63 5.65487 4.48927e-05
63.2 5.65487 -0.0276768
63.4 5.65487 -0.0543898
63.6 5.65487 -0.0550997
63.8 5.65487 -0.0209114
64 5.65487 0.0302369
64.2 5.65487 0.0685999
64.4 5.65487 0.0749021
64.6 5.65487 0.0491984
64.8 5.65487 0.00575169
65 5.65487 -0.0342475
65.2 5.65487 -0.0487643
65.4 5.65487 -0.0263392
65.6 5.65487 0.019462
65.8 5.65487 0.0509002
66 5.65487 0.0339445
66.2 5.65487 -0.0263393
66.4 5.65487 -0.0814434
66.6 5.65487 -0.0795415
66.8 5.65487 -0.0150116
67 5.65487 0.0638273
67.2 5.65487 0.0989442
67.4 5.65487 0.0735086
67.6 5.65487 0.0179237
67.8 5.65487 -0.0296438
68 5.65487 -0.0595825
68.2 5.65487 -0.0850351
68.4 5.65487 -0.109321
68.6 5.65487 -0.11362
68.8 5.65487 -0.0826875
69 5.65487 -0.034378
69.2 5.65487 -0.0105506
69.4 5.65487 -0.0341785
69.6 5.65487 -0.0818207
69.8 5.65487 -0.105845
70 5.65487 -0.0829808
70.2 5.65487 -0.0347313
70.4 5.65487 0.00138667
70.6 5.65487 0.0133548
70.8 5.65487 0.0204386
71 5.65487 0.0410093
71.2 5.65487 0.0664583
71.4 5.65487 0.0742972
71.6 5.65487 0.0607554
71.8 5.65487 0.0469282
72 5.65487 0.0478276
72.2 5.65487 0.0461396
72.4 5.65487 0.0120119
72.6 5.65487 -0.0487948
72.8 5.65487 -0.0815396
73 5.65487 -0.0349841
73.2 5.65487 0.0702392
73.4 5.65487 0.14099
73.6 5.65487 0.0969236
73.8 5.65487 -0.040135
74 5.65487 -0.153759
74.2 5.65487 -0.142504
74.4 5.65487 -0.0233079
74.6 5.65487 0.0820371
74.8 5.65487 0.0686088
75 5.65487 -0.0469566
75.2 5.65487 -0.148106
75.4 5.65487 -0.14154
75.6 5.65487 -0.0498244
75.8 5.65487 0.0220364
76 5.65487 0.0031994
76.2 5.65487 -0.0725924
76.4 5.65487 -0.114118
76.6 5.65487 -0.0764664
76.8 5.65487 -0.00406254
77 5.65487 0.0279266
77.2 5.65487 -0.00109725
77.4 5.65487 -0.0425554
77.6 5.65487 -0.0433564
77.8 5.65487 -0.00791803
78 5.65487 0.0135131
78.2 5.65487 -0.0101556
78.4 5.65487 -0.0529719
78.6 5.65487 -0.0634506
78.8 5.65487 -0.0242133
79 5.65487 0.0302645
79.2 5.65487 0.0537615
79.4 5.65487 0.0359471
79.6 5.65487 0.00566273
79.8 5.65487 -0.00567571
80 5.65487 0.00602964
80.2 5.65487 0.0234143
80.4 5.65487 0.0322359
80.6 5.65487 0.0319528
80.8 5.65487 0.026225
81 5.65487 0.0143088
81.2 5.65487 -0.00303625
81.4 5.65487 -0.015349
81.6 5.65487 -0.00932197
81.8 5.65487 0.0144268
82 5.65487 0.0370095
82.2 5.65487 0.0380688
82.4 5.65487 0.0153146
82.6 5.65487 -0.0158015
82.8 5.65487 -0.0403277
83 5.65487 -0.0567487
83.2 5.65487 -0.0707039
83.4 5.65487 -0.0816133
83.6 5.65487 -0.0821442
83.8 5.65487 -0.0704882
84 5.65487 -0.056041
84.2 5.65487 -0.0475568
84.4 5.65487 -0.0385057
84.6 5.65487 -0.0119085
84.8 5.65487 0.0362816
85 5.65487 0.0823655
85.2 5.65487 0.0906148
85.4 5.65487 0.0477063
85.6 5.65487 -0.0198065
85.8 5.65487 -0.0661177
86 5.65487 -0.0670438
86.2 5.65487 -0.0415175
86.4 5.65487 -0.0320865
86.6 5.65487 -0.0625254
86.8 5.65487 -0.112946
87 5.65487 -0.136926
87.2 5.65487 -0.106181
87.4 5.65487 -0.0413563
87.6 5.65487 0.00225716
87.8 5.65487 -0.0150536
88 5.65487 -0.0764571
88.2 5.65487 -0.1184
88.4 5.65487 -0.0873549
88.6 5.65487 0.00792289
88.8 5.65487 0.101055
89 5.65487 0.128761
89.2 5.65487 0.0893954
89.4 5.65487 0.0400861
89.6 5.65487 0.0352066
89.8 5.65487 0.0704132
90 5.65487 0.0910112
90.2 5.65487 0.054406
90.4 5.65487 -0.0216381
90.6 5.65487 -0.0764235
90.8 5.65487 -0.068722
91 5.65487 -0.0161422
91.2 5.65487 0.0277566
91.4 5.65487 0.0289059
91.6 5.65487 0.000119979
91.8 5.65487 -0.0227117
92 5.65487 -0.0213961
92.2 5.65487 -0.00737004
92.4 5.65487 0.000416444
92.6 5.65487 -0.0020095
92.8 5.65487 -0.00682903
93 5.65487 -0.0117306
93.2 5.65487 -0.0230228
93.4 5.65487 -0.0397538
93.6 5.65487 -0.0437087
93.8 5.65487 -0.0152627
94 5.65487 0.0392327
94.2 5.65487 0.0825031
94.4 5.65487 0.0759308
94.6 5.65487 0.0164402
94.8 5.65487 -0.0574182
95 5.65487 -0.0974173
95.2 5.65487 -0.0845296
95.4 5.65487 -0.0386686
95.6 5.65487 0.00526964
95.8 5.65487 0.0277135
96 5.65487 0.032948
96.2 5.65487 0.0343848
96.4 5.65487 0.0377241
96.6 5.65487 0.0398986
96.8 5.65487 0.0403129
97 5.65487 0.0468608
97.2 5.65487 0.0669788
97.4 5.65487 0.0933778
97.6 5.65487 0.102902
97.8 5.65487 0.0746437
98 5.65487 0.0120621
98.2 5.65487 -0.0536022
98.4 5.65487 -0.0851935
98.6 5.65487 -0.068461
98.8 5.65487 -0.0215354
99 5.65487 0.0228588
99.2 5.65487 0.0440805
99.4 5.65487 0.0441457
99.6 5.65487 0.0365386
99.8 5.65487 0.0301152
100 5.65487 0.0256052
100.2 5.65487 0.0229237
100.4 5.65487 0.0242782
100.6 5.65487 0.0275168
100.8 5.65487 0.0219991
101 5.65487 -0.00103787
101.2 5.65487 -0.0323637
101.4 5.65487 -0.0451447
101.6 5.65487 -0.0184934
101.8 5.65487 0.0383697
102 5.65487 0.0896366
102.2 5.65487 0.103476
102.4 5.65487 0.0778963
102.6 5.65487 0.0353584
102.8 5.65487 -0.00413813
103 5.65487 -0.0382498
103.2 5.65487 -0.070654
103.4 5.65487 -0.0931661
103.6 5.65487 -0.0893105
103.8 5.65487 -0.0564025
104 5.65487 -0.0156912
104.2 5.65487 0.00662437
104.4 5.65487 0.00650181
104.6 5.65487 0.0035752
104.8 5.65487 0.0145778
105 5.65487 0.032085
105.2 5.65487 0.0353411
105.4 5.65487 0.0182296
105.6 5.65487 -0.00293122
105.8 5.65487 -0.0120204
106 5.65487 -0.015068
106.2 5.65487 -0.030534
106.4 5.65487 -0.0599819
106.6 5.65487 -0.0801126
106.8 5.65487 -0.0707138
107 5.65487 -0.0436615
107.2 5.65487 -0.0322676
107.4 5.65487 -0.0502464
107.6 5.65487 -0.0722153
107.8 5.65487 -0.0642329
108 5.65487 -0.028715
108.2 5.65487 -0.00549172
108.4 5.65487 -0.023431
108.6 5.65487 -0.0615192
108.8 5.65487 -0.0708875
109 5.65487 -0.0344273
109.2 5.65487 0.00917261
109.4 5.65487 0.00950849
109.6 5.65487 -0.0347402
109.8 5.65487 -0.0725666
110 5.65487 -0.060303
110.2 5.65487 -0.0127732
110.4 5.65487 0.0152347
110.6 5.65487 -0.00642121
110.8 5.65487 -0.0504921
111 5.65487 -0.0680292
111.2 5.65487 -0.0457665
111.4 5.65487 -0.0163762
111.6 5.65487 -0.0147781
111.8 5.65487 -0.0379261
112 5.65487 -0.0539658
112.2 5.65487 -0.0415216
112.4 5.65487 -0.008003
112.6 5.65487 0.0276237
112.8 5.65487 0.0545184
113 5.65487 0.065659
113.2 5.65487 0.0479105
113.4 5.65487 -0.00376671
113.6 5.65487 -0.0609165
113.8 5.65487 -0.0711571
114 5.65487 -0.0126164
114.2 5.65487 0.065005
114.4 5.65487 0.0755503
114.6 5.65487 -0.0131607
114.8 5.65487 -0.131463
115 5.65487 -0.167259
115.2 5.65487 -0.0791308
115.4 5.65487 0.0578527
115.6 5.65487 0.125436
115.8 5.65487 0.0764218
116 5.65487 -0.0301578
116.2 5.65487 -0.100431
116.4 5.65487 -0.0963125
116.6 5.65487 -0.0513792
116.8 5.65487 -0.0143269
117 5.65487 0.00147563
117.2 5.65487 0.0114169
117.4 5.65487 0.024644
117.6 5.65487 0.0346216
117.8 5.65487 0.0392574
118 5.65487 0.0494935
118.2 5.65487 0.068353
118.4 5.65487 0.0744395
118.6 5.65487 0.0439292
118.8 5.65487 -0.0115351
119 5.65487 -0.0458481
119.2 5.65487 -0.0280384
119.4 5.65487 0.0176687
119.6 5.65487 0.0360077
119.8 5.65487 0.00535699
120 5.65487 -0.0355849
120.2 5.65487 -0.0340881
120.4 5.65487 0.0130384
120.6 5.65487 0.0567073
120.8 5.65487 0.0559338
121 5.65487 0.0252945
121.2 5.65487 0.0122397
121.4 5.65487 0.0371088
121.6 5.65487 0.0734719
121.8 5.65487 0.0900857
122 5.65487 0.0944134
122.2 5.65487 0.118206
122.4 5.65487 0.165273
122.6 5.65487 0.193863
122.8 5.65487 0.161674
123 5.65487 0.0788405
123.2 5.65487 0.00182372
123.4 5.65487 -0.0251996
123.6 5.65487 -0.010577
123.8 5.65487 0.00753076
124 5.65487 0.011594
124.2 5.65487 0.0177596
124.4 5.65487 0.0407574
124.6 5.65487 0.0634307
124.8 5.65487 0.0540891
125 5.65487 0.00904608
125.2 5.65487 -0.0359185
125.4 5.65487 -0.0412871
125.6 5.65487 -0.00423898
125.8 5.65487 0.0412828
126 5.65487 0.0590893
126.2 5.65487 0.038253
126.4 5.65487 -0.00902996
126.6 5.65487 -0.0630523
126.8 5.65487 -0.104012
127 5.65487 -0.114485
127.2 5.65487 -0.090338
127.4 5.65487 -0.0523101
127.6 5.65487 -0.035454
127.8 5.65487 -0.0563082
128 5.65487 -0.0919297
128.2 5.65487 -0.0994168
128.4 5.65487 -0.0585936
128.6 5.65487 0.00872511
128.8 5.65487 0.0623604
129 5.65487 0.0801455
129.2 5.65487 0.0675319
129.4 5.65487 0.0401626
129.6 5.65487 0.0101648
129.8 5.65487 -0.0100129
130 5.65487 -0.00608025
130.2 5.65487 0.0216857
130.4 5.65487 0.0452796
130.6 5.65487 0.0295689
130.8 5.65487 -0.0261455
131 5.65487 -0.0779223
131.2 5.65487 -0.0818452
131.4 5.65487 -0.0459597
131.6 5.65487 -0.0227041
131.8 5.65487 -0.0445957
132 5.65487 -0.0815137
132.2 5.65487 -0.0772479
132.4 5.65487 -0.0232464
132.6 5.65487 0.0246832
132.8 5.65487 0.012313
133 5.65487 -0.0455105
133.2 5.65487 -0.0827971
133.4 5.65487 -0.0645025
133.6 5.65487 -0.0274547
133.8 5.65487 -0.0266787
134 5.65487 -0.0576901
134.2 5.65487 -0.0595069
134.4 5.65487 0.00166486
134.6 5.65487 0.0772882
134.8 5.65487 0.0876304
135 5.65487 0.0204831
135.2 5.65487 -0.0474346
135.4 5.65487 -0.0375922
135.6 5.65487 0.0396894
135.8 5.65487 0.101166
136 5.65487 0.0905912
136.2 5.65487 0.0381366
136.4 5.65487 0.0117679
136.6 5.65487 0.0305622
136.8 5.65487 0.0511052
137 5.65487 0.0358657
137.2 5.65487 0.00605865
137.4 5.65487 0.00912463
137.6 5.65487 0.0491687
137.8 5.65487 0.0770371
138 5.65487 0.0534418
138.2 5.65487 -0.000838768
138.4 5.65487 -0.0345723
138.6 5.65487 -0.0333108
138.8 5.65487 -0.0320363
139 5.65487 -0.0574731
139.2 5.65487 -0.0823159
139.4 5.65487 -0.0586772
139.6 5.65487 0.0108702
139.8 5.65487 0.0618922
140 5.65487 0.0387424
140.2 5.65487 -0.0386515
140.4 5.65487 -0.0957583
140.6 5.65487 -0.0861181
140.8 5.65487 -0.0347084
141 5.65487 0.00410363
141.2 5.65487 0.0116637
141.4 5.65487 0.01092
141.6 5.65487 0.0181682
141.8 5.65487 0.0169445
142 5.65487 -0.00901147
142.2 5.65487 -0.0365325
142.4 5.65487 -0.0223346
142.6 5.65487 0.0378949
142.8 5.65487 0.0916943
143 5.65487 0.0855079
143.2 5.65487 0.0277822
143.4 5.65487 -0.0209361
143.6 5.65487 -0.0195142
143.8 5.65487 0.010584
144 5.65487 0.0221725
144.2 5.65487 0.0069562
144.4 5.65487 0.00277257
144.6 5.65487 0.0374289
144.8 5.65487 0.0866302
145 5.65487 0.101794
145.2 5.65487 0.069256
145.4 5.65487 0.0232104
145.6 5.65487 -0.000441186
145.8 5.65487 -0.00446517
146 5.65487 -0.0137123
146.2 5.65487 -0.0316948
146.4 5.65487 -0.0351572
146.6 5.65487 -0.0135437
146.8 5.65487 0.00618882
147 5.65487 -0.0104987
147.2 5.65487 -0.0593849
147.4 5.65487 -0.0992636
147.6 5.65487 -0.10154
147.8 5.65487 -0.0806317
148 5.65487 -0.0641966
148.2 5.65487 -0.0472462
148.4 5.65487 0.000679939
148.6 5.65487 0.0804113
148.8 5.65487 0.138784
149 5.65487 0.120602
149.2 5.65487 0.0389763
149.4 5.65487 -0.0288172
149.6 5.65487 -0.0247452
149.8 5.65487 0.0252709
150 5.65487 0.0454669
150.2 5.65487 0.00225802
150.4 5.65487 -0.0581618
150.6 5.65487 -0.0695941
150.8 5.65487 -0.0249148
151 5.65487 0.0224025
151.2 5.65487 0.028035
151.4 5.65487 0.00351561
151.6 5.65487 -0.0152775
151.8 5.65487 -0.0249842
152 5.65487 -0.0537676
152.2 5.65487 -0.105055
152.4 5.65487 -0.131189
152.6 5.65487 -0.0856785
152.8 5.65487 0.00727403
153 5.65487 0.0625959
153.2 5.65487 0.0257575
153.4 5.65487 -0.059343
153.6 5.65487 -0.0920581
153.8 5.65487 -0.0241525
154 5.65487 0.0869841
154.2 5.65487 0.13994
154.4 5.65487 0.0932407
154.6 5.65487 -0.00206812
154.8 5.65487 -0.0652681
155 5.65487 -0.0630614
155.2 5.65487 -0.0200305
155.4 5.65487 0.0281175
155.6 5.65487 0.0688444
155.8 5.65487 0.0997934
156 5.65487 0.10413
156.2 5.65487 0.060468
156.4 5.65487 -0.0220329
156.6 5.65487 -0.0945274
156.8 5.65487 -0.107352
157 5.65487 -0.0577816
157.2 5.65487 0.00736681
157.4 5.65487 0.0380885
157.6 5.65487 0.0267449
157.8 5.65487 0.00692883
158 5.65487 0.0121942
158.2 5.65487 0.040981
158.4 5.65487 0.0616445
158.6 5.65487 0.0474852
158.8 5.65487 0.00419632
159 5.65487 -0.0359512
159.2 5.65487 -0.0450757
159.4 5.65487 -0.0252703
159.6 5.65487 -0.00486063
159.8 5.65487 -0.0092372
160 5.65487 -0.0345202
160.2 5.65487 -0.0505942
160.4 5.65487 -0.0314617
160.6 5.65487 0.017766
160.8 5.65487 0.0657864
161 5.65487 0.0868475
161.2 5.65487 0.0844313
161.4 5.65487 0.081194
161.6 5.65487 0.0883431
161.8 5.65487 0.0912831
162 5.65487 0.0683547
162.2 5.65487 0.0197834
162.4 5.65487 -0.0275832
162.6 5.65487 -0.0449096
162.8 5.65487 -0.0272802
163 5.65487 0.00556448
163.2 5.65487 0.0298864
163.4 5.65487 0.0361291
163.6 5.65487 0.030651
163.8 5.65487 0.0269502
164 5.65487 0.0364465
164.2 5.65487 0.0606141
164.4 5.65487 0.0855859
164.6 5.65487 0.0878017
164.8 5.65487 0.0544843
165 5.65487 0.00201332
165.2 5.65487 -0.0328669
165.4 5.65487 -0.0276094
165.6 5.65487 0.00236553
165.8 5.65487 0.0221266
166 5.65487 0.0200765
166.2 5.65487 0.0224905
166.4 5.65487 0.0575171
166.6 5.65487 0.111074
166.8 5.65487 0.133408
167 5.65487 0.0948669
167.2 5.65487 0.0241103
167.4 5.65487 -0.021661
167.6 5.65487 -0.0212066
167.8 5.65487 -0.00877974
168 5.65487 -0.0233624
168.2 5.65487 -0.0525975
168.4 5.65487 -0.0461677
168.6 5.65487 0.0147611
168.8 5.65487 0.081148
169 5.65487 0.0854664
169.2 5.65487 0.0217645
169.4 5.65487 -0.041947
169.6 5.65487 -0.0383702
169.8 5.65487 0.0238217
170 5.65487 0.0721465
170.2 5.65487 0.0530807
170.4 5.65487 -0.0129516
170.6 5.65487 -0.0635016
170.8 5.65487 -0.0659256
171 5.65487 -0.0417475
171.2 5.65487 -0.0245001
171.4 5.65487 -0.0153718
171.6 5.65487 0.00598285
171.8 5.65487 0.0379345
172 5.65487 0.046984
172.2 5.65487 0.00968229
172.4 5.65487 -0.0484769
172.6 5.65487 -0.0725079
172.8 5.65487 -0.0377859
173 5.65487 0.0205616
173.2 5.65487 0.0452344
173.4 5.65487 0.0189434
173.6 5.65487 -0.0188616
173.8 5.65487 -0.0174308
174 5.65487 0.0296413
174.2 5.65487 0.0777698
174.4 5.65487 0.0773327
174.6 5.65487 0.0230557
174.8 5.65487 -0.0407341
175 5.65487 -0.0610893
175.2 5.65487 -0.0241432
175.4 5.65487 0.0331443
175.6 5.65487 0.057473
175.8 5.65487 0.0292739
176 5.65487 -0.0187391
176.2 5.65487 -0.0354977
176.4 5.65487 -0.00683071
176.6 5.65487 0.027003
176.8 5.65487 0.0164106
177 5.65487 -0.0350732
177.2 5.65487 -0.0647205
177.4 5.65487 -0.0174359
177.6 5.65487 0.0850252
177.8 5.65487 0.155996
178 5.65487 0.132777
178.2 5.65487 0.0452168
178.4 5.65487 -0.0165779
178.6 5.65487 -0.00161679
178.8 5.65487 0.0489605
179 5.65487 0.0557011
179.2 5.65487 -0.00347995
179.4 5.65487 -0.0684561
179.6 5.65487 -0.069165
179.8 5.65487 -0.00674107
180 5.65487 0.0502832
180.2 5.65487 0.0442096
180.4 5.65487 -0.0131586
180.6 5.65487 -0.0622988
180.8 5.65487 -0.0614443
181 5.65487 -0.019212
181.2 5.65487 0.0283561
181.4 5.65487 0.0536845
181.6 5.65487 0.0476168
181.8 5.65487 0.0131219
182 5.65487 -0.0325922
182.2 5.65487 -0.0561267
182.4 5.65487 -0.0315286
182.6 5.65487 0.0232341
182.8 5.65487 0.0482209
183 5.65487 0.000611864
183.2 5.65487 -0.0880758
183.4 5.65487 -0.132539
183.6 5.65487 -0.0833066
183.8 5.65487 0.013722
184 5.65487 0.0627725
184.2 5.65487 0.0217321
184.4 5.65487 -0.0553308
184.6 5.65487 -0.0845326
184.8 5.65487 -0.0453787
185 5.65487 0.00882416
185.2 5.65487 0.0259017
185.4 5.65487 0.0138502
185.6 5.65487 0.0129228
185.8 5.65487 0.0284357
186 5.65487 0.0208681
186.2 5.65487 -0.0332917
186.4 5.65487 -0.0969631
186.6 5.65487 -0.111736
186.8 5.65487 -0.0739069
187 5.65487 -0.0445705
187.2 5.65487 -0.0731523
187.4 5.65487 -0.129044
187.6 5.65487 -0.132077
187.8 5.65487 -0.0498826
188 5.65487 0.0562439
188.2 5.65487 0.0948772
188.4 5.65487 0.0433099
188.6 5.65487 -0.0322607
188.8 5.65487 -0.0526187
189 5.65487 -0.00558428
189.2 5.65487 0.0549154
189.4 5.65487 0.0745336
189.6 5.65487 0.0479101
189.8 5.65487 0.00867337
190 5.65487 -0.00934182
190.2 5.65487 0.00645756
190.4 5.65487 0.0479473
190.6 5.65487 0.0891638
190.8 5.65487 0.0931653
191 5.65487 0.039465
191.2 5.65487 -0.042954
191.4 5.65487 -0.0844492
191.6 5.65487 -0.0392907
191.8 5.65487 0.0558637
192 5.65487 0.106757
192.2 5.65487 0.0586747
192.4 5.65487 -0.0394639
192.6 5.65487 -0.0848555
192.8 5.65487 -0.034916
193 5.65487 0.0454627
193.2 5.65487 0.060813
193.4 5.65487 -0.0038587
193.6 5.65487 -0.0692481
193.8 5.65487 -0.0592863
194 5.65487 0.00927238
194.2 5.65487 0.0516618
194.4 5.65487 0.0195504
194.6 5.65487 -0.0434923
194.8 5.65487 -0.0590277
195 5.65487 -0.00879038
195.2 5.65487 0.0474654
195.4 5.65487 0.0465217
195.6 5.65487 -0.00633706
195.8 5.65487 -0.0509922
196 5.65487 -0.0459938
196.2 5.65487 -0.00928947
196.4 5.65487 0.0158575
196.6 5.65487 0.0180751
196.8 5.65487 0.0263238
197 5.65487 0.0657775
197.2 5.65487 0.121129
197.4 5.65487 0.15155
197.6 5.65487 0.135775
197.8 5.65487 0.0937498
198 5.65487 0.0638643
198.2 5.65487 0.0646861
198.4 5.65487 0.0804194
198.6 5.65487 0.0792219
198.8 5.65487 0.0429
199 5.65487 -0.0178817
199.2 5.65487 -0.0732793
199.4 5.65487 -0.100493
199.6 5.65487 -0.105072
199.8 5.65487 -0.115961
200 5.65487 -0.153793
200.2 5.65487 -0.202072
200.4 5.65487 -0.216434
200.6 5.65487 -0.170231
200.8 5.65487 -0.0891635
201 5.65487 -0.0310199
201.2 5.65487 -0.0265497
201.4 5.65487 -0.0473326
201.6 5.65487 -0.0407138
201.8 5.65487 0.00668915
202 5.65487 0.0526132
202.2 5.65487 0.050843
202.4 5.65487 0.00844123
202.6 5.65487 -0.0221086
202.8 5.65487 -0.00617755
203 5.65487 0.0333383
203.2 5.65487 0.0491596
203.4 5.65487 0.0320845
203.6 5.65487 0.0217883
203.8 5.65487 0.0512613
204 5.65487 0.0964539
204.2 5.65487 0.0983789
204.4 5.65487 0.0341373
204.6 5.65487 -0.049487
204.8 5.65487 -0.0820823
205 5.65487 -0.0420759
205.2 5.65487 0.0268824
205.4 5.65487 0.0681169
205.6 5.65487 0.0667024
205.8 5.65487 0.0474419
206 5.65487 0.0316041
206.2 5.65487 0.0131205
206.4 5.65487 -0.0206434
206.6 5.65487 -0.0598536
206.8 5.65487 -0.0776836
207 5.65487 -0.0626076
207.2 5.65487 -0.0335255
207.4 5.65487 -0.0179875
207.6 5.65487 -0.0219124
207.8 5.65487 -0.0274465
208 5.65487 -0.017425
208.2 5.65487 0.00630557
208.4 5.65487 0.0297354
208.6 5.65487 0.0437405
208.8 5.65487 0.0487476
209 5.65487 0.0474817
209.2 5.65487 0.0421486
209.4 5.65487 0.0396551
209.6 5.65487 0.0508299
209.8 5.65487 0.0774969
210 5.65487 0.10382
210.2 5.65487 0.108846
210.4 5.65487 0.0892265
210.6 5.65487 0.0627515
210.8 5.65487 0.0449826
211 5.65487 0.0282989
211.2 5.65487 -0.00587872
211.4 5.65487 -0.0531774
211.6 5.65487 -0.0755514
211.8 5.65487 -0.0360877
212 5.65487 0.0546179
212.2 5.65487 0.135616
212.4 5.65487 0.146846
212.6 5.65487 0.0840562
212.8 5.65487 0.000575566
213 5.65487 -0.0446066
213.2 5.65487 -0.0374937
213.4 5.65487 -0.00972543
213.6 5.65487 0.00331556
213.8 5.65487 -0.00239886
214 5.65487 -0.00567704
214.2 5.65487 0.00673866
214.4 5.65487 0.0212573
214.6 5.65487 0.0138563
214.8 5.65487 -0.0179801
215 5.65487 -0.0450854
215.2 5.65487 -0.0328834
215.4 5.65487 0.0199654
215.6 5.65487 0.0708555
215.8 5.65487 0.0667893
216 5.65487 -0.00525962
216.2 5.65487 -0.100203
216.4 5.65487 -0.151258
216.6 5.65487 -0.129837
216.8 5.65487 -0.0706489
217 5.65487 -0.0355541
217.2 5.65487 -0.0522148
217.4 5.65487 -0.0905584
217.6 5.65487 -0.0998871
217.8 5.65487 -0.0643753
218 5.65487 -0.0169047
218.2 5.65487 -5.12586e-05
218.4 5.65487 -0.0213276
218.6 5.65487 -0.0509855
218.8 5.65487 -0.057899
219 5.65487 -0.0382373
219.2 5.65487 -0.0086565
219.4 5.65487 0.0173744
219.6 5.65487 0.0366349
219.8 5.65487 0.0441517
220 5.65487 0.0290041
220.2 5.65487 -0.00936307
220.4 5.65487 -0.0474191
220.6 5.65487 -0.0532198
220.8 5.65487 -0.0200111
221 5.65487 0.0230113
221.2 5.65487 0.0404293
221.4 5.65487 0.0284165
221.6 5.65487 0.0157703
221.8 5.65487 0.02697
222 5.65487 0.0521181
222.2 5.65487 0.0592267
222.4 5.65487 0.0319824
222.6 5.65487 -0.0127163
222.8 5.65487 -0.0447597
223 5.65487 -0.0498919
223.2 5.65487 -0.0343091
223.4 5.65487 -0.0081742
223.6 5.65487 0.0232319
223.8 5.65487 0.0503975
224 5.65487 0.0539824
224.2 5.65487 0.0212479
224.4 5.65487 -0.0315408
224.6 5.65487 -0.0633373
224.8 5.65487 -0.0430357
225 5.65487 0.0203856
225.2 5.65487 0.0855097
225.4 5.65487 0.115163
225.6 5.65487 0.103428
225.8 5.65487 0.070433
226 5.65487 0.0394822
226.2 5.65487 0.0226191
226.4 5.65487 0.0203481
226.6 5.65487 0.0244458
226.8 5.65487 0.0207444
227 5.65487 -0.000197321
227.2 5.65487 -0.0281295
227.4 5.65487 -0.0354609
227.6 5.65487 -0.00646977
227.8 5.65487 0.0352442
228 5.65487 0.0417863
228.2 5.65487 -0.00562713
228.4 5.65487 -0.0639472
228.6 5.65487 -0.0650672
228.8 5.65487 0.00758227
229 5.65487 0.0891817
229.2 5.65487 0.0941737
229.4 5.65487 0.00785419
229.6 5.65487 -0.0933007
229.8 5.65487 -0.119173
230 5.65487 -0.0575239
230.2 5.65487 0.0205879
230.4 5.65487 0.0425774
230.6 5.65487 0.00756695
230.8 5.65487 -0.0275465
231 5.65487 -0.0222661
231.2 5.65487 0.00554061
231.4 5.65487 0.0137827
231.6 5.65487 -0.00518694
231.8 5.65487 -0.0173291
232 5.65487 0.00346876
232.2 5.65487 0.0359058
232.4 5.65487 0.0338144
232.6 5.65487 -0.0164051
232.8 5.65487 -0.0738667
233 5.65487 -0.0841789
233.2 5.65487 -0.0367507
233.4 5.65487 0.0246835
233.6 5.65487 0.0468162
233.8 5.65487 0.0168658
234 5.65487 -0.0309574
234.2 5.65487 -0.0518681
234.4 5.65487 -0.0297851
234.6 5.65487 0.0138718
234.8 5.65487 0.0418299
235 5.65487 0.0305971
235.2 5.65487 -0.0132226
235.4 5.65487 -0.0582594
235.6 5.65487 -0.0711359
235.8 5.65487 -0.0417101
236 5.65487 0.00884658
236.2 5.65487 0.0462761
236.4 5.65487 0.0533293
236.6 5.65487 0.043156
236.8 5.65487 0.0421845
237 5.65487 0.060934
237.2 5.65487 0.0852384
237.4 5.65487 0.0974413
237.6 5.65487 0.101649
237.8 5.65487 0.120651
238 5.65487 0.164519
238.2 5.65487 0.206319
238.4 5.65487 0.197349
238.6 5.65487 0.113194
238.8 5.65487 -0.0140234
239 5.65487 -0.113176
239.2 5.65487 -0.130135
239.4 5.65487 -0.072034
239.6 5.65487 0.00196884
239.8 5.65487 0.035282
240 5.65487 0.022077
240.2 5.65487 0.00306131
240.4 5.65487 0.0151568
240.6 5.65487 0.0487953
240.8 5.65487 0.0594121
241 5.65487 0.02166
241.2 5.65487 -0.0343997
241.4 5.65487 -0.0497387
241.6 5.65487 -0.00106962
241.8 5.65487 0.0677263
242 5.65487 0.0872409
242.2 5.65487 0.0359707
242.4 5.65487 -0.0348815
242.6 5.65487 -0.0546388
242.8 5.65487 -0.00690811
243 5.65487 0.0569043
243.2 5.65487 0.0766338
243.4 5.65487 0.0459988
243.6 5.65487 0.0102259
243.8 5.65487 0.00869698
244 5.65487 0.0340192
244.2 5.65487 0.0518793
244.4 5.65487 0.0487088
244.6 5.65487 0.0443367
244.8 5.65487 0.0575613
245 5.65487 0.0749018
245.2 5.65487 0.0661519
245.4 5.65487 0.0261272
245.6 5.65487 -0.0139701
245.8 5.65487 -0.0226385
246 5.65487 -0.00614522
246.2 5.65487 0.000450367
246.4 5.65487 -0.0221664
246.6 5.65487 -0.0543781
246.8 5.65487 -0.0645528
247 5.65487 -0.0501671
247.2 5.65487 -0.0397084
247.4 5.65487 -0.0535215
247.6 5.65487 -0.0747743
247.8 5.65487 -0.0684982
248 5.65487 -0.0255557
248.2 5.65487 0.0225262
248.4 5.65487 0.0352549
248.6 5.65487 0.00351211
248.8 5.65487 -0.0453988
249 5.65487 -0.076971
249.2 5.65487 -0.0758783
249.4 5.65487 -0.0461887
249.6 5.65487 0.00149464
249.8 5.65487 0.0538801
250 5.65487 0.0914954
250.2 5.65487 0.0950906
250.4 5.65487 0.0627465
250.6 5.65487 0.0160016
250.8 5.65487 -0.0182909
251 5.65487 -0.032545
251.2 5.65487 -0.0405959
251.4 5.65487 -0.0557005
251.6 5.65487 -0.0728887
251.8 5.65487 -0.0773746
252 5.65487 -0.0659021
252.2 5.65487 -0.051674
252.4 5.65487 -0.046943
252.6 5.65487 -0.0474641
252.8 5.65487 -0.0392319
253 5.65487 -0.0169731
253.2 5.65487 0.0107162
253.4 5.65487 0.0339017
253.6 5.65487 0.0509349
253.8 5.65487 0.0615603
254 5.65487 0.0576644
254.2 5.65487 0.0316735
254.4 5.65487 -0.00486179
254.6 5.65487 -0.0217061
254.8 5.65487 0.00144032
255 5.65487 0.0488682
255.2 5.65487 0.0805751
255.4 5.65487 0.0732063
255.6 5.65487 0.043014
255.8 5.65487 0.0227378
256 5.65487 0.0209738
256.2 5.65487 0.0152646
256.4 5.65487 -0.0126879
256.6 5.65487 -0.0461539
256.8 5.65487 -0.0491096
257 5.65487 -0.0112912
257.2 5.65487 0.0340797
257.4 5.65487 0.0439033
257.6 5.65487 0.0103539
257.8 5.65487 -0.036084
258 5.65487 -0.065779
258.2 5.65487 -0.0794503
258.4 5.65487 -0.0925096
258.6 5.65487 -0.100461
258.8 5.65487 -0.0775236
259 5.65487 -0.0152939
259.2 5.65487 0.0497046
259.4 5.65487 0.0638917
259.6 5.65487 0.0161041
259.8 5.65487 -0.0406571
260 5.65487 -0.0376515
260.2 5.65487 0.0384343
260.4 5.65487 0.128224
260.6 5.65487 0.156709
260.8 5.65487 0.105153
261 5.65487 0.0248297
261.2 5.65487 -0.0171031
261.4 5.65487 -0.000348827
261.6 5.65487 0.0389515
261.8 5.65487 0.0534449
262 5.65487 0.0325519
262.2 5.65487 0.00611739
262.4 5.65487 0.00723189
262.6 5.65487 0.0371335
262.8 5.65487 0.0667534
263 5.65487 0.0684693
263.2 5.65487 0.0424
263.4 5.65487 0.011506
263.6 5.65487 -0.00554105
263.8 5.65487 -0.0119034
264 5.65487 -0.0216589
264.2 5.65487 -0.0350607
264.4 5.65487 -0.0320323
264.6 5.65487 0.00444552
264.8 5.65487 0.0605032
265 5.65487 0.0952247
265.2 5.65487 0.0791222
265.4 5.65487 0.0280418
265.6 5.65487 -0.00830788
265.8 5.65487 0.00397484
266 5.65487 0.0470997
266.2 5.65487 0.0702943
266.4 5.65487 0.0442906
266.6 5.65487 -0.0082694
266.8 5.65487 -0.0397174
267 5.65487 -0.02988
267.2 5.65487 -0.0041753
267.4 5.65487 0.000831333
267.6 5.65487 -0.0190671
267.8 5.65487 -0.0351321
268 5.65487 -0.0260354
268.2 5.65487 -0.0073284
268.4 5.65487 -0.0127969
268.6 5.65487 -0.0505996
268.8 5.65487 -0.088818
269 5.65487 -0.0896835
269.2 5.65487 -0.0525767
269.4 5.65487 -0.015018
269.6 5.65487 -0.0103091
269.8 5.65487 -0.0313193
270 5.65487 -0.0415616
270.2 5.65487 -0.0193663
270.4 5.65487 0.016076
270.6 5.65487 0.0254722
270.8 5.65487 -0.00780176
271 5.65487 -0.0598352
271.2 5.65487 -0.0898788
271.4 5.65487 -0.0775888
271.6 5.65487 -0.0359549
271.8 5.65487 0.00731075
272 5.65487 0.0351738
272.2 5.65487 0.0482969
272.4 5.65487 0.0538183
272.6 5.65487 0.0539934
272.8 5.65487 0.0467674
273 5.65487 0.032875
273.2 5.65487 0.0179199
273.4 5.65487 0.00723978
273.6 5.65487 0.00128554
273.8 5.65487 -0.00289058
274 5.65487 -0.00756114
274.2 5.65487 -0.0136619
274.4 5.65487 -0.0227101
274.6 5.65487 -0.0352167
274.8 5.65487 -0.0450087
275 5.65487 -0.0384297
275.2 5.65487 -0.00562815
275.4 5.65487 0.043961
275.6 5.65487 0.0811242
275.8 5.65487 0.0793262
276 5.65487 0.0420566
276.2 5.65487 0.00479394
276.4 5.65487 0.00331961
276.6 5.65487 0.0371753
276.8 5.65487 0.0676898
277 5.65487 0.0566081
277.2 5.65487 0.00654074
277.4 5.65487 -0.0406274
277.6 5.65487 -0.0470203
277.8 5.65487 -0.0166058
278 5.65487 0.0138912
278.2 5.65487 0.0192165
278.4 5.65487 0.0126957
278.6 5.65487 0.0244984
278.8 5.65487 0.0581256
279 5.65487 0.079176
279.2 5.65487 0.052511
279.4 5.65487 -0.0144293
279.6 5.65487 -0.0736998
279.8 5.65487 -0.0834507
280 5.65487 -0.0471726
280.2 5.65487 -0.00311889
280.4 5.65487 0.020225
280.6 5.65487 0.0302101
280.8 5.65487 0.0512558
281 5.65487 0.0891544
281.2 5.65487 0.122577
281.4 5.65487 0.128948
281.6 5.65487 0.110115
281.8 5.65487 0.0873014
282 5.65487 0.0747888
282.2 5.65487 0.065756
282.4 5.65487 0.0447582
282.6 5.65487 0.00815554
282.8 5.65487 -0.0317688
283 5.65487 -0.0593815
283.2 5.65487 -0.0666029
283.4 5.65487 -0.0528586
283.6 5.65487 -0.0224237
283.8 5.65487 0.0130386
284 5.65487 0.0347298
284.2 5.65487 0.0297006
284.4 5.65487 0.00703657
284.6 5.65487 -0.00606496
284.8 5.65487 0.00737335
285 5.65487 0.03037
285.2 5.65487 0.0251271
285.4 5.65487 -0.0243713
285.6 5.65487 -0.0868608
285.8 5.65487 -0.109249
286 5.65487 -0.0710562
286.2 5.65487 -0.00921066
286.4 5.65487 0.016531
286.6 5.65487 -0.016895
286.8 5.65487 -0.0737606
287 5.65487 -0.0967835
287.2 5.65487 -0.0629406
287.4 5.65487 -0.00126874
287.6 5.65487 0.0400763
287.8 5.65487 0.0381674
288 5.65487 0.00800301
288.2 5.65487 -0.0199271
288.4 5.65487 -0.0264982
288.6 5.65487 -0.0105479
288.8 5.65487 0.0201713
289 5.65487 0.0553574
289.2 5.65487 0.0809074
289.4 5.65487 0.0813668
289.6 5.65487 0.0521647
289.8 5.65487 0.00969569
290 5.65487 -0.0168091
290.2 5.65487 -0.00871066
290.4 5.65487 0.0256799
290.6 5.65487 0.0595775
290.8 5.65487 0.072568
291 5.65487 0.0660278
291.2 5.65487 0.0543048
291.4 5.65487 0.0442897
291.6 5.65487 0.0278564
291.8 5.65487 -0.00485282
292 5.65487 -0.048632
292.2 5.65487 -0.0841715
292.4 5.65487 -0.0966458
292.6 5.65487 -0.0903077
292.8 5.65487 -0.0821322
293 5.65487 -0.0826353
293.2 5.65487 -0.0869116
293.4 5.65487 -0.0852966
293.6 5.65487 -0.0778181
293.8 5.65487 -0.0720462
294 5.65487 -0.0671437
294.2 5.65487 -0.0480749
294.4 5.65487 -0.00328715
294.6 5.65487 0.0531546
294.8 5.65487 0.086119
295 5.65487 0.0732406
295.2 5.65487 0.0317311
295.4 5.65487 0.00358403
295.6 5.65487 0.01077
295.8 5.65487 0.030744
296 5.65487 0.0231159
296.2 5.65487 -0.0209929
296.4 5.65487 -0.0648943
296.6 5.65487 -0.0664651
296.8 5.65487 -0.026703
297 5.65487 0.0107714
297.2 5.65487 0.00955029
297.4 5.65487 -0.0189642
297.6 5.65487 -0.0318838
297.8 5.65487 -0.00711937
298 5.65487 0.0317162
298.2 5.65487 0.0463529
298.4 5.65487 0.0308764
298.6 5.65487 0.0167624
298.8 5.65487 0.0316063
299 5.65487 0.0640221
299.2 5.65487 0.0775068
299.4 5.65487 0.0544798
299.6 5.65487 0.0161539
299.8 5.65487 -0.00335159
300 5.65487 0.00559803
300.2 5.65487 0.0229252
300.4 5.65487 0.0253599
300.6 5.65487 0.00791507
300.8 5.65487 -0.0212769
301 5.65487 -0.0549564
301.2 5.65487 -0.0850222
301.4 5.65487 -0.0927654
301.6 5.65487 -0.0579997
301.8 5.65487 0.0126339
302 5.65487 0.0751709
302.2 5.65487 0.0819284
302.4 5.65487 0.0310869
302.6 5.65487 -0.0259194
302.8 5.65487 -0.0351009
303 5.65487 0.00405561
303.2 5.65487 0.0408657
303.4 5.65487 0.031612
303.6 5.65487 -0.0136777
303.8 5.65487 -0.0479008
304 5.65487 -0.042646
304.2 5.65487 -0.0149596
304.4 5.65487 0.00206118
304.6 5.65487 0.0017102
304.8 5.65487 0.00471617
305 5.65487 0.0229945
305.2 5.65487 0.038994
305.4 5.65487 0.0296128
305.6 5.65487 0.000870413
305.8 5.65487 -0.0167887
306 5.65487 -0.00979091
306.2 5.65487 -0.00427355
306.4 5.65487 -0.0353138
306.6 5.65487 -0.0968514
306.8 5.65487 -0.136582
307 5.65487 -0.109067
307.2 5.65487 -0.0286452
307.4 5.65487 0.0394704
307.6 5.65487 0.0421376
307.8 5.65487 -0.0126475
308 5.65487 -0.0692475
308.2 5.65487 -0.0792806
308.4 5.65487 -0.0389376
308.6 5.65487 0.0200058
308.8 5.65487 0.0619201
309 5.65487 0.0671356
309.2 5.65487 0.0339469
309.4 5.65487 -0.0222006
309.6 5.65487 -0.0703733
309.8 5.65487 -0.0797136
310 5.65487 -0.047002
310.2 5.65487 -0.00649585
310.4 5.65487 -0.000112091
310.6 5.65487 -0.0321508
310.8 5.65487 -0.0610033
311 5.65487 -0.0446365
311.2 5.65487 0.0086847
311.4 5.65487 0.0464768
311.6 5.65487 0.0332984
311.8 5.65487 -0.00409256
312 5.65487 -0.00570495
312.2 5.65487 0.0478665
312.4 5.65487 0.104783
312.6 5.65487 0.0969665
312.8 5.65487 0.021117
313 5.65487 -0.0500682
313.2 5.65487 -0.0448629
313.4 5.65487 0.0276229
313.6 5.65487 0.0872143
313.8 5.65487 0.072224
314 5.65487 0.00690173
314.2 5.65487 -0.0296432
314.4 5.65487 0.00493722
314.6 5.65487 0.0707784
314.8 5.65487 0.0964072
315 5.65487 0.0623986
315.2 5.65487 0.0192694
315.4 5.65487 0.022425
315.6 5.65487 0.0653238
315.8 5.65487 0.0904428
316 5.65487 0.0613674
316.2 5.65487 0.00689108
316.4 5.65487 -0.0145461
316.6 5.65487 0.0160428
316.8 5.65487 0.0597562
317 5.65487 0.0704996
317.2 5.65487 0.0485323
317.4 5.65487 0.0317016
317.6 5.65487 0.0408358
317.8 5.65487 0.0530663
318 5.65487 0.0372219
318.2 5.65487 0.00207469
318.4 5.65487 -0.0101136
318.6 5.65487 0.0196018
318.8 5.65487 0.053914
319 5.65487 0.0390241
319.2 5.65487 -0.0267023
319.4 5.65487 -0.0814746
319.6 5.65487 -0.0667007
319.8 5.65487 0.00497972
320 5.65487 0.0625581
320.2 5.65487 0.0568674
320.4 5.65487 0.0130123
320.6 5.65487 -0.00672197
320.8 5.65487 0.0181433
321 5.65487 0.0427664
321.2 5.65487 0.0164282
321.4 5.65487 -0.0502302
321.6 5.65487 -0.0938091
321.8 5.65487 -0.0713528
322 5.65487 -0.00874958
322.2 5.65487 0.0319433
322.4 5.65487 0.0225481
322.6 5.65487 -0.00841651
322.8 5.65487 -0.0200156
323 5.65487 -0.00754047
323.2 5.65487 0.0036956
323.4 5.65487 0.000760237
323.6 5.65487 -0.00200697
323.8 5.65487 0.00594429
324 5.65487 0.0052385
324.2 5.65487 -0.0289212
324.4 5.65487 -0.0806347
324.6 5.65487 -0.095075
324.8 5.65487 -0.0404195
325 5.65487 0.0427125
325.2 5.65487 0.0744003
325.4 5.65487 0.0230581
325.6 5.65487 -0.0546301
325.8 5.65487 -0.0738286
326 5.65487 -0.0156524
326.2 5.65487 0.0539304
326.4 5.65487 0.0608114
326.6 5.65487 0.00293986
326.8 5.65487 -0.0575209
327 5.65487 -0.0714534
327.2 5.65487 -0.0503111
327.4 5.65487 -0.0319341
327.6 5.65487 -0.0207417
327.8 5.65487 0.0128933
328 5.65487 0.0752294
328.2 5.65487 0.118332
328.4 5.65487 0.0888998
328.6 5.65487 0.000878678
328.8 5.65487 -0.065774
329 5.65487 -0.0514462
329.2 5.65487 0.0112389
329.4 5.65487 0.0312035
329.6 5.65487 -0.0344667
329.8 5.65487 -0.12536
330 5.65487 -0.141836
330.2 5.65487 -0.0565674
330.4 5.65487 0.054172
330.6 5.65487 0.0941871
330.8 5.65487 0.0485309
331 5.65487 -0.0101397
331.2 5.65487 -0.0098524
331.4 5.65487 0.042862
331.6 5.65487 0.0795619
331.8 5.65487 0.05201
332 5.65487 -0.0171165
332.2 5.65487 -0.0654036
332.4 5.65487 -0.0590893
332.6 5.65487 -0.0215382
332.8 5.65487 -0.000116098
333 5.65487 -0.0169489
333.2 5.65487 -0.0544133
333.4 5.65487 -0.0788917
333.6 5.65487 -0.0702484
333.8 5.65487 -0.0322915
334 5.65487 0.0137979
334.2 5.65487 0.0418209
334.4 5.65487 0.0348264
334.6 5.65487 -0.00199542
334.8 5.65487 -0.0411566
335 5.65487 -0.0531811
335.2 5.65487 -0.0329704
335.4 5.65487 -0.00443062
335.6 5.65487 0.00523613
335.8 5.65487 -0.00528947
336 5.65487 -0.0124336
336.2 5.65487 0.00196059
336.4 5.65487 0.0280213
336.6 5.65487 0.0414853
336.8 5.65487 0.0366412
337 5.65487 0.0357064
337.2 5.65487 0.0596945
337.4 5.65487 0.0955939
337.6 5.65487 0.103731
337.8 5.65487 0.0624362
338 5.65487 -0.000678259
338.2 5.65487 -0.0314474
338.4 5.65487 -0.00594868
338.6 5.65487 0.0409508
338.8 5.65487 0.050252
339 5.65487 0.00279096
339.2 5.65487 -0.0562995
339.4 5.65487 -0.0617442
339.6 5.65487 0.0029153
339.8 5.65487 0.0838427
340 5.65487 0.107704
340.2 5.65487 0.0545405
340.4 5.65487 -0.0214688
340.6 5.65487 -0.0458435
340.8 5.65487 0.00207314
341 5.65487 0.07022
341.2 5.65487 0.0893706
341.4 5.65487 0.0447163
341.6 5.65487 -0.0124454
341.8 5.65487 -0.0247826
342 5.65487 0.00564431
342.2 5.65487 0.0207595
342.4 5.65487 -0.0229529
342.6 5.65487 -0.0959897
342.8 5.65487 -0.119613
343 5.65487 -0.0511312
343.2 5.65487 0.0632287
343.4 5.65487 0.130339
343.6 5.65487 0.104737
343.8 5.65487 0.0323646
344 5.65487 -0.00384485
344.2 5.65487 0.0264247
344.4 5.65487 0.0765135
344.6 5.65487 0.0856598
344.8 5.65487 0.0491548
345 5.65487 0.0130451
345.2 5.65487 0.00710442
345.4 5.65487 0.00578612
345.6 5.65487 -0.0320212
345.8 5.65487 -0.0979007
346 5.65487 -0.132788
346.2 5.65487 -0.0977558
346.4 5.65487 -0.0282339
346.6 5.65487 0.00310296
346.8 5.65487 -0.0248619
347 5.65487 -0.0519931
347.2 5.65487 -0.0102708
347.4 5.65487 0.0852855
347.6 5.65487 0.143671
347.8 5.65487 0.102859
348 5.65487 0.00921264
348.2 5.65487 -0.0296917
348.4 5.65487 0.029979
348.6 5.65487 0.112621
348.8 5.65487 0.10688
349 5.65487 -0.00520974
349.2 5.65487 -0.124074
349.4 5.65487 -0.142638
349.6 5.65487 -0.0638456
349.8 5.65487 0.0080377
350 5.65487 -0.0119013
350.2 5.65487 -0.0973024
350.4 5.65487 -0.147781
350.6 5.65487 -0.104459
350.8 5.65487 -0.0096796
351 5.65487 0.0481303
351.2 5.65487 0.0305476
351.4 5.65487 -0.0222328
351.6 5.65487 -0.0490382
351.8 5.65487 -0.0334343
352 5.65487 -0.00651012
352.2 5.65487 0.000329996
352.4 5.65487 -0.0117189
352.6 5.65487 -0.021237
352.8 5.65487 -0.015255
353 5.65487 0.00346637
353.2 5.65487 0.0284594
353.4 5.65487 0.0545363
353.6 5.65487 0.0707209
353.8 5.65487 0.0622596
354 5.65487 0.0295768
354.2 5.65487 -0.00140187
354.4 5.65487 -0.00139705
354.6 5.65487 0.0270224
354.8 5.65487 0.0468229
355 5.65487 0.0275212
355.2 5.65487 -0.0165356
355.4 5.65487 -0.0402878
355.6 5.65487 -0.0215439
355.8 5.65487 0.0113221
356 5.65487 0.0142013
356.2 5.65487 -0.0171431
356.4 5.65487 -0.0415821
356.6 5.65487 -0.0267759
356.8 5.65487 0.00575671
357 5.65487 0.00680498
357.2 5.65487 -0.0300923
357.4 5.65487 -0.043935
357.6 5.65487 0.0295065
357.8 5.65487 0.169847
358 5.65487 0.266511
358.2 5.65487 0.217668
358.4 5.65487 0.0380579
358.6 5.65487 -0.140453
358.8 5.65487 -0.183995
359 5.65487 -0.0772839
359.2 5.65487 0.0675595
359.4 5.65487 0.118375
359.6 5.65487 0.039581
359.8 5.65487 -0.0895001
360 5.65487 -0.159412
360.2 5.65487 -0.127387
360.4 5.65487 -0.0378003
360.6 5.65487 0.0374881
360.8 5.65487 0.0667061
361 5.65487 0.0687577
361.2 5.65487 0.0711651
361.4 5.65487 0.073444
361.6 5.65487 0.0569932
361.8 5.65487 0.0218008
362 5.65487 -0.00217793
362.2 5.65487 0.0119611
362.4 5.65487 0.0495668
362.6 5.65487 0.0617439
362.8 5.65487 0.0172987
363 5.65487 -0.0581963
363.2 5.65487 -0.104614
363.4 5.65487 -0.0898657
363.6 5.65487 -0.0425139
363.8 5.65487 -0.0166454
364 5.65487 -0.0300795
364.2 5.65487 -0.0485567
364.4 5.65487 -0.0327763
364.6 5.65487 0.0108234
364.8 5.65487 0.0378776
365 5.65487 0.0211888
365.2 5.65487 -0.0167578
365.4 5.65487 -0.033392
365.6 5.65487 -0.0179009
365.8 5.65487 0.00151868
366 5.65487 0.00177624
366.2 5.65487 -0.000636584
366.4 5.65487 0.0276923
366.6 5.65487 0.0868604
366.8 5.65487 0.13372
367 5.65487 0.128038
367.2 5.65487 0.0762365
367.4 5.65487 0.0178365
367.6 5.65487 -0.0237098
367.8 5.65487 -0.057264
368 5.65487 -0.0877464
368.2 5.65487 -0.0855513
368.4 5.65487 -0.0174328
368.6 5.65487 0.0930071
368.8 5.65487 0.161647
369 5.65487 0.122401
369.2 5.65487 0.00422728
369.4 5.65487 -0.0897849
369.6 5.65487 -0.0869108
369.8 5.65487 -0.0152821
370 5.65487 0.0391124
370.2 5.65487 0.0329556
370.4 5.65487 0.00192935
370.6 5.65487 -0.00323572
370.8 5.65487 0.0104523
371 5.65487 -0.0065315
371.2 5.65487 -0.0665145
371.4 5.65487 -0.111703
371.6 5.65487 -0.0786901
371.8 5.65487 0.0192789
372 5.65487 0.0997415
372.2 5.65487 0.102615
372.4 5.65487 0.0526424
372.6 5.65487 0.0166003
372.8 5.65487 0.0147559
373 5.65487 0.0024076
373.2 5.65487 -0.0572608
373.4 5.65487 -0.129429
373.6 5.65487 -0.141929
373.8 5.65487 -0.0764674
374 5.65487 0.00177988
374.2 5.65487 0.0178136
374.4 5.65487 -0.0272459
374.6 5.65487 -0.0653012
374.8 5.65487 -0.0510159
375 5.65487 -0.0162047
375.2 5.65487 -0.0211666
375.4 5.65487 -0.0694093
375.6 5.65487 -0.098259
375.8 5.65487 -0.0578132
376 5.65487 0.0236831
376.2 5.65487 0.0720695
376.4 5.65487 0.0560598
376.6 5.65487 0.0206397
376.8 5.65487 0.0253021
377 5.65487 0.0668163
377.2 5.65487 0.0823605
377.4 5.65487 0.0263512
377.6 5.65487 -0.074111
377.8 5.65487 -0.147857
378 5.65487 -0.152112
378.2 5.65487 -0.104502
378.4 5.65487 -0.0504429
378.6 5.65487 -0.0171342
378.8 5.65487 -0.005239
379 5.65487 -0.00888838
379.2 5.65487 -0.0242392
379.4 5.65487 -0.038946
379.6 5.65487 -0.0321669
379.8 5.65487 0.00183697
380 5.65487 0.0371726
380.2 5.65487 0.0387132
380.4 5.65487 0.00454607
380.6 5.65487 -0.0247979
380.8 5.65487 -0.00838379
381 5.65487 0.0476837
381.2 5.65487 0.0938494
381.4 5.65487 0.0887532
381.6 5.65487 0.0398789
381.8 5.65487 -0.0100678
382 5.65487 -0.0297488
382.2 5.65487 -0.0242193
382.4 5.65487 -0.0173121
382.6 5.65487 -0.0207877
382.8 5.65487 -0.0263908
383 5.65487 -0.0214373
383.2 5.65487 -0.00328683
383.4 5.65487 0.0203885
383.6 5.65487 0.0372282
383.8 5.65487 0.0338479
384 5.65487 0.00276227
384.2 5.65487 -0.0458791
384.4 5.65487 -0.0829327
384.6 5.65487 -0.0818374
384.8 5.65487 -0.0459337
385 5.65487 -0.0074122
385.2 5.65487 0.00786552
385.4 5.65487 0.0102853
385.6 5.65487 0.0312724
385.8 5.65487 0.077509
386 5.65487 0.112191
386.2 5.65487 0.0923841
386.4 5.65487 0.0214076
386.6 5.65487 -0.0486554
386.8 5.65487 -0.0707168
387 5.65487 -0.0501378
387.2 5.65487 -0.0302536
387.4 5.65487 -0.0370583
387.6 5.65487 -0.0527487
387.8 5.65487 -0.0475587
388 5.65487 -0.0233624
388.2 5.65487 -0.0099067
388.4 5.65487 -0.0203651
388.6 5.65487 -0.0291162
388.8 5.65487 -0.00570084
389 5.65487 0.0378164
389.2 5.65487 0.0516104
389.4 5.65487 0.00643548
389.6 5.65487 -0.0640332
389.8 5.65487 -0.0920713
390 5.65487 -0.0472177
390.2 5.65487 0.0306677
390.4 5.65487 0.0734066
390.6 5.65487 0.0533668
390.8 5.65487 0.00439871
391 5.65487 -0.0212546
391.2 5.65487 -0.00643195
391.4 5.65487 0.0235344
391.6 5.65487 0.038334
391.8 5.65487 0.0368569
392 5.65487 0.0420439
392.2 5.65487 0.0675966
392.4 5.65487 0.0955328
392.6 5.65487 0.0886671
392.8 5.65487 0.026827
393 5.65487 -0.0660349
393.2 5.65487 -0.130334
393.4 5.65487 -0.113878
393.6 5.65487 -0.0172929
393.8 5.65487 0.0988132
394 5.65487 0.158013
394.2 5.65487 0.128785
394.4 5.65487 0.0468335
394.6 5.65487 -0.0223551
394.8 5.65487 -0.0416681
395 5.65487 -0.0231432
395.2 5.65487 0.0023277
395.4 5.65487 0.0221422
395.6 5.65487 0.041268
395.8 5.65487 0.0541013
396 5.65487 0.0374454
396.2 5.65487 -0.0181069
396.4 5.65487 -0.0802857
396.6 5.65487 -0.0974624
396.8 5.65487 -0.0543228
397 5.65487 0.00595982
397.2 5.65487 0.0259613
397.4 5.65487 -0.00416242
397.6 5.65487 -0.0413529
397.8 5.65487 -0.0462929
398 5.65487 -0.0302475
398.2 5.65487 -0.0335657
398.4 5.65487 -0.0661693
398.6 5.65487 -0.0899155
398.8 5.65487 -0.0674826
399 5.65487 -0.0138006
399.2 5.65487 0.019374
399.4 5.65487 0.00812887
399.6 5.65487 -0.013755
399.8 5.65487 -0.000605601
400 5.65487 0.0415299
400.2 5.65487 0.0573061
400.4 5.65487 0.0115405
400.6 5.65487 -0.0602922
400.8 5.65487 -0.0855344
401 5.65487 -0.0340466
401.2 5.65487 0.0497088
401.4 5.65487 0.0965064
401.6 5.65487 0.0816351
401.8 5.65487 0.0358884
402 5.65487 -0.0016076
402.2 5.65487 -0.0226696
402.4 5.65487 -0.0396356
402.6 5.65487 -0.054271
402.8 5.65487 -0.0550115
403 5.65487 -0.0412028
403.2 5.65487 -0.0304418
403.4 5.65487 -0.0322545
403.6 5.65487 -0.0269237
403.8 5.65487 0.0116282
404 5.65487 0.0718679
404.2 5.65487 0.101341
404.4 5.65487 0.0611569
404.6 5.65487 -0.02207
404.8 5.65487 -0.0742984
405 5.65487 -0.0497224
405.2 5.65487 0.020642
405.4 5.65487 0.0640825
405.6 5.65487 0.0450583
405.8 5.65487 -0.00241901
406 5.65487 -0.0222958
406.2 5.65487 -0.00383652
406.4 5.65487 0.01046
406.6 5.65487 -0.0178987
406.8 5.65487 -0.0716843
407 5.65487 -0.0929672
407.2 5.65487 -0.0472835
407.4 5.65487 0.0352616
407.6 5.65487 0.0868932
407.8 5.65487 0.0676496
408 5.65487 0.00222964
408.2 5.65487 -0.0464402
408.4 5.65487 -0.0371851
408.6 5.65487 0.0154821
408.8 5.65487 0.0632067
409 5.65487 0.0751743
409.2 5.65487 0.0652985
409.4 5.65487 0.068793
409.6 5.65487 0.0957395
409.8 5.65487 0.115093
410 5.65487 0.0897757
410.2 5.65487 0.0241997
410.4 5.65487 -0.033319
410.6 5.65487 -0.0419508
410.8 5.65487 -0.0163188
411 5.65487 -0.0116021
411.2 5.65487 -0.0577129
411.4 5.65487 -0.118925
411.6 5.65487 -0.130577
411.8 5.65487 -0.0727791
412 5.65487 0.00650222
412.2 5.65487 0.047459
412.4 5.65487 0.0448067
412.6 5.65487 0.0424627
412.8 5.65487 0.0662505
413 5.65487 0.085282
413.2 5.65487 0.0560563
413.4 5.65487 -0.00767952
413.6 5.65487 -0.0372294
413.8 5.65487 0.0088875
414 5.65487 0.0843368
414.2 5.65487 0.100844
414.4 5.65487 0.0337928
414.6 5.65487 -0.0419621
414.8 5.65487 -0.0368402
415 5.65487 0.0455611
415.2 5.65487 0.108562
415.4 5.65487 0.0732489
415.6 5.65487 -0.0311186
415.8 5.65487 -0.102468
416 5.65487 -0.0804839
416.2 5.65487 -0.00365644
416.4 5.65487 0.0488853
416.6 5.65487 0.0478284
416.8 5.65487 0.0263807
417 5.65487 0.0161042
417.2 5.65487 0.00309763
417.4 5.65487 -0.0377486
417.6 5.65487 -0.086224
417.8 5.65487 -0.0852215
418 5.65487 -0.0107965
418.2 5.65487 0.0876847
418.4 5.65487 0.134531
418.6 5.65487 0.107544
418.8 5.65487 0.0542166
419 5.65487 0.0292349
419.2 5.65487 0.0345712
419.4 5.65487 0.0320263
419.6 5.65487 0.00113933
419.8 5.65487 -0.0370455
420 5.65487 -0.054462
420.2 5.65487 -0.0528498
420.4 5.65487 -0.0516355
420.6 5.65487 -0.0509256
420.8 5.65487 -0.0299451
421 5.65487 0.0131788
421.2 5.65487 0.0401959
421.4 5.65487 0.0107065
421.6 5.65487 -0.0626001
421.8 5.65487 -0.115214
422 5.65487 -0.0955159
422.2 5.65487 -0.0187492
422.4 5.65487 0.0519633
422.6 5.65487 0.0712884
422.8 5.65487 0.0462891
423 5.65487 0.010551
423.2 5.65487 -0.015764
423.4 5.65487 -0.0295872
423.6 5.65487 -0.0246384
423.8 5.65487 0.0075671
424 5.65487 0.052799
424.2 5.65487 0.0717005
424.4 5.65487 0.040892
424.6 5.65487 -0.0110847
424.8 5.65487 -0.0299142
425 5.65487 -0.00199482
425.2 5.65487 0.0241441
425.4 5.65487 -0.0018923
425.6 5.65487 -0.0622284
425.8 5.65487 -0.0856369
426 5.65487 -0.037154
426.2 5.65487 0.0311328
426.4 5.65487 0.0406113
426.6 5.65487 -0.0124782
426.8 5.65487 -0.0466006
427 5.65487 0.00271726
427.2 5.65487 0.0936075
427.4 5.65487 0.120038
427.6 5.65487 0.0409225
427.8 5.65487 -0.0635751
428 5.65487 -0.0834595
428.2 5.65487 -0.00879154
428.4 5.65487 0.0620063
428.6 5.65487 0.0460622
428.8 5.65487 -0.0227444
429 5.65487 -0.0411448
429.2 5.65487 0.028482
429.4 5.65487 0.106197
429.6 5.65487 0.0919014
429.8 5.65487 -0.00957999
430 5.65487 -0.0912753
430.2 5.65487 -0.0709578
430.4 5.65487 0.0136635
430.6 5.65487 0.0554523
430.8 5.65487 0.00779868
431 5.65487 -0.0643531
431.2 5.65487 -0.0684976
431.4 5.65487 0.00404383
431.6 5.65487 0.0720177
431.8 5.65487 0.0618293
432 5.65487 -0.0126701
432.2 5.65487 -0.0760245
432.4 5.65487 -0.0784106
432.6 5.65487 -0.0370623
432.8 5.65487 0.00412442
433 5.65487 0.0308822
433.2 5.65487 0.0589397
433.4 5.65487 0.0904028
433.6 5.65487 0.0948494
433.8 5.65487 0.0449664
434 5.65487 -0.039625
434.2 5.65487 -0.099871
434.4 5.65487 -0.0926374
434.6 5.65487 -0.0324909
434.8 5.65487 0.0247597
435 5.65487 0.0360016
435.2 5.65487 0.00503101
435.4 5.65487 -0.0317442
435.6 5.65487 -0.0451196
435.8 5.65487 -0.0363723
436 5.65487 -0.0273884
436.2 5.65487 -0.0345095
436.4 5.65487 -0.0524973
436.6 5.65487 -0.0601402
436.8 5.65487 -0.0395058
437 5.65487 0.00795057
437.2 5.65487 0.0608846
437.4 5.65487 0.0928486
437.6 5.65487 0.0897663
437.8 5.65487 0.0562784
438 5.65487 0.00890656
438.2 5.65487 -0.0339631
438.4 5.65487 -0.0567575
438.6 5.65487 -0.0489679
438.8 5.65487 -0.0117026
439 5.65487 0.0358471
439.2 5.65487 0.0635149
439.4 5.65487 0.0529489
439.6 5.65487 0.015807
439.8 5.65487 -0.014847
440 5.65487 -0.0147973
440.2 5.65487 0.0109873
440.4 5.65487 0.0393731
440.6 5.65487 0.0561175
440.8 5.65487 0.0654395
441 5.65487 0.0735163
441.2 5.65487 0.0723141
441.4 5.65487 0.0486087
441.6 5.65487 0.00632158
441.8 5.65487 -0.0306711
442 5.65487 -0.0428795
442.2 5.65487 -0.035714
442.4 5.65487 -0.0282813
442.6 5.65487 -0.0254225
442.8 5.65487 -0.0127068
443 5.65487 0.0170005
443.2 5.65487 0.0433803
443.4 5.65487 0.038767
443.6 5.65487 0.00684898
443.8 5.65487 -0.0143223
444 5.65487 0.00181532
444.2 5.65487 0.0302263
444.4 5.65487 0.0172072
444.6 5.65487 -0.0521129
444.8 5.65487 -0.12282
445 5.65487 -0.121535
445.2 5.65487 -0.0375354
445.4 5.65487 0.0593753
445.6 5.65487 0.0875831
445.8 5.65487 0.0324186
446 5.65487 -0.0497844
446.2 5.65487 -0.0978413
446.4 5.65487 -0.100825
446.6 5.65487 -0.0863079
446.8 5.65487 -0.0728397
447 5.65487 -0.0531338
447.2 5.65487 -0.021332
447.4 5.65487 0.00489275
447.6 5.65487 0.00426011
447.8 5.65487 -0.0143081
448 5.65487 -0.0160081
448.2 5.65487 0.0170153
448.4 5.65487 0.0599417
448.6 5.65487 0.0736486
448.8 5.65487 0.0528689
449 5.65487 0.032032
449.2 5.65487 0.0408776
449.4 5.65487 0.067558
449.6 5.65487 0.0765771
449.8 5.65487 0.0559589
450 5.65487 0.030415
450.2 5.65487 0.0246735
450.4 5.65487 0.02935
450.6 5.65487 0.0178261
450.8 5.65487 -0.00915286
451 5.65487 -0.0160563
451.2 5.65487 0.0209226
451.4 5.65487 0.0727507
451.6 5.65487 0.08185
451.8 5.65487 0.0292386
452 5.65487 -0.0380686
452.2 5.65487 -0.0583187
452.4 5.65487 -0.0263994
452.6 5.65487 0.00193729
452.8 5.65487 -0.0200377
453 5.65487 -0.0702305
453.2 5.65487 -0.0816284
453.4 5.65487 -0.0228835
453.6 5.65487 0.0599524
453.8 5.65487 0.0898878
454 5.65487 0.0404237
454.2 5.65487 -0.0391927
454.4 5.65487 -0.0783115
454.6 5.65487 -0.0544172
454.8 5.65487 -0.00474177
455 5.65487 0.0219247
455.2 5.65487 0.0133086
455.4 5.65487 -0.00583243
455.6 5.65487 -0.00921143
455.8 5.65487 0.00459505
456 5.65487 0.0182701
456.2 5.65487 0.0183964
456.4 5.65487 0.0073282
456.6 5.65487 -0.0035197
456.8 5.65487 -0.00664547
457 5.65487 -0.00445018
457.2 5.65487 -0.00526578
457.4 5.65487 -0.0141406
457.6 5.65487 -0.0256816
457.8 5.65487 -0.0262317
458 5.65487 -0.00705598
458.2 5.65487 0.0218472
458.4 5.65487 0.0338688
458.6 5.65487 0.00772901
458.8 5.65487 -0.0498013
459 5.65487 -0.105239
459.2 5.65487 -0.125375
459.4 5.65487 -0.103637
459.6 5.65487 -0.0599179
459.8 5.65487 -0.0180257
460 5.65487 0.0123751
460.2 5.65487 0.0330694
460.4 5.65487 0.0455454
460.6 5.65487 0.0489991
460.8 5.65487 0.0470325
461 5.65487 0.0465681
461.2 5.65487 0.0458377
461.4 5.65487 0.0305741
461.6 5.65487 -0.00817405
461.8 5.65487 -0.0531984
462 5.65487 -0.0696766
462.2 5.65487 -0.0433201
462.4 5.65487 -0.00562722
462.6 5.65487 -0.00839424
462.8 5.65487 -0.067054
463 5.65487 -0.135501
463.2 5.65487 -0.146586
463.4 5.65487 -0.0792873
463.6 5.65487 0.0195218
463.8 5.65487 0.081178
464 5.65487 0.0776892
464.2 5.65487 0.0354752
464.4 5.65487 -0.00399301
464.6 5.65487 -0.0237275
464.8 5.65487 -0.0294404
465 5.65487 -0.0237771
465.2 5.65487 -0.000183163
465.4 5.65487 0.0360538
465.6 5.65487 0.056947
465.8 5.65487 0.0373455
466 5.65487 -0.0101915
466.2 5.65487 -0.0401345
466.4 5.65487 -0.021959
466.6 5.65487 0.0230336
466.8 5.65487 0.0436474
467 5.65487 0.0178456
467.2 5.65487 -0.020786
467.4 5.65487 -0.0227922
467.6 5.65487 0.0171085
467.8 5.65487 0.0521832
468 5.65487 0.0392481
468.2 5.65487 -0.00787877
468.4 5.65487 -0.0317681
468.6 5.65487 0.00188726
468.8 5.65487 0.0614951
469 5.65487 0.0814443
469.2 5.65487 0.0340194
469.4 5.65487 -0.0383332
469.6 5.65487 -0.0655474
469.8 5.65487 -0.0204074
470 5.65487 0.0563656
470.2 5.65487 0.0976635
470.4 5.65487 0.0710886
470.6 5.65487 0.000483455
470.8 5.65487 -0.0630935
471 5.65487 -0.0840381
471.2 5.65487 -0.0603256
471.4 5.65487 -0.0135609
471.6 5.65487 0.0287745
471.8 5.65487 0.044581
472 5.65487 0.0245544
472.2 5.65487 -0.0210723
472.4 5.65487 -0.0641963
472.6 5.65487 -0.0766763
472.8 5.65487 -0.053915
473 5.65487 -0.0206464
473.2 5.65487 -0.00847918
473.4 5.65487 -0.0247068
473.6 5.65487 -0.0447663
473.8 5.65487 -0.0381659
474 5.65487 -0.00212746
474.2 5.65487 0.0326644
474.4 5.65487 0.0314451
474.6 5.65487 -0.00981107
474.8 5.65487 -0.0596793
475 5.65487 -0.0809779
475.2 5.65487 -0.0641384
475.4 5.65487 -0.0318243
475.6 5.65487 -0.0132374
475.8 5.65487 -0.0168103
476 5.65487 -0.0277131
476.2 5.65487 -0.0281259
476.4 5.65487 -0.015587
476.6 5.65487 -0.00110917
476.8 5.65487 0.0064496
477 5.65487 0.00950746
477.2 5.65487 0.0149208
477.4 5.65487 0.0220786
477.6 5.65487 0.0219876
477.8 5.65487 0.00873476
478 5.65487 -0.0110639
478.2 5.65487 -0.0231633
478.4 5.65487 -0.0204109
478.6 5.65487 -0.0110585
478.8 5.65487 -0.0113195
479 5.65487 -0.0296993
479.2 5.65487 -0.0586485
479.4 5.65487 -0.0805471
479.6 5.65487 -0.080818
479.8 5.65487 -0.0562305
480 5.65487 -0.014045
480.2 5.65487 0.0333301
480.4 5.65487 0.0726182
480.6 5.65487 0.0925628
480.8 5.65487 0.0877124
481 5.65487 0.0621628
481.2 5.65487 0.0284883
481.4 5.65487 9.62394e-05
481.6 5.65487 -0.0173907
481.8 5.65487 -0.0272579
482 5.65487 -0.0340139
482.2 5.65487 -0.035554
482.4 5.65487 -0.0253048
482.6 5.65487 -0.00336074
482.8 5.65487 0.0165942
483 5.65487 0.0162783
483.2 5.65487 -0.0076859
483.4 5.65487 -0.0342678
483.6 5.65487 -0.0334385
483.8 5.65487 0.00402883
484 5.65487 0.0521276
484.2 5.65487 0.0696107
484.4 5.65487 0.0389109
484.6 5.65487 -0.0149032
484.8 5.65487 -0.0470655
485 5.65487 -0.0368308
485.2 5.65487 -0.00655036
485.4 5.65487 0.00466532
485.6 5.65487 -0.0156149
485.8 5.65487 -0.0409089
486 5.65487 -0.0387945
486.2 5.65487 -0.0114659
486.4 5.65487 0.00367348
486.6 5.65487 -0.0239852
486.8 5.65487 -0.0808169
487 5.65487 -0.119474
487.2 5.65487 -0.106641
487.4 5.65487 -0.0553398
487.6 5.65487 -0.00733909
487.8 5.65487 0.0111021
488 5.65487 0.00902457
488.2 5.65487 0.00748022
488.4 5.65487 0.00740555
488.6 5.65487 -0.00922098
488.8 5.65487 -0.0478182
489 5.65487 -0.0830016
489.2 5.65487 -0.0818971
489.4 5.65487 -0.0439001
489.6 5.65487 -0.00698507
489.8 5.65487 -0.00819569
490 5.65487 -0.0415075
490.2 5.65487 -0.0630155
490.4 5.65487 -0.0403555
490.6 5.65487 0.00826065
490.8 5.65487 0.0299501
491 5.65487 -0.00764515
491.2 5.65487 -0.0802228
491.4 5.65487 -0.126911
491.6 5.65487 -0.1055
491.8 5.65487 -0.0290809
492 5.65487 0.0468121
492.2 5.65487 0.0701353
492.4 5.65487 0.0309905
492.6 5.65487 -0.0343884
492.8 5.65487 -0.072242
493 5.65487 -0.0508861
493.2 5.65487 0.0151698
493.4 5.65487 0.0745769
493.6 5.65487 0.0795308
493.8 5.65487 0.0277869
494 5.65487 -0.0320392
494.2 5.65487 -0.0430137
494.4 5.65487 0.00569382
494.6 5.65487 0.0669776
494.8 5.65487 0.0817842
495 5.65487 0.0374185
495.2 5.65487 -0.0232241
495.4 5.65487 -0.0502478
495.6 5.65487 -0.0379272
495.8 5.65487 -0.0215576
496 5.65487 -0.0277526
496.2 5.65487 -0.0404536
496.4 5.65487 -0.0239505
496.6 5.65487 0.0269965
496.8 5.65487 0.0739037
497 5.65487 0.0765877
497.2 5.65487 0.0395265
497.4 5.65487 0.00559655
497.6 5.65487 0.00495132
497.8 5.65487 0.022563
498 5.65487 0.0237475
498.2 5.65487 0.00356462
498.4 5.65487 -0.00447432
498.6 5.65487 0.0268098
498.8 5.65487 0.0765559
499 5.65487 0.0925457
499.2 5.65487 0.0498142
499.4 5.65487 -0.0181807
499.6 5.65487 -0.0536622
499.8 5.65487 -0.0336119
500 5.65487 0.0137837
500.2 5.65487 0.0487917
500.4 5.65487 0.0626079
500.6 5.65487 0.0727031
500.8 5.65487 0.0857815
501 5.65487 0.0835338
501.2 5.65487 0.0514346
501.4 5.65487 0.009214
501.6 5.65487 -0.00396232
501.8 5.65487 0.0233492
502 5.65487 0.0551086
502.2 5.65487 0.0457141
502.4 5.65487 -0.00605881
502.6 5.65487 -0.0525375
502.8 5.65487 -0.0499871
503 5.65487 -0.00776216
503.2 5.65487 0.0239457
503.4 5.65487 0.012935
503.6 5.65487 -0.018316
503.8 5.65487 -0.0189894
504 5.65487 0.0330755
504.2 5.65487 0.107724
504.4 5.65487 0.15379
504.6 5.65487 0.14639
504.8 5.65487 0.101603
505 5.65487 0.0531386
505.2 5.65487 0.0233353
505.4 5.65487 0.0141422
505.6 5.65487 0.0142545
505.8 5.65487 0.00761498
506 5.65487 -0.0186226
506.2 5.65487 -0.0620474
506.4 5.65487 -0.0976954
506.6 5.65487 -0.0926149
506.8 5.65487 -0.0387481
507 5.65487 0.028663
507.2 5.65487 0.0551792
507.4 5.65487 0.017721
507.6 5.65487 -0.0496692
507.8 5.65487 -0.0851387
508 5.65487 -0.0559877
508.2 5.65487 0.0143207
508.4 5.65487 0.0733286
508.6 5.65487 0.0880494
508.8 5.65487 0.064942
509 5.65487 0.0302083
509.2 5.65487 0.00191984
509.4 5.65487 -0.0156522
509.6 5.65487 -0.0203813
509.8 5.65487 -0.00819016
510 5.65487 0.0165289
510.2 5.65487 0.0352302
510.4 5.65487 0.0297747
510.6 5.65487 0.00394212
510.8 5.65487 -0.0153674
511 5.65487 -0.00327369
511.2 5.65487 0.0368927
511.4 5.65487 0.0744944
511.6 5.65487 0.0792233
511.8 5.65487 0.0479066
512 5.65487 0.00600831
512.2 5.65487 -0.0151764
512.4 5.65487 -0.00446963
512.6 5.65487 0.0206402
512.8 5.65487 0.0284009
513 5.65487 -0.00039598
513.2 5.65487 -0.0528944
513.4 5.65487 -0.0900523
513.6 5.65487 -0.078267
513.8 5.65487 -0.0220793
514 5.65487 0.0346361
514.2 5.65487 0.0462235
514.4 5.65487 0.00851168
514.6 5.65487 -0.0363639
514.8 5.65487 -0.0410772
515 5.65487 0.00118188
515.2 5.65487 0.0527141
515.4 5.65487 0.070321
515.6 5.65487 0.0433679
515.8 5.65487 -0.00606277
516 5.65487 -0.0509979
516.2 5.65487 -0.0784433
516.4 5.65487 -0.0841475
516.6 5.65487 -0.0642887
516.8 5.65487 -0.0239733
517 5.65487 0.0115302
517.2 5.65487 0.011067
517.4 5.65487 -0.0275646
517.6 5.65487 -0.0644645
517.8 5.65487 -0.0527782
518 5.65487 0.0102021
518.2 5.65487 0.0757011
518.4 5.65487 0.0939346
518.6 5.65487 0.0665781
518.8 5.65487 0.0399232
519 5.65487 0.047769
519.2 5.65487 0.0735415
519.4 5.65487 0.0763814
519.6 5.65487 0.0452833
519.8 5.65487 0.0113804
520 5.65487 0.00466788
520.2 5.65487 0.0142344
520.4 5.65487 0.00625775
520.6 5.65487 -0.0238244
520.8 5.65487 -0.036835
521 5.65487 0.00227402
521.2 5.65487 0.0727078
521.4 5.65487 0.111837
521.6 5.65487 0.0838397
521.8 5.65487 0.0207845
522 5.65487 -0.0150523
522.2 5.65487 -0.00277089
522.4 5.65487 0.0185935
522.6 5.65487 0.00523557
522.8 5.65487 -0.033162
523 5.65487 -0.0448784
523.2 5.65487 -0.0021391
523.4 5.65487 0.0610531
523.6 5.65487 0.0855775
523.8 5.65487 0.0526724
524 5.65487 -3.0392e-05
524.2 5.65487 -0.0262881
524.4 5.65487 -0.0209899
524.6 5.65487 -0.0139964
524.8 5.65487 -0.0236157
525 5.65487 -0.0322164
525.2 5.65487 -0.0120966
525.4 5.65487 0.0355657
525.6 5.65487 0.0789065
525.8 5.65487 0.0907531
526 5.65487 0.0758912
526.2 5.65487 0.0599296
526.4 5.65487 0.0578906
526.6 5.65487 0.06095
526.8 5.65487 0.051789
527 5.65487 0.0253439
527.2 5.65487 -0.00741953
527.4 5.65487 -0.0305011
527.6 5.65487 -0.0340171
527.8 5.65487 -0.019623
528 5.65487 -0.00173838
528.2 5.65487 -0.000899443
528.4 5.65487 -0.0254736
528.6 5.65487 -0.0552503
528.8 5.65487 -0.0517481
529 5.65487 0.00327569
529.2 5.65487 0.0790133
529.4 5.65487 0.117028
529.6 5.65487 0.0900959
529.8 5.65487 0.0346148
530 5.65487 0.0136601
530.2 5.65487 0.0466939
530.4 5.65487 0.0870258
530.6 5.65487 0.0768057
530.8 5.65487 0.0169467
531 5.65487 -0.0314476
531.2 5.65487 -0.0173754
531.4 5.65487 0.0411939
531.6 5.65487 0.0792056
531.8 5.65487 0.0589021
532 5.65487 0.00731329
532.2 5.65487 -0.0227905
532.4 5.65487 -0.0142383
532.6 5.65487 0.00614136
532.8 5.65487 0.0128951
533 5.65487 0.0135051
533.2 5.65487 0.0249217
533.4 5.65487 0.0346283
533.6 5.65487 0.00946476
533.8 5.65487 -0.0527077
534 5.65487 -0.100357
534.2 5.65487 -0.0773724
534.4 5.65487 0.00785292
534.6 5.65487 0.0807074
534.8 5.65487 0.0768649
535 5.65487 0.0101478
535.2 5.65487 -0.047967
535.4 5.65487 -0.0518684
535.6 5.65487 -0.0272376
535.8 5.65487 -0.0269061
536 5.65487 -0.0574709
536.2 5.65487 -0.0704293
536.4 5.65487 -0.0276455
536.6 5.65487 0.0436133
536.8 5.65487 0.0768503
537 5.65487 0.0418648
537.2 5.65487 -0.0218416
537.4 5.65487 -0.0518729
537.6 5.65487 -0.0302744
537.8 5.65487 0.00726102
538 5.65487 0.0221766
538.2 5.65487 0.0151701
538.4 5.65487 0.0113834
538.6 5.65487 0.0177307
538.8 5.65487 0.0128658
539 5.65487 -0.019339
539.2 5.65487 -0.0612247
539.4 5.65487 -0.0776796
539.6 5.65487 -0.0566027
539.8 5.65487 -0.0220156
540 5.65487 -0.00547961
540.2 5.65487 -0.0134213
540.4 5.65487 -0.0283725
540.6 5.65487 -0.0356819
540.8 5.65487 -0.0387143
541 5.65487 -0.0481373
541.2 5.65487 -0.0667977
541.4 5.65487 -0.0906549
541.6 5.65487 -0.116441
541.8 5.65487 -0.137283
542 5.65487 -0.133128
542.2 5.65487 -0.0814738
542.4 5.65487 0.0114768
542.6 5.65487 0.0974378
542.8 5.65487 0.120629
543 5.65487 0.072639
543.2 5.65487 0.00532719
543.4 5.65487 -0.020736
543.6 5.65487 0.00205374
543.8 5.65487 0.0274403
544 5.65487 0.0157906
544.2 5.65487 -0.0176021
544.4 5.65487 -0.025686
544.6 5.65487 0.00547545
544.8 5.65487 0.0334197
545 5.65487 0.0100293
545.2 5.65487 -0.0543
545.4 5.65487 -0.0940221
545.6 5.65487 -0.0597278
545.8 5.65487 0.0252085
546 5.65487 0.0886564
546.2 5.65487 0.0859305
546.4 5.65487 0.0406637
546.6 5.65487 0.00879635
546.8 5.65487 0.0146737
547 5.65487 0.0343069
547.2 5.65487 0.0368381
547.4 5.65487 0.0260899
547.6 5.65487 0.0314853
547.8 5.65487 0.065509
548 5.65487 0.104576
548.2 5.65487 0.116323
548.4 5.65487 0.0970431
548.6 5.65487 0.0729538
548.8 5.65487 0.0661399
549 5.65487 0.0684849
549.2 5.65487 0.0539351
549.4 5.65487 0.0124859
549.6 5.65487 -0.0344688
549.8 5.65487 -0.0537881
550 5.65487 -0.032645
550.2 5.65487 0.00933482
550.4 5.65487 0.0377736
550.6 5.65487 0.0330613
550.8 5.65487 0.0061272
551 5.65487 -0.0121537
551.2 5.65487 1.30564e-05
551.4 5.65487 0.0320683
551.6 5.65487 0.0477013
551.8 5.65487 0.02184
552 5.65487 -0.0251565
552.2 5.65487 -0.0372874
552.4 5.65487 0.0207612
552.6 5.65487 0.113844
552.8 5.65487 0.154112
553 5.65487 0.0826581
553.2 5.65487 -0.0628316
553.4 5.65487 -0.171696
553.6 5.65487 -0.161007
553.8 5.65487 -0.0531646
554 5.65487 0.0508327
554.2 5.65487 0.0739493
554.4 5.65487 0.032124
554.6 5.65487 0.000367302
554.8 5.65487 0.0220484
555 5.65487 0.0660793
555.2 5.65487 0.0739499
555.4 5.65487 0.0335261
555.6 5.65487 -0.00854389
555.8 5.65487 -0.0049436
556 5.65487 0.0375199
556.2 5.65487 0.0691856
556.4 5.65487 0.0552352
556.6 5.65487 0.00914183
556.8 5.65487 -0.0310395
557 5.65487 -0.0455464
557.2 5.65487 -0.042902
557.4 5.65487 -0.0350513
557.6 5.65487 -0.019256
557.8 5.65487 0.0100079
558 5.65487 0.0428647
558.2 5.65487 0.0611782
558.4 5.65487 0.0622222
558.6 5.65487 0.06219
558.8 5.65487 0.070045
559 5.65487 0.0679298
559.2 5.65487 0.0314585
559.4 5.65487 -0.030733
559.6 5.65487 -0.0724827
559.8 5.65487 -0.0566834
560 5.65487 -0.00142226
560.2 5.65487 0.0335715
560.4 5.65487 0.0109649
560.6 5.65487 -0.043277
560.8 5.65487 -0.0720676
561 5.65487 -0.0549493
561.2 5.65487 -0.0303055
561.4 5.65487 -0.0451271
561.6 5.65487 -0.094217
561.8 5.65487 -0.12392
562 5.65487 -0.0962729
562.2 5.65487 -0.036032
562.4 5.65487 -0.00339982
562.6 5.65487 -0.0251263
562.8 5.65487 -0.0654019
563 5.65487 -0.0686192
563.2 5.65487 -0.0220003
563.4 5.65487 0.0329932
563.6 5.65487 0.0477255
563.8 5.65487 0.0142613
564 5.65487 -0.0354443
564.2 5.65487 -0.0670642
564.4 5.65487 -0.0707868
564.6 5.65487 -0.0557456
564.8 5.65487 -0.0329965
565 5.65487 -0.011737
565.2 5.65487 -0.0032274
565.4 5.65487 -0.0138557
565.6 5.65487 -0.031736
565.8 5.65487 -0.0318145
566 5.65487 -0.00452683
566.2 5.65487 0.0243448
566.4 5.65487 0.0147374
566.6 5.65487 -0.0419456
566.8 5.65487 -0.106006
567 5.65487 -0.127138
567.2 5.65487 -0.0975071
567.4 5.65487 -0.057752
567.6 5.65487 -0.0473025
567.8 5.65487 -0.0578713
568 5.65487 -0.0467094
568.2 5.65487 0.00610123
568.4 5.65487 0.0667315
568.6 5.65487 0.0827652
568.8 5.65487 0.0439767
569 5.65487 -0.00363456
569.2 5.65487 -0.00777576
569.4 5.65487 0.0338603
569.6 5.65487 0.0744665
569.8 5.65487 0.0718032
570 5.65487 0.0316555
570.2 5.65487 -0.00408569
570.4 5.65487 -0.00439539
570.6 5.65487 0.0237442
570.8 5.65487 0.0512315
571 5.65487 0.0580415
571.2 5.65487 0.0439569
571.4 5.65487 0.0169838
571.6 5.65487 -0.0161337
571.8 5.65487 -0.0458307
572 5.65487 -0.0563685
572.2 5.65487 -0.0371613
572.4 5.65487 0.00254032
572.6 5.65487 0.0373339
572.8 5.65487 0.0479286
573 5.65487 0.0369797
573.2 5.65487 0.0207841
573.4 5.65487 0.00938774
573.6 5.65487 0.00114547
573.8 5.65487 -0.00441385
574 5.65487 0.00197531
574.2 5.65487 0.0273716
574.4 5.65487 0.0594485
574.6 5.65487 0.0714439
574.8 5.65487 0.0496304
575 5.65487 0.011409
575.2 5.65487 -0.0107344
575.4 5.65487 -0.00344966
575.6 5.65487 0.0148778
575.8 5.65487 0.0177683
576 5.65487 0.00134713
576.2 5.65487 -0.0142933
576.4 5.65487 -0.0120026
576.6 5.65487 0.00307934
576.8 5.65487 0.0153978
577 5.65487 0.0236193
577.2 5.65487 0.0428922
577.4 5.65487 0.0795551
577.6 5.65487 0.11135
577.8 5.65487 0.102705
578 5.65487 0.0424021
578.2 5.65487 -0.0377334
578.4 5.65487 -0.0858303
578.6 5.65487 -0.0727259
578.8 5.65487 -0.0137501
579 5.65487 0.0469118
579.2 5.65487 0.0702553
579.4 5.65487 0.0457682
579.6 5.65487 -0.00780355
579.8 5.65487 -0.0575289
580 5.65487 -0.0759787
580.2 5.65487 -0.05757
580.4 5.65487 -0.0225012
580.6 5.65487 -0.00211105
580.8 5.65487 -0.0131734
581 5.65487 -0.04311
581.2 5.65487 -0.0620379
581.4 5.65487 -0.0516783
581.6 5.65487 -0.0223467
581.8 5.65487 -0.00152204
582 5.65487 -0.00797248
582.2 5.65487 -0.0379277
582.4 5.65487 -0.0725031
582.6 5.65487 -0.0921035
582.8 5.65487 -0.08361
583 5.65487 -0.0434724
583.2 5.65487 0.015109
583.4 5.65487 0.0590537
583.6 5.65487 0.0533778
583.8 5.65487 -0.00443047
584 5.65487 -0.0689184
584.2 5.65487 -0.0789172
584.4 5.65487 -0.0162359
584.6 5.65487 0.0697715
584.8 5.65487 0.106068
585 5.65487 0.06884
585.2 5.65487 0.00884163
585.4 5.65487 -0.00184669
585.6 5.65487 0.0532925
585.8 5.65487 0.117475
586 5.65487 0.120723
586.2 5.65487 0.0524081
586.4 5.65487 -0.0310426
586.6 5.65487 -0.0670019
586.8 5.65487 -0.0467282
587 5.65487 -0.0125405
587.2 5.65487 -0.00382943
587.4 5.65487 -0.0164614
587.6 5.65487 -0.0172004
587.8 5.65487 0.0110473
588 5.65487 0.0479679
588.2 5.65487 0.0595336
588.4 5.65487 0.035183
588.6 5.65487 -0.00380299
588.8 5.65487 -0.0299179
589 5.65487 -0.036544
589.2 5.65487 -0.0378983
589.4 5.65487 -0.0468427
589.6 5.65487 -0.0588474
589.8 5.65487 -0.0588701
590 5.65487 -0.0398689
590.2 5.65487 -0.0105367
590.4 5.65487 0.0150489
590.6 5.65487 0.0315956
590.8 5.65487 0.0434325
591 5.65487 0.0520953
591.2 5.65487 0.0475299
591.4 5.65487 0.0162177
591.6 5.65487 -0.0404708
591.8 5.65487 -0.0987894
592 5.65487 -0.127668
592.2 5.65487 -0.114324
592.4 5.65487 -0.0746104
592.6 5.65487 -0.036919
592.8 5.65487 -0.0161455
593 5.65487 -0.00505056
593.2 5.65487 0.00972879
593.4 5.65487 0.0273972
593.6 5.65487 0.03304
593.8 5.65487 0.0174874
594 5.65487 -0.00752686
594.2 5.65487 -0.0176979
594.4 5.65487 0.000946056
594.6 5.65487 0.0394231
594.8 5.65487 0.0745536
595 5.65487 0.0861899
595.2 5.65487 0.0664345
595.4 5.65487 0.0198481
595.6 5.65487 -0.0364691
595.8 5.65487 -0.0741932
596 5.65487 -0.0671033
596.2 5.65487 -0.0148519
596.4 5.65487 0.0473169
596.6 5.65487 0.0726649
596.8 5.65487 0.043965
597 5.65487 -0.0118965
597.2 5.65487 -0.0544093
597.4 5.65487 -0.0710685
597.6 5.65487 -0.0803321
597.8 5.65487 -0.0939397
598 5.65487 -0.091057
598.2 5.65487 -0.0447887
598.4 5.65487 0.0287787
598.6 5.65487 0.0681488
598.8 5.65487 0.028702
599 5.65487 -0.0581803
599.2 5.65487 -0.106435
599.4 5.65487 -0.064566
599.6 5.65487 0.0263958
599.8 5.65487 0.0769624
600 5.65487 0.047518
600.2 5.65487 -0.0124011
600.4 5.65487 -0.0292788
600.6 5.65487 0.00481639
600.8 5.65487 0.026875
601 5.65487 -0.0135752
601.2 5.65487 -0.0860861
601.4 5.65487 -0.11104
601.6 5.65487 -0.0532047
601.8 5.65487 0.0359981
602 5.65487 0.0760201
602.2 5.65487 0.0432962
602.4 5.65487 -0.0145628
602.6 5.65487 -0.0438097
602.8 5.65487 -0.0423343
603 5.65487 -0.0430889
603.2 5.65487 -0.0560761
603.4 5.65487 -0.0508283
603.6 5.65487 -0.00207388
603.8 5.65487 0.0645982
604 5.65487 0.0902812
604.2 5.65487 0.0457304
604.4 5.65487 -0.0353926
604.6 5.65487 -0.0904751
604.8 5.65487 -0.0871553
605 5.65487 -0.0431762
605.2 5.65487 0.00338528
605.4 5.65487 0.0300424
605.6 5.65487 0.0362728
605.8 5.65487 0.0303503
606 5.65487 0.0228022
606.2 5.65487 0.0270387
606.4 5.65487 0.0499853
606.6 5.65487 0.0766083
606.8 5.65487 0.0757334
607 5.65487 0.0339757
607.2 5.65487 -0.0191872
607.4 5.65487 -0.0343866
607.6 5.65487 0.00405508
607.8 5.65487 0.0571574
608 5.65487 0.0737296
608.2 5.65487 0.0491891
608.4 5.65487 0.0280623
608.6 5.65487 0.044624
608.8 5.65487 0.0750546
609 5.65487 0.0633236
609.2 5.65487 -0.00802086
609.4 5.65487 -0.0891069
609.6 5.65487 -0.113098
609.8 5.65487 -0.0665523
610 5.65487 0.0017734
610.2 5.65487 0.038178
610.4 5.65487 0.035138
610.6 5.65487 0.0209881
610.8 5.65487 0.0145439
611 5.65487 0.00827886
611.2 5.65487 -0.00622101
611.4 5.65487 -0.017792
611.6 5.65487 -0.0147046
611.8 5.65487 -0.0124882
612 5.65487 -0.0398888
612.2 5.65487 -0.0916336
612.4 5.65487 -0.114521
612.6 5.65487 -0.0612981
612.8 5.65487 0.0440763
613 5.65487 0.11528
613.2 5.65487 0.0905922
613.4 5.65487 0.00214061
613.6 5.65487 -0.056853
613.8 5.65487 -0.0338346
614 5.65487 0.029209
614.2 5.65487 0.0511787
614.4 5.65487 0.00911432
614.6 5.65487 -0.0389135
614.8 5.65487 -0.0298281
615 5.65487 0.0245359
615.2 5.65487 0.050916
615.4 5.65487 0.00480605
615.6 5.65487 -0.072125
615.8 5.65487 -0.0969493
616 5.65487 -0.0401297
616.2 5.65487 0.0396577
616.4 5.65487 0.0600962
616.6 5.65487 0.00463098
616.8 5.65487 -0.0629245
617 5.65487 -0.0707398
617.2 5.65487 -0.015413
617.4 5.65487 0.0401805
617.6 5.65487 0.0400825
617.8 5.65487 -0.00388933
618 5.65487 -0.028814
618.2 5.65487 0.00615826
618.4 5.65487 0.0708654
618.6 5.65487 0.0926043
618.8 5.65487 0.0324765
619 5.65487 -0.0704839
619.2 5.65487 -0.134243
619.4 5.65487 -0.113203
619.6 5.65487 -0.0410228
619.8 5.65487 0.00672497
620 5.65487 -0.00989654
620.2 5.65487 -0.0577265
620.4 5.65487 -0.070132
620.6 5.65487 -0.0181262
620.8 5.65487 0.0631013
621 5.65487 0.114929
621.2 5.65487 0.112545
621.4 5.65487 0.0762174
621.6 5.65487 0.0345319
621.8 5.65487 -0.00727783
622 5.65487 -0.0559226
622.2 5.65487 -0.0996303
622.4 5.65487 -0.108013
622.6 5.65487 -0.0685346
622.8 5.65487 -0.011626
623 5.65487 0.0140779
623.2 5.65487 -0.00782483
623.4 5.65487 -0.0458472
623.6 5.65487 -0.0594339
623.8 5.65487 -0.0449726
624 5.65487 -0.0335891
624.2 5.65487 -0.0467247
624.4 5.65487 -0.0674132
624.6 5.65487 -0.0626035
624.8 5.65487 -0.0256513
625 5.65487 0.0153527
625.2 5.65487 0.0311859
625.4 5.65487 0.0219619
625.6 5.65487 0.00844769
625.8 5.65487 0.00230868
626 5.65487 -0.0024206
626.2 5.65487 -0.00974405
626.4 5.65487 -0.0080838
626.6 5.65487 0.0147274
626.8 5.65487 0.0507981
627 5.65487 0.0795749
627.2 5.65487 0.0952756
627.4 5.65487 0.112118
627.6 5.65487 0.133912
627.8 5.65487 0.130851
628 5.65487 0.0674979
628.2 5.65487 -0.0413083
628.4 5.65487 -0.120457
628.6 5.65487 -0.10065
628.8 5.65487 0.00428601
629 5.65487 0.100506
629.2 5.65487 0.104578
629.4 5.65487 0.0261599
629.6 5.65487 -0.0472297
629.8 5.65487 -0.0444083
630 5.65487 0.0209865
630.2 5.65487 0.0757694
630.4 5.65487 0.0676519
630.6 5.65487 0.0101867
630.8 5.65487 -0.044343
631 5.65487 -0.0589199
631.2 5.65487 -0.035053
631.4 5.65487 0.00175081
631.6 5.65487 0.0232093
631.8 5.65487 0.0100631
632 5.65487 -0.0364416
632.2 5.65487 -0.0842285
632.4 5.65487 -0.0848591
632.6 5.65487 -0.0185503
632.8 5.65487 0.0728891
633 5.65487 0.114163
633.2 5.65487 0.0707512
633.4 5.65487 -0.0108059
633.6 5.65487 -0.0498109
633.8 5.65487 -0.0187486
634 5.65487 0.0291597
634.2 5.65487 0.0251473
634.4 5.65487 -0.0348249
634.6 5.65487 -0.0905565
634.8 5.65487 -0.0943254
635 5.65487 -0.0655133
635.2 5.65487 -0.0565691
635.4 5.65487 -0.0780093
635.6 5.65487 -0.0820185
635.8 5.65487 -0.026601
636 5.65487 0.062861
636.2 5.65487 0.114967
636.4 5.65487 0.0913994
636.6 5.65487 0.0264967
636.8 5.65487 -0.017802
637 5.65487 -0.0206498
637.2 5.65487 -0.0113107
637.4 5.65487 -0.0175885
637.6 5.65487 -0.0292342
637.8 5.65487 -0.0228701
638 5.65487 -0.00620329
638.2 5.65487 -0.0133911
638.4 5.65487 -0.0537699
638.6 5.65487 -0.0856615
638.8 5.65487 -0.0587333
639 5.65487 0.0226483
639.2 5.65487 0.0952149
639.4 5.65487 0.101676
639.6 5.65487 0.0490622
639.8 5.65487 -0.00657634
640 5.65487 -0.0255928
640.2 5.65487 -0.0202248
640.4 5.65487 -0.0232993
640.6 5.65487 -0.0380098
640.8 5.65487 -0.034504
641 5.65487 0.00601699
641.2 5.65487 0.0591591
641.4 5.65487 0.0786787
641.6 5.65487 0.0451677
641.8 5.65487 -0.0146791
642 5.65487 -0.056217
642.2 5.65487 -0.0574484
642.4 5.65487 -0.0308463
642.6 5.65487 -0.00338698
642.8 5.65487 0.00821187
643 5.65487 0.00597486
643.2 5.65487 0.00369288
643.4 5.65487 0.0137442
643.6 5.65487 0.0347395
643.8 5.65487 0.0480438
644 5.65487 0.031471
644.2 5.65487 -0.0156833
644.4 5.65487 -0.0619563
644.6 5.65487 -0.0670288
644.8 5.65487 -0.0219372
645 5.65487 0.0375626
645.2 5.65487 0.0647919
645.4 5.65487 0.0497592
645.6 5.65487 0.0273541
645.8 5.65487 0.0361099
646 5.65487 0.0747262
646.2 5.65487 0.104888
646.4 5.65487 0.0937988
646.6 5.65487 0.0455074
646.8 5.65487 -0.0107329
647 5.65487 -0.0531102
647.2 5.65487 -0.0803605
647.4 5.65487 -0.0974012
647.6 5.65487 -0.101424
647.8 5.65487 -0.0881023
648 5.65487 -0.0640356
648.2 5.65487 -0.0433908
648.4 5.65487 -0.0329488
648.6 5.65487 -0.0282327
648.8 5.65487 -0.0255338
649 5.65487 -0.0289026
649.2 5.65487 -0.0391778
649.4 5.65487 -0.0436509
649.6 5.65487 -0.0293694
649.8 5.65487 -0.00684587
650 5.65487 -0.00597666
650.2 5.65487 -0.0374968
650.4 5.65487 -0.0672103
650.6 5.65487 -0.0472618
650.8 5.65487 0.0222689
651 5.65487 0.0790517
651.2 5.65487 0.0625911
651.4 5.65487 -0.0115345
651.6 5.65487 -0.0608568
651.8 5.65487 -0.0281335
652 5.65487 0.0496865
652.2 5.65487 0.0821157
652.4 5.65487 0.0322458
652.6 5.65487 -0.0377382
652.8 5.65487 -0.0400387
653 5.65487 0.0333977
653.2 5.65487 0.100316
653.4 5.65487 0.0851864
653.6 5.65487 0.00624234
653.8 5.65487 -0.0505648
654 5.65487 -0.0345387
654.2 5.65487 0.0154253
654.4 5.65487 0.0261919
654.6 5.65487 -0.0188055
654.8 5.65487 -0.0643003
655 5.65487 -0.0548451
655.2 5.65487 -0.000244309
655.4 5.65487 0.0425234
655.6 5.65487 0.0404873
655.8 5.65487 0.0185992
656 5.65487 0.0209568
656.2 5.65487 0.0544802
656.4 5.65487 0.083717
656.6 5.65487 0.0759115
656.8 5.65487 0.037415
657 5.65487 0.00253155
657.2 5.65487 -0.00401535
657.4 5.65487 0.0132471
657.6 5.65487 0.032276
657.8 5.65487 0.0357404
658 5.65487 0.0229278
658.2 5.65487 0.00896571
658.4 5.65487 0.0145153
658.6 5.65487 0.0470975
658.8 5.65487 0.0855155
659 5.65487 0.0900133
659.2 5.65487 0.0420956
659.4 5.65487 -0.0244021
659.6 5.65487 -0.0468773
659.8 5.65487 -0.00130531
660 5.65487 0.0605206
660.2 5.65487 0.0587125
660.4 5.65487 -0.0239585
660.6 5.65487 -0.113196
660.8 5.65487 -0.120029
661 5.65487 -0.0413772
661.2 5.65487 0.0339779
661.4 5.65487 0.0267965
661.6 5.65487 -0.0411703
661.8 5.65487 -0.0752325
662 5.65487 -0.0224851
662.2 5.65487 0.0642686
662.4 5.65487 0.0907164
662.6 5.65487 0.0350889
662.8 5.65487 -0.0260129
663 5.65487 -0.00968189
663.2 5.65487 0.0749313
663.4 5.65487 0.138333
663.6 5.65487 0.114168
663.8 5.65487 0.0299791
664 5.65487 -0.0322369
664.2 5.65487 -0.0299134
664.4 5.65487 0.00397009
664.6 5.65487 0.0145029
664.8 5.65487 -0.00775302
665 5.65487 -0.0265781
665.2 5.65487 -0.0165665
665.4 5.65487 0.00131643
665.6 5.65487 -0.0117936
665.8 5.65487 -0.0599937
666 5.65487 -0.101813
666.2 5.65487 -0.0930221
666.4 5.65487 -0.0326883
666.6 5.65487 0.0365094
666.8 5.65487 0.0696806
667 5.65487 0.0586625
667.2 5.65487 0.0347329
667.4 5.65487 0.0373707
667.6 5.65487 0.0776209
667.8 5.65487 0.125268
668 5.65487 0.131402
668.2 5.65487 0.0722365
668.4 5.65487 -0.0225664
668.6 5.65487 -0.0884772
668.8 5.65487 -0.0824698
669 5.65487 -0.0244493
669.2 5.65487 0.0218383
669.4 5.65487 0.0134194
669.6 5.65487 -0.0299115
669.8 5.65487 -0.0524006
670 5.65487 -0.026208
670.2 5.65487 0.0213744
670.4 5.65487 0.0457464
670.6 5.65487 0.0366847
670.8 5.65487 0.0194862
671 5.65487 0.010412
671.2 5.65487 -0.00811591
671.4 5.65487 -0.0556408
671.6 5.65487 -0.10954
671.8 5.65487 -0.116715
672 5.65487 -0.0571038
672.2 5.65487 0.0202721
672.4 5.65487 0.0440992
672.6 5.65487 0.00255348
672.8 5.65487 -0.0394647
673 5.65487 -0.0145748
673.2 5.65487 0.0662939
673.4 5.65487 0.124459
673.6 5.65487 0.104869
673.8 5.65487 0.0393897
674 5.65487 0.00639592
674.2 5.65487 0.0359618
674.4 5.65487 0.0752247
674.6 5.65487 0.0548698
674.8 5.65487 -0.0242396
675 5.65487 -0.0879067
675.2 5.65487 -0.0723244
675.4 5.65487 0.00345246
675.6 5.65487 0.0584082
675.8 5.65487 0.0371596
676 5.65487 -0.0347066
676.2 5.65487 -0.0833725
676.4 5.65487 -0.0651002
676.6 5.65487 -0.00504719
676.8 5.65487 0.0362559
677 5.65487 0.0239584
677.2 5.65487 -0.0249787
677.4 5.65487 -0.0668922
677.6 5.65487 -0.0726519
677.8 5.65487 -0.0453186
678 5.65487 -0.00726861
678.2 5.65487 0.0221922
678.4 5.65487 0.0378844
678.6 5.65487 0.0446418
678.8 5.65487 0.0470894
679 5.65487 0.0432632
679.2 5.65487 0.0263539
679.4 5.65487 -0.00751711
679.6 5.65487 -0.051861
679.8 5.65487 -0.0896246
680 5.65487 -0.10206
680.2 5.65487 -0.0816975
680.4 5.65487 -0.0397644
680.6 5.65487 -0.00110363
680.8 5.65487 0.0123427
681 5.65487 -0.00120552
681.2 5.65487 -0.0197644
681.4 5.65487 -0.0149667
681.6 5.65487 0.0208579
681.8 5.65487 0.0632931
682 5.65487 0.0760642
682.2 5.65487 0.0479965
682.4 5.65487 0.00850443
682.6 5.65487 0.000266494
682.8 5.65487 0.033768
683 5.65487 0.0734427
683.2 5.65487 0.0741724
683.4 5.65487 0.0296784
683.6 5.65487 -0.0222443
683.8 5.65487 -0.0437941
684 5.65487 -0.0375185
684.2 5.65487 -0.0346521
684.4 5.65487 -0.047535
684.6 5.65487 -0.0487528
684.8 5.65487 -0.0065328
685 5.65487 0.0671855
685.2 5.65487 0.119763
685.4 5.65487 0.114135
685.6 5.65487 0.0722715
685.8 5.65487 0.0518848
686 5.65487 0.0823628
686.2 5.65487 0.133766
686.4 5.65487 0.151909
686.6 5.65487 0.114714
686.8 5.65487 0.0472036
687 5.65487 -0.0103621
687.2 5.65487 -0.0346613
687.4 5.65487 -0.0206318
687.6 5.65487 0.0285549
687.8 5.65487 0.0949978
688 5.65487 0.136686
688.2 5.65487 0.110749
688.4 5.65487 0.0212418
688.6 5.65487 -0.067521
688.8 5.65487 -0.086955
689 5.65487 -0.0375314
689.2 5.65487 0.00895181
689.4 5.65487 -0.00766266
689.6 5.65487 -0.0610522
689.8 5.65487 -0.0660718
690 5.65487 0.0164823
690.2 5.65487 0.121359
690.4 5.65487 0.142264
690.6 5.65487 0.0483226
690.8 5.65487 -0.0809839
691 5.65487 -0.141204
691.2 5.65487 -0.108147
691.4 5.65487 -0.0448619
691.6 5.65487 -0.0151514
691.8 5.65487 -0.0151376
692 5.65487 0.000956191
692.2 5.65487 0.0474473
692.4 5.65487 0.0846972
692.6 5.65487 0.0708153
692.8 5.65487 0.0146195
693 5.65487 -0.0367994
693.2 5.65487 -0.0528627
693.4 5.65487 -0.043554
693.6 5.65487 -0.0296993
693.8 5.65487 -0.0099324
694 5.65487 0.0286848
694.2 5.65487 0.0777708
694.4 5.65487 0.106138
694.6 5.65487 0.095562
694.8 5.65487 0.0629388
695 5.65487 0.036038
695.2 5.65487 0.0173535
695.4 5.65487 -0.010641
695.6 5.65487 -0.0460911
695.8 5.65487 -0.0560288
696 5.65487 -0.0192804
696.2 5.65487 0.0306614
696.4 5.65487 0.0309657
696.6 5.65487 -0.0350285
696.8 5.65487 -0.105846
697 5.65487 -0.103511
697.2 5.65487 -0.0224429
697.4 5.65487 0.0629396
697.6 5.65487 0.0842311
697.8 5.65487 0.0544989
698 5.65487 0.0413522
698.2 5.65487 0.0749038
698.4 5.65487 0.109461
698.6 5.65487 0.0870213
698.8 5.65487 0.0176256
699 5.65487 -0.0302034
699.2 5.65487 -0.0178686
699.4 5.65487 0.0124493
699.6 5.65487 -0.00547231
699.8 5.65487 -0.068187
700 5.65487 -0.0952
700.2 5.65487 -0.0251745
700.4 5.65487 0.100165
700.6 5.65487 0.170768
700.8 5.65487 0.125207
701 5.65487 0.013664
701.2 5.65487 -0.0628172
701.4 5.65487 -0.0605546
701.6 5.65487 -0.02328
701.8 5.65487 -0.0108336
702 5.65487 -0.0242339
702.2 5.65487 -0.0174189
702.4 5.65487 0.0288822
702.6 5.65487 0.0711974
702.8 5.65487 0.0518876
703 5.65487 -0.0288679
703.2 5.65487 -0.105685
703.4 5.65487 -0.114211
703.6 5.65487 -0.0549666
703.8 5.65487 0.0129924
704 5.65487 0.0342748
704.2 5.65487 0.00614448
704.4 5.65487 -0.0301784
704.6 5.65487 -0.0357541
704.8 5.65487 -0.00776977
705 5.65487 0.0248588
705.2 5.65487 0.0311273
705.4 5.65487 0.00474408
705.6 5.65487 -0.0305369
705.8 5.65487 -0.0393001
706 5.65487 -0.00410373
706.2 5.65487 0.0558524
706.4 5.65487 0.096126
706.6 5.65487 0.0834566
706.8 5.65487 0.0256025
707 5.65487 -0.0351185
707.2 5.65487 -0.0594518
707.4 5.65487 -0.0424273
707.6 5.65487 -0.00876143
707.8 5.65487 0.0170022
708 5.65487 0.030103
708.2 5.65487 0.0379321
708.4 5.65487 0.0426883
708.6 5.65487 0.0392909
708.8 5.65487 0.0275195
709 5.65487 0.016593
709.2 5.65487 0.0130395
709.4 5.65487 0.00946391
709.6 5.65487 -0.00652005
709.8 5.65487 -0.0315852
710 5.65487 -0.0420481
710.2 5.65487 -0.0164283
710.4 5.65487 0.0378421
710.6 5.65487 0.0849343
710.8 5.65487 0.0910835
711 5.65487 0.0549416
711.2 5.65487 0.00841474
711.4 5.65487 -0.012168
711.6 5.65487 0.00223579
711.8 5.65487 0.0254255
712 5.65487 0.0176411
712.2 5.65487 -0.0389185
712.4 5.65487 -0.117731
712.6 5.65487 -0.160388
712.8 5.65487 -0.121729
713 5.65487 -0.0139304
713.2 5.65487 0.0935046
713.4 5.65487 0.128026
713.6 5.65487 0.077812
713.8 5.65487 0.00217303
714 5.65487 -0.0255291
714.2 5.65487 0.0131696
714.4 5.65487 0.0715668
714.6 5.65487 0.0933912
714.8 5.65487 0.0700571
715 5.65487 0.0378527
715.2 5.65487 0.0263097
715.4 5.65487 0.0239876
715.6 5.65487 0.000942324
715.8 5.65487 -0.0457118
716 5.65487 -0.0829639
716.2 5.65487 -0.0798658
716.4 5.65487 -0.0425791
716.6 5.65487 -0.00352068
716.8 5.65487 0.0178155
717 5.65487 0.0307829
717.2 5.65487 0.0499414
717.4 5.65487 0.06858
717.6 5.65487 0.0668365
717.8 5.65487 0.0414225
718 5.65487 0.0137831
718.2 5.65487 0.00433475
718.4 5.65487 0.00825309
718.6 5.65487 0.00605275
718.8 5.65487 -0.00708169
719 5.65487 -0.0159031
719.2 5.65487 -0.0116602
719.4 5.65487 -0.0104768
719.6 5.65487 -0.0317724
719.8 5.65487 -0.0628123
720 5.65487 -0.062666
720.2 5.65487 -0.0115492
720.4 5.65487 0.0536939
720.6 5.65487 0.0702428
720.8 5.65487 0.0189368
721 5.65487 -0.0487398
721.2 5.65487 -0.0636171
721.4 5.65487 -0.0148345
721.6 5.65487 0.0382263
721.8 5.65487 0.0319829
722 5.65487 -0.0327878
722.2 5.65487 -0.0942922
722.4 5.65487 -0.0953797
722.6 5.65487 -0.0359527
722.8 5.65487 0.0377413
723 5.65487 0.0813869
723.2 5.65487 0.0822787
723.4 5.65487 0.0514309
723.6 5.65487 0.00561765
723.8 5.65487 -0.0365552
724 5.65487 -0.0540851
724.2 5.65487 -0.0364098
724.4 5.65487 0.00104654
724.6 5.65487 0.0251949
724.8 5.65487 0.0172054
725 5.65487 -0.00772834
725.2 5.65487 -0.019063
725.4 5.65487 -0.00721614
725.6 5.65487 0.00719625
725.8 5.65487 0.0020081
726 5.65487 -0.0175969
726.2 5.65487 -0.0264787
726.4 5.65487 -0.0115057
726.6 5.65487 0.0146263
726.8 5.65487 0.0332345
727 5.65487 0.0423744
727.2 5.65487 0.0510386
727.4 5.65487 0.0571039
727.6 5.65487 0.0463481
727.8 5.65487 0.0179085
728 5.65487 -0.00225308
728.2 5.65487 0.0119222
728.4 5.65487 0.0484781
728.6 5.65487 0.0619826
728.8 5.65487 0.0252852
729 5.65487 -0.0325603
729.2 5.65487 -0.055106
729.4 5.65487 -0.0261913
729.6 5.65487 0.00583403
729.8 5.65487 -0.0173098
730 5.65487 -0.0915949
730.2 5.65487 -0.147781
730.4 5.65487 -0.125181
730.6 5.65487 -0.0381165
730.8 5.65487 0.0400721
731 5.65487 0.053286
731.2 5.65487 0.0120296
731.4 5.65487 -0.0321438
731.6 5.65487 -0.0450822
731.8 5.65487 -0.0320088
732 5.65487 -0.0118275
732.2 5.65487 0.00830235
732.4 5.65487 0.0253883
732.6 5.65487 0.0247727
732.8 5.65487 -0.00616071
733 5.65487 -0.0474066
733.2 5.65487 -0.0498118
733.4 5.65487 0.013489
733.6 5.65487 0.103714
733.8 5.65487 0.142853
734 5.65487 0.0921313
734.2 5.65487 -0.00346777
734.4 5.65487 -0.0601484
734.6 5.65487 -0.0426057
734.8 5.65487 0.00392609
735 5.65487 0.0107704
735.2 5.65487 -0.0360134
735.4 5.65487 -0.0847144
735.6 5.65487 -0.0805587
735.8 5.65487 -0.0252797
736 5.65487 0.0307879
736.2 5.65487 0.0456986
736.4 5.65487 0.0230731
736.6 5.65487 -0.00480937
736.8 5.65487 -0.0162797
737 5.65487 -0.0144401
737.2 5.65487 -0.0110616
737.4 5.65487 -0.0107845
737.6 5.65487 -0.0138317
737.8 5.65487 -0.0229466
738 5.65487 -0.037996
738.2 5.65487 -0.0481469
738.4 5.65487 -0.0409189
738.6 5.65487 -0.0214179
738.8 5.65487 -0.0123206
739 5.65487 -0.0258427
739.2 5.65487 -0.0404197
739.4 5.65487 -0.0185107
739.6 5.65487 0.0472938
739.8 5.65487 0.114913
740 5.65487 0.1302
740.2 5.65487 0.0838076
740.4 5.65487 0.0214166
740.6 5.65487 -0.00632262
740.8 5.65487 0.00386247
741 5.65487 0.0141111
741.2 5.65487 -0.000802692
741.4 5.65487 -0.0210531
741.6 5.65487 -0.0116772
741.8 5.65487 0.0243365
742 5.65487 0.040149
742.2 5.65487 -0.00112968
742.4 5.65487 -0.0768444
742.6 5.65487 -0.122422
742.8 5.65487 -0.0997987
743 5.65487 -0.0379091
743.2 5.65487 0.00178094
743.4 5.65487 -0.00549088
743.6 5.65487 -0.024109
743.8 5.65487 -0.00536909
744 5.65487 0.0521004
744.2 5.65487 0.0997075
744.4 5.65487 0.0956452
744.6 5.65487 0.0534051
744.8 5.65487 0.025856
745 5.65487 0.044633
745.2 5.65487 0.0845859
745.4 5.65487 0.0930567
745.6 5.65487 0.0498642
745.8 5.65487 -0.00871138
746 5.65487 -0.0264652
746.2 5.65487 0.0163689
746.4 5.65487 0.0858
746.6 5.65487 0.129445
746.8 5.65487 0.123878
747 5.65487 0.0865902
747.2 5.65487 0.0479462
747.4 5.65487 0.0191888
747.6 5.65487 -0.00961182
747.8 5.65487 -0.0456618
748 5.65487 -0.0758121
748.2 5.65487 -0.0771732
748.4 5.65487 -0.0433826
748.6 5.65487 0.0042634
748.8 5.65487 0.0346268
749 5.65487 0.03477
749.2 5.65487 0.0190153
749.4 5.65487 0.0107678
749.6 5.65487 0.0184697
749.8 5.65487 0.0312888
750 5.65487 0.0358959
750.2 5.65487 0.0320505
750.4 5.65487 0.0286934
750.6 5.65487 0.028108
750.8 5.65487 0.0209617
751 5.65487 0.000377539
751.2 5.65487 -0.0233496
751.4 5.65487 -0.0298042
751.6 5.65487 -0.0131313
751.8 5.65487 0.005703
752 5.65487 -0.000540018
752.2 5.65487 -0.0301252
752.4 5.65487 -0.0441472
752.6 5.65487 -0.00279017
752.8 5.65487 0.087053
753 5.65487 0.165505
753.2 5.65487 0.169616
753.4 5.65487 0.0938155
753.6 5.65487 -0.00103232
753.8 5.65487 -0.0428637
754 5.65487 -0.0142941
754.2 5.65487 0.0357712
754.4 5.65487 0.0452413
754.6 5.65487 0.000592044
754.8 5.65487 -0.0552578
755 5.65487 -0.0725838
755.2 5.65487 -0.0463813
755.4 5.65487 -0.015699
755.6 5.65487 -0.016024
755.8 5.65487 -0.0397765
756 5.65487 -0.0472854
756.2 5.65487 -0.0129472
756.4 5.65487 0.045947
756.6 5.65487 0.0876276
756.8 5.65487 0.0881165
757 5.65487 0.0607576
757.2 5.65487 0.0365753
757.4 5.65487 0.0322197
757.6 5.65487 0.0400824
757.8 5.65487 0.0435531
758 5.65487 0.0328724
758.2 5.65487 0.00569669
758.4 5.65487 -0.0371682
758.6 5.65487 -0.0860197
758.8 5.65487 -0.115169
759 5.65487 -0.0963565
759.2 5.65487 -0.0310775
759.4 5.65487 0.0351105
759.6 5.65487 0.0461951
759.8 5.65487 -0.00656606
760 5.65487 -0.0662708
760.2 5.65487 -0.0626592
760.4 5.65487 0.0125467
760.6 5.65487 0.0904455
760.8 5.65487 0.0938154
761 5.65487 0.0188572
761.2 5.65487 -0.0605291
761.4 5.65487 -0.0730219
761.6 5.65487 -0.0251228
761.8 5.65487 0.0133262
762 5.65487 -0.00555604
762.2 5.65487 -0.0520152
762.4 5.65487 -0.0579148
762.6 5.65487 -0.00336167
762.8 5.65487 0.0533656
763 5.65487 0.039676
763.2 5.65487 -0.0464404
763.4 5.65487 -0.128641
763.6 5.65487 -0.130655
763.8 5.65487 -0.0529273
764 5.65487 0.0345221
764.2 5.65487 0.0685063
764.4 5.65487 0.0508458
764.6 5.65487 0.0302055
764.8 5.65487 0.0386955
765 5.65487 0.0583456
765.2 5.65487 0.0490423
765.4 5.65487 -0.000963486
765.6 5.65487 -0.0591079
765.8 5.65487 -0.0798434
766 5.65487 -0.046737
766.2 5.65487 0.0141969
766.4 5.65487 0.0572741
766.6 5.65487 0.0532719
766.8 5.65487 0.011391
767 5.65487 -0.0277495
767.2 5.65487 -0.0246175
767.4 5.65487 0.0238796
767.6 5.65487 0.0776434
767.8 5.65487 0.0881944
768 5.65487 0.0471388
768.2 5.65487 -0.00135234
768.4 5.65487 -0.00389936
768.6 5.65487 0.0442739
768.8 5.65487 0.0910289
769 5.65487 0.0816156
769.2 5.65487 0.0176664
769.4 5.65487 -0.0455708
769.6 5.65487 -0.0596312
769.8 5.65487 -0.0301211
770 5.65487 0.00136947
770.2 5.65487 0.0116339
770.4 5.65487 0.0153001
770.6 5.65487 0.0282643
770.8 5.65487 0.0313759
771 5.65487 -0.00826628
771.2 5.65487 -0.0809248
771.4 5.65487 -0.122327
771.6 5.65487 -0.0779206
771.8 5.65487 0.0252324
772 5.65487 0.0911173
772.2 5.65487 0.0519017
772.4 5.65487 -0.0548585
772.6 5.65487 -0.11949
772.8 5.65487 -0.0721996
773 5.65487 0.0478463
773.2 5.65487 0.138747
773.4 5.65487 0.141552
773.6 5.65487 0.0888119
773.8 5.65487 0.0523751
774 5.65487 0.0607827
774.2 5.65487 0.0790828
774.4 5.65487 0.0622178
774.6 5.65487 0.010644
774.8 5.65487 -0.0332497
775 5.65487 -0.0332166
775.2 5.65487 0.00740911
775.4 5.65487 0.0571499
775.6 5.65487 0.0882139
775.8 5.65487 0.0921861
776 5.65487 0.0742418
776.2 5.65487 0.0450078
776.4 5.65487 0.0187137
776.6 5.65487 0.0083973
776.8 5.65487 0.0144397
777 5.65487 0.0209809
777.2 5.65487 0.0117073
777.4 5.65487 -0.00933635
777.6 5.65487 -0.0187982
777.8 5.65487 -3.03866e-05
778 5.65487 0.0353018
778.2 5.65487 0.0569475
778.4 5.65487 0.0472374
778.6 5.65487 0.0179274
778.8 5.65487 -0.00509492
779 5.65487 -0.00865242
779.2 5.65487 9.54695e-05
779.4 5.65487 0.00903472
779.6 5.65487 0.0157407
779.8 5.65487 0.0241113
780 5.65487 0.0326014
780.2 5.65487 0.0332437
780.4 5.65487 0.0225663
780.6 5.65487 0.0080601
780.8 5.65487 0.000980223
781 5.65487 0.00560236
781.2 5.65487 0.0180177
781.4 5.65487 0.0323995
781.6 5.65487 0.0434513
781.8 5.65487 0.0439898
782 5.65487 0.0277273
782.2 5.65487 -0.000969954
782.4 5.65487 -0.0252725
782.6 5.65487 -0.0323885
782.8 5.65487 -0.0324023
783 5.65487 -0.051451
783.2 5.65487 -0.0983765
783.4 5.65487 -0.142016
783.6 5.65487 -0.133491
783.8 5.65487 -0.0578609
784 5.65487 0.040579
784.2 5.65487 0.0927676
784.4 5.65487 0.0676692
784.6 5.65487 -0.00117535
784.8 5.65487 -0.0516088
785 5.65487 -0.0510067
785.2 5.65487 -0.0179154
785.4 5.65487 0.00787452
785.6 5.65487 0.00822487
785.8 5.65487 -0.000701717
786 5.65487 0.00941832
786.2 5.65487 0.0500215
786.4 5.65487 0.104787
786.6 5.65487 0.140424
786.8 5.65487 0.129372
787 5.65487 0.0718579
787.2 5.65487 0.00265573
787.4 5.65487 -0.0299075
787.6 5.65487 -0.00399444
787.8 5.65487 0.0517408
788 5.65487 0.0805886
788.2 5.65487 0.0522019
788.4 5.65487 -0.00628707
788.6 5.65487 -0.0392941
788.8 5.65487 -0.0227274
789 5.65487 0.0125663
789.2 5.65487 0.0204838
789.4 5.65487 -0.00518589
789.6 5.65487 -0.0263363
789.8 5.65487 -0.0103271
790 5.65487 0.0290954
790.2 5.65487 0.0497348
790.4 5.65487 0.0330008
790.6 5.65487 0.00380007
790.8 5.65487 -0.00405438
791 5.65487 0.0109981
791.2 5.65487 0.0228199
791.4 5.65487 0.016772
791.6 5.65487 0.00721595
791.8 5.65487 0.0106872
792 5.65487 0.0163047
792.2 5.65487 -0.00052296
792.4 5.65487 -0.0376476
792.6 5.65487 -0.0585902
792.8 5.65487 -0.0367495
793 5.65487 0.00325257
793.2 5.65487 0.0064718
793.4 5.65487 -0.0473132
793.6 5.65487 -0.114478
793.8 5.65487 -0.135068
794 5.65487 -0.101515
794.2 5.65487 -0.0640443
794.4 5.65487 -0.0652317
794.6 5.65487 -0.0857316
794.8 5.65487 -0.0698915
795 5.65487 0.000336922
795.2 5.65487 0.0754745
795.4 5.65487 0.0909208
795.6 5.65487 0.0391831
795.8 5.65487 -0.0228352
796 5.65487 -0.0360813
796.2 5.65487 0.00306152
796.4 5.65487 0.0502189
796.6 5.65487 0.065053
796.8 5.65487 0.0442348
797 5.65487 0.00904494
797.2 5.65487 -0.0218326
797.4 5.65487 -0.0404281
797.6 5.65487 -0.0436857
797.8 5.65487 -0.0357154
798 5.65487 -0.0339864
798.2 5.65487 -0.0563565
798.4 5.65487 -0.0927382
798.6 5.65487 -0.100995
798.8 5.65487 -0.0488209
799 5.65487 0.0383995
799.2 5.65487 0.0872327
799.4 5.65487 0.0475082
799.6 5.65487 -0.0491538
799.8 5.65487 -0.114521
800 5.65487 -0.0911312
800.2 5.65487 -0.00841134
800.4 5.65487 0.0525953
800.6 5.65487 0.0430845
800.8 5.65487 -0.0126298
801 5.65487 -0.0537584
801.2 5.65487 -0.0452058
801.4 5.65487 0.00133225
801.6 5.65487 0.0531408
801.8 5.65487 0.0853684
802 5.65487 0.0860043
802.2 5.65487 0.0533762
802.4 5.65487 0.00375477
802.6 5.65487 -0.0270313
802.8 5.65487 -0.0105063
803 5.65487 0.0388428
803.2 5.65487 0.0683399
803.4 5.65487 0.0424109
803.6 5.65487 -0.010807
803.8 5.65487 -0.0246213
804 5.65487 0.0284979
804.2 5.65487 0.0966305
804.4 5.65487 0.100666
804.6 5.65487 0.024373
804.8 5.65487 -0.0630072
805 5.65487 -0.0803868
805.2 5.65487 -0.0207852
805.4 5.65487 0.0483194
805.6 5.65487 0.0645651
805.8 5.65487 0.0326358
806 5.65487 0.000864647
806.2 5.65487 -0.0065408
806.4 5.65487 -0.011957
806.6 5.65487 -0.0389589
806.8 5.65487 -0.0676496
807 5.65487 -0.0550495
807.2 5.65487 0.0048806
807.4 5.65487 0.0631114
807.6 5.65487 0.0683426
807.8 5.65487 0.0272456
808 5.65487 -0.00369419
808.2 5.65487 0.0138375
808.4 5.65487 0.0549353
808.6 5.65487 0.0631783
808.8 5.65487 0.0183394
809 5.65487 -0.0420195
809.2 5.65487 -0.0689286
809.4 5.65487 -0.0554951
809.6 5.65487 -0.0334443
809.8 5.65487 -0.0240722
810 5.65487 -0.0104972
810.2 5.65487 0.0342589
810.4 5.65487 0.102574
810.6 5.65487 0.150861
810.8 5.65487 0.144863
811 5.65487 0.0954272
811.2 5.65487 0.0421404
811.4 5.65487 0.00797965
811.6 5.65487 -0.0170094
811.8 5.65487 -0.0454744
812 5.65487 -0.0603548
812.2 5.65487 -0.0286929
812.4 5.65487 0.0507122
812.6 5.65487 0.126684
812.8 5.65487 0.136305
813 5.65487 0.067335
813.2 5.65487 -0.0271571
813.4 5.65487 -0.0809855
813.6 5.65487 -0.0766873
813.8 5.65487 -0.049934
814 5.65487 -0.0377641
814.2 5.65487 -0.0367873
814.4 5.65487 -0.0210421
814.6 5.65487 0.0087545
814.8 5.65487 0.0148445
815 5.65487 -0.02858
815.2 5.65487 -0.0880321
815.4 5.65487 -0.0947822
815.6 5.65487 -0.0246611
815.8 5.65487 0.0603828
816 5.65487 0.0697831
816.2 5.65487 -0.0137821
816.4 5.65487 -0.106429
816.6 5.65487 -0.110293
816.8 5.65487 -0.0220097
817 5.65487 0.0635445
817.2 5.65487 0.0621511
817.4 5.65487 -0.00403576
817.6 5.65487 -0.0374128
817.8 5.65487 0.0140814
818 5.65487 0.0916722
818.2 5.65487 0.0956997
818.4 5.65487 0.00716532
818.6 5.65487 -0.0862539
818.8 5.65487 -0.0913049
819 5.65487 -0.0150879
819.2 5.65487 0.0491105
819.4 5.65487 0.0344333
819.6 5.65487 -0.0268079
819.8 5.65487 -0.0524598
820 5.65487 -0.0119905
820.2 5.65487 0.0453277
820.4 5.65487 0.0599559
820.6 5.65487 0.0313283
820.8 5.65487 0.00169148
821 5.65487 -0.00995954
821.2 5.65487 -0.0263887
821.4 5.65487 -0.0607778
821.6 5.65487 -0.0775778
821.8 5.65487 -0.0329234
822 5.65487 0.0539576
822.2 5.65487 0.102377
822.4 5.65487 0.0593921
822.6 5.65487 -0.0311154
822.8 5.65487 -0.0741372
823 5.65487 -0.0353114
823.2 5.65487 0.0191354
823.4 5.65487 0.00812413
823.6 5.65487 -0.0582964
823.8 5.65487 -0.0870874
824 5.65487 -0.0166033
824.2 5.65487 0.103784
824.4 5.65487 0.16707
824.6 5.65487 0.127668
824.8 5.65487 0.0419712
825 5.65487 -0.00887782
825.2 5.65487 -0.00834365
825.4 5.65487 0.00180162
825.6 5.65487 -0.00285758
825.8 5.65487 0.00308641
826 5.65487 0.0431932
826.2 5.65487 0.0859745
826.4 5.65487 0.0759014
826.6 5.65487 0.0126034
826.8 5.65487 -0.0344884
827 5.65487 -0.00818196
827.2 5.65487 0.0587038
827.4 5.65487 0.0766189
827.6 5.65487 0.0100659
827.8 5.65487 -0.0728503
828 5.65487 -0.0788572
828.2 5.65487 -0.00220829
828.4 5.65487 0.0681288
828.6 5.65487 0.0555705
828.8 5.65487 -0.0151345
829 5.65487 -0.0535572
829.2 5.65487 -0.0145298
829.4 5.65487 0.0529251
829.6 5.65487 0.0712511
829.8 5.65487 0.0255539
830 5.65487 -0.0290184
830.2 5.65487 -0.0393358
830.4 5.65487 -0.00860773
830.6 5.65487 0.025377
830.8 5.65487 0.0427241
831 5.65487 0.0517437
831.2 5.65487 0.0568197
831.4 5.65487 0.0431809
831.6 5.65487 0.00407144
831.8 5.65487 -0.0347364
832 5.65487 -0.0376104
832.2 5.65487 -0.00324989
832.4 5.65487 0.0321378
832.6 5.65487 0.0403928
832.8 5.65487 0.03359
833 5.65487 0.0375326
833.2 5.65487 0.0451029
833.4 5.65487 0.0204057
833.6 5.65487 -0.0453636
833.8 5.65487 -0.104142
834 5.65487 -0.0979566
834.2 5.65487 -0.0305698
834.4 5.65487 0.0299858
834.6 5.65487 0.0273789
834.8 5.65487 -0.0214822
835 5.65487 -0.055598
835.2 5.65487 -0.0490936
835.4 5.65487 -0.0365772
835.6 5.65487 -0.0556082
835.8 5.65487 -0.0896146
836 5.65487 -0.091559
836.2 5.65487 -0.0546813
836.4 5.65487 -0.0278816
836.6 5.65487 -0.0480938
836.8 5.65487 -0.0810389
837 5.65487 -0.0588079
837.2 5.65487 0.0260984
837.4 5.65487 0.0954625
837.6 5.65487 0.0729604
837.8 5.65487 -0.0197042
838 5.65487 -0.0823359
838.2 5.65487 -0.0535533
838.4 5.65487 0.0176917
838.6 5.65487 0.0349211
838.8 5.65487 -0.0281674
839 5.65487 -0.101043
839.2 5.65487 -0.108271
839.4 5.65487 -0.0592188
839.6 5.65487 -0.0248723
839.8 5.65487 -0.0408674
840 5.65487 -0.0666183
840.2 5.65487 -0.0481594
840.4 5.65487 0.006029
840.6 5.65487 0.0383486
840.8 5.65487 0.0214086
841 5.65487 -0.00820046
841.2 5.65487 -0.00632704
841.4 5.65487 0.0138521
841.6 5.65487 0.00230808
841.8 5.65487 -0.0484642
842 5.65487 -0.0782639
842.2 5.65487 -0.0324227
842.4 5.65487 0.0583118
842.6 5.65487 0.101792
842.8 5.65487 0.052254
843 5.65487 -0.0305728
843.2 5.65487 -0.0477275
843.4 5.65487 0.0254382
843.6 5.65487 0.115037
843.8 5.65487 0.138325
844 5.65487 0.0936074
844.2 5.65487 0.0463422
844.4 5.65487 0.0412459
844.6 5.65487 0.0558382
844.8 5.65487 0.0445185
845 5.65487 0.0029654
845.2 5.65487 -0.0325797
845.4 5.65487 -0.0399647
845.6 5.65487 -0.0376303
845.8 5.65487 -0.0486951
846 5.65487 -0.0602364
846.2 5.65487 -0.0406434
846.4 5.65487 0.00817371
846.6 5.65487 0.0409728
846.8 5.65487 0.0224704
847 5.65487 -0.0256648
847.2 5.65487 -0.0500328
847.4 5.65487 -0.0331604
847.6 5.65487 -0.0137542
847.8 5.65487 -0.0305111
848 5.65487 -0.063506
848.2 5.65487 -0.0537549
848.4 5.65487 0.0198836
848.6 5.65487 0.10529
848.8 5.65487 0.132031
849 5.65487 0.0902314
849.2 5.65487 0.0367615
849.4 5.65487 0.0231811
849.6 5.65487 0.0372199
849.8 5.65487 0.028281
850 5.65487 -0.0206715
850.2 5.65487 -0.0677022
850.4 5.65487 -0.0627726
850.6 5.65487 -0.00860857
850.8 5.65487 0.0424014
851 5.65487 0.0462594
851.2 5.65487 0.00896633
851.4 5.65487 -0.0305659
851.6 5.65487 -0.0447876
851.8 5.65487 -0.0357408
852 5.65487 -0.0190574
852.2 5.65487 -0.00670576
852.4 5.65487 -0.00745088
852.6 5.65487 -0.0288282
852.8 5.65487 -0.0655986
853 5.65487 -0.0915976
853.2 5.65487 -0.0785777
853.4 5.65487 -0.0284191
853.6 5.65487 0.0225362
853.8 5.65487 0.0394036
854 5.65487 0.0241678
854.2 5.65487 0.00721714
854.4 5.65487 0.00725118
854.6 5.65487 0.0137355
854.8 5.65487 0.0135671
855 5.65487 0.019331
855.2 5.65487 0.0513651
855.4 5.65487 0.0929088
855.6 5.65487 0.0867039
855.8 5.65487 -0.00361271
856 5.65487 -0.133755
856.2 5.65487 -0.202399
856.4 5.65487 -0.14758
856.6 5.65487 -0.0127077
856.8 5.65487 0.0950892
857 5.65487 0.109837
857.2 5.65487 0.0602905
857.4 5.65487 0.0195433
857.6 5.65487 0.0193061
857.8 5.65487 0.0291426
858 5.65487 0.0125869
858.2 5.65487 -0.0205988
858.4 5.65487 -0.03122
858.6 5.65487 -0.00698637
858.8 5.65487 0.0195703
859 5.65487 0.0136922
859.2 5.65487 -0.0168359
859.4 5.65487 -0.0334887
859.6 5.65487 -0.0176711
859.8 5.65487 0.00721424
860 5.65487 0.0093915
860.2 5.65487 -0.00845717
860.4 5.65487 -0.0139614
860.6 5.65487 0.0100206
860.8 5.65487 0.0403184
861 5.65487 0.0412224
861.2 5.65487 0.00964618
861.4 5.65487 -0.0197504
861.6 5.65487 -0.0158124
861.8 5.65487 0.0120771
862 5.65487 0.0246146
862.2 5.65487 -0.00331188
862.4 5.65487 -0.0551939
862.6 5.65487 -0.0885157
862.8 5.65487 -0.0722377
863 5.65487 -0.00928316
863.2 5.65487 0.0688124
863.4 5.65487 0.12263
863.6 5.65487 0.125535
863.8 5.65487 0.0772571
864 5.65487 0.00473033
864.2 5.65487 -0.0550433
864.4 5.65487 -0.0818621
864.6 5.65487 -0.0851833
864.8 5.65487 -0.0881098
865 5.65487 -0.0993086
865.2 5.65487 -0.10604
865.4 5.65487 -0.0965369
865.6 5.65487 -0.0812966
865.8 5.65487 -0.0820462
866 5.65487 -0.1
866.2 5.65487 -0.106599
866.4 5.65487 -0.0749971
866.6 5.65487 -0.0163466
866.8 5.65487 0.0269562
867 5.65487 0.0271088
867.2 5.65487 0.000894314
867.4 5.65487 -0.0148206
867.6 5.65487 -0.011748
867.8 5.65487 -0.0196286
868 5.65487 -0.0615086
868.2 5.65487 -0.111198
868.4 5.65487 -0.111815
868.6 5.65487 -0.0402692
868.8 5.65487 0.0576393
869 5.65487 0.105692
869.2 5.65487 0.069028
869.4 5.65487 -0.0187887
869.6 5.65487 -0.096667
869.8 5.65487 -0.132129
870 5.65487 -0.132732
870.2 5.65487 -0.115992
870.4 5.65487 -0.0869416
870.6 5.65487 -0.048859
870.8 5.65487 -0.0191281
871 5.65487 -0.0166456
871.2 5.65487 -0.0340688
871.4 5.65487 -0.0385277
871.6 5.65487 -0.00954848
871.8 5.65487 0.031578
872 5.65487 0.0431735
872.2 5.65487 0.0140601
872.4 5.65487 -0.0198748
872.6 5.65487 -0.0178576
872.8 5.65487 0.0154245
873 5.65487 0.0353737
873.2 5.65487 0.0137301
873.4 5.65487 -0.0252952
873.6 5.65487 -0.0359644
873.8 5.65487 -0.0102871
874 5.65487 0.0110274
874.2 5.65487 -0.00829921
874.4 5.65487 -0.0505358
874.6 5.65487 -0.0638818
874.8 5.65487 -0.0296321
875 5.65487 0.00907106
875.2 5.65487 -0.00228621
875.4 5.65487 -0.0587775
875.6 5.65487 -0.0938872
875.8 5.65487 -0.0540495
876 5.65487 0.0365835
876.2 5.65487 0.098674
876.4 5.65487 0.0832752
876.6 5.65487 0.0224933
876.8 5.65487 -0.0102957
877 5.65487 0.0189336
877.2 5.65487 0.074439
877.4 5.65487 0.0978346
877.6 5.65487 0.0713831
877.8 5.65487 0.0272859
878 5.65487 0.00390585
878.2 5.65487 0.00762853
878.4 5.65487 0.0199993
878.6 5.65487 0.0284533
878.8 5.65487 0.0364977
879 5.65487 0.0460859
879.2 5.65487 0.0447195
879.4 5.65487 0.0195533
879.6 5.65487 -0.0205587
879.8 5.65487 -0.047957
880 5.65487 -0.0442997
880.2 5.65487 -0.0206264
880.4 5.65487 -0.00480648
880.6 5.65487 -0.0117827
880.8 5.65487 -0.0310552
881 5.65487 -0.0425724
881.2 5.65487 -0.0391944
881.4 5.65487 -0.0310122
881.6 5.65487 -0.0319015
881.8 5.65487 -0.0464525
882 5.65487 -0.0677864
882.2 5.65487 -0.0820612
882.4 5.65487 -0.07497
882.6 5.65487 -0.0422095
882.8 5.65487 -0.000458886
883 5.65487 0.0165837
883.2 5.65487 -0.0139492
883.4 5.65487 -0.0737936
883.6 5.65487 -0.108654
883.8 5.65487 -0.0768029
884 5.65487 0.00343059
884.2 5.65487 0.0627772
884.4 5.65487 0.0473647
884.6 5.65487 -0.0238198
884.8 5.65487 -0.0745218
885 5.65487 -0.0473138
885.2 5.65487 0.038765
885.4 5.65487 0.109588
885.6 5.65487 0.11068
885.8 5.65487 0.0546714
886 5.65487 -0.00322787
886.2 5.65487 -0.0255457
886.4 5.65487 -0.0202345
886.6 5.65487 -0.0142241
886.8 5.65487 -0.0147378
887 5.65487 -0.00552454
887.2 5.65487 0.0250211
887.4 5.65487 0.0647006
887.6 5.65487 0.0903263
887.8 5.65487 0.0922004
888 5.65487 0.0788018
888.2 5.65487 0.0610314
888.4 5.65487 0.0416814
888.6 5.65487 0.0233787
888.8 5.65487 0.0175199
889 5.65487 0.0337847
889.2 5.65487 0.0598836
889.4 5.65487 0.062526
889.6 5.65487 0.0191479
889.8 5.65487 -0.0508281
890 5.65487 -0.0938126
890.2 5.65487 -0.0683105
890.4 5.65487 0.0149346
890.6 5.65487 0.0998329
890.8 5.65487 0.132596
891 5.65487 0.10388
891.2 5.65487 0.0490667
891.4 5.65487 0.012425
891.6 5.65487 0.0119731
891.8 5.65487 0.0332007
892 5.65487 0.0489916
892.2 5.65487 0.0431254
892.4 5.65487 0.0188789
892.6 5.65487 -0.0091288
892.8 5.65487 -0.0292708
893 5.65487 -0.0408315
893.2 5.65487 -0.0498796
893.4 5.65487 -0.0577939
893.6 5.65487 -0.0550473
893.8 5.65487 -0.0292119
894 5.65487 0.0186789
894.2 5.65487 0.0673789
894.4 5.65487 0.0896389
894.6 5.65487 0.0764809
894.8 5.65487 0.046651
895 5.65487 0.0294106
895.2 5.65487 0.0368778
895.4 5.65487 0.0543437
895.6 5.65487 0.0577625
895.8 5.65487 0.0382241
896 5.65487 0.00733455
896.2 5.65487 -0.0188749
896.4 5.65487 -0.0355764
896.6 5.65487 -0.0461342
896.8 5.65487 -0.048185
897 5.65487 -0.0311115
897.2 5.65487 0.00824001
897.4 5.65487 0.0512598
897.6 5.65487 0.0671812
897.8 5.65487 0.0418729
898 5.65487 -0.00499198
898.2 5.65487 -0.0366388
898.4 5.65487 -0.0352726
898.6 5.65487 -0.0185399
898.8 5.65487 -0.0164346
899 5.65487 -0.0334893
899.2 5.65487 -0.0408712
899.4 5.65487 -0.0118954
899.6 5.65487 0.0374734
899.8 5.65487 0.0542234
900 5.65487 0.00293519
900.2 5.65487 -0.0869402
900.4 5.65487 -0.140016
900.6 5.65487 -0.110286
900.8 5.65487 -0.0347248
901 5.65487 -0.000604356
901.2 5.65487 -0.052492
901.4 5.65487 -0.137967
901.6 5.65487 -0.157709
901.8 5.65487 -0.0728123
902 5.65487 0.0470803
902.2 5.65487 0.0925648
902.4 5.65487 0.0296731
902.6 5.65487 -0.0645461
902.8 5.65487 -0.0864948
903 5.65487 -0.0168309
903.2 5.65487 0.064309
903.4 5.65487 0.0713666
903.6 5.65487 0.00680556
903.8 5.65487 -0.0505043
904 5.65487 -0.0412877
904.2 5.65487 0.00914601
904.4 5.65487 0.0297109
904.6 5.65487 -0.00705432
904.8 5.65487 -0.0540059
905 5.65487 -0.049353
905.2 5.65487 0.00920852
905.4 5.65487 0.06421
905.6 5.65487 0.0658813
905.8 5.65487 0.0231469
906 5.65487 -0.0165065
906.2 5.65487 -0.0228237
906.4 5.65487 -0.00411965
906.6 5.65487 0.0201782
906.8 5.65487 0.0463915
907 5.65487 0.0755661
907.2 5.65487 0.0903515
907.4 5.65487 0.0654536
907.6 5.65487 0.00547104
907.8 5.65487 -0.0452003
908 5.65487 -0.0458738
908.2 5.65487 -0.00851816
908.4 5.65487 0.0136736
908.6 5.65487 -0.00860444
908.8 5.65487 -0.041088
909 5.65487 -0.025239
909.2 5.65487 0.0474933
909.4 5.65487 0.118333
909.6 5.65487 0.125398
909.8 5.65487 0.0733308
910 5.65487 0.0246744
910.2 5.65487 0.0253881
910.4 5.65487 0.0561124
910.6 5.65487 0.065138
910.8 5.65487 0.0359191
911 5.65487 0.00312327
911.2 5.65487 0.00222368
911.4 5.65487 0.0227877
911.6 5.65487 0.0258624
911.8 5.65487 -0.00174213
912 5.65487 -0.030709
912.2 5.65487 -0.0307324
912.4 5.65487 -0.011265
912.6 5.65487 -0.00464199
912.8 5.65487 -0.0157128
913 5.65487 -0.0109502
913.2 5.65487 0.0322425
913.4 5.65487 0.0809073
913.6 5.65487 0.0738255
913.8 5.65487 -0.00347046
914 5.65487 -0.0888699
914.2 5.65487 -0.104565
914.4 5.65487 -0.0433202
914.6 5.65487 0.0217398
914.8 5.65487 0.0183308
915 5.65487 -0.0461035
915.2 5.65487 -0.0975858
915.4 5.65487 -0.0826916
915.6 5.65487 -0.0267964
915.8 5.65487 0.000759035
916 5.65487 -0.0312976
916.2 5.65487 -0.082038
916.4 5.65487 -0.0863015
916.6 5.65487 -0.0255713
916.8 5.65487 0.0550329
917 5.65487 0.0934345
917.2 5.65487 0.0662224
917.4 5.65487 0.00143928
917.6 5.65487 -0.0509017
917.8 5.65487 -0.0556892
918 5.65487 -0.0111649
918.2 5.65487 0.0526367
918.4 5.65487 0.0904117
918.6 5.65487 0.0693043
918.8 5.65487 -0.00463032
919 5.65487 -0.0842585
919.2 5.65487 -0.114239
919.4 5.65487 -0.0755234
919.6 5.65487 -0.00069998
919.8 5.65487 0.0553129
920 5.65487 0.0601795
920.2 5.65487 0.0233771
920.4 5.65487 -0.0217723
920.6 5.65487 -0.0477873
920.8 5.65487 -0.0469564
921 5.65487 -0.0275663
921.2 5.65487 -0.00664721
921.4 5.65487 -0.00383634
921.6 5.65487 -0.030017
921.8 5.65487 -0.0735968
922 5.65487 -0.102011
922.2 5.65487 -0.0872957
922.4 5.65487 -0.0345774
922.6 5.65487 0.0189733
922.8 5.65487 0.0382776
923 5.65487 0.022189
923.2 5.65487 -0.00105518
923.4 5.65487 -0.00740262
923.6 5.65487 0.00079779
923.8 5.65487 0.006878
924 5.65487 0.00524417
924.2 5.65487 0.00567899
924.4 5.65487 0.0144396
924.6 5.65487 0.0226832
924.8 5.65487 0.0205298
925 5.65487 0.0156366
925.2 5.65487 0.0254673
925.4 5.65487 0.0491298
925.6 5.65487 0.0586124
925.8 5.65487 0.0292342
926 5.65487 -0.0241903
926.2 5.65487 -0.0546042
926.4 5.65487 -0.0329994
926.6 5.65487 0.0156966
926.8 5.65487 0.0378124
927 5.65487 0.0117449
927.2 5.65487 -0.0265464
927.4 5.65487 -0.0255298
927.6 5.65487 0.0208563
927.8 5.65487 0.0650795
928 5.65487 0.0596226
928.2 5.65487 0.00901032
928.4 5.65487 -0.0387378
928.6 5.65487 -0.0461373
928.8 5.65487 -0.0202061
929 5.65487 0.00751282
929.2 5.65487 0.0206111
929.4 5.65487 0.0257364
929.6 5.65487 0.0273635
929.8 5.65487 0.0139789
930 5.65487 -0.0201874
930.2 5.65487 -0.0502865
930.4 5.65487 -0.0372431
930.6 5.65487 0.0243062
930.8 5.65487 0.0862361
931 5.65487 0.0890215
931.2 5.65487 0.0246039
931.4 5.65487 -0.0528331
931.6 5.65487 -0.0832168
931.8 5.65487 -0.060336
932 5.65487 -0.0278206
932.2 5.65487 -0.021458
932.4 5.65487 -0.0300563
932.6 5.65487 -0.0193397
932.8 5.65487 0.0176014
933 5.65487 0.0503985
933.2 5.65487 0.0531623
933.4 5.65487 0.0405476
933.6 5.65487 0.0487936
933.8 5.65487 0.0857192
934 5.65487 0.115779
934.2 5.65487 0.10191
934.4 5.65487 0.0517818
934.6 5.65487 0.00900232
934.8 5.65487 1.32104e-05
935 5.65487 0.00482657
935.2 5.65487 -0.0112128
935.4 5.65487 -0.0465635
935.6 5.65487 -0.0615287
935.8 5.65487 -0.0301881
936 5.65487 0.0202645
936.2 5.65487 0.0360963
936.4 5.65487 6.89844e-05
936.6 5.65487 -0.0467191
936.8 5.65487 -0.05244
937 5.65487 -0.0136714
937.2 5.65487 0.025649
937.4 5.65487 0.0324637
937.6 5.65487 0.0259152
937.8 5.65487 0.0498153
938 5.65487 0.110846
938.2 5.65487 0.159841
938.4 5.65487 0.141315
938.6 5.65487 0.0546578
938.8 5.65487 -0.0420113
939 5.65487 -0.086244
939.2 5.65487 -0.0633277
939.4 5.65487 -0.00656223
939.6 5.65487 0.0413693
939.8 5.65487 0.0596024
940 5.65487 0.0504918
940.2 5.65487 0.0271962
940.4 5.65487 0.00589198
940.6 5.65487 -0.000106415
940.8 5.65487 0.00860825
941 5.65487 0.0129982
941.2 5.65487 -0.00664113
941.4 5.65487 -0.0430326
941.6 5.65487 -0.0603899
941.8 5.65487 -0.030993
942 5.65487 0.028603
942.2 5.65487 0.0693446
942.4 5.65487 0.0628617
942.6 5.65487 0.0343518
942.8 5.65487 0.0325315
943 5.65487 0.070887
943.2 5.65487 0.112648
943.4 5.65487 0.119102
943.6 5.65487 0.0992609
943.8 5.65487 0.0949449
944 5.65487 0.118824
944.2 5.65487 0.127584
944.4 5.65487 0.0718469
944.6 5.65487 -0.0353222
944.8 5.65487 -0.120219
945 5.65487 -0.125479
945.2 5.65487 -0.0726038
945.4 5.65487 -0.0331859
945.6 5.65487 -0.0431556
945.8 5.65487 -0.0644342
946 5.65487 -0.039497
946.2 5.65487 0.0304121
946.4 5.65487 0.081007
946.6 5.65487 0.0596759
946.8 5.65487 -0.012575
947 5.65487 -0.0652916
947.2 5.65487 -0.0565016
947.4 5.65487 -0.0112253
947.6 5.65487 0.0177114
947.8 5.65487 0.0105668
948 5.65487 -0.00886711
948.2 5.65487 -0.013025
948.4 5.65487 -0.000978965
948.6 5.65487 0.0147716
948.8 5.65487 0.0339148
949 5.65487 0.0631023
949.2 5.65487 0.0901368
949.4 5.65487 0.0848734
949.6 5.65487 0.0379136
949.8 5.65487 -0.0129112
950 5.65487 -0.0139294
950.2 5.65487 0.0417853
950.4 5.65487 0.0964434
950.6 5.65487 0.0842959
950.8 5.65487 0.00375461
951 5.65487 -0.0771071
951.2 5.65487 -0.0892224
951.4 5.65487 -0.0296841
951.6 5.65487 0.0423711
951.8 5.65487 0.0682586
952 5.65487 0.0389056
952.2 5.65487 -0.0124549
952.4 5.65487 -0.0503285
952.6 5.65487 -0.061314
952.8 5.65487 -0.0496213
953 5.65487 -0.0263968
953.2 5.65487 -0.00791625
953.4 5.65487 -0.0113843
953.6 5.65487 -0.0392143
953.8 5.65487 -0.0690897
954 5.65487 -0.0711367
954.2 5.65487 -0.0404281
954.4 5.65487 -0.0059231
954.6 5.65487 -0.000136212
954.8 5.65487 -0.0227984
955 5.65487 -0.0422679
955.2 5.65487 -0.0328029
955.4 5.65487 -0.00150421
955.6 5.65487 0.0263839
955.8 5.65487 0.0403629
956 5.65487 0.0505006
956.2 5.65487 0.0612409
956.4 5.65487 0.0545505
956.6 5.65487 0.0123659
956.8 5.65487 -0.048108
957 5.65487 -0.0768876
957.2 5.65487 -0.0387567
957.4 5.65487 0.0458893
957.6 5.65487 0.115731
957.8 5.65487 0.124644
958 5.65487 0.0784438
958.2 5.65487 0.0177863
958.4 5.65487 -0.0258768
958.6 5.65487 -0.0507359
958.8 5.65487 -0.068203
959 5.65487 -0.0798895
959.2 5.65487 -0.0764992
959.4 5.65487 -0.052499
959.6 5.65487 -0.01391
959.8 5.65487 0.0267122
960 5.65487 0.0559895
960.2 5.65487 0.0615476
960.4 5.65487 0.0384079
960.6 5.65487 4.78186e-05
960.8 5.65487 -0.0245681
961 5.65487 -0.0178157
961.2 5.65487 0.00128994
961.4 5.65487 -0.00816471
961.6 5.65487 -0.0583845
961.8 5.65487 -0.103826
962 5.65487 -0.0797408
962.2 5.65487 0.0227349
962.4 5.65487 0.131012
962.6 5.65487 0.155227
962.8 5.65487 0.0794125
963 5.65487 -0.0214666
963.2 5.65487 -0.0601106
963.4 5.65487 -0.0245804
963.6 5.65487 0.0209004
963.8 5.65487 0.0164681
964 5.65487 -0.0281188
964.2 5.65487 -0.053924
964.4 5.65487 -0.0254503
964.6 5.65487 0.033536
964.8 5.65487 0.0755247
965 5.65487 0.0828684
965.2 5.65487 0.07484
965.4 5.65487 0.0704812
965.6 5.65487 0.0634877
965.8 5.65487 0.0395588
966 5.65487 0.00529032
966.2 5.65487 -0.0147554
966.4 5.65487 -0.00810788
966.6 5.65487 0.0110893
966.8 5.65487 0.0222482
967 5.65487 0.023226
967.2 5.65487 0.0253596
967.4 5.65487 0.0283615
967.6 5.65487 0.0146359
967.8 5.65487 -0.0253589
968 5.65487 -0.0714131
968.2 5.65487 -0.0893354
968.4 5.65487 -0.0684405
968.6 5.65487 -0.0339859
968.8 5.65487 -0.0182715
969 5.65487 -0.0265527
969.2 5.65487 -0.0381484
969.4 5.65487 -0.0361398
969.6 5.65487 -0.0241766
969.8 5.65487 -0.0122658
970 5.65487 0.00119513
970.2 5.65487 0.0216839
970.4 5.65487 0.0383302
970.6 5.65487 0.0283581
970.8 5.65487 -0.0108724
971 5.65487 -0.0457436
971.2 5.65487 -0.0383895
971.4 5.65487 0.00465041
971.6 5.65487 0.0309937
971.8 5.65487 0.00100196
972 5.65487 -0.0588441
972.2 5.65487 -0.0765674
972.4 5.65487 -0.0139558
972.6 5.65487 0.0851937
972.8 5.65487 0.137284
973 5.65487 0.106637
973.2 5.65487 0.040565
973.4 5.65487 0.0129922
973.6 5.65487 0.0429367
973.8 5.65487 0.0799599
974 5.65487 0.0684154
974.2 5.65487 0.0134859
974.4 5.65487 -0.0253527
974.6 5.65487 -0.00208466
974.8 5.65487 0.0646621
975 5.65487 0.110774
975.2 5.65487 0.091613
975.4 5.65487 0.0237352
975.6 5.65487 -0.0347097
975.8 5.65487 -0.0394422
976 5.65487 0.00379999
976.2 5.65487 0.0511784
976.4 5.65487 0.0634268
976.6 5.65487 0.037894
976.8 5.65487 0.00344528
977 5.65487 -0.0126066
977.2 5.65487 -0.0115746
977.4 5.65487 -0.0169443
977.6 5.65487 -0.0414279
977.8 5.65487 -0.0648075
978 5.65487 -0.0515906
978.2 5.65487 0.00617633
978.4 5.65487 0.0697276
978.6 5.65487 0.086759
978.8 5.65487 0.0467637
979 5.65487 -0.00317737
979.2 5.65487 -0.00491676
979.4 5.65487 0.0493189
979.6 5.65487 0.108261
979.8 5.65487 0.115527
980 5.65487 0.0653528
980.2 5.65487 0.000466554
980.4 5.65487 -0.0386253
980.6 5.65487 -0.0494273
980.8 5.65487 -0.0511961
981 5.65487 -0.0484102
981.2 5.65487 -0.0276853
981.4 5.65487 0.00961795
981.6 5.65487 0.0306024
981.8 5.65487 0.00306051
982 5.65487 -0.0589079
982.2 5.65487 -0.09806
982.4 5.65487 -0.0720012
982.6 5.65487 -0.000260459
982.8 5.65487 0.0581471
983 5.65487 0.0718741
983.2 5.65487 0.0684952
983.4 5.65487 0.09125
983.6 5.65487 0.135617
983.8 5.65487 0.147273
984 5.65487 0.088184
984.2 5.65487 -0.00793037
984.4 5.65487 -0.0615968
984.6 5.65487 -0.030125
984.8 5.65487 0.046583
985 5.65487 0.0892192
985.2 5.65487 0.0626988
985.4 5.65487 0.00759724
985.6 5.65487 -0.0113188
985.8 5.65487 0.0223051
986 5.65487 0.0626647
986.2 5.65487 0.0565321
986.4 5.65487 0.00231146
986.6 5.65487 -0.0490942
986.8 5.65487 -0.0472954
987 5.65487 0.00904384
987.2 5.65487 0.0740016
987.4 5.65487 0.0985635
987.6 5.65487 0.0716098
987.8 5.65487 0.0229919
988 5.65487 -0.00758208
988.2 5.65487 -0.00523041
988.4 5.65487 0.010756
988.6 5.65487 0.00827779
988.8 5.65487 -0.0252935
989 5.65487 -0.068894
989.2 5.65487 -0.0858703
989.4 5.65487 -0.0592083
989.6 5.65487 -0.00992243
989.8 5.65487 0.0217815
990 5.65487 0.0154147
990.2 5.65487 -0.0105169
990.4 5.65487 -0.0203052
990.6 5.65487 -0.000861457
990.8 5.65487 0.0244853
991 5.65487 0.024129
991.2 5.65487 -0.00306048
991.4 5.65487 -0.0230887
991.6 5.65487 -0.00329777
991.8 5.65487 0.0496636
992 5.65487 0.0923655
992.2 5.65487 0.0857636
992.4 5.65487 0.0319585
992.6 5.65487 -0.0295849
992.8 5.65487 -0.0585266
993 5.65487 -0.0438917
993.2 5.65487 -0.00330632
993.4 5.65487 0.0382006
993.6 5.65487 0.0632627
993.8 5.65487 0.0623671
994 5.65487 0.0322679
994.2 5.65487 -0.0172755
994.4 5.65487 -0.0594045
994.6 5.65487 -0.0648726
994.8 5.65487 -0.0292638
995 5.65487 0.0165563
995.2 5.65487 0.0315017
995.4 5.65487 0.00494428
995.6 5.65487 -0.0301595
995.8 5.65487 -0.0303934
996 5.65487 0.0105355
996.2 5.65487 0.0512914
996.4 5.65487 0.0449303
996.6 5.65487 -0.00849206
996.8 5.65487 -0.0557811
997 5.65487 -0.0412057
997.2 5.65487 0.0353479
997.4 5.65487 0.11261
997.6 5.65487 0.122596
997.8 5.65487 0.0537429
998 5.65487 -0.037315
998.2 5.65487 -0.0753462
998.4 5.65487 -0.0314366
998.6 5.65487 0.0534681
998.8 5.65487 0.103702
999 5.65487 0.0703081
999.2 5.65487 -0.0302404
999.4 5.65487 -0.128546
999.6 5.65487 -0.154715
999.8 5.65487 -0.0911232
1000 5.65487 0.0142919
0.2 5.96903 -0.0563204
0.4 5.96903 -0.0943484
0.6 5.96903 -0.0470439
0.8 5.96903 -0.00269003
1 5.96903 -0.0329981
1.2 5.96903 -0.100933
1.4 5.96903 -0.112964
1.6 5.96903 -0.0449318
1.8 5.96903 0.024166
2 5.96903 0.014039
2.2 5.96903 -0.0533305
2.4 5.96903 -0.0834944
2.6 5.96903 -0.0328895
2.8 5.96903 0.0353006
3 5.96903 0.0343205
3.2 5.96903 -0.0336114
3.4 5.96903 -0.081615
3.6 5.96903 -0.0521594
3.8 5.96903 0.00828738
4 5.96903 0.0103074
4.2 5.96903 -0.0614697
4.4 5.96903 -0.126046
4.6 5.96903 -0.106209
4.8 5.96903 -0.0235192
5 5.96903 0.0297349
5.2 5.96903 0.00273004
5.4 5.96903 -0.0579159
5.6 5.96903 -0.0716587
5.8 5.96903 -0.021056
6 5.96903 0.036184
6.2 5.96903 0.04421
6.4 5.96903 0.0117859
6.6 5.96903 -0.0117368
6.8 5.96903 -0.00400238
7 5.96903 0.00989947
7.2 5.96903 0.00263586
7.4 5.96903 -0.0128321
7.6 5.96903 -0.000900946
7.8 5.96903 0.0457666
8 5.96903 0.0912616
8.2 5.96903 0.0962263
8.4 5.96903 0.0610984
8.6 5.96903 0.0218249
8.8 5.96903 0.00919345
9 5.96903 0.0223396
9.2 5.96903 0.0400368
9.4 5.96903 0.0457385
9.6 5.96903 0.0362205
9.8 5.96903 0.0151289
10 5.96903 -0.0100142
10.2 5.96903 -0.0256945
10.4 5.96903 -0.0196384
10.6 5.96903 0.00282292
10.8 5.96903 0.0160717
11 5.96903 -0.0019307
11.2 5.96903 -0.0422052
11.4 5.96903 -0.0687411
11.6 5.96903 -0.0544972
11.8 5.96903 -0.0101183
12 5.96903 0.0271662
12.2 5.96903 0.0307207
12.4 5.96903 0.00619685
12.6 5.96903 -0.0209246
12.8 5.96903 -0.0304992
13 5.96903 -0.0175321
13.2 5.96903 0.0138737
13.4 5.96903 0.0547413
13.6 5.96903 0.0895249
13.8 5.96903 0.101946
14 5.96903 0.0913389
14.2 5.96903 0.0789067
14.4 5.96903 0.0874054
14.6 5.96903 0.1122
14.8 5.96903 0.120358
15 5.96903 0.0851459
15.2 5.96903 0.0184713
15.4 5.96903 -0.03776
15.6 5.96903 -0.052768
15.8 5.96903 -0.0339098
16 5.96903 -0.0121575
16.2 5.96903 -0.00873459
16.4 5.96903 -0.0222452
16.6 5.96903 -0.0421828
16.8 5.96903 -0.0613671
17 5.96903 -0.0712193
17.2 5.96903 -0.0574249
17.4 5.96903 -0.0151834
17.6 5.96903 0.0320245
17.8 5.96903 0.0439212
18 5.96903 0.00443868
18.2 5.96903 -0.0539489
18.4 5.96903 -0.078755
18.6 5.96903 -0.052687
18.8 5.96903 -0.0120219
19 5.96903 -0.00492199
19.2 5.96903 -0.0380776
19.4 5.96903 -0.0733365
19.6 5.96903 -0.0740129
19.8 5.96903 -0.0423099
20 5.96903 -0.00700324
20.2 5.96903 0.0137904
20.4 5.96903 0.0242054
20.6 5.96903 0.0295708
20.8 5.96903 0.0228497
21 5.96903 0.00240599
21.2 5.96903 -0.00901701
21.4 5.96903 0.0161948
21.6 5.96903 0.0680348
21.8 5.96903 0.09297
22 5.96903 0.0473447
22.2 5.96903 -0.0462062
22.4 5.96903 -0.111918
22.6 5.96903 -0.0979786
22.8 5.96903 -0.0315
23 5.96903 0.0137251
23.2 5.96903 -6.39946e-05
23.4 5.96903 -0.0371413
23.6 5.96903 -0.0358804
23.8 5.96903 0.0195179
24 5.96903 0.0864042
24.2 5.96903 0.116151
24.4 5.96903 0.102344
24.6 5.96903 0.0722582
24.8 5.96903 0.0460671
25 5.96903 0.0214649
25.2 5.96903 -0.00488004
25.4 5.96903 -0.0212979
25.6 5.96903 -0.0189301
25.8 5.96903 -0.0150043
26 5.96903 -0.0389921
26.2 5.96903 -0.091573
26.4 5.96903 -0.13223
26.6 5.96903 -0.121113
26.8 5.96903 -0.068469
27 5.96903 -0.0275802
27.2 5.96903 -0.0341599
27.4 5.96903 -0.0641808
27.6 5.96903 -0.062542
27.8 5.96903 -0.00845694
28 5.96903 0.0614795
28.2 5.96903 0.0979744
28.4 5.96903 0.0932905
28.6 5.96903 0.0789978
28.8 5.96903 0.076525
29 5.96903 0.0694694
29.2 5.96903 0.034176
29.4 5.96903 -0.0151346
29.6 5.96903 -0.032194
29.8 5.96903 0.00555533
30 5.96903 0.0613664
30.2 5.96903 0.074309
30.4 5.96903 0.0285102
30.6 5.96903 -0.0262332
30.8 5.96903 -0.030254
31 5.96903 0.0173508
31.2 5.96903 0.0578262
31.4 5.96903 0.0411663
31.6 5.96903 -0.0158186
31.8 5.96903 -0.0487877
32 5.96903 -0.0189664
32.2 5.96903 0.0449334
32.4 5.96903 0.0824982
32.6 5.96903 0.0704594
32.8 5.96903 0.0432524
33 5.96903 0.0432605
33.2 5.96903 0.0630146
33.4 5.96903 0.0515914
33.6 5.96903 -0.0191678
33.8 5.96903 -0.107072
34 5.96903 -0.132555
34.2 5.96903 -0.0626808
34.4 5.96903 0.0462179
34.6 5.96903 0.0990851
34.8 5.96903 0.0556294
35 5.96903 -0.0327092
35.2 5.96903 -0.0806396
35.4 5.96903 -0.0562544
35.6 5.96903 -0.00302813
35.8 5.96903 0.0201214
36 5.96903 0.00452567
36.2 5.96903 -0.0122679
36.4 5.96903 -0.00575897
36.6 5.96903 0.00273384
36.8 5.96903 -0.0171749
37 5.96903 -0.0502485
37.2 5.96903 -0.0425875
37.4 5.96903 0.0289501
37.6 5.96903 0.11169
37.8 5.96903 0.12331
38 5.96903 0.0446712
38.2 5.96903 -0.0510256
38.4 5.96903 -0.0744224
38.6 5.96903 -0.0168502
38.8 5.96903 0.0455782
39 5.96903 0.0449163
39.2 5.96903 -0.000830149
39.4 5.96903 -0.0176647
39.6 5.96903 0.0270123
39.8 5.96903 0.0820035
40 5.96903 0.0768029
40.2 5.96903 0.0104609
40.4 5.96903 -0.0475146
40.6 5.96903 -0.04482
40.8 5.96903 -0.0111929
41 5.96903 -0.0180474
41.2 5.96903 -0.0836356
41.4 5.96903 -0.143809
41.6 5.96903 -0.12701
41.8 5.96903 -0.0423065
42 5.96903 0.0272168
42.2 5.96903 0.0177495
42.4 5.96903 -0.0466529
42.6 5.96903 -0.0879292
42.8 5.96903 -0.0640666
43 5.96903 -0.00799143
43.2 5.96903 0.0224413
43.4 5.96903 0.0144108
43.6 5.96903 0.00668224
43.8 5.96903 0.0339757
44 5.96903 0.0824337
44.2 5.96903 0.106281
44.4 5.96903 0.0785804
44.6 5.96903 0.016067
44.8 5.96903 -0.0414676
45 5.96903 -0.0653566
45.2 5.96903 -0.0521644
45.4 5.96903 -0.0174506
45.6 5.96903 0.0148554
45.8 5.96903 0.0241225
46 5.96903 0.00889208
46.2 5.96903 -0.00582284
46.4 5.96903 0.0108792
46.6 5.96903 0.0578099
46.8 5.96903 0.0904326
47 5.96903 0.0622372
47.2 5.96903 -0.0187815
47.4 5.96903 -0.0871018
47.6 5.96903 -0.0851786
47.8 5.96903 -0.0285323
48 5.96903 0.00795361
48.2 5.96903 -0.0266799
48.4 5.96903 -0.100352
48.6 5.96903 -0.132843
48.8 5.96903 -0.0854283
49 5.96903 -0.00156924
49.2 5.96903 0.0462127
49.4 5.96903 0.0374137
49.6 5.96903 0.0177919
49.8 5.96903 0.0365746
50 5.96903 0.087587
50.2 5.96903 0.122988
50.4 5.96903 0.11468
50.6 5.96903 0.0834355
50.8 5.96903 0.0640095
51 5.96903 0.0578819
51.2 5.96903 0.036464
51.4 5.96903 -0.0127368
51.6 5.96903 -0.0612373
51.8 5.96903 -0.070542
52 5.96903 -0.0391028
52.2 5.96903 -0.00442251
52.4 5.96903 0.00221912
52.6 5.96903 -0.00972576
52.8 5.96903 -0.00927459
53 5.96903 0.010132
53.2 5.96903 0.0188109
53.4 5.96903 -0.0106658
53.6 5.96903 -0.063611
53.8 5.96903 -0.0936509
54 5.96903 -0.0727786
54.2 5.96903 -0.0217166
54.4 5.96903 0.0144666
54.6 5.96903 0.0151367
54.8 5.96903 0.000683527
55 5.96903 0.00191801
55.2 5.96903 0.0227747
55.4 5.96903 0.0399708
55.6 5.96903 0.0352205
55.8 5.96903 0.0177316
56 5.96903 0.0106458
56.2 5.96903 0.0207845
56.4 5.96903 0.0298104
56.6 5.96903 0.0169628
56.8 5.96903 -0.0144451
57 5.96903 -0.0378087
57.2 5.96903 -0.0301975
57.4 5.96903 0.00397058
57.6 5.96903 0.0363003
57.8 5.96903 0.0393711
58 5.96903 0.00861072
58.2 5.96903 -0.0359304
58.4 5.96903 -0.0645823
58.6 5.96903 -0.0560185
58.8 5.96903 -0.00878498
59 5.96903 0.0559349
59.2 5.96903 0.101897
59.4 5.96903 0.0970397
59.6 5.96903 0.0372778
59.8 5.96903 -0.0434327
60 5.96903 -0.0919098
60.2 5.96903 -0.0754846
60.4 5.96903 -0.0105663
60.6 5.96903 0.0488927
60.8 5.96903 0.0573941
61 5.96903 0.0177004
61.2 5.96903 -0.0237319
61.4 5.96903 -0.0220565
61.6 5.96903 0.0241407
61.8 5.96903 0.0749755
62 5.96903 0.0904192
62.2 5.96903 0.0664592
62.4 5.96903 0.030883
62.6 5.96903 0.0087468
62.8 5.96903 -0.0015576
63 5.96903 -0.0172547
63.2 5.96903 -0.0427967
63.4 5.96903 -0.0597832
63.6 5.96903 -0.0464365
63.8 5.96903 -0.00282816
64 5.96903 0.0464143
64.2 5.96903 0.0726
64.4 5.96903 0.0635126
64.6 5.96903 0.0268503
64.8 5.96903 -0.0185095
65 5.96903 -0.0507489
65.2 5.96903 -0.0518308
65.4 5.96903 -0.0187911
65.6 5.96903 0.0260603
65.8 5.96903 0.0438996
66 5.96903 0.0112391
66.2 5.96903 -0.0517492
66.4 5.96903 -0.0909927
66.6 5.96903 -0.0659015
66.8 5.96903 0.00989868
67 5.96903 0.0782669
67.2 5.96903 0.0893609
67.4 5.96903 0.0436503
67.6 5.96903 -0.0183065
67.8 5.96903 -0.0616359
68 5.96903 -0.0849826
68.2 5.96903 -0.103691
68.4 5.96903 -0.117294
68.6 5.96903 -0.106686
68.8 5.96903 -0.0647463
69 5.96903 -0.0181562
69.2 5.96903 -0.00674484
69.4 5.96903 -0.0401892
69.6 5.96903 -0.0834321
69.8 5.96903 -0.0910454
70 5.96903 -0.0531639
70.2 5.96903 -0.00159837
70.4 5.96903 0.0284709
70.6 5.96903 0.0346332
70.8 5.96903 0.040569
71 5.96903 0.0598269
71.2 5.96903 0.078069
71.4 5.96903 0.074968
71.6 5.96903 0.0541411
71.8 5.96903 0.0388852
72 5.96903 0.0378263
72.2 5.96903 0.0283082
72.4 5.96903 -0.0132537
72.6 5.96903 -0.0677329
72.8 5.96903 -0.0776388
73 5.96903 -0.00952096
73.2 5.96903 0.0916172
73.4 5.96903 0.128572
73.6 5.96903 0.0473695
73.8 5.96903 -0.0955816
74 5.96903 -0.176001
74.2 5.96903 -0.122091
74.4 5.96903 0.0096861
74.6 5.96903 0.0875068
74.8 5.96903 0.0360005
75 5.96903 -0.0894705
75.2 5.96903 -0.163683
75.4 5.96903 -0.121669
75.6 5.96903 -0.0198873
75.8 5.96903 0.0322773
76 5.96903 -0.00934664
76.2 5.96903 -0.084486
76.4 5.96903 -0.103607
76.6 5.96903 -0.0468194
76.8 5.96903 0.0226042
77 5.96903 0.0363555
77.2 5.96903 -0.00442391
77.4 5.96903 -0.0404534
77.6 5.96903 -0.0292955
77.8 5.96903 0.00792368
78 5.96903 0.0189031
78.2 5.96903 -0.0133173
78.4 5.96903 -0.0503476
78.6 5.96903 -0.0449518
78.8 5.96903 0.00436389
79 5.96903 0.0534303
79.2 5.96903 0.0621093
79.4 5.96903 0.0337653
79.6 5.96903 0.0039136
79.8 5.96903 -0.000992911
80 5.96903 0.0145592
80.2 5.96903 0.0301002
80.4 5.96903 0.0341982
80.6 5.96903 0.0294553
80.8 5.96903 0.0201338
81 5.96903 0.00583634
81.2 5.96903 -0.0106987
81.4 5.96903 -0.0180006
81.6 5.96903 -0.00613117
81.8 5.96903 0.018305
82 5.96903 0.0339319
82.2 5.96903 0.0246002
82.4 5.96903 -0.00504633
82.6 5.96903 -0.0364801
82.8 5.96903 -0.0571271
83 5.96903 -0.0688789
83.2 5.96903 -0.0777455
83.4 5.96903 -0.0817638
83.6 5.96903 -0.0743521
83.8 5.96903 -0.056826
84 5.96903 -0.0399715
84.2 5.96903 -0.0297783
84.4 5.96903 -0.016489
84.6 5.96903 0.0146997
84.8 5.96903 0.0603516
85 5.96903 0.0917884
85.2 5.96903 0.078307
85.4 5.96903 0.0195764
85.6 5.96903 -0.0479419
85.8 5.96903 -0.0810137
86 5.96903 -0.0684292
86.2 5.96903 -0.0403976
86.4 5.96903 -0.0384588
86.6 5.96903 -0.074276
86.8 5.96903 -0.1168
87 5.96903 -0.121032
87.2 5.96903 -0.0726546
87.4 5.96903 -0.00632343
87.6 5.96903 0.0225157
87.8 5.96903 -0.010278
88 5.96903 -0.0699905
88.2 5.96903 -0.0901613
88.4 5.96903 -0.0338085
88.6 5.96903 0.0684284
88.8 5.96903 0.143247
89 5.96903 0.142065
89.2 5.96903 0.0852764
89.4 5.96903 0.0381129
89.6 5.96903 0.0425332
89.8 5.96903 0.0760255
90 5.96903 0.0802052
90.2 5.96903 0.0272759
90.4 5.96903 -0.0478739
90.6 5.96903 -0.083575
90.8 5.96903 -0.0547701
91 5.96903 0.00430447
91.2 5.96903 0.0387666
91.4 5.96903 0.0272939
91.6 5.96903 -0.00521596
91.8 5.96903 -0.022557
92 5.96903 -0.0148751
92.2 5.96903 0.000306611
92.4 5.96903 0.00544061
92.6 5.96903 0.000900945
92.8 5.96903 -0.0043644
93 5.96903 -0.00963745
93.2 5.96903 -0.0206014
93.4 5.96903 -0.0326173
93.6 5.96903 -0.0264865
93.8 5.96903 0.0108735
94 5.96903 0.063114
94.2 5.96903 0.0899255
94.4 5.96903 0.0621007
94.6 5.96903 -0.00815228
94.8 5.96903 -0.0741451
95 5.96903 -0.0934468
95.2 5.96903 -0.0610491
95.4 5.96903 -0.00715278
95.6 5.96903 0.0335154
95.8 5.96903 0.0486054
96 5.96903 0.0485339
96.2 5.96903 0.0474978
96.4 5.96903 0.0490244
96.6 5.96903 0.0493113
96.8 5.96903 0.0491398
97 5.96903 0.0565464
97.2 5.96903 0.0754169
97.4 5.96903 0.0937486
97.6 5.96903 0.0882619
97.8 5.96903 0.0452491
98 5.96903 -0.0216481
98.2 5.96903 -0.0764847
98.4 5.96903 -0.0876365
98.6 5.96903 -0.0527669
98.8 5.96903 0.000923741
99 5.96903 0.0406339
99.2 5.96903 0.052569
99.4 5.96903 0.0453973
99.6 5.96903 0.0344137
99.8 5.96903 0.0267718
100 5.96903 0.0217497
100.2 5.96903 0.0190648
100.4 5.96903 0.0201051
100.6 5.96903 0.0208801
100.8 5.96903 0.0108927
101 5.96903 -0.0141896
101.2 5.96903 -0.0396785
101.4 5.96903 -0.0391061
101.6 5.96903 -0.000207916
101.8 5.96903 0.0574085
102 5.96903 0.0954534
102.2 5.96903 0.09003
102.4 5.96903 0.0499775
102.6 5.96903 0.00230664
102.8 5.96903 -0.0357908
103 5.96903 -0.0655272
103.2 5.96903 -0.0900669
103.4 5.96903 -0.0996911
103.6 5.96903 -0.0812157
103.8 5.96903 -0.0395282
104 5.96903 -0.000173782
104.2 5.96903 0.0148077
104.4 5.96903 0.00954039
104.6 5.96903 0.00664061
104.8 5.96903 0.0180078
105 5.96903 0.0307056
105.2 5.96903 0.0253915
105.4 5.96903 0.0025103
105.6 5.96903 -0.0185007
105.8 5.96903 -0.0255937
106 5.96903 -0.0297923
106.2 5.96903 -0.0477668
106.4 5.96903 -0.0744124
106.6 5.96903 -0.0845905
106.8 5.96903 -0.065442
107 5.96903 -0.0373027
107.2 5.96903 -0.0320662
107.4 5.96903 -0.0529984
107.6 5.96903 -0.0682114
107.8 5.96903 -0.0502218
108 5.96903 -0.0135071
108.2 5.96903 1.04681e-06
108.4 5.96903 -0.0267285
108.6 5.96903 -0.0608052
108.8 5.96903 -0.0567299
109 5.96903 -0.0131073
109.2 5.96903 0.0220547
109.4 5.96903 0.00739401
109.6 5.96903 -0.041062
109.8 5.96903 -0.0671935
110 5.96903 -0.0406898
110.2 5.96903 0.00753289
110.4 5.96903 0.0225957
110.6 5.96903 -0.0102899
110.8 5.96903 -0.0515111
111 5.96903 -0.0564275
111.2 5.96903 -0.0260679
111.4 5.96903 2.75317e-05
111.6 5.96903 -0.00576242
111.8 5.96903 -0.0293365
112 5.96903 -0.0370493
112.2 5.96903 -0.0152814
112.4 5.96903 0.0212013
112.6 5.96903 0.0525427
112.8 5.96903 0.0701439
113 5.96903 0.0683368
113.2 5.96903 0.0373195
113.4 5.96903 -0.0191875
113.6 5.96903 -0.0650524
113.8 5.96903 -0.0537607
114 5.96903 0.0164214
114.2 5.96903 0.0801166
114.4 5.96903 0.0603302
114.6 5.96903 -0.0450329
114.8 5.96903 -0.14475
115 5.96903 -0.138559
115.2 5.96903 -0.0214858
115.4 5.96903 0.105871
115.6 5.96903 0.135584
115.8 5.96903 0.0548473
116 5.96903 -0.0531597
116.2 5.96903 -0.100482
116.4 5.96903 -0.0726454
116.6 5.96903 -0.0186312
116.8 5.96903 0.0159234
117 5.96903 0.027899
117.2 5.96903 0.0363859
117.4 5.96903 0.0476886
117.6 5.96903 0.0542152
117.8 5.96903 0.0564453
118 5.96903 0.0651782
118.2 5.96903 0.0783447
118.4 5.96903 0.0724036
118.6 5.96903 0.0313906
118.8 5.96903 -0.0217214
119 5.96903 -0.04056
119.2 5.96903 -0.00835147
119.4 5.96903 0.0369307
119.6 5.96903 0.0431361
119.8 5.96903 0.00558771
120 5.96903 -0.0263774
120.2 5.96903 -0.00862726
120.4 5.96903 0.0446055
120.6 5.96903 0.0789479
120.8 5.96903 0.0659358
121 5.96903 0.0344671
121.2 5.96903 0.0311624
121.4 5.96903 0.0633367
121.6 5.96903 0.096828
121.8 5.96903 0.106467
122 5.96903 0.108686
122.2 5.96903 0.132607
122.4 5.96903 0.170219
122.6 5.96903 0.175614
122.8 5.96903 0.11903
123 5.96903 0.0281531
123.2 5.96903 -0.0368086
123.4 5.96903 -0.0449134
123.6 5.96903 -0.0192225
123.8 5.96903 0.000440428
124 5.96903 0.00476224
124.2 5.96903 0.0138411
124.4 5.96903 0.0366762
124.6 5.96903 0.0504412
124.8 5.96903 0.0284874
125 5.96903 -0.0206673
125.2 5.96903 -0.0557631
125.4 5.96903 -0.0455262
125.6 5.96903 -0.000924939
125.8 5.96903 0.0380454
126 5.96903 0.0407626
126.2 5.96903 0.00640033
126.4 5.96903 -0.0460783
126.6 5.96903 -0.0951425
126.8 5.96903 -0.122582
127 5.96903 -0.11614
127.2 5.96903 -0.0800853
127.4 5.96903 -0.0414471
127.6 5.96903 -0.0323603
127.8 5.96903 -0.0578645
128 5.96903 -0.0856618
128.2 5.96903 -0.075844
128.4 5.96903 -0.0213224
128.6 5.96903 0.0455885
128.8 5.96903 0.0858447
129 5.96903 0.0866122
129.2 5.96903 0.061284
129.4 5.96903 0.0279254
129.6 5.96903 -0.00156179
129.8 5.96903 -0.0157255
130 5.96903 -0.0046552
130.2 5.96903 0.0233829
130.4 5.96903 0.0363243
130.6 5.96903 0.0065004
130.8 5.96903 -0.0526593
131 5.96903 -0.0918841
131.2 5.96903 -0.0786032
131.4 5.96903 -0.0370486
131.6 5.96903 -0.0214786
131.8 5.96903 -0.0493752
132 5.96903 -0.0777724
132.2 5.96903 -0.0572108
132.4 5.96903 0.00173317
132.6 5.96903 0.0358779
132.8 5.96903 0.00595882
133 5.96903 -0.0533358
133.2 5.96903 -0.0753583
133.4 5.96903 -0.0435079
133.6 5.96903 -0.00785802
133.8 5.96903 -0.0146215
134 5.96903 -0.0414921
134.2 5.96903 -0.0266868
134.4 5.96903 0.0434637
134.6 5.96903 0.104647
134.8 5.96903 0.0883182
135 5.96903 0.00991502
135.2 5.96903 -0.0422036
135.4 5.96903 -0.00835803
135.6 5.96903 0.0736795
135.8 5.96903 0.116148
136 5.96903 0.0842267
136.2 5.96903 0.0280915
136.4 5.96903 0.0118747
136.6 5.96903 0.0361017
136.8 5.96903 0.0498803
137 5.96903 0.0272212
137.2 5.96903 0.0014079
137.4 5.96903 0.014387
137.6 5.96903 0.0543102
137.8 5.96903 0.0676632
138 5.96903 0.0290698
138.2 5.96903 -0.0261542
138.4 5.96903 -0.0495126
138.6 5.96903 -0.0408369
138.8 5.96903 -0.0402738
139 5.96903 -0.0640267
139.2 5.96903 -0.0754596
139.4 5.96903 -0.0353394
139.6 5.96903 0.0349684
139.8 5.96903 0.0662314
140 5.96903 0.0210568
140.2 5.96903 -0.0584881
140.4 5.96903 -0.0963437
140.6 5.96903 -0.0653045
140.8 5.96903 -0.00748852
141 5.96903 0.0245588
141.2 5.96903 0.0250266
141.4 5.96903 0.0222969
141.6 5.96903 0.0271674
141.8 5.96903 0.020093
142 5.96903 -0.00770231
142.2 5.96903 -0.0255103
142.4 5.96903 0.00320297
142.6 5.96903 0.0658765
142.8 5.96903 0.103288
143 5.96903 0.07561
143.2 5.96903 0.0109963
143.4 5.96903 -0.026637
143.6 5.96903 -0.0115018
143.8 5.96903 0.0208141
144 5.96903 0.0265152
144.2 5.96903 0.010678
144.4 5.96903 0.0146152
144.6 5.96903 0.0543946
144.8 5.96903 0.0945241
145 5.96903 0.0910459
145.2 5.96903 0.0454692
145.4 5.96903 -0.000371611
145.6 5.96903 -0.0174619
145.8 5.96903 -0.0182837
146 5.96903 -0.0274233
146.2 5.96903 -0.0415976
146.4 5.96903 -0.0372902
146.6 5.96903 -0.0127656
146.8 5.96903 -0.000401477
147 5.96903 -0.0270141
147.2 5.96903 -0.0753796
147.4 5.96903 -0.101846
147.6 5.96903 -0.088358
147.8 5.96903 -0.0586239
148 5.96903 -0.037389
148.2 5.96903 -0.0124417
148.4 5.96903 0.0429795
148.6 5.96903 0.115921
148.8 5.96903 0.148288
149 5.96903 0.100953
149.2 5.96903 0.0101177
149.4 5.96903 -0.042758
149.6 5.96903 -0.0201233
149.8 5.96903 0.0302814
150 5.96903 0.0345113
150.2 5.96903 -0.0192232
150.4 5.96903 -0.0701859
150.6 5.96903 -0.0618491
150.8 5.96903 -0.00787284
151 5.96903 0.0312897
151.2 5.96903 0.0235217
151.4 5.96903 -0.00646144
151.6 5.96903 -0.0241575
151.8 5.96903 -0.0349395
152 5.96903 -0.0657692
152.2 5.96903 -0.108252
152.4 5.96903 -0.11105
152.6 5.96903 -0.0440199
152.8 5.96903 0.0472766
153 5.96903 0.0779041
153.2 5.96903 0.0191963
153.4 5.96903 -0.0602104
153.6 5.96903 -0.0643333
153.8 5.96903 0.0247048
154 5.96903 0.125827
154.2 5.96903 0.14521
154.4 5.96903 0.0707745
154.6 5.96903 -0.0257195
154.8 5.96903 -0.0687077
155 5.96903 -0.0448224
155.2 5.96903 0.0081318
155.4 5.96903 0.0549884
155.6 5.96903 0.087919
155.8 5.96903 0.105049
156 5.96903 0.0900354
156.2 5.96903 0.0298341
156.4 5.96903 -0.0534772
156.6 5.96903 -0.106939
156.8 5.96903 -0.0928326
157 5.96903 -0.0270531
157.2 5.96903 0.0352688
157.4 5.96903 0.0526266
157.6 5.96903 0.0323943
157.8 5.96903 0.0144272
158 5.96903 0.0253512
158.2 5.96903 0.0528578
158.4 5.96903 0.0627436
158.6 5.96903 0.0364197
158.8 5.96903 -0.0100272
159 5.96903 -0.0417923
159.2 5.96903 -0.0384614
159.4 5.96903 -0.0121844
159.6 5.96903 0.00572021
159.8 5.96903 -0.00343324
160 5.96903 -0.0264049
160.2 5.96903 -0.0309802
160.4 5.96903 0.000954634
160.6 5.96903 0.053992
160.8 5.96903 0.0942424
161 5.96903 0.102972
161.2 5.96903 0.0920786
161.4 5.96903 0.0852002
161.6 5.96903 0.0876525
161.8 5.96903 0.080943
162 5.96903 0.0477682
162.2 5.96903 -0.00295504
162.4 5.96903 -0.040838
162.6 5.96903 -0.0428085
162.8 5.96903 -0.0136355
163 5.96903 0.0217669
163.2 5.96903 0.0418783
163.4 5.96903 0.0429501
163.6 5.96903 0.0356269
163.8 5.96903 0.0339368
164 5.96903 0.0463492
164.2 5.96903 0.0694712
164.4 5.96903 0.0860336
164.6 5.96903 0.0748576
164.8 5.96903 0.0318435
165 5.96903 -0.0183625
165.2 5.96903 -0.039947
165.4 5.96903 -0.020972
165.6 5.96903 0.0133967
165.8 5.96903 0.0297494
166 5.96903 0.0264445
166.2 5.96903 0.0343484
166.4 5.96903 0.073195
166.6 5.96903 0.117092
166.8 5.96903 0.117327
167 5.96903 0.060188
167.2 5.96903 -0.0114641
167.4 5.96903 -0.0438472
167.6 5.96903 -0.0319181
167.8 5.96903 -0.0187828
168 5.96903 -0.0348524
168.2 5.96903 -0.0549931
168.4 5.96903 -0.0315865
168.6 5.96903 0.0362385
168.8 5.96903 0.0880351
169 5.96903 0.0680415
169.2 5.96903 -0.00561363
169.4 5.96903 -0.0555943
169.6 5.96903 -0.0311502
169.8 5.96903 0.0352202
170 5.96903 0.0664908
170.2 5.96903 0.0275935
170.4 5.96903 -0.0414626
170.6 5.96903 -0.0779367
170.8 5.96903 -0.0644793
171 5.96903 -0.0337327
171.2 5.96903 -0.0161648
171.4 5.96903 -0.00546084
171.6 5.96903 0.0174844
171.8 5.96903 0.0433265
172 5.96903 0.0382724
172.2 5.96903 -0.00890446
172.4 5.96903 -0.0606631
172.6 5.96903 -0.0655972
172.8 5.96903 -0.0164823
173 5.96903 0.0387325
173.2 5.96903 0.0483924
173.4 5.96903 0.0126819
173.6 5.96903 -0.0190639
173.8 5.96903 -0.00422452
174 5.96903 0.0467995
174.2 5.96903 0.0820452
174.4 5.96903 0.0617014
174.6 5.96903 -0.00209308
174.8 5.96903 -0.0565507
175 5.96903 -0.0569515
175.2 5.96903 -0.00673113
175.4 5.96903 0.0464229
175.6 5.96903 0.0546745
175.8 5.96903 0.0147297
176 5.96903 -0.0296061
176.2 5.96903 -0.0326469
176.4 5.96903 0.0036856
176.6 5.96903 0.0305702
176.8 5.96903 0.00850343
177 5.96903 -0.040544
177.2 5.96903 -0.0494609
177.4 5.96903 0.0183476
177.6 5.96903 0.117466
177.8 5.96903 0.159056
178 5.96903 0.104595
178.2 5.96903 0.00980877
178.4 5.96903 -0.0350726
178.6 5.96903 -0.00350801
178.8 5.96903 0.0430189
179 5.96903 0.0316755
179.2 5.96903 -0.0353297
179.4 5.96903 -0.0854621
179.6 5.96903 -0.0627392
179.8 5.96903 0.00778329
180 5.96903 0.0508558
180.2 5.96903 0.0253244
180.4 5.96903 -0.0367668
180.6 5.96903 -0.072642
180.8 5.96903 -0.0541196
181 5.96903 -0.0040407
181.2 5.96903 0.038322
181.4 5.96903 0.050937
181.6 5.96903 0.0318358
181.8 5.96903 -0.00958505
182 5.96903 -0.0510903
182.2 5.96903 -0.0605966
182.4 5.96903 -0.0237657
182.6 5.96903 0.027384
182.8 5.96903 0.0328309
183 5.96903 -0.0311503
183.2 5.96903 -0.112478
183.4 5.96903 -0.127943
183.6 5.96903 -0.0541926
183.8 5.96903 0.0394949
184 5.96903 0.0625617
184.2 5.96903 0.00106083
184.4 5.96903 -0.0710505
184.6 5.96903 -0.0786862
184.8 5.96903 -0.0256124
185 5.96903 0.0238517
185.2 5.96903 0.0286711
185.4 5.96903 0.0113125
185.6 5.96903 0.0106399
185.8 5.96903 0.0203376
186 5.96903 -0.000445981
186.2 5.96903 -0.0609662
186.4 5.96903 -0.112925
186.6 5.96903 -0.107042
186.8 5.96903 -0.0599099
187 5.96903 -0.0383161
187.2 5.96903 -0.0740515
187.4 5.96903 -0.117147
187.6 5.96903 -0.0923729
187.8 5.96903 0.00618133
188 5.96903 0.0990739
188.2 5.96903 0.10653
188.4 5.96903 0.0350067
188.6 5.96903 -0.033766
188.8 5.96903 -0.0329074
189 5.96903 0.0259016
189.2 5.96903 0.0785912
189.4 5.96903 0.0808725
189.6 5.96903 0.0432718
189.8 5.96903 0.00587774
190 5.96903 -0.00221834
190.2 5.96903 0.0226305
190.4 5.96903 0.0644968
190.6 5.96903 0.0936354
190.8 5.96903 0.0776546
191 5.96903 0.0104549
191.2 5.96903 -0.0645563
191.4 5.96903 -0.0798275
191.6 5.96903 -0.0120331
191.8 5.96903 0.0792103
192 5.96903 0.101781
192.2 5.96903 0.0292017
192.4 5.96903 -0.0643933
192.6 5.96903 -0.082161
192.8 5.96903 -0.012396
193 5.96903 0.05927
193.2 5.96903 0.0500695
193.4 5.96903 -0.0247697
193.6 5.96903 -0.0741312
193.8 5.96903 -0.0415151
194 5.96903 0.0300587
194.2 5.96903 0.0543213
194.4 5.96903 0.00661556
194.6 5.96903 -0.0502328
194.8 5.96903 -0.0456214
195 5.96903 0.0146251
195.2 5.96903 0.0597063
195.4 5.96903 0.0402969
195.6 5.96903 -0.0173839
195.8 5.96903 -0.0492028
196 5.96903 -0.0283558
196.2 5.96903 0.0133585
196.4 5.96903 0.0346114
196.6 5.96903 0.035435
196.8 5.96903 0.0488311
197 5.96903 0.0912479
197.2 5.96903 0.137354
197.4 5.96903 0.147922
197.6 5.96903 0.113867
197.8 5.96903 0.0651733
198 5.96903 0.0386175
198.2 5.96903 0.0424903
198.4 5.96903 0.0527354
198.6 5.96903 0.0386136
198.8 5.96903 -0.00928833
199 5.96903 -0.0717771
199.2 5.96903 -0.117993
199.4 5.96903 -0.132432
199.6 5.96903 -0.129398
199.8 5.96903 -0.138911
200 5.96903 -0.172812
200.2 5.96903 -0.204943
200.4 5.96903 -0.192723
200.6 5.96903 -0.124218
200.8 5.96903 -0.0391443
201 5.96903 0.00654308
201.2 5.96903 -0.00140605
201.4 5.96903 -0.0212938
201.6 5.96903 -0.00503286
201.8 5.96903 0.0445769
202 5.96903 0.0776931
202.2 5.96903 0.058953
202.4 5.96903 0.0119189
202.6 5.96903 -0.00860652
202.8 5.96903 0.0178041
203 5.96903 0.0554299
203.2 5.96903 0.0609315
203.4 5.96903 0.039244
203.6 5.96903 0.0345868
203.8 5.96903 0.067813
204 5.96903 0.101591
204.2 5.96903 0.0814065
204.4 5.96903 0.00446679
204.6 5.96903 -0.0685567
204.8 5.96903 -0.0755087
205 5.96903 -0.0166612
205.2 5.96903 0.0512667
205.4 5.96903 0.0778098
205.6 5.96903 0.062626
205.8 5.96903 0.0370551
206 5.96903 0.0182833
206.2 5.96903 -0.00373958
206.4 5.96903 -0.0381753
206.6 5.96903 -0.0697338
206.8 5.96903 -0.0735352
207 5.96903 -0.0470913
207.2 5.96903 -0.015561
207.4 5.96903 -0.0033555
207.6 5.96903 -0.00850331
207.8 5.96903 -0.00986044
208 5.96903 0.00582022
208.2 5.96903 0.0313877
208.4 5.96903 0.0518823
208.6 5.96903 0.0609168
208.8 5.96903 0.0613595
209 5.96903 0.0568545
209.2 5.96903 0.0505548
209.4 5.96903 0.050082
209.6 5.96903 0.0640877
209.8 5.96903 0.0892855
210 5.96903 0.106823
210.2 5.96903 0.0993145
210.4 5.96903 0.0706613
210.6 5.96903 0.0416642
210.8 5.96903 0.0238097
211 5.96903 0.00514272
211.2 5.96903 -0.029506
211.4 5.96903 -0.0671759
211.6 5.96903 -0.0682006
211.8 5.96903 -0.00814634
212 5.96903 0.0846961
212.2 5.96903 0.143996
212.4 5.96903 0.123945
212.6 5.96903 0.0422811
212.8 5.96903 -0.0373855
213 5.96903 -0.0648746
213.2 5.96903 -0.0431036
213.4 5.96903 -0.0123082
213.6 5.96903 -0.00306318
213.8 5.96903 -0.0103308
214 5.96903 -0.0108221
214.2 5.96903 0.00291929
214.4 5.96903 0.0125025
214.6 5.96903 -0.00241907
214.8 5.96903 -0.0351649
215 5.96903 -0.0524414
215.2 5.96903 -0.0273513
215.4 5.96903 0.0273372
215.6 5.96903 0.0621717
215.8 5.96903 0.0334507
216 5.96903 -0.0524177
216.2 5.96903 -0.137746
216.4 5.96903 -0.162198
216.6 5.96903 -0.117429
216.8 5.96903 -0.0535399
217 5.96903 -0.0290652
217.2 5.96903 -0.0546014
217.4 5.96903 -0.0876403
217.6 5.96903 -0.0819538
217.8 5.96903 -0.0367628
218 5.96903 0.00635411
218.2 5.96903 0.0110409
218.4 5.96903 -0.0171415
218.6 5.96903 -0.0425196
218.8 5.96903 -0.0394093
219 5.96903 -0.0127669
219.2 5.96903 0.0173423
219.4 5.96903 0.0392937
219.6 5.96903 0.0515549
219.8 5.96903 0.04944
220 5.96903 0.0249911
220.2 5.96903 -0.0155819
220.4 5.96903 -0.0446838
220.6 5.96903 -0.0358129
220.8 5.96903 0.00603367
221 5.96903 0.0452773
221.2 5.96903 0.0522806
221.4 5.96903 0.0343491
221.6 5.96903 0.0239655
221.8 5.96903 0.0382719
222 5.96903 0.0586914
222.2 5.96903 0.0540963
222.4 5.96903 0.0177813
222.6 5.96903 -0.0256263
222.8 5.96903 -0.0474851
223 5.96903 -0.0407992
223.2 5.96903 -0.0170385
223.4 5.96903 0.012535
223.6 5.96903 0.0421264
223.8 5.96903 0.0609649
224 5.96903 0.0518937
224.2 5.96903 0.0105828
224.4 5.96903 -0.0376985
224.6 5.96903 -0.0520982
224.8 5.96903 -0.0132034
225 5.96903 0.0562718
225.2 5.96903 0.110976
225.4 5.96903 0.121746
225.6 5.96903 0.0941729
225.8 5.96903 0.0543355
226 5.96903 0.0242802
226.2 5.96903 0.0115476
226.4 5.96903 0.0123582
226.6 5.96903 0.0158481
226.8 5.96903 0.00849677
227 5.96903 -0.0142178
227.2 5.96903 -0.0366013
227.4 5.96903 -0.0324569
227.6 5.96903 0.00378998
227.8 5.96903 0.0392721
228 5.96903 0.0303934
228.2 5.96903 -0.0245379
228.4 5.96903 -0.0703312
228.6 5.96903 -0.0480938
228.8 5.96903 0.0342857
229 5.96903 0.0980007
229.2 5.96903 0.0715673
229.4 5.96903 -0.0297997
229.6 5.96903 -0.114596
229.8 5.96903 -0.10831
230 5.96903 -0.0280633
230.2 5.96903 0.0424194
230.4 5.96903 0.044949
230.6 5.96903 0.000912355
230.8 5.96903 -0.027238
231 5.96903 -0.0123114
231.2 5.96903 0.0150839
231.4 5.96903 0.0159172
231.6 5.96903 -0.00528759
231.8 5.96903 -0.0109928
232 5.96903 0.0146028
232.2 5.96903 0.0399129
232.4 5.96903 0.0232647
232.6 5.96903 -0.0330066
232.8 5.96903 -0.0785988
233 5.96903 -0.0676943
233.2 5.96903 -0.0080405
233.4 5.96903 0.0470014
233.6 5.96903 0.0519946
233.8 5.96903 0.0106578
234 5.96903 -0.0334851
234.2 5.96903 -0.0405735
234.4 5.96903 -0.00738208
234.6 5.96903 0.0354987
234.8 5.96903 0.0519905
235 5.96903 0.0282103
235.2 5.96903 -0.0187477
235.4 5.96903 -0.053767
235.6 5.96903 -0.0493153
235.8 5.96903 -0.00647534
236 5.96903 0.0457603
236.2 5.96903 0.0749704
236.4 5.96903 0.0731037
236.6 5.96903 0.0607675
236.8 5.96903 0.0632862
237 5.96903 0.0841086
237.2 5.96903 0.104874
237.4 5.96903 0.111284
237.6 5.96903 0.113098
237.8 5.96903 0.132015
238 5.96903 0.168918
238.2 5.96903 0.189323
238.4 5.96903 0.149822
238.6 5.96903 0.043852
238.8 5.96903 -0.0798768
239 5.96903 -0.150192
239.2 5.96903 -0.131209
239.4 5.96903 -0.0520913
239.6 5.96903 0.0201056
239.8 5.96903 0.0397989
240 5.96903 0.0184754
240.2 5.96903 0.00315081
240.4 5.96903 0.0214165
240.6 5.96903 0.0512279
240.8 5.96903 0.048277
241 5.96903 0.00148611
241.2 5.96903 -0.0465783
241.4 5.96903 -0.0418935
241.6 5.96903 0.0192534
241.8 5.96903 0.0791123
242 5.96903 0.076071
242.2 5.96903 0.0111738
242.4 5.96903 -0.0505225
242.6 5.96903 -0.0477816
242.8 5.96903 0.0134448
243 5.96903 0.0702321
243.2 5.96903 0.0724345
243.4 5.96903 0.0322608
243.6 5.96903 0.00145669
243.8 5.96903 0.00945562
244 5.96903 0.0367893
244.2 5.96903 0.0489024
244.4 5.96903 0.0409835
244.6 5.96903 0.0369807
244.8 5.96903 0.0496984
245 5.96903 0.0590197
245.2 5.96903 0.0383371
245.4 5.96903 -0.00671148
245.6 5.96903 -0.0403384
245.8 5.96903 -0.0389871
246 5.96903 -0.0199304
246.2 5.96903 -0.0189421
246.4 5.96903 -0.045483
246.6 5.96903 -0.0724291
246.8 5.96903 -0.072365
247 5.96903 -0.0526869
247.2 5.96903 -0.0442689
247.4 5.96903 -0.0591992
247.6 5.96903 -0.0728216
247.8 5.96903 -0.0538731
248 5.96903 -0.00535022
248.2 5.96903 0.0343526
248.4 5.96903 0.0311371
248.6 5.96903 -0.0109096
248.8 5.96903 -0.0569824
249 5.96903 -0.075646
249.2 5.96903 -0.0597502
249.4 5.96903 -0.0197086
249.6 5.96903 0.0306696
249.8 5.96903 0.0763529
250 5.96903 0.0985669
250.2 5.96903 0.0837184
250.4 5.96903 0.0386497
250.6 5.96903 -0.0100906
250.8 5.96903 -0.0388036
251 5.96903 -0.047227
251.2 5.96903 -0.0525884
251.4 5.96903 -0.0650929
251.6 5.96903 -0.0759251
251.8 5.96903 -0.0716147
252 5.96903 -0.0538482
252.2 5.96903 -0.037891
252.4 5.96903 -0.0326702
252.6 5.96903 -0.0299279
252.8 5.96903 -0.0162676
253 5.96903 0.00937262
253.2 5.96903 0.03587
253.4 5.96903 0.0544986
253.6 5.96903 0.0653551
253.8 5.96903 0.0679975
254 5.96903 0.0548876
254.2 5.96903 0.0231902
254.4 5.96903 -0.0097397
254.6 5.96903 -0.0146514
254.8 5.96903 0.0187634
255 5.96903 0.0645659
255.2 5.96903 0.083248
255.4 5.96903 0.0624553
255.6 5.96903 0.0278559
255.8 5.96903 0.0102734
256 5.96903 0.009472
256.2 5.96903 -5.47235e-05
256.4 5.96903 -0.0294698
256.6 5.96903 -0.0546569
256.8 5.96903 -0.0435096
257 5.96903 0.00132052
257.2 5.96903 0.0390082
257.4 5.96903 0.0331921
257.6 5.96903 -0.0102151
257.8 5.96903 -0.0544869
258 5.96903 -0.0753884
258.2 5.96903 -0.0808016
258.4 5.96903 -0.0855183
258.6 5.96903 -0.0803875
258.8 5.96903 -0.042264
259 5.96903 0.0255063
259.2 5.96903 0.0784655
259.4 5.96903 0.0716139
259.6 5.96903 0.0137407
259.8 5.96903 -0.0310381
260 5.96903 -0.00515042
260.2 5.96903 0.0808165
260.4 5.96903 0.154577
260.6 5.96903 0.15226
260.8 5.96903 0.079252
261 5.96903 0.000766272
261.2 5.96903 -0.0237686
261.4 5.96903 0.00679732
261.6 5.96903 0.0452255
261.8 5.96903 0.0497327
262 5.96903 0.0231207
262.2 5.96903 0.00149613
262.4 5.96903 0.0116694
262.6 5.96903 0.0440718
262.8 5.96903 0.065856
263 5.96903 0.0557768
263.2 5.96903 0.0231467
263.4 5.96903 -0.00614354
263.6 5.96903 -0.0179997
263.8 5.96903 -0.0207195
264 5.96903 -0.0276333
264.2 5.96903 -0.0343029
264.4 5.96903 -0.0201333
264.6 5.96903 0.0242236
264.8 5.96903 0.0755992
265 5.96903 0.0932932
265.2 5.96903 0.0601923
265.4 5.96903 0.00573874
265.6 5.96903 -0.0195991
265.8 5.96903 0.00446978
266 5.96903 0.046101
266.2 5.96903 0.054888
266.4 5.96903 0.0157745
266.6 5.96903 -0.0360912
266.8 5.96903 -0.0553561
267 5.96903 -0.035225
267.2 5.96903 -0.0099893
267.4 5.96903 -0.0115585
267.6 5.96903 -0.0334063
267.8 5.96903 -0.0438852
268 5.96903 -0.0297082
268.2 5.96903 -0.0143049
268.4 5.96903 -0.0280511
268.6 5.96903 -0.0674836
268.8 5.96903 -0.0947421
269 5.96903 -0.0796981
269.2 5.96903 -0.0350546
269.4 5.96903 -0.00266883
269.6 5.96903 -0.00685973
269.8 5.96903 -0.029005
270 5.96903 -0.0318108
270.2 5.96903 -0.00394867
270.4 5.96903 0.0262447
270.6 5.96903 0.0223604
270.8 5.96903 -0.0198559
271 5.96903 -0.0671676
271.2 5.96903 -0.0813239
271.4 5.96903 -0.0530104
271.6 5.96903 -0.00433533
271.8 5.96903 0.0362049
272 5.96903 0.0566999
272.2 5.96903 0.0624257
272.4 5.96903 0.0615547
272.6 5.96903 0.0556921
272.8 5.96903 0.0432178
273 5.96903 0.0263441
273.2 5.96903 0.0112198
273.4 5.96903 0.00199172
273.6 5.96903 -0.00249542
273.8 5.96903 -0.00576284
274 5.96903 -0.00976373
274.2 5.96903 -0.0150889
274.4 5.96903 -0.0227265
274.6 5.96903 -0.0316818
274.8 5.96903 -0.0341516
275 5.96903 -0.0176511
275.2 5.96903 0.0220509
275.4 5.96903 0.0688367
275.6 5.96903 0.0925964
275.8 5.96903 0.0749329
276 5.96903 0.030802
276.2 5.96903 -0.000276377
276.4 5.96903 0.00915407
276.6 5.96903 0.0454287
276.8 5.96903 0.0652525
277 5.96903 0.039753
277.2 5.96903 -0.0142723
277.4 5.96903 -0.0505957
277.6 5.96903 -0.0411349
277.8 5.96903 -0.00301011
278 5.96903 0.0242873
278.2 5.96903 0.024313
278.4 5.96903 0.0185866
278.6 5.96903 0.0341943
278.8 5.96903 0.0642393
279 5.96903 0.0706573
279.2 5.96903 0.0284174
279.4 5.96903 -0.0403659
279.6 5.96903 -0.0840139
279.8 5.96903 -0.0720654
280 5.96903 -0.0227501
280.2 5.96903 0.0217247
280.4 5.96903 0.0407909
280.6 5.96903 0.0499867
280.8 5.96903 0.0725637
281 5.96903 0.106847
281.2 5.96903 0.128225
281.4 5.96903 0.119553
281.6 5.96903 0.090521
281.8 5.96903 0.0641299
282 5.96903 0.049871
282.2 5.96903 0.0366033
282.4 5.96903 0.0103437
282.6 5.96903 -0.0274819
282.8 5.96903 -0.0616949
283 5.96903 -0.0782705
283.2 5.96903 -0.0729865
283.4 5.96903 -0.0489142
283.6 5.96903 -0.0135279
283.8 5.96903 0.019255
284 5.96903 0.0320035
284.2 5.96903 0.0181008
284.4 5.96903 -0.0065087
284.6 5.96903 -0.0147093
284.8 5.96903 0.0020466
285 5.96903 0.0187662
285.2 5.96903 0.000603966
285.4 5.96903 -0.0551761
285.6 5.96903 -0.107168
285.8 5.96903 -0.107672
286 5.96903 -0.0537664
286.2 5.96903 0.00501007
286.4 5.96903 0.0143632
286.6 5.96903 -0.0304877
286.8 5.96903 -0.0809671
287 5.96903 -0.0846229
287.2 5.96903 -0.0351366
287.4 5.96903 0.0264359
287.6 5.96903 0.0546166
287.8 5.96903 0.0389028
288 5.96903 0.00414214
288.2 5.96903 -0.0186461
288.4 5.96903 -0.0161688
288.6 5.96903 0.00688578
288.8 5.96903 0.0395568
289 5.96903 0.0701026
289.2 5.96903 0.0847075
289.4 5.96903 0.0717444
289.6 5.96903 0.033773
289.8 5.96903 -0.00713472
290 5.96903 -0.0231146
290.2 5.96903 -0.0039001
290.4 5.96903 0.0336164
290.6 5.96903 0.0610021
290.8 5.96903 0.0634096
291 5.96903 0.0485291
291.2 5.96903 0.0318936
291.4 5.96903 0.017305
291.6 5.96903 -0.00494895
291.8 5.96903 -0.0414996
292 5.96903 -0.0823838
292.2 5.96903 -0.107882
292.4 5.96903 -0.108414
292.6 5.96903 -0.0940719
292.8 5.96903 -0.0827148
293 5.96903 -0.0810568
293.2 5.96903 -0.0810131
293.4 5.96903 -0.0738399
293.6 5.96903 -0.0620512
293.8 5.96903 -0.0527536
294 5.96903 -0.042097
294.2 5.96903 -0.0151452
294.4 5.96903 0.0333078
294.6 5.96903 0.0820458
294.8 5.96903 0.097188
295 5.96903 0.0675391
295.2 5.96903 0.0212479
295.4 5.96903 -0.000574664
295.6 5.96903 0.0121361
295.8 5.96903 0.0274763
296 5.96903 0.00945835
296.2 5.96903 -0.0373561
296.4 5.96903 -0.0697479
296.6 5.96903 -0.0545181
296.8 5.96903 -0.00763795
297 5.96903 0.0230365
297.2 5.96903 0.0120126
297.4 5.96903 -0.0163803
297.6 5.96903 -0.0193011
297.8 5.96903 0.0132199
298 5.96903 0.0484875
298.2 5.96903 0.0528124
298.4 5.96903 0.032075
298.6 5.96903 0.0218366
298.8 5.96903 0.0413188
299 5.96903 0.0691525
299.2 5.96903 0.0698121
299.4 5.96903 0.0366044
299.6 5.96903 -0.00119842
299.8 5.96903 -0.0128635
300 5.96903 0.00140134
300.2 5.96903 0.0163106
300.4 5.96903 0.0118756
300.6 5.96903 -0.0108448
300.8 5.96903 -0.040721
301 5.96903 -0.0697554
301.2 5.96903 -0.0886084
301.4 5.96903 -0.0793175
301.6 5.96903 -0.0292907
301.8 5.96903 0.0430235
302 5.96903 0.0893252
302.2 5.96903 0.0730156
302.4 5.96903 0.010771
302.6 5.96903 -0.0382329
302.8 5.96903 -0.0313607
303 5.96903 0.0135637
303.2 5.96903 0.0402525
303.4 5.96903 0.0172219
303.6 5.96903 -0.0302688
303.8 5.96903 -0.0536861
304 5.96903 -0.0365702
304.2 5.96903 -0.00604337
304.4 5.96903 0.00704937
304.6 5.96903 0.00447919
304.8 5.96903 0.0090245
305 5.96903 0.0262896
305.2 5.96903 0.0345127
305.4 5.96903 0.0160051
305.6 5.96903 -0.0146653
305.8 5.96903 -0.0273347
306 5.96903 -0.0180929
306.2 5.96903 -0.019021
306.4 5.96903 -0.0573127
306.6 5.96903 -0.112642
306.8 5.96903 -0.129823
307 5.96903 -0.0786242
307.2 5.96903 0.00719892
307.4 5.96903 0.0587333
307.6 5.96903 0.0388423
307.8 5.96903 -0.0245897
308 5.96903 -0.0703412
308.2 5.96903 -0.0612514
308.4 5.96903 -0.00902308
308.6 5.96903 0.0472999
308.8 5.96903 0.0750945
309 5.96903 0.0627282
309.2 5.96903 0.0170361
309.4 5.96903 -0.0399238
309.6 5.96903 -0.0760926
309.8 5.96903 -0.0681962
310 5.96903 -0.0256357
310.2 5.96903 0.0108133
310.4 5.96903 0.00658943
310.6 5.96903 -0.0279707
310.8 5.96903 -0.0455263
311 5.96903 -0.0147929
311.2 5.96903 0.0403078
311.4 5.96903 0.0653957
311.6 5.96903 0.040155
311.8 5.96903 0.00584027
312 5.96903 0.0178632
312.2 5.96903 0.0758287
312.4 5.96903 0.116383
312.6 5.96903 0.0840494
312.8 5.96903 0.00024093
313 5.96903 -0.0532599
313.2 5.96903 -0.0227861
313.4 5.96903 0.056419
313.6 5.96903 0.0986859
313.8 5.96903 0.0630565
314 5.96903 -0.00316471
314.2 5.96903 -0.0212562
314.4 5.96903 0.0289731
314.6 5.96903 0.0899826
314.8 5.96903 0.0967482
315 5.96903 0.0512088
315.2 5.96903 0.0143427
315.4 5.96903 0.0297495
315.6 5.96903 0.0725595
315.8 5.96903 0.0831251
316 5.96903 0.0413215
316.2 5.96903 -0.00944212
316.4 5.96903 -0.0151827
316.6 5.96903 0.0255608
316.8 5.96903 0.064208
317 5.96903 0.0627828
317.2 5.96903 0.0354179
317.4 5.96903 0.0221425
317.6 5.96903 0.0336063
317.8 5.96903 0.0400557
318 5.96903 0.0170258
318.2 5.96903 -0.0156285
318.4 5.96903 -0.0167594
318.6 5.96903 0.018296
318.8 5.96903 0.0426177
319 5.96903 0.0119648
319.2 5.96903 -0.0554239
319.4 5.96903 -0.0911152
319.6 5.96903 -0.0528785
319.8 5.96903 0.0244402
320 5.96903 0.0665035
320.2 5.96903 0.0426064
320.4 5.96903 -0.00414918
320.6 5.96903 -0.0143936
320.8 5.96903 0.0143243
321 5.96903 0.0280964
321.2 5.96903 -0.0117331
321.4 5.96903 -0.0759968
321.6 5.96903 -0.0994182
321.8 5.96903 -0.056932
322 5.96903 0.00818688
322.2 5.96903 0.0356918
322.4 5.96903 0.0139338
322.6 5.96903 -0.0174688
322.8 5.96903 -0.0223417
323 5.96903 -0.00676552
323.2 5.96903 0.0016335
323.4 5.96903 -0.00388603
323.6 5.96903 -0.00613107
323.8 5.96903 0.00021134
324 5.96903 -0.00763979
324.2 5.96903 -0.0465203
324.4 5.96903 -0.088684
324.6 5.96903 -0.0811202
324.8 5.96903 -0.011139
325 5.96903 0.0636008
325.2 5.96903 0.0695529
325.4 5.96903 0.000930421
325.6 5.96903 -0.0680408
325.8 5.96903 -0.0631638
326 5.96903 0.00740319
326.2 5.96903 0.0644743
326.4 5.96903 0.04817
326.6 5.96903 -0.0196868
326.8 5.96903 -0.0698458
327 5.96903 -0.0668767
327.2 5.96903 -0.036721
327.4 5.96903 -0.0162511
327.6 5.96903 -0.00087101
327.8 5.96903 0.0380283
328 5.96903 0.09405
328.2 5.96903 0.113741
328.4 5.96903 0.0589553
328.6 5.96903 -0.033686
328.8 5.96903 -0.0807337
329 5.96903 -0.0451338
329.2 5.96903 0.0164175
329.4 5.96903 0.0158454
329.6 5.96903 -0.0617903
329.8 5.96903 -0.135187
330 5.96903 -0.116148
330.2 5.96903 -0.00983406
330.4 5.96903 0.0891395
330.6 5.96903 0.0993653
330.8 5.96903 0.0359969
331 5.96903 -0.0158239
331.2 5.96903 -4.36841e-05
331.4 5.96903 0.0535299
331.6 5.96903 0.0724466
331.8 5.96903 0.0262707
332 5.96903 -0.0441082
332.2 5.96903 -0.0768464
332.4 5.96903 -0.0545296
332.6 5.96903 -0.0140575
332.8 5.96903 -0.00110951
333 5.96903 -0.0256209
333.2 5.96903 -0.0605449
333.4 5.96903 -0.0729986
333.6 5.96903 -0.0508661
333.8 5.96903 -0.00628268
334 5.96903 0.0357656
334.2 5.96903 0.0514154
334.4 5.96903 0.0313452
334.6 5.96903 -0.0104687
334.8 5.96903 -0.0431442
335 5.96903 -0.0428036
335.2 5.96903 -0.0144503
335.4 5.96903 0.0130037
335.6 5.96903 0.0171184
335.8 5.96903 0.00513502
336 5.96903 0.00290226
336.2 5.96903 0.022304
336.4 5.96903 0.046968
336.6 5.96903 0.0543735
336.8 5.96903 0.0464223
337 5.96903 0.0481874
337.2 5.96903 0.0735957
337.4 5.96903 0.100663
337.6 5.96903 0.0913529
337.8 5.96903 0.0374635
338 5.96903 -0.0216415
338.2 5.96903 -0.0355988
338.4 5.96903 0.00246416
338.6 5.96903 0.0449662
338.8 5.96903 0.0387463
339 5.96903 -0.016277
339.2 5.96903 -0.0629114
339.4 5.96903 -0.0448591
339.6 5.96903 0.0321053
339.8 5.96903 0.100995
340 5.96903 0.098501
340.2 5.96903 0.0287243
340.4 5.96903 -0.0397089
340.6 5.96903 -0.0417261
340.8 5.96903 0.0198327
341 5.96903 0.0792077
341.2 5.96903 0.0766177
341.4 5.96903 0.0189195
341.6 5.96903 -0.032102
341.8 5.96903 -0.0302903
342 5.96903 0.003417
342.2 5.96903 0.0072659
342.4 5.96903 -0.0451304
342.6 5.96903 -0.105655
342.8 5.96903 -0.0987268
343 5.96903 -0.00672711
343.2 5.96903 0.102195
343.4 5.96903 0.139696
343.6 5.96903 0.087324
343.8 5.96903 0.0121867
344 5.96903 -0.00830014
344.2 5.96903 0.0329184
344.4 5.96903 0.075248
344.6 5.96903 0.0669176
344.8 5.96903 0.0211084
345 5.96903 -0.0117842
345.2 5.96903 -0.0139361
345.4 5.96903 -0.0202329
345.6 5.96903 -0.0638081
345.8 5.96903 -0.120719
346 5.96903 -0.131038
346.2 5.96903 -0.0746236
346.4 5.96903 -0.00428099
346.6 5.96903 0.0131478
346.8 5.96903 -0.0205325
347 5.96903 -0.0338817
347.2 5.96903 0.0247329
347.4 5.96903 0.114695
347.6 5.96903 0.14266
347.8 5.96903 0.0738401
348 5.96903 -0.0187546
348.2 5.96903 -0.0335345
348.4 5.96903 0.0399519
348.6 5.96903 0.103832
348.8 5.96903 0.0627511
349 5.96903 -0.0638247
349.2 5.96903 -0.159608
349.4 5.96903 -0.140477
349.6 5.96903 -0.0459727
349.8 5.96903 0.00983196
350 5.96903 -0.0321246
350.2 5.96903 -0.115082
350.4 5.96903 -0.137643
350.6 5.96903 -0.0682556
350.8 5.96903 0.0267673
351 5.96903 0.0630035
351.2 5.96903 0.0258876
351.4 5.96903 -0.0280079
351.6 5.96903 -0.0428971
351.8 5.96903 -0.0182806
352 5.96903 0.00737256
352.2 5.96903 0.0085958
352.4 5.96903 -0.00480388
352.6 5.96903 -0.0100081
352.8 5.96903 0.00144203
353 5.96903 0.0229906
353.2 5.96903 0.0470767
353.4 5.96903 0.0677219
353.6 5.96903 0.0737275
353.8 5.96903 0.0543027
354 5.96903 0.0174377
354.2 5.96903 -0.00756076
354.4 5.96903 0.00171603
354.6 5.96903 0.0313201
354.8 5.96903 0.0414752
355 5.96903 0.0121283
355.2 5.96903 -0.03026
355.4 5.96903 -0.0415967
355.6 5.96903 -0.0132033
355.8 5.96903 0.0167187
356 5.96903 0.0100944
356.2 5.96903 -0.0230584
356.4 5.96903 -0.0375355
356.6 5.96903 -0.0126229
356.8 5.96903 0.0183218
357 5.96903 0.0113513
357.2 5.96903 -0.0222086
357.4 5.96903 -0.0149344
357.6 5.96903 0.0779477
357.8 5.96903 0.206787
358 5.96903 0.254893
358.2 5.96903 0.15108
358.4 5.96903 -0.0468359
358.6 5.96903 -0.191844
358.8 5.96903 -0.178671
359 5.96903 -0.0388894
359.2 5.96903 0.0923164
359.4 5.96903 0.10191
359.6 5.96903 -0.00531094
359.8 5.96903 -0.125758
360 5.96903 -0.159998
360.2 5.96903 -0.094975
360.4 5.96903 0.00425878
360.6 5.96903 0.0685306
360.8 5.96903 0.0821414
361 5.96903 0.0744594
361.2 5.96903 0.0707901
361.4 5.96903 0.0649063
361.6 5.96903 0.0399816
361.8 5.96903 0.00372888
362 5.96903 -0.0119391
362.2 5.96903 0.0101581
362.4 5.96903 0.0432751
362.6 5.96903 0.0389537
362.8 5.96903 -0.0187829
363 5.96903 -0.0895228
363.2 5.96903 -0.115085
363.4 5.96903 -0.0806964
363.6 5.96903 -0.0291138
363.8 5.96903 -0.0109067
364 5.96903 -0.0286583
364.2 5.96903 -0.040174
364.4 5.96903 -0.0145816
364.6 5.96903 0.0283391
364.8 5.96903 0.0431908
365 5.96903 0.0155782
365.2 5.96903 -0.0209825
365.4 5.96903 -0.0273983
365.6 5.96903 -0.00492787
365.8 5.96903 0.0135463
366 5.96903 0.012443
366.2 5.96903 0.0155961
366.4 5.96903 0.0511701
366.6 5.96903 0.106338
366.8 5.96903 0.133873
367 5.96903 0.104901
367.2 5.96903 0.0405408
367.4 5.96903 -0.0167238
367.6 5.96903 -0.0510636
367.8 5.96903 -0.0756648
368 5.96903 -0.091003
368.2 5.96903 -0.0661519
368.4 5.96903 0.0185879
368.6 5.96903 0.12047
368.8 5.96903 0.154319
369 5.96903 0.0794327
369.2 5.96903 -0.0456118
369.4 5.96903 -0.114474
369.6 5.96903 -0.0808774
369.8 5.96903 -0.000316603
370 5.96903 0.0406482
370.2 5.96903 0.020022
370.4 5.96903 -0.0119461
370.6 5.96903 -0.0121813
370.8 5.96903 -0.00198922
371 5.96903 -0.0283761
371.2 5.96903 -0.085771
371.4 5.96903 -0.108301
371.6 5.96903 -0.0494231
371.8 5.96903 0.0525071
372 5.96903 0.110677
372.2 5.96903 0.0862153
372.4 5.96903 0.0252289
372.6 5.96903 -0.00738226
372.8 5.96903 -0.00884342
373 5.96903 -0.0301038
373.2 5.96903 -0.0933019
373.4 5.96903 -0.148635
373.6 5.96903 -0.131977
373.8 5.96903 -0.0502001
374 5.96903 0.0184585
374.2 5.96903 0.0136713
374.4 5.96903 -0.039049
374.6 5.96903 -0.0664791
374.8 5.96903 -0.0409902
375 5.96903 -0.00977213
375.2 5.96903 -0.0255988
375.4 5.96903 -0.0720801
375.6 5.96903 -0.081653
375.8 5.96903 -0.0228063
376 5.96903 0.0563819
376.2 5.96903 0.0845711
376.4 5.96903 0.0518968
376.6 5.96903 0.0166807
376.8 5.96903 0.0281589
377 5.96903 0.0637026
377.2 5.96903 0.0575047
377.4 5.96903 -0.0175196
377.6 5.96903 -0.114894
377.8 5.96903 -0.163928
378 5.96903 -0.139978
378.2 5.96903 -0.0771507
378.4 5.96903 -0.0228438
378.6 5.96903 0.00358019
378.8 5.96903 0.00812565
379 5.96903 -0.000823878
379.2 5.96903 -0.0172172
379.4 5.96903 -0.0266559
379.6 5.96903 -0.0114586
379.8 5.96903 0.0253175
380 5.96903 0.0524454
380.2 5.96903 0.0412919
380.4 5.96903 0.00318861
380.6 5.96903 -0.0163925
380.8 5.96903 0.0128544
381 5.96903 0.0691591
381.2 5.96903 0.0992692
381.4 5.96903 0.0741013
381.6 5.96903 0.0162311
381.8 5.96903 -0.0283926
382 5.96903 -0.037495
382.2 5.96903 -0.025748
382.4 5.96903 -0.0180837
382.6 5.96903 -0.0211668
382.8 5.96903 -0.0233361
383 5.96903 -0.0135852
383.2 5.96903 0.0068137
383.4 5.96903 0.0276462
383.6 5.96903 0.0364581
383.8 5.96903 0.0225655
384 5.96903 -0.0156293
384.2 5.96903 -0.0614498
384.4 5.96903 -0.0847703
384.6 5.96903 -0.0669415
384.8 5.96903 -0.0222203
385 5.96903 0.0141322
385.2 5.96903 0.0240172
385.4 5.96903 0.0263719
385.6 5.96903 0.0502389
385.8 5.96903 0.0910103
386 5.96903 0.106609
386.2 5.96903 0.0645311
386.4 5.96903 -0.0147826
386.6 5.96903 -0.0738054
386.8 5.96903 -0.0775772
387 5.96903 -0.0472883
387.2 5.96903 -0.0289387
387.4 5.96903 -0.0381058
387.6 5.96903 -0.0488604
387.8 5.96903 -0.0357484
388 5.96903 -0.00985903
388.2 5.96903 -0.00122293
388.4 5.96903 -0.0136648
388.6 5.96903 -0.016312
388.8 5.96903 0.0132299
389 5.96903 0.050719
389.2 5.96903 0.0472031
389.4 5.96903 -0.00995499
389.6 5.96903 -0.0721615
389.8 5.96903 -0.0763466
390 5.96903 -0.0131029
390.2 5.96903 0.0617148
390.4 5.96903 0.0849209
390.6 5.96903 0.0482123
390.8 5.96903 -0.00128657
391 5.96903 -0.01559
391.2 5.96903 0.008585
391.4 5.96903 0.0382157
391.6 5.96903 0.0473793
391.8 5.96903 0.0431856
392 5.96903 0.0496531
392.2 5.96903 0.0731304
392.4 5.96903 0.0888697
392.6 5.96903 0.0629595
392.8 5.96903 -0.0112783
393 5.96903 -0.0964153
393.2 5.96903 -0.132047
393.4 5.96903 -0.0818709
393.6 5.96903 0.0308549
393.8 5.96903 0.133704
394 5.96903 0.159649
394.2 5.96903 0.100521
394.4 5.96903 0.00996414
394.6 5.96903 -0.0474454
394.8 5.96903 -0.0495345
395 5.96903 -0.0211188
395.2 5.96903 0.00571596
395.4 5.96903 0.0232372
395.6 5.96903 0.0373987
395.8 5.96903 0.0398795
396 5.96903 0.0101931
396.2 5.96903 -0.050007
396.4 5.96903 -0.10005
396.6 5.96903 -0.0950507
396.8 5.96903 -0.0378857
397 5.96903 0.0172361
397.2 5.96903 0.0211218
397.4 5.96903 -0.018218
397.6 5.96903 -0.0506039
397.8 5.96903 -0.0466643
398 5.96903 -0.0297964
398.2 5.96903 -0.0382786
398.4 5.96903 -0.0691818
398.6 5.96903 -0.079211
398.8 5.96903 -0.0422797
399 5.96903 0.0123596
399.2 5.96903 0.033874
399.4 5.96903 0.0135984
399.6 5.96903 -0.00484062
399.8 5.96903 0.0156637
400 5.96903 0.0533602
400.2 5.96903 0.0518544
400.4 5.96903 -0.00631724
400.6 5.96903 -0.0693392
400.8 5.96903 -0.0698918
401 5.96903 -0.000505404
401.2 5.96903 0.0782543
401.4 5.96903 0.103145
401.6 5.96903 0.0682914
401.8 5.96903 0.015861
402 5.96903 -0.0185361
402.2 5.96903 -0.034891
402.4 5.96903 -0.0473827
402.6 5.96903 -0.0551253
402.8 5.96903 -0.0475993
403 5.96903 -0.0290888
403.2 5.96903 -0.0179574
403.4 5.96903 -0.0176576
403.6 5.96903 -0.00472959
403.8 5.96903 0.0395138
404 5.96903 0.0913713
404.2 5.96903 0.098045
404.4 5.96903 0.0377449
404.6 5.96903 -0.0442245
404.8 5.96903 -0.0745223
405 5.96903 -0.0285119
405.2 5.96903 0.0429331
405.4 5.96903 0.0690366
405.6 5.96903 0.0340095
405.8 5.96903 -0.013548
406 5.96903 -0.023144
406.2 5.96903 -0.000295373
406.4 5.96903 0.00669152
406.6 5.96903 -0.0288115
406.8 5.96903 -0.0747355
407 5.96903 -0.0741661
407.2 5.96903 -0.0105388
407.4 5.96903 0.0693048
407.6 5.96903 0.0994358
407.8 5.96903 0.05889
408 5.96903 -0.00970141
408.2 5.96903 -0.0428008
408.4 5.96903 -0.0148688
408.6 5.96903 0.0437008
408.8 5.96903 0.0827583
409 5.96903 0.0828338
409.2 5.96903 0.0683671
409.4 5.96903 0.0727197
409.6 5.96903 0.0951314
409.8 5.96903 0.0991785
410 5.96903 0.0565623
410.2 5.96903 -0.0135991
410.4 5.96903 -0.05929
410.6 5.96903 -0.0526151
410.8 5.96903 -0.0238108
411 5.96903 -0.0278029
411.2 5.96903 -0.0776727
411.4 5.96903 -0.123877
411.6 5.96903 -0.10842
411.8 5.96903 -0.0324854
412 5.96903 0.0437184
412.2 5.96903 0.0695592
412.4 5.96903 0.057259
412.6 5.96903 0.0547486
412.8 5.96903 0.0758838
413 5.96903 0.0814922
413.2 5.96903 0.0384337
413.4 5.96903 -0.0220828
413.6 5.96903 -0.0314666
413.8 5.96903 0.0294741
414 5.96903 0.0949767
414.2 5.96903 0.0854262
414.4 5.96903 0.00530332
414.6 5.96903 -0.0551511
414.8 5.96903 -0.024449
415 5.96903 0.062315
415.2 5.96903 0.10069
415.4 5.96903 0.0375903
415.6 5.96903 -0.0676424
415.8 5.96903 -0.112016
416 5.96903 -0.0623031
416.2 5.96903 0.0195964
416.4 5.96903 0.0578111
416.6 5.96903 0.0425049
416.8 5.96903 0.0168652
417 5.96903 0.00575832
417.2 5.96903 -0.0113216
417.4 5.96903 -0.0522884
417.6 5.96903 -0.0858275
417.8 5.96903 -0.05944
418 5.96903 0.0298638
418.2 5.96903 0.117569
418.4 5.96903 0.136537
418.6 5.96903 0.0875895
418.8 5.96903 0.0306888
419 5.96903 0.0119046
419.2 5.96903 0.0182063
419.4 5.96903 0.00903303
419.6 5.96903 -0.0259505
419.8 5.96903 -0.0587958
420 5.96903 -0.0662046
420.2 5.96903 -0.0576682
420.4 5.96903 -0.0523473
420.6 5.96903 -0.0452938
420.8 5.96903 -0.0175687
421 5.96903 0.0230807
421.2 5.96903 0.0348516
421.4 5.96903 -0.0102947
421.6 5.96903 -0.0817795
421.8 5.96903 -0.112131
422 5.96903 -0.0671528
422.2 5.96903 0.0174192
422.4 5.96903 0.0750307
422.6 5.96903 0.0743647
422.8 5.96903 0.0371676
423 5.96903 6.9854e-05
423.2 5.96903 -0.0214461
423.4 5.96903 -0.027485
423.6 5.96903 -0.0132765
423.8 5.96903 0.024085
424 5.96903 0.062947
424.2 5.96903 0.0654943
424.4 5.96903 0.0219942
424.6 5.96903 -0.0270497
424.8 5.96903 -0.0325696
425 5.96903 0.00129046
425.2 5.96903 0.0180366
425.4 5.96903 -0.0190914
425.6 5.96903 -0.0733305
425.8 5.96903 -0.0748752
426 5.96903 -0.0114441
426.2 5.96903 0.0485849
426.4 5.96903 0.0386403
426.6 5.96903 -0.0184914
426.8 5.96903 -0.0345313
427 5.96903 0.0309786
427.2 5.96903 0.11032
427.4 5.96903 0.103928
427.6 5.96903 0.00485633
427.8 5.96903 -0.0849551
428 5.96903 -0.0727929
428.2 5.96903 0.0153637
428.4 5.96903 0.0695655
428.6 5.96903 0.0322491
428.8 5.96903 -0.0338105
429 5.96903 -0.0298122
429.2 5.96903 0.049888
429.4 5.96903 0.107019
429.6 5.96903 0.061322
429.8 5.96903 -0.0473971
430 5.96903 -0.104252
430.2 5.96903 -0.0555162
430.4 5.96903 0.0305739
430.6 5.96903 0.0499148
430.8 5.96903 -0.013328
431 5.96903 -0.0739705
431.2 5.96903 -0.0532938
431.4 5.96903 0.0276406
431.6 5.96903 0.0774399
431.8 5.96903 0.0423227
432 5.96903 -0.0383491
432.2 5.96903 -0.0853336
432.4 5.96903 -0.0664629
432.6 5.96903 -0.0153266
432.8 5.96903 0.0242484
433 5.96903 0.0467157
433.2 5.96903 0.0696661
433.4 5.96903 0.0890994
433.6 5.96903 0.0737026
433.8 5.96903 0.00804624
434 5.96903 -0.0738105
434.2 5.96903 -0.112341
434.4 5.96903 -0.0806744
434.6 5.96903 -0.0114251
434.8 5.96903 0.0361353
435 5.96903 0.0311201
435.2 5.96903 -0.0081293
435.4 5.96903 -0.0411568
435.6 5.96903 -0.0457686
435.8 5.96903 -0.0319723
436 5.96903 -0.0236369
436.2 5.96903 -0.0319958
436.4 5.96903 -0.0457922
436.6 5.96903 -0.0430766
436.8 5.96903 -0.0115925
437 5.96903 0.0394233
437.2 5.96903 0.0847233
437.4 5.96903 0.100755
437.6 5.96903 0.0808916
437.8 5.96903 0.0368114
438 5.96903 -0.0117246
438.2 5.96903 -0.046892
438.4 5.96903 -0.0562493
438.6 5.96903 -0.034654
438.8 5.96903 0.00991098
439 5.96903 0.0535223
439.2 5.96903 0.0682332
439.4 5.96903 0.0450352
439.6 5.96903 0.00496672
439.8 5.96903 -0.0178513
440 5.96903 -0.00712331
440.2 5.96903 0.0234483
440.4 5.96903 0.0490899
440.6 5.96903 0.0600325
440.8 5.96903 0.0637607
441 5.96903 0.0650206
441.2 5.96903 0.0542442
441.4 5.96903 0.0219406
441.6 5.96903 -0.0214553
441.8 5.96903 -0.0506315
442 5.96903 -0.0522592
442.2 5.96903 -0.0385561
442.4 5.96903 -0.0285833
442.6 5.96903 -0.0224699
442.8 5.96903 -0.00520107
443 5.96903 0.024361
443.2 5.96903 0.0419105
443.4 5.96903 0.0259294
443.6 5.96903 -0.0089414
443.8 5.96903 -0.0229761
444 5.96903 -0.00144596
444.2 5.96903 0.0192084
444.4 5.96903 -0.00917018
444.6 5.96903 -0.081903
444.8 5.96903 -0.132655
445 5.96903 -0.10091
445.2 5.96903 -0.00258884
445.4 5.96903 0.0792761
445.6 5.96903 0.0768786
445.8 5.96903 0.00160736
446 5.96903 -0.0775305
446.2 5.96903 -0.10827
446.4 5.96903 -0.0954712
446.6 5.96903 -0.072408
446.8 5.96903 -0.0532812
447 5.96903 -0.0282783
447.2 5.96903 0.00434441
447.4 5.96903 0.0243212
447.6 5.96903 0.0166067
447.8 5.96903 -0.000926877
448 5.96903 0.00593431
448.2 5.96903 0.043944
448.4 5.96903 0.079974
448.6 5.96903 0.0802038
448.8 5.96903 0.0520795
449 5.96903 0.034441
449.2 5.96903 0.0481429
449.4 5.96903 0.0711537
449.6 5.96903 0.0695333
449.8 5.96903 0.0417558
450 5.96903 0.0176522
450.2 5.96903 0.0157325
450.4 5.96903 0.0191402
450.6 5.96903 0.00414469
450.8 5.96903 -0.019188
451 5.96903 -0.0145288
451.2 5.96903 0.0292844
451.4 5.96903 0.0714016
451.6 5.96903 0.0598114
451.8 5.96903 -0.00498263
452 5.96903 -0.0642157
452.2 5.96903 -0.0661175
452.4 5.96903 -0.0256881
452.6 5.96903 -0.00488157
452.8 5.96903 -0.0354645
453 5.96903 -0.078
453.2 5.96903 -0.0681073
453.4 5.96903 0.00417525
453.6 5.96903 0.0765584
453.8 5.96903 0.0797939
454 5.96903 0.0114518
454.2 5.96903 -0.0636653
454.4 5.96903 -0.082238
454.6 5.96903 -0.0418323
454.8 5.96903 0.00844941
455 5.96903 0.0251185
455.2 5.96903 0.00880043
455.4 5.96903 -0.0096165
455.6 5.96903 -0.00823021
455.8 5.96903 0.0071284
456 5.96903 0.0171529
456.2 5.96903 0.012156
456.4 5.96903 -0.00128469
456.6 5.96903 -0.0111165
456.8 5.96903 -0.0123525
457 5.96903 -0.00993504
457.2 5.96903 -0.0122258
457.4 5.96903 -0.0217133
457.6 5.96903 -0.0303837
457.8 5.96903 -0.0253432
458 5.96903 -0.00296621
458.2 5.96903 0.0211754
458.4 5.96903 0.0207192
458.6 5.96903 -0.0174494
458.8 5.96903 -0.0762601
459 5.96903 -0.118884
459.2 5.96903 -0.118947
459.4 5.96903 -0.0808033
459.6 5.96903 -0.0304271
459.8 5.96903 0.00986922
460 5.96903 0.0349392
460.2 5.96903 0.0491139
460.4 5.96903 0.0544458
460.6 5.96903 0.0512025
460.8 5.96903 0.0442812
461 5.96903 0.0395359
461.2 5.96903 0.0323886
461.4 5.96903 0.00905466
461.6 5.96903 -0.0331346
461.8 5.96903 -0.0708989
462 5.96903 -0.0727863
462.2 5.96903 -0.0372961
462.4 5.96903 -0.00538046
462.6 5.96903 -0.0225073
462.8 5.96903 -0.0857378
463 5.96903 -0.137198
463.2 5.96903 -0.11853
463.4 5.96903 -0.0311243
463.6 5.96903 0.0634073
463.8 5.96903 0.102385
464 5.96903 0.0764871
464.2 5.96903 0.0250984
464.4 5.96903 -0.0115488
464.6 5.96903 -0.0244318
464.8 5.96903 -0.023419
465 5.96903 -0.0110765
465.2 5.96903 0.016808
465.4 5.96903 0.0493007
465.6 5.96903 0.0575726
465.8 5.96903 0.0258211
466 5.96903 -0.0215721
466.2 5.96903 -0.0385824
466.4 5.96903 -0.00805829
466.6 5.96903 0.0355744
466.8 5.96903 0.0434254
467 5.96903 0.00887634
467.2 5.96903 -0.0240654
467.4 5.96903 -0.0131419
467.6 5.96903 0.030554
467.8 5.96903 0.0545997
468 5.96903 0.0282739
468.2 5.96903 -0.0184201
468.4 5.96903 -0.0278
468.6 5.96903 0.0173256
468.8 5.96903 0.0700012
469 5.96903 0.0690651
469.2 5.96903 0.00736613
469.4 5.96903 -0.0576034
469.6 5.96903 -0.0622141
469.8 5.96903 -0.000766669
470 5.96903 0.0705744
470.2 5.96903 0.0891257
470.4 5.96903 0.0409417
470.6 5.96903 -0.0348204
470.8 5.96903 -0.0860405
471 5.96903 -0.087606
471.2 5.96903 -0.0494939
471.4 5.96903 0.000319254
471.6 5.96903 0.0346019
471.8 5.96903 0.0363468
472 5.96903 0.00420469
472.2 5.96903 -0.0440598
472.4 5.96903 -0.0782704
472.6 5.96903 -0.0764294
472.8 5.96903 -0.0443135
473 5.96903 -0.0123498
473.2 5.96903 -0.0077525
473.4 5.96903 -0.027707
473.6 5.96903 -0.0423733
473.8 5.96903 -0.0267069
474 5.96903 0.011253
474.2 5.96903 0.0360649
474.4 5.96903 0.0199303
474.6 5.96903 -0.0286913
474.8 5.96903 -0.0721658
475 5.96903 -0.0789027
475.2 5.96903 -0.0508124
475.4 5.96903 -0.0171278
475.6 5.96903 -0.00389527
475.8 5.96903 -0.0116382
476 5.96903 -0.0212864
476.2 5.96903 -0.017496
476.4 5.96903 -0.00273013
476.6 5.96903 0.0102984
476.8 5.96903 0.0150227
477 5.96903 0.0162247
477.2 5.96903 0.0201003
477.4 5.96903 0.0238247
477.6 5.96903 0.0184195
477.8 5.96903 0.00121729
478 5.96903 -0.0180228
478.2 5.96903 -0.0258372
478.4 5.96903 -0.0194964
478.6 5.96903 -0.0109249
478.8 5.96903 -0.0153703
479 5.96903 -0.0363652
479.2 5.96903 -0.0617618
479.4 5.96903 -0.0735308
479.6 5.96903 -0.0609422
479.8 5.96903 -0.0260066
480 5.96903 0.0202141
480.2 5.96903 0.0639511
480.4 5.96903 0.0928336
480.6 5.96903 0.098505
480.8 5.96903 0.079915
481 5.96903 0.0454359
481.2 5.96903 0.00951954
481.4 5.96903 -0.0159697
481.6 5.96903 -0.0287245
481.8 5.96903 -0.0341413
482 5.96903 -0.036374
482.2 5.96903 -0.0324262
482.4 5.96903 -0.017153
482.6 5.96903 0.00568533
482.8 5.96903 0.020424
483 5.96903 0.0122788
483.2 5.96903 -0.0146422
483.4 5.96903 -0.0347829
483.6 5.96903 -0.0224562
483.8 5.96903 0.0206091
484 5.96903 0.060799
484.2 5.96903 0.0609639
484.4 5.96903 0.0168408
484.6 5.96903 -0.0362044
484.8 5.96903 -0.0561125
485 5.96903 -0.0349837
485.2 5.96903 -0.00490742
485.4 5.96903 -0.00192116
485.6 5.96903 -0.0270017
485.8 5.96903 -0.0474385
486 5.96903 -0.037161
486.2 5.96903 -0.00974501
486.4 5.96903 -0.00495918
486.6 5.96903 -0.0425715
486.8 5.96903 -0.0959781
487 5.96903 -0.11699
487.2 5.96903 -0.0850428
487.4 5.96903 -0.0266
487.6 5.96903 0.0150969
487.8 5.96903 0.0231238
488 5.96903 0.0146161
488.2 5.96903 0.0096603
488.4 5.96903 0.00417588
488.6 5.96903 -0.0190168
488.8 5.96903 -0.0577172
489 5.96903 -0.0821358
489.2 5.96903 -0.0662521
489.4 5.96903 -0.0221612
489.6 5.96903 0.00754011
489.8 5.96903 -0.00470406
490 5.96903 -0.0393092
490.2 5.96903 -0.0501905
490.4 5.96903 -0.017364
490.6 5.96903 0.0274483
490.8 5.96903 0.0322597
491 5.96903 -0.0194081
491.2 5.96903 -0.0876842
491.4 5.96903 -0.111892
491.6 5.96903 -0.0661222
491.8 5.96903 0.0183607
492 5.96903 0.0809721
492.2 5.96903 0.0808292
492.4 5.96903 0.0258283
492.6 5.96903 -0.036793
492.8 5.96903 -0.0565766
493 5.96903 -0.0166872
493.2 5.96903 0.053007
493.4 5.96903 0.0974301
493.6 5.96903 0.0805508
493.8 5.96903 0.0182748
494 5.96903 -0.032328
494.2 5.96903 -0.0240901
494.4 5.96903 0.0343726
494.6 5.96903 0.0855496
494.8 5.96903 0.0792803
495 5.96903 0.0217997
495.2 5.96903 -0.0342245
495.4 5.96903 -0.0468093
495.6 5.96903 -0.0249201
495.8 5.96903 -0.00840841
496 5.96903 -0.0151538
496.2 5.96903 -0.0205019
496.4 5.96903 0.00705319
496.6 5.96903 0.059969
496.8 5.96903 0.0944065
497 5.96903 0.0800215
497.2 5.96903 0.0358055
497.4 5.96903 0.00761974
497.6 5.96903 0.0149785
497.8 5.96903 0.0327632
498 5.96903 0.0291079
498.2 5.96903 0.00974142
498.4 5.96903 0.0109523
498.6 5.96903 0.0490522
498.8 5.96903 0.0912461
499 5.96903 0.0881973
499.2 5.96903 0.0317896
499.4 5.96903 -0.0313268
499.6 5.96903 -0.0478152
499.8 5.96903 -0.0111279
500 5.96903 0.0397053
500.2 5.96903 0.0684604
500.4 5.96903 0.0756406
500.6 5.96903 0.0811417
500.8 5.96903 0.0869769
501 5.96903 0.0737365
501.2 5.96903 0.0346206
501.4 5.96903 -0.00300081
501.6 5.96903 -0.00410442
501.8 5.96903 0.0290345
502 5.96903 0.0526601
502.2 5.96903 0.0297536
502.4 5.96903 -0.024714
502.6 5.96903 -0.0577518
502.8 5.96903 -0.0376559
503 5.96903 0.010409
503.2 5.96903 0.0344806
503.4 5.96903 0.0160033
503.6 5.96903 -0.00979493
503.8 5.96903 0.00491387
504 5.96903 0.0666633
504.2 5.96903 0.133489
504.4 5.96903 0.157504
504.6 5.96903 0.127596
504.8 5.96903 0.0710388
505 5.96903 0.0226679
505.2 5.96903 -0.00127951
505.4 5.96903 -0.00550868
505.6 5.96903 -0.00478563
505.8 5.96903 -0.0146918
506 5.96903 -0.0435456
506.2 5.96903 -0.0821369
506.4 5.96903 -0.102244
506.6 5.96903 -0.0771353
506.8 5.96903 -0.0123667
507 5.96903 0.0475499
507.2 5.96903 0.0539938
507.4 5.96903 0.00183829
507.6 5.96903 -0.0608035
507.8 5.96903 -0.0753251
508 5.96903 -0.0264534
508.2 5.96903 0.0471145
508.4 5.96903 0.0925793
508.6 5.96903 0.0888039
508.8 5.96903 0.0537106
509 5.96903 0.0163439
509.2 5.96903 -0.00857773
509.4 5.96903 -0.0200023
509.6 5.96903 -0.0173397
509.8 5.96903 0.000791484
510 5.96903 0.0258581
510.2 5.96903 0.0382948
510.4 5.96903 0.0253957
510.6 5.96903 -0.00116839
510.8 5.96903 -0.0124452
511 5.96903 0.00937049
511.2 5.96903 0.0509254
511.4 5.96903 0.0782848
511.6 5.96903 0.0678913
511.8 5.96903 0.0273256
512 5.96903 -0.0124838
512.2 5.96903 -0.0242191
512.4 5.96903 -0.00628309
512.6 5.96903 0.0167785
512.8 5.96903 0.0147354
513 5.96903 -0.0221163
513.2 5.96903 -0.0709267
513.4 5.96903 -0.0914334
513.6 5.96903 -0.0605067
513.8 5.96903 0.00294636
514 5.96903 0.0497503
514.2 5.96903 0.0439355
514.4 5.96903 -0.00237045
514.6 5.96903 -0.0396133
514.8 5.96903 -0.0290017
515 5.96903 0.0205285
515.2 5.96903 0.0636792
515.4 5.96903 0.0638833
515.6 5.96903 0.0233044
515.8 5.96903 -0.0287385
516 5.96903 -0.0666729
516.2 5.96903 -0.082123
516.4 5.96903 -0.0743349
516.6 5.96903 -0.0434001
516.8 5.96903 -0.000151317
517 5.96903 0.0275326
517.2 5.96903 0.0153453
517.4 5.96903 -0.0258051
517.6 5.96903 -0.0498359
517.8 5.96903 -0.019489
518 5.96903 0.0505491
518.2 5.96903 0.104454
518.4 5.96903 0.103493
518.6 5.96903 0.0661075
518.8 5.96903 0.0426236
519 5.96903 0.055375
519.2 5.96903 0.076344
519.4 5.96903 0.0674153
519.6 5.96903 0.029929
519.8 5.96903 0.000472551
520 5.96903 0.00110712
520.2 5.96903 0.0113356
520.4 5.96903 -3.88462e-05
520.6 5.96903 -0.0261132
520.8 5.96903 -0.0244249
521 5.96903 0.0272234
521.2 5.96903 0.0924841
521.4 5.96903 0.109922
521.6 5.96903 0.0624545
521.8 5.96903 -0.00185942
522 5.96903 -0.0248179
522.2 5.96903 -0.00318382
522.4 5.96903 0.0148204
522.6 5.96903 -0.00502547
522.8 5.96903 -0.0384223
523 5.96903 -0.0339637
523.2 5.96903 0.019833
523.4 5.96903 0.0758472
523.6 5.96903 0.0806976
523.8 5.96903 0.0336477
524 5.96903 -0.0173083
524.2 5.96903 -0.0325516
524.4 5.96903 -0.019725
524.6 5.96903 -0.0118668
524.8 5.96903 -0.0196354
525 5.96903 -0.0196212
525.2 5.96903 0.0107136
525.4 5.96903 0.0599427
525.6 5.96903 0.0933211
525.8 5.96903 0.0914163
526 5.96903 0.0683373
526.2 5.96903 0.051035
526.4 5.96903 0.0486434
526.6 5.96903 0.0475445
526.8 5.96903 0.0319575
527 5.96903 0.00207655
527.2 5.96903 -0.027808
527.4 5.96903 -0.0427835
527.6 5.96903 -0.0371892
527.8 5.96903 -0.0175504
528 5.96903 -0.000913953
528.2 5.96903 -0.0050893
528.4 5.96903 -0.0304542
528.6 5.96903 -0.0501694
528.8 5.96903 -0.0293243
529 5.96903 0.0362846
529.2 5.96903 0.103976
529.4 5.96903 0.11954
529.6 5.96903 0.0743405
529.8 5.96903 0.0190948
530 5.96903 0.0112137
530.2 5.96903 0.0506699
530.4 5.96903 0.0800445
530.6 5.96903 0.0524758
530.8 5.96903 -0.0110755
531 5.96903 -0.0442301
531.2 5.96903 -0.0122619
531.4 5.96903 0.0475772
531.6 5.96903 0.0696435
531.8 5.96903 0.03367
532 5.96903 -0.0185295
532.2 5.96903 -0.0373749
532.4 5.96903 -0.0195963
532.6 5.96903 0.00121821
532.8 5.96903 0.0050639
533 5.96903 0.00527367
533.2 5.96903 0.0152685
533.4 5.96903 0.016589
533.6 5.96903 -0.0188888
533.8 5.96903 -0.0787769
534 5.96903 -0.10566
534.2 5.96903 -0.0582342
534.4 5.96903 0.0321464
534.6 5.96903 0.084914
534.8 5.96903 0.0546434
535 5.96903 -0.0211622
535.2 5.96903 -0.0676542
535.4 5.96903 -0.0568501
535.6 5.96903 -0.0298097
535.8 5.96903 -0.0346312
536 5.96903 -0.0620452
536.2 5.96903 -0.0596157
536.4 5.96903 -0.00432892
536.6 5.96903 0.0604481
536.8 5.96903 0.0716479
537 5.96903 0.0193966
537.2 5.96903 -0.042067
537.4 5.96903 -0.0563583
537.6 5.96903 -0.0232095
537.8 5.96903 0.0126927
538 5.96903 0.0194125
538.2 5.96903 0.00781207
538.4 5.96903 0.00355992
538.6 5.96903 0.00677665
538.8 5.96903 -0.00562714
539 5.96903 -0.0421081
539.2 5.96903 -0.0775673
539.4 5.96903 -0.0801603
539.6 5.96903 -0.0490829
539.8 5.96903 -0.0153047
540 5.96903 -0.0064019
540.2 5.96903 -0.0201085
540.4 5.96903 -0.0355072
540.6 5.96903 -0.0413146
540.8 5.96903 -0.0445767
541 5.96903 -0.0553102
541.2 5.96903 -0.0735011
541.4 5.96903 -0.0935655
541.6 5.96903 -0.11136
541.8 5.96903 -0.118143
542 5.96903 -0.0943406
542.2 5.96903 -0.0256248
542.4 5.96903 0.0685985
542.6 5.96903 0.134447
542.8 5.96903 0.127548
543 5.96903 0.0603733
543.2 5.96903 -0.00452241
543.4 5.96903 -0.0164204
543.6 5.96903 0.0136004
543.8 5.96903 0.0327486
544 5.96903 0.0126785
544.2 5.96903 -0.0182244
544.4 5.96903 -0.015552
544.6 5.96903 0.0194736
544.8 5.96903 0.0369784
545 5.96903 0.000819586
545.2 5.96903 -0.0599575
545.4 5.96903 -0.0772176
545.6 5.96903 -0.0202509
545.8 5.96903 0.0669898
546 5.96903 0.111703
546.2 5.96903 0.0879939
546.4 5.96903 0.0366933
546.6 5.96903 0.0126981
546.8 5.96903 0.0265162
547 5.96903 0.0456696
547.2 5.96903 0.0443653
547.4 5.96903 0.0352963
547.6 5.96903 0.0473621
547.8 5.96903 0.0834801
548 5.96903 0.113819
548.2 5.96903 0.11115
548.4 5.96903 0.082163
548.6 5.96903 0.0567111
548.8 5.96903 0.0506896
549 5.96903 0.0488566
549.2 5.96903 0.0265516
549.4 5.96903 -0.0175079
549.6 5.96903 -0.0558348
549.8 5.96903 -0.0590868
550 5.96903 -0.025186
550.2 5.96903 0.0181656
550.4 5.96903 0.0380191
550.6 5.96903 0.0239927
550.8 5.96903 -0.00420254
551 5.96903 -0.0151151
551.2 5.96903 0.00471316
551.4 5.96903 0.0353342
551.6 5.96903 0.0403025
551.8 5.96903 0.00598327
552 5.96903 -0.0348611
552.2 5.96903 -0.0280255
552.4 5.96903 0.0428868
552.6 5.96903 0.123334
552.8 5.96903 0.127736
553 5.96903 0.0245809
553.2 5.96903 -0.119153
553.4 5.96903 -0.190518
553.6 5.96903 -0.135525
553.8 5.96903 -0.009878
554 5.96903 0.0786613
554.2 5.96903 0.0760589
554.4 5.96903 0.0243671
554.6 5.96903 0.00141742
554.8 5.96903 0.0319037
555 5.96903 0.0694216
555.2 5.96903 0.0612236
555.4 5.96903 0.0131708
555.6 5.96903 -0.0204264
555.8 5.96903 -0.00362942
556 5.96903 0.0404317
556.2 5.96903 0.0594461
556.4 5.96903 0.031093
556.6 5.96903 -0.0185665
556.8 5.96903 -0.0510415
557 5.96903 -0.0548807
557.2 5.96903 -0.0443278
557.4 5.96903 -0.030481
557.6 5.96903 -0.00918851
557.8 5.96903 0.0222197
558 5.96903 0.0506
558.2 5.96903 0.0601669
558.4 5.96903 0.054152
558.6 5.96903 0.0501892
558.8 5.96903 0.0520377
559 5.96903 0.0385754
559.2 5.96903 -0.0078104
559.4 5.96903 -0.0670278
559.6 5.96903 -0.0914609
559.8 5.96903 -0.0580226
560 5.96903 -0.00113683
560.2 5.96903 0.0190242
560.4 5.96903 -0.018187
560.6 5.96903 -0.0715361
560.8 5.96903 -0.0870556
561 5.96903 -0.0609279
561.2 5.96903 -0.0408449
561.4 5.96903 -0.064323
561.6 5.96903 -0.109902
561.8 5.96903 -0.121587
562 5.96903 -0.0769889
562.2 5.96903 -0.0165135
562.4 5.96903 0.00219697
562.6 5.96903 -0.0298816
562.8 5.96903 -0.064512
563 5.96903 -0.0526684
563.2 5.96903 0.00100242
563.4 5.96903 0.0461752
563.6 5.96903 0.0423396
563.8 5.96903 -0.0033673
564 5.96903 -0.0518245
564.2 5.96903 -0.0732097
564.4 5.96903 -0.0660867
564.6 5.96903 -0.0443133
564.8 5.96903 -0.0198575
565 5.96903 -0.00175623
565.2 5.96903 0.000522717
565.4 5.96903 -0.0144364
565.6 5.96903 -0.03006
565.8 5.96903 -0.023524
566 5.96903 0.00537507
566.2 5.96903 0.0243104
566.4 5.96903 -0.000733441
566.6 5.96903 -0.0634151
566.8 5.96903 -0.115699
567 5.96903 -0.115506
567.2 5.96903 -0.0715368
567.4 5.96903 -0.0313782
567.6 5.96903 -0.0252342
567.8 5.96903 -0.0321655
568 5.96903 -0.00998745
568.2 5.96903 0.0474126
568.4 5.96903 0.0962498
568.6 5.96903 0.0915411
568.8 5.96903 0.0410008
569 5.96903 -0.000572634
569.2 5.96903 0.00911998
569.4 5.96903 0.055033
569.6 5.96903 0.0845915
569.8 5.96903 0.0664502
570 5.96903 0.0208847
570.2 5.96903 -0.00733853
570.4 5.96903 0.00306095
570.6 5.96903 0.0344426
570.8 5.96903 0.0558721
571 5.96903 0.0529317
571.2 5.96903 0.0311261
571.4 5.96903 0.000834128
571.6 5.96903 -0.0302114
571.8 5.96903 -0.0515912
572 5.96903 -0.0493994
572.2 5.96903 -0.019266
572.4 5.96903 0.022904
572.6 5.96903 0.0509374
572.8 5.96903 0.0515949
573 5.96903 0.0343326
573.2 5.96903 0.0170477
573.4 5.96903 0.0071088
573.6 5.96903 0.0011898
573.8 5.96903 -0.000191516
574 5.96903 0.0118365
574.2 5.96903 0.0395897
574.4 5.96903 0.0657549
574.6 5.96903 0.0654334
574.8 5.96903 0.0339205
575 5.96903 -0.00384429
575.2 5.96903 -0.0175099
575.4 5.96903 -0.00318459
575.6 5.96903 0.0145067
575.8 5.96903 0.0124333
576 5.96903 -0.00537151
576.2 5.96903 -0.0160625
576.4 5.96903 -0.00730148
576.6 5.96903 0.0104408
576.8 5.96903 0.0223417
577 5.96903 0.0312362
577.2 5.96903 0.0519609
577.4 5.96903 0.0842142
577.6 5.96903 0.100831
577.8 5.96903 0.0717057
578 5.96903 -0.000538522
578.2 5.96903 -0.0739812
578.4 5.96903 -0.100312
578.6 5.96903 -0.0652274
578.8 5.96903 0.00176789
579 5.96903 0.0531232
579.2 5.96903 0.0579038
579.4 5.96903 0.0179876
579.6 5.96903 -0.0391529
579.8 5.96903 -0.0797528
580 5.96903 -0.0830946
580.2 5.96903 -0.0535483
580.4 5.96903 -0.0178178
580.6 5.96903 -0.00531534
580.8 5.96903 -0.0239272
581 5.96903 -0.0530628
581.2 5.96903 -0.0631205
581.4 5.96903 -0.0439053
581.6 5.96903 -0.0135818
581.8 5.96903 5.80612e-05
582 5.96903 -0.0149859
582.2 5.96903 -0.0475843
582.4 5.96903 -0.0761327
582.6 5.96903 -0.0831705
582.8 5.96903 -0.0605331
583 5.96903 -0.0113957
583.2 5.96903 0.0444339
583.4 5.96903 0.0726825
583.6 5.96903 0.0474984
583.8 5.96903 -0.017946
584 5.96903 -0.0693528
584.2 5.96903 -0.0545979
584.4 5.96903 0.0229735
584.6 5.96903 0.0999166
584.8 5.96903 0.111406
585 5.96903 0.0568375
585.2 5.96903 0.00151817
585.4 5.96903 0.00817814
585.6 5.96903 0.0701047
585.8 5.96903 0.118294
586 5.96903 0.0945285
586.2 5.96903 0.0114204
586.4 5.96903 -0.0636095
586.6 5.96903 -0.0786129
586.8 5.96903 -0.0438128
587 5.96903 -0.00916304
587.2 5.96903 -0.00566531
587.4 5.96903 -0.0177445
587.6 5.96903 -0.0115539
587.8 5.96903 0.020398
588 5.96903 0.0503954
588.2 5.96903 0.0480745
588.4 5.96903 0.0134135
588.6 5.96903 -0.0260026
588.8 5.96903 -0.0457868
589 5.96903 -0.0465727
589.2 5.96903 -0.0456011
589.4 5.96903 -0.0525806
589.6 5.96903 -0.0590342
589.8 5.96903 -0.0506407
590 5.96903 -0.0251472
590.2 5.96903 0.00507787
590.4 5.96903 0.0267015
590.6 5.96903 0.0375452
590.8 5.96903 0.0431327
591 5.96903 0.0433766
591.2 5.96903 0.0275678
591.4 5.96903 -0.0136959
591.6 5.96903 -0.0717259
591.8 5.96903 -0.118783
592 5.96903 -0.12808
592.2 5.96903 -0.0969782
592.4 5.96903 -0.0491486
592.6 5.96903 -0.0125762
592.8 5.96903 0.00419778
593 5.96903 0.0131321
593.2 5.96903 0.0263295
593.4 5.96903 0.0391782
593.6 5.96903 0.0369104
593.8 5.96903 0.0158378
594 5.96903 -0.00713454
594.2 5.96903 -0.00898032
594.4 5.96903 0.0169922
594.6 5.96903 0.0548454
594.8 5.96903 0.0800949
595 5.96903 0.0768175
595.2 5.96903 0.0435071
595.4 5.96903 -0.0092254
595.6 5.96903 -0.0601821
595.8 5.96903 -0.081819
596 5.96903 -0.0561774
596.2 5.96903 0.00453385
596.4 5.96903 0.0579622
596.6 5.96903 0.0633467
596.8 5.96903 0.0183243
597 5.96903 -0.0399724
597.2 5.96903 -0.0740058
597.4 5.96903 -0.0812321
597.6 5.96903 -0.0839451
597.8 5.96903 -0.0885791
598 5.96903 -0.0711712
598.2 5.96903 -0.0138711
598.4 5.96903 0.0534114
598.6 5.96903 0.0692102
598.8 5.96903 0.00879514
599 5.96903 -0.074968
599.2 5.96903 -0.0973326
599.4 5.96903 -0.0321004
599.6 5.96903 0.0566435
599.8 5.96903 0.0834236
600 5.96903 0.0342109
600.2 5.96903 -0.023972
600.4 5.96903 -0.0270704
600.6 5.96903 0.0104567
600.8 5.96903 0.0193394
601 5.96903 -0.0328358
601.2 5.96903 -0.0958733
601.4 5.96903 -0.0942339
601.6 5.96903 -0.0176261
601.8 5.96903 0.0645728
602 5.96903 0.0801266
602.2 5.96903 0.0290475
602.4 5.96903 -0.0284915
602.6 5.96903 -0.047109
602.8 5.96903 -0.0386609
603 5.96903 -0.037535
603.2 5.96903 -0.044673
603.4 5.96903 -0.0271154
603.6 5.96903 0.0288731
603.8 5.96903 0.0852413
604 5.96903 0.0867808
604.2 5.96903 0.0231669
604.4 5.96903 -0.0564244
604.6 5.96903 -0.0920181
604.8 5.96903 -0.0673313
605 5.96903 -0.0133263
605.2 5.96903 0.0309013
605.4 5.96903 0.0496735
605.6 5.96903 0.048658
605.8 5.96903 0.0389705
606 5.96903 0.0319842
606.2 5.96903 0.0392983
606.4 5.96903 0.0621387
606.6 5.96903 0.080156
606.8 5.96903 0.0651474
607 5.96903 0.0155849
607.2 5.96903 -0.0299173
607.4 5.96903 -0.0275645
607.6 5.96903 0.0216587
607.8 5.96903 0.0687262
608 5.96903 0.0703679
608.2 5.96903 0.038193
608.4 5.96903 0.0212802
608.6 5.96903 0.0414224
608.8 5.96903 0.0619093
609 5.96903 0.0317132
609.2 5.96903 -0.0471539
609.4 5.96903 -0.113016
609.6 5.96903 -0.109276
609.8 5.96903 -0.044239
610 5.96903 0.0224876
610.2 5.96903 0.0455439
610.4 5.96903 0.0318656
610.6 5.96903 0.0144852
610.8 5.96903 0.00706157
611 5.96903 -0.00147565
611.2 5.96903 -0.0165965
611.4 5.96903 -0.0250821
611.6 5.96903 -0.0200421
611.8 5.96903 -0.0218328
612 5.96903 -0.0533502
612.2 5.96903 -0.0963683
612.4 5.96903 -0.0952807
612.6 5.96903 -0.0203664
612.8 5.96903 0.0821799
613 5.96903 0.124674
613.2 5.96903 0.0701344
613.4 5.96903 -0.0231159
613.6 5.96903 -0.062133
613.8 5.96903 -0.0198004
614 5.96903 0.0406851
614.2 5.96903 0.0445002
614.4 5.96903 -0.00736863
614.6 5.96903 -0.0452917
614.8 5.96903 -0.0206642
615 5.96903 0.0328992
615.2 5.96903 0.0407883
615.4 5.96903 -0.0196618
615.6 5.96903 -0.0874693
615.8 5.96903 -0.0864099
616 5.96903 -0.013128
616.2 5.96903 0.0571231
616.4 5.96903 0.0532875
616.6 5.96903 -0.0149114
616.8 5.96903 -0.0710371
617 5.96903 -0.0567774
617.2 5.96903 0.00781508
617.4 5.96903 0.0521684
617.6 5.96903 0.0352894
617.8 5.96903 -0.0115479
618 5.96903 -0.0236544
618.2 5.96903 0.0218947
618.4 5.96903 0.0773677
618.6 5.96903 0.0731509
618.8 5.96903 -0.00723644
619 5.96903 -0.104948
619.2 5.96903 -0.140929
619.4 5.96903 -0.0927785
619.6 5.96903 -0.0147608
619.8 5.96903 0.0192214
620 5.96903 -0.0102847
620.2 5.96903 -0.0531056
620.4 5.96903 -0.046423
620.6 5.96903 0.0193306
620.8 5.96903 0.0946129
621 5.96903 0.124675
621.2 5.96903 0.0999198
621.4 5.96903 0.050801
621.6 5.96903 0.00465257
621.8 5.96903 -0.0377175
622 5.96903 -0.0816128
622.2 5.96903 -0.111224
622.4 5.96903 -0.0997358
622.6 5.96903 -0.0471489
622.8 5.96903 0.00667675
623 5.96903 0.0181383
623.2 5.96903 -0.0140651
623.4 5.96903 -0.0494206
623.6 5.96903 -0.0532168
623.8 5.96903 -0.0336904
624 5.96903 -0.0248726
624.2 5.96903 -0.0396683
624.4 5.96903 -0.0533874
624.6 5.96903 -0.0367504
624.8 5.96903 0.00596834
625 5.96903 0.0416819
625.2 5.96903 0.0472162
625.4 5.96903 0.0315696
625.6 5.96903 0.0175296
625.8 5.96903 0.0127517
626 5.96903 0.00916935
626.2 5.96903 0.00522074
626.4 5.96903 0.013606
626.6 5.96903 0.0419143
626.8 5.96903 0.0767593
627 5.96903 0.0984389
627.2 5.96903 0.106624
627.4 5.96903 0.116386
627.6 5.96903 0.125345
627.8 5.96903 0.101262
628 5.96903 0.0205328
628.2 5.96903 -0.0833748
628.4 5.96903 -0.131498
628.6 5.96903 -0.0759531
628.8 5.96903 0.0400236
629 5.96903 0.114567
629.2 5.96903 0.0868017
629.4 5.96903 -0.00330383
629.6 5.96903 -0.0606335
629.8 5.96903 -0.0344644
630 5.96903 0.0366721
630.2 5.96903 0.0754031
630.4 5.96903 0.0466355
630.6 5.96903 -0.0176654
630.8 5.96903 -0.0622771
631 5.96903 -0.0609642
631.2 5.96903 -0.0272268
631.4 5.96903 0.00851002
631.6 5.96903 0.0203191
631.8 5.96903 -0.0035492
632 5.96903 -0.0516366
632.2 5.96903 -0.085598
632.4 5.96903 -0.0633859
632.6 5.96903 0.0163832
632.8 5.96903 0.0971585
633 5.96903 0.109574
633.2 5.96903 0.0431465
633.4 5.96903 -0.0370502
633.6 5.96903 -0.0570223
633.8 5.96903 -0.0134423
634 5.96903 0.0262733
634.2 5.96903 0.00459607
634.4 5.96903 -0.0605264
634.6 5.96903 -0.102503
634.8 5.96903 -0.0885874
635 5.96903 -0.0539298
635.2 5.96903 -0.0477844
635.4 5.96903 -0.0648773
635.6 5.96903 -0.0524274
635.8 5.96903 0.0163812
636 5.96903 0.0983292
636.2 5.96903 0.124008
636.4 5.96903 0.0760177
636.6 5.96903 0.0055974
636.8 5.96903 -0.0290368
637 5.96903 -0.0228391
637.2 5.96903 -0.0127275
637.4 5.96903 -0.0202273
637.6 5.96903 -0.0281767
637.8 5.96903 -0.0171341
638 5.96903 -0.00284514
638.2 5.96903 -0.0170203
638.4 5.96903 -0.0559144
638.6 5.96903 -0.0711178
638.8 5.96903 -0.0240926
639 5.96903 0.0607923
639.2 5.96903 0.114301
639.4 5.96903 0.0946224
639.6 5.96903 0.0291652
639.8 5.96903 -0.0214349
640 5.96903 -0.0297738
640.2 5.96903 -0.0197871
640.4 5.96903 -0.0224743
640.6 5.96903 -0.0320564
640.8 5.96903 -0.0177675
641 5.96903 0.0286015
641.2 5.96903 0.0731467
641.4 5.96903 0.0736444
641.6 5.96903 0.0253446
641.8 5.96903 -0.0341711
642 5.96903 -0.0626031
642.2 5.96903 -0.0492849
642.4 5.96903 -0.0158239
642.6 5.96903 0.0100901
642.8 5.96903 0.0170499
643 5.96903 0.0124587
643.2 5.96903 0.0114952
643.4 5.96903 0.0233391
643.6 5.96903 0.0414816
643.8 5.96903 0.0453915
644 5.96903 0.0182252
644.2 5.96903 -0.0307334
644.4 5.96903 -0.0648288
644.6 5.96903 -0.050739
644.8 5.96903 0.00577227
645 5.96903 0.0603965
645.2 5.96903 0.0729889
645.4 5.96903 0.0482314
645.6 5.96903 0.0279678
645.8 5.96903 0.0429331
646 5.96903 0.0788201
646.2 5.96903 0.0938233
646.4 5.96903 0.0643893
646.6 5.96903 0.00610215
646.8 5.96903 -0.0486759
647 5.96903 -0.0830012
647.2 5.96903 -0.100518
647.4 5.96903 -0.107004
647.6 5.96903 -0.0997522
647.8 5.96903 -0.0772308
648 5.96903 -0.0492906
648.2 5.96903 -0.0296195
648.4 5.96903 -0.0214712
648.6 5.96903 -0.0183225
648.8 5.96903 -0.0172231
649 5.96903 -0.0221538
649.2 5.96903 -0.0312037
649.4 5.96903 -0.0305962
649.6 5.96903 -0.0122317
649.8 5.96903 0.00720365
650 5.96903 7.44778e-05
650.2 5.96903 -0.0329271
650.4 5.96903 -0.0503978
650.6 5.96903 -0.0139025
650.8 5.96903 0.0574887
651 5.96903 0.095061
651.2 5.96903 0.0555931
651.4 5.96903 -0.0213641
651.6 5.96903 -0.0505224
651.8 5.96903 0.00195328
652 5.96903 0.0757302
652.2 5.96903 0.0847649
652.4 5.96903 0.0197382
652.6 5.96903 -0.0392605
652.8 5.96903 -0.0180255
653 5.96903 0.0622495
653.2 5.96903 0.109173
653.4 5.96903 0.0680325
653.6 5.96903 -0.0160293
653.8 5.96903 -0.0550269
654 5.96903 -0.0213166
654.2 5.96903 0.0270361
654.4 5.96903 0.0235407
654.6 5.96903 -0.0264687
654.8 5.96903 -0.0583496
655 5.96903 -0.0301838
655.2 5.96903 0.0295363
655.4 5.96903 0.0620316
655.6 5.96903 0.0491594
655.8 5.96903 0.0276553
656 5.96903 0.0369597
656.2 5.96903 0.0707492
656.4 5.96903 0.0888357
656.6 5.96903 0.0673604
656.8 5.96903 0.0242188
657 5.96903 -0.00427947
657.2 5.96903 -0.00118769
657.4 5.96903 0.0205703
657.6 5.96903 0.0370866
657.8 5.96903 0.0353341
658 5.96903 0.0204527
658.2 5.96903 0.0104373
658.4 5.96903 0.0229491
658.6 5.96903 0.0573526
658.8 5.96903 0.0858065
659 5.96903 0.0723343
659.2 5.96903 0.0130755
659.4 5.96903 -0.0460336
659.6 5.96903 -0.0482119
659.8 5.96903 0.00906943
660 5.96903 0.0591158
660.2 5.96903 0.0328684
660.4 5.96903 -0.0590605
660.6 5.96903 -0.128044
660.8 5.96903 -0.102269
661 5.96903 -0.00977161
661.2 5.96903 0.0505263
661.4 5.96903 0.0217167
661.6 5.96903 -0.0461121
661.8 5.96903 -0.0574857
662 5.96903 0.0132233
662.2 5.96903 0.0910987
662.4 5.96903 0.0916929
662.6 5.96903 0.0231
662.8 5.96903 -0.0242363
663 5.96903 0.0139283
663.2 5.96903 0.0995341
663.4 5.96903 0.137657
663.6 5.96903 0.08539
663.8 5.96903 -0.00486649
664 5.96903 -0.0512481
664.2 5.96903 -0.0322006
664.4 5.96903 0.00358982
664.6 5.96903 0.00627856
664.8 5.96903 -0.0188632
665 5.96903 -0.0314514
665.2 5.96903 -0.0160191
665.4 5.96903 -0.00227626
665.6 5.96903 -0.0236812
665.8 5.96903 -0.070476
666 5.96903 -0.0955446
666.2 5.96903 -0.0647803
666.4 5.96903 0.00657122
666.6 5.96903 0.0691195
666.8 5.96903 0.086036
667 5.96903 0.0633935
667.2 5.96903 0.0398585
667.4 5.96903 0.0495171
667.6 5.96903 0.0904454
667.8 5.96903 0.12373
668 5.96903 0.105276
668.2 5.96903 0.0278388
668.4 5.96903 -0.0640387
668.6 5.96903 -0.107013
668.8 5.96903 -0.0760817
669 5.96903 -0.0100715
669.2 5.96903 0.0254822
669.4 5.96903 0.00383755
669.6 5.96903 -0.0388853
669.8 5.96903 -0.0477249
670 5.96903 -0.0101798
670.2 5.96903 0.0349604
670.4 5.96903 0.0473075
670.6 5.96903 0.0286755
670.8 5.96903 0.00856072
671 5.96903 -0.00284693
671.2 5.96903 -0.026555
671.4 5.96903 -0.0740604
671.6 5.96903 -0.112935
671.8 5.96903 -0.095118
672 5.96903 -0.0201462
672.2 5.96903 0.0497255
672.4 5.96903 0.0534502
672.6 5.96903 0.00322645
672.8 5.96903 -0.0258244
673 5.96903 0.0173699
673.2 5.96903 0.0976031
673.4 5.96903 0.132634
673.6 5.96903 0.0890289
673.8 5.96903 0.0200559
674 5.96903 0.000571388
674.2 5.96903 0.0376516
674.4 5.96903 0.0647147
674.6 5.96903 0.02513
674.8 5.96903 -0.0561666
675 5.96903 -0.0984711
675.2 5.96903 -0.0577274
675.4 5.96903 0.0225339
675.6 5.96903 0.0587153
675.8 5.96903 0.0166737
676 5.96903 -0.0562874
676.2 5.96903 -0.0861607
676.4 5.96903 -0.0484713
676.6 5.96903 0.0139996
676.8 5.96903 0.0411851
677 5.96903 0.0134787
677.2 5.96903 -0.0382596
677.4 5.96903 -0.0692295
677.6 5.96903 -0.0597384
677.8 5.96903 -0.0227838
678 5.96903 0.0159405
678.2 5.96903 0.0400579
678.4 5.96903 0.048811
678.6 5.96903 0.0491715
678.8 5.96903 0.0452718
679 5.96903 0.0342164
679.2 5.96903 0.0101711
679.4 5.96903 -0.0273708
679.6 5.96903 -0.0681527
679.8 5.96903 -0.0941555
680 5.96903 -0.0903624
680.2 5.96903 -0.0564018
680.4 5.96903 -0.00972294
680.6 5.96903 0.023941
680.8 5.96903 0.0283352
681 5.96903 0.0101908
681.2 5.96903 -0.00407779
681.4 5.96903 0.00968893
681.6 5.96903 0.0492066
681.8 5.96903 0.0836972
682 5.96903 0.0814918
682.2 5.96903 0.043848
682.4 5.96903 0.00813953
682.6 5.96903 0.0114011
682.8 5.96903 0.0498211
683 5.96903 0.0799458
683.2 5.96903 0.0641464
683.4 5.96903 0.01121
683.6 5.96903 -0.0345799
683.8 5.96903 -0.0433865
684 5.96903 -0.0291596
684.2 5.96903 -0.0239566
684.4 5.96903 -0.0310504
684.6 5.96903 -0.0185256
684.8 5.96903 0.0361673
685 5.96903 0.10733
685.2 5.96903 0.141332
685.4 5.96903 0.116451
685.6 5.96903 0.0703177
685.8 5.96903 0.0593279
686 5.96903 0.0963817
686.2 5.96903 0.138463
686.4 5.96903 0.135416
686.6 5.96903 0.0807374
686.8 5.96903 0.0105948
687 5.96903 -0.0357343
687.2 5.96903 -0.0427498
687.4 5.96903 -0.0128903
687.6 5.96903 0.043865
687.8 5.96903 0.102803
688 5.96903 0.121346
688.2 5.96903 0.069502
688.4 5.96903 -0.0285065
688.6 5.96903 -0.100205
688.8 5.96903 -0.0922256
689 5.96903 -0.0298201
689.2 5.96903 0.00795236
689.4 5.96903 -0.0202046
689.6 5.96903 -0.0657328
689.8 5.96903 -0.0466464
690 5.96903 0.0483237
690.2 5.96903 0.133074
690.4 5.96903 0.113993
690.6 5.96903 -0.00458578
690.8 5.96903 -0.122211
691 5.96903 -0.148138
691.2 5.96903 -0.0887857
691.4 5.96903 -0.0216207
691.6 5.96903 0.0012164
691.8 5.96903 0.000508457
692 5.96903 0.0219667
692.2 5.96903 0.0662062
692.4 5.96903 0.0873854
692.6 5.96903 0.0547942
692.8 5.96903 -0.00726104
693 5.96903 -0.049301
693.2 5.96903 -0.0514235
693.4 5.96903 -0.0326915
693.6 5.96903 -0.0130724
693.8 5.96903 0.0123959
694 5.96903 0.0535254
694.2 5.96903 0.0953197
694.4 5.96903 0.107386
694.6 5.96903 0.0814099
694.8 5.96903 0.0422452
695 5.96903 0.0152578
695.2 5.96903 -0.00364162
695.4 5.96903 -0.0312424
695.6 5.96903 -0.058738
695.8 5.96903 -0.0534255
696 5.96903 -0.00724574
696.2 5.96903 0.0345041
696.4 5.96903 0.0163653
696.6 5.96903 -0.0556254
696.8 5.96903 -0.10728
697 5.96903 -0.0749162
697.2 5.96903 0.0198199
697.4 5.96903 0.0925649
697.6 5.96903 0.0923189
697.8 5.96903 0.0544943
698 5.96903 0.0472927
698.2 5.96903 0.0817896
698.4 5.96903 0.100845
698.6 5.96903 0.0589461
698.8 5.96903 -0.0133664
699 5.96903 -0.0461432
699.2 5.96903 -0.0207329
699.4 5.96903 0.0057452
699.6 5.96903 -0.0221987
699.8 5.96903 -0.0779723
700 5.96903 -0.0772957
700.2 5.96903 0.0158887
700.4 5.96903 0.132441
700.6 5.96903 0.16518
700.8 5.96903 0.084646
701 5.96903 -0.031535
701.2 5.96903 -0.0864395
701.4 5.96903 -0.0626237
701.6 5.96903 -0.0207037
701.8 5.96903 -0.012935
702 5.96903 -0.0244882
702.2 5.96903 -0.00871446
702.4 5.96903 0.0384947
702.6 5.96903 0.0644485
702.8 5.96903 0.0233137
703 5.96903 -0.0628515
703.2 5.96903 -0.120824
703.4 5.96903 -0.101463
703.6 5.96903 -0.0278827
703.8 5.96903 0.0328898
704 5.96903 0.0372992
704.2 5.96903 3.24586e-05
704.4 5.96903 -0.0313238
704.6 5.96903 -0.0256892
704.8 5.96903 0.00768094
705 5.96903 0.0349578
705.2 5.96903 0.0306258
705.4 5.96903 -0.00126119
705.6 5.96903 -0.0306305
705.8 5.96903 -0.0255403
706 5.96903 0.0199188
706.2 5.96903 0.0759705
706.4 5.96903 0.0982303
706.6 5.96903 0.0654319
706.8 5.96903 -0.00037378
707 5.96903 -0.0524086
707.2 5.96903 -0.0597723
707.4 5.96903 -0.0298773
707.6 5.96903 0.00696659
707.8 5.96903 0.0294518
708 5.96903 0.0381981
708.2 5.96903 0.0421526
708.4 5.96903 0.0423452
708.6 5.96903 0.0341894
708.8 5.96903 0.0200017
709 5.96903 0.00966271
709.2 5.96903 0.00682708
709.4 5.96903 0.00176558
709.6 5.96903 -0.0151982
709.8 5.96903 -0.0351762
710 5.96903 -0.0336421
710.2 5.96903 0.00324873
710.4 5.96903 0.0578208
710.6 5.96903 0.0915641
710.8 5.96903 0.0792091
711 5.96903 0.0320418
711.2 5.96903 -0.0122404
711.4 5.96903 -0.0229927
711.6 5.96903 -0.00288661
711.8 5.96903 0.0146488
712 5.96903 -0.00586958
712.2 5.96903 -0.0685951
712.4 5.96903 -0.134727
712.6 5.96903 -0.146938
712.8 5.96903 -0.0772276
713 5.96903 0.0405661
713.2 5.96903 0.12926
713.4 5.96903 0.131094
713.6 5.96903 0.0597949
713.8 5.96903 -0.011738
714 5.96903 -0.0201339
714.2 5.96903 0.030883
714.4 5.96903 0.0827087
714.6 5.96903 0.0872175
714.8 5.96903 0.0519513
715 5.96903 0.0189939
715.2 5.96903 0.00984771
715.4 5.96903 0.00461985
715.6 5.96903 -0.02351
715.8 5.96903 -0.0670704
716 5.96903 -0.0895803
716.2 5.96903 -0.0689345
716.4 5.96903 -0.0226388
716.6 5.96903 0.0150471
716.8 5.96903 0.031716
717 5.96903 0.0419421
717.2 5.96903 0.0577047
717.4 5.96903 0.067994
717.6 5.96903 0.0553369
717.8 5.96903 0.0239073
718 5.96903 -0.00173253
718.2 5.96903 -0.00640118
718.4 5.96903 -0.00141814
718.6 5.96903 -0.00578013
718.8 5.96903 -0.0188983
719 5.96903 -0.0242095
719.2 5.96903 -0.0180905
719.4 5.96903 -0.0197357
719.6 5.96903 -0.0425298
719.8 5.96903 -0.0651105
720 5.96903 -0.0488483
720.2 5.96903 0.0110078
720.4 5.96903 0.065718
720.6 5.96903 0.059654
720.8 5.96903 -0.00496597
721 5.96903 -0.0637483
721.2 5.96903 -0.0580216
721.4 5.96903 0.000231528
721.6 5.96903 0.0416092
721.8 5.96903 0.0161222
722 5.96903 -0.0534338
722.2 5.96903 -0.0981363
722.4 5.96903 -0.07459
722.6 5.96903 -0.00205492
722.8 5.96903 0.0658524
723 5.96903 0.0918955
723.2 5.96903 0.074759
723.4 5.96903 0.0326289
723.6 5.96903 -0.0150697
723.8 5.96903 -0.0495995
724 5.96903 -0.0536589
724.2 5.96903 -0.0250544
724.4 5.96903 0.0131606
724.6 5.96903 0.0288213
724.8 5.96903 0.0125482
725 5.96903 -0.0123657
725.2 5.96903 -0.0173501
725.4 5.96903 -0.00160265
725.6 5.96903 0.00994821
725.8 5.96903 0.00034819
726 5.96903 -0.0177255
726.2 5.96903 -0.0190966
726.4 5.96903 0.00224887
726.6 5.96903 0.0284233
726.8 5.96903 0.0427513
727 5.96903 0.0476705
727.2 5.96903 0.052218
727.4 5.96903 0.0516551
727.6 5.96903 0.0336133
727.8 5.96903 0.00397628
728 5.96903 -0.00889641
728.2 5.96903 0.0126381
728.4 5.96903 0.0452209
728.6 5.96903 0.0437688
728.8 5.96903 -0.00442616
729 5.96903 -0.0576173
729.2 5.96903 -0.0645682
729.4 5.96903 -0.027585
729.6 5.96903 -0.00473165
729.8 5.96903 -0.0419856
730 5.96903 -0.113788
730.2 5.96903 -0.145306
730.4 5.96903 -0.0942597
730.6 5.96903 0.00146696
730.8 5.96903 0.0640001
731 5.96903 0.0544148
731.2 5.96903 0.00257656
731.4 5.96903 -0.0363612
731.6 5.96903 -0.0384795
731.8 5.96903 -0.0185334
732 5.96903 0.00327428
732.2 5.96903 0.0216243
732.4 5.96903 0.0329863
732.6 5.96903 0.0235498
732.8 5.96903 -0.0116421
733 5.96903 -0.0437074
733.2 5.96903 -0.0267199
733.4 5.96903 0.0481713
733.6 5.96903 0.12597
733.8 5.96903 0.133714
734 5.96903 0.0573061
734.2 5.96903 -0.038132
734.4 5.96903 -0.0739219
734.6 5.96903 -0.0387101
734.8 5.96903 0.00598141
735 5.96903 -0.00068002
735.2 5.96903 -0.0518641
735.4 5.96903 -0.0866801
735.6 5.96903 -0.0622295
735.8 5.96903 0.00131317
736 5.96903 0.0482895
736.2 5.96903 0.0476422
736.4 5.96903 0.0162515
736.6 5.96903 -0.0106252
736.8 5.96903 -0.0173954
737 5.96903 -0.0128639
737.2 5.96903 -0.00934837
737.4 5.96903 -0.00982081
737.6 5.96903 -0.013889
737.8 5.96903 -0.0235347
738 5.96903 -0.0362317
738.2 5.96903 -0.0400356
738.4 5.96903 -0.026166
738.6 5.96903 -0.00527972
738.8 5.96903 0.000270702
739 5.96903 -0.0137124
739.2 5.96903 -0.0192171
739.4 5.96903 0.0157709
739.6 5.96903 0.0840103
739.8 5.96903 0.135282
740 5.96903 0.124735
740.2 5.96903 0.0618346
740.4 5.96903 0.00149432
740.6 5.96903 -0.0145098
740.8 5.96903 0.00194979
741 5.96903 0.00917112
741.2 5.96903 -0.00844067
741.4 5.96903 -0.0229992
741.6 5.96903 -0.00539483
741.8 5.96903 0.0284324
742 5.96903 0.029479
742.2 5.96903 -0.0244773
742.4 5.96903 -0.094308
742.6 5.96903 -0.116361
742.8 5.96903 -0.0711579
743 5.96903 -0.00415991
743.2 5.96903 0.025974
743.4 5.96903 0.0116284
743.6 5.96903 -0.000940516
743.8 5.96903 0.0290331
744 5.96903 0.0867122
744.2 5.96903 0.118915
744.4 5.96903 0.0967546
744.6 5.96903 0.0494699
744.8 5.96903 0.0306747
745 5.96903 0.0573483
745.2 5.96903 0.091385
745.4 5.96903 0.0838319
745.6 5.96903 0.0310295
745.8 5.96903 -0.019388
746 5.96903 -0.0173438
746.2 5.96903 0.0392916
746.4 5.96903 0.104445
746.6 5.96903 0.129419
746.8 5.96903 0.104485
747 5.96903 0.057197
747.2 5.96903 0.0173518
747.4 5.96903 -0.00989165
747.6 5.96903 -0.0368439
747.8 5.96903 -0.0670992
748 5.96903 -0.0842631
748.2 5.96903 -0.0691068
748.4 5.96903 -0.0242897
748.6 5.96903 0.0228455
748.8 5.96903 0.0440721
749 5.96903 0.0353978
749.2 5.96903 0.0174912
749.4 5.96903 0.0123362
749.6 5.96903 0.0223848
749.8 5.96903 0.0333781
750 5.96903 0.0339703
750.2 5.96903 0.0274671
750.4 5.96903 0.0230481
750.6 5.96903 0.0204307
750.8 5.96903 0.00980626
751 5.96903 -0.0118761
751.2 5.96903 -0.0305806
751.4 5.96903 -0.0281897
751.6 5.96903 -0.00633367
751.8 5.96903 0.00979958
752 5.96903 -0.00140276
752.2 5.96903 -0.027304
752.4 5.96903 -0.0257131
752.6 5.96903 0.0316523
752.8 5.96903 0.120162
753 5.96903 0.173792
753.2 5.96903 0.143918
753.4 5.96903 0.0487786
753.6 5.96903 -0.0389529
753.8 5.96903 -0.0581836
754 5.96903 -0.0142558
754.2 5.96903 0.0313729
754.4 5.96903 0.025045
754.6 5.96903 -0.0278699
754.8 5.96903 -0.0750248
755 5.96903 -0.0751171
755.2 5.96903 -0.038653
755.4 5.96903 -0.0102355
755.6 5.96903 -0.0162521
755.8 5.96903 -0.0370797
756 5.96903 -0.0322119
756.2 5.96903 0.0126
756.4 5.96903 0.0689796
756.6 5.96903 0.0959011
756.8 5.96903 0.0804239
757 5.96903 0.0456675
757.2 5.96903 0.0227238
757.4 5.96903 0.0211744
757.6 5.96903 0.0276497
757.8 5.96903 0.0254073
758 5.96903 0.00781457
758.2 5.96903 -0.0243387
758.4 5.96903 -0.0668955
758.6 5.96903 -0.106222
758.8 5.96903 -0.116242
759 5.96903 -0.0770533
759.2 5.96903 -0.00420179
759.4 5.96903 0.0498866
759.6 5.96903 0.0396755
759.8 5.96903 -0.0225995
760 5.96903 -0.0692039
760.2 5.96903 -0.0425081
760.4 5.96903 0.0406786
760.6 5.96903 0.100091
760.8 5.96903 0.0741312
761 5.96903 -0.0138854
761.2 5.96903 -0.0799396
761.4 5.96903 -0.0695449
761.6 5.96903 -0.0132529
761.8 5.96903 0.0146372
762 5.96903 -0.0154817
762.2 5.96903 -0.0563659
762.4 5.96903 -0.0451223
762.6 5.96903 0.0160805
762.8 5.96903 0.0570332
763 5.96903 0.019417
763.2 5.96903 -0.0724282
763.4 5.96903 -0.132381
763.6 5.96903 -0.101849
763.8 5.96903 -0.00790889
764 5.96903 0.070269
764.2 5.96903 0.0838584
764.4 5.96903 0.0541071
764.6 5.96903 0.0339542
764.8 5.96903 0.0441652
765 5.96903 0.056371
765.2 5.96903 0.0340021
765.4 5.96903 -0.0214366
765.6 5.96903 -0.0692459
765.8 5.96903 -0.0696501
766 5.96903 -0.0207827
766.2 5.96903 0.0405668
766.4 5.96903 0.0701223
766.6 5.96903 0.0505591
766.8 5.96903 0.00399424
767 5.96903 -0.025242
767.2 5.96903 -0.00670027
767.4 5.96903 0.0478616
767.6 5.96903 0.0911196
767.8 5.96903 0.0829303
768 5.96903 0.0319096
768.2 5.96903 -0.00915311
768.4 5.96903 0.00342621
768.6 5.96903 0.0557368
768.8 5.96903 0.0880191
769 5.96903 0.0578951
769.2 5.96903 -0.0134766
769.4 5.96903 -0.064774
769.6 5.96903 -0.060059
769.8 5.96903 -0.0207929
770 5.96903 0.00875906
770.2 5.96903 0.0144404
770.4 5.96903 0.0164936
770.6 5.96903 0.0258167
770.8 5.96903 0.0183576
771 5.96903 -0.0306321
771.2 5.96903 -0.09577
771.4 5.96903 -0.110367
771.6 5.96903 -0.0402395
771.8 5.96903 0.0625152
772 5.96903 0.100569
772.2 5.96903 0.0338955
772.4 5.96903 -0.0702675
772.6 5.96903 -0.102138
772.8 5.96903 -0.0220636
773 5.96903 0.101376
773.2 5.96903 0.166355
773.4 5.96903 0.139689
773.6 5.96903 0.0762214
773.8 5.96903 0.0458012
774 5.96903 0.0588785
774.2 5.96903 0.0699351
774.4 5.96903 0.0416963
774.6 5.96903 -0.0108386
774.8 5.96903 -0.0413809
775 5.96903 -0.023783
775.2 5.96903 0.0259094
775.4 5.96903 0.0720526
775.6 5.96903 0.0915742
775.8 5.96903 0.0830292
776 5.96903 0.0563585
776.2 5.96903 0.0245365
776.4 5.96903 0.00172724
776.6 5.96903 -0.00254307
776.8 5.96903 0.00669402
777 5.96903 0.0113988
777.2 5.96903 -0.000556789
777.4 5.96903 -0.0188213
777.6 5.96903 -0.0195451
777.8 5.96903 0.006656
778 5.96903 0.0404639
778.2 5.96903 0.052208
778.4 5.96903 0.0327201
778.6 5.96903 0.00134612
778.8 5.96903 -0.0163821
779 5.96903 -0.013412
779.2 5.96903 -0.00141961
779.4 5.96903 0.00795741
779.6 5.96903 0.014495
779.8 5.96903 0.0220592
780 5.96903 0.0276501
780.2 5.96903 0.0238964
780.4 5.96903 0.010453
780.6 5.96903 -0.00291962
780.8 5.96903 -0.00613153
781 5.96903 0.00192618
781.2 5.96903 0.0151616
781.4 5.96903 0.027255
781.6 5.96903 0.0330053
781.8 5.96903 0.0261369
782 5.96903 0.0034844
782.2 5.96903 -0.0264942
782.4 5.96903 -0.0464525
782.6 5.96903 -0.0487803
782.8 5.96903 -0.0491116
783 5.96903 -0.071292
783.2 5.96903 -0.113835
783.4 5.96903 -0.138395
783.6 5.96903 -0.103344
783.8 5.96903 -0.0123475
784 5.96903 0.0772679
784.2 5.96903 0.102796
784.4 5.96903 0.0541521
784.6 5.96903 -0.0186585
784.8 5.96903 -0.0553098
785 5.96903 -0.038603
785.2 5.96903 0.000282515
785.4 5.96903 0.0222131
785.6 5.96903 0.0187523
785.8 5.96903 0.0130387
786 5.96903 0.030959
786.2 5.96903 0.075113
786.4 5.96903 0.121862
786.6 5.96903 0.138257
786.8 5.96903 0.105665
787 5.96903 0.0369694
787.2 5.96903 -0.0257884
787.4 5.96903 -0.0397685
787.6 5.96903 0.000952186
787.8 5.96903 0.0545479
788 5.96903 0.066726
788.2 5.96903 0.0236342
788.4 5.96903 -0.0334705
788.6 5.96903 -0.0517806
788.8 5.96903 -0.0230876
789 5.96903 0.0109083
789.2 5.96903 0.0099082
789.4 5.96903 -0.0182231
789.6 5.96903 -0.0307856
789.8 5.96903 -0.00532535
790 5.96903 0.0325757
790.2 5.96903 0.0419125
790.4 5.96903 0.0162948
790.6 5.96903 -0.0114377
790.8 5.96903 -0.0125032
791 5.96903 0.0047364
791.2 5.96903 0.0122643
791.4 5.96903 0.00218707
791.6 5.96903 -0.00690664
791.8 5.96903 -0.00293606
792 5.96903 -0.0021305
792.2 5.96903 -0.0251802
792.4 5.96903 -0.060259
792.6 5.96903 -0.0695383
792.8 5.96903 -0.0385275
793 5.96903 -0.00403012
793.2 5.96903 -0.0167
793.4 5.96903 -0.0784384
793.6 5.96903 -0.133934
793.8 5.96903 -0.132271
794 5.96903 -0.0851243
794.2 5.96903 -0.0493718
794.4 5.96903 -0.0548112
794.6 5.96903 -0.0675975
794.8 5.96903 -0.035775
795 5.96903 0.0399562
795.2 5.96903 0.0991017
795.4 5.96903 0.0883243
795.6 5.96903 0.0223187
795.8 5.96903 -0.0324945
796 5.96903 -0.02878
796.2 5.96903 0.0184225
796.4 5.96903 0.0579788
796.6 5.96903 0.0577563
796.8 5.96903 0.0258191
797 5.96903 -0.012161
797.2 5.96903 -0.0395496
797.4 5.96903 -0.0516897
797.6 5.96903 -0.0487465
797.8 5.96903 -0.0385644
798 5.96903 -0.039546
798.2 5.96903 -0.0633816
798.4 5.96903 -0.0908211
798.6 5.96903 -0.0797642
798.8 5.96903 -0.0126431
799 5.96903 0.0681449
799.2 5.96903 0.0899357
799.4 5.96903 0.0249632
799.6 5.96903 -0.0716492
799.8 5.96903 -0.111438
800 5.96903 -0.0609063
800.2 5.96903 0.0267204
800.4 5.96903 0.0699185
800.6 5.96903 0.0404203
800.8 5.96903 -0.0185862
801 5.96903 -0.0460634
801.2 5.96903 -0.0210515
801.4 5.96903 0.0320671
801.6 5.96903 0.0780333
801.8 5.96903 0.0964532
802 5.96903 0.0815672
802.2 5.96903 0.0388338
802.4 5.96903 -0.00895804
802.6 5.96903 -0.0264646
802.8 5.96903 0.00346333
803 5.96903 0.0526305
803.2 5.96903 0.0676959
803.4 5.96903 0.0289738
803.6 5.96903 -0.019638
803.8 5.96903 -0.015511
804 5.96903 0.0470121
804.2 5.96903 0.100865
804.4 5.96903 0.0778614
804.6 5.96903 -0.0112328
804.8 5.96903 -0.0835536
805 5.96903 -0.0728514
805.2 5.96903 0.00115376
805.4 5.96903 0.0609537
805.6 5.96903 0.0584484
805.8 5.96903 0.0172452
806 5.96903 -0.0115728
806.2 5.96903 -0.0149296
806.4 5.96903 -0.021367
806.6 5.96903 -0.0470135
806.8 5.96903 -0.0634711
807 5.96903 -0.0336818
807.2 5.96903 0.0320349
807.4 5.96903 0.0776073
807.6 5.96903 0.0641546
807.8 5.96903 0.0166718
808 5.96903 -0.00535754
808.2 5.96903 0.0211167
808.4 5.96903 0.0566366
808.6 5.96903 0.0484979
808.8 5.96903 -0.00632962
809 5.96903 -0.0597868
809.2 5.96903 -0.0698937
809.4 5.96903 -0.0438417
809.6 5.96903 -0.0177351
809.8 5.96903 -0.00544087
810 5.96903 0.0156288
810.2 5.96903 0.0662322
810.4 5.96903 0.127392
810.6 5.96903 0.154016
810.8 5.96903 0.124013
811 5.96903 0.0618686
811.2 5.96903 0.00910519
811.4 5.96903 -0.0194488
811.6 5.96903 -0.0391874
811.8 5.96903 -0.0590821
812 5.96903 -0.0578098
812.2 5.96903 -0.00923717
812.4 5.96903 0.072284
812.6 5.96903 0.127765
812.8 5.96903 0.105934
813 5.96903 0.0172992
813.2 5.96903 -0.0724
813.4 5.96903 -0.105493
813.6 5.96903 -0.0833594
813.8 5.96903 -0.0510507
814 5.96903 -0.0393989
814.2 5.96903 -0.0359279
814.4 5.96903 -0.0164805
814.6 5.96903 0.00905198
814.8 5.96903 0.00237208
815 5.96903 -0.0482253
815.2 5.96903 -0.095728
815.4 5.96903 -0.0780222
815.6 5.96903 0.00464032
815.8 5.96903 0.0742433
816 5.96903 0.0535614
816.2 5.96903 -0.0430909
816.4 5.96903 -0.116118
816.6 5.96903 -0.0867047
816.8 5.96903 0.0147607
817 5.96903 0.0823785
817.2 5.96903 0.0553751
817.4 5.96903 -0.0145116
817.6 5.96903 -0.02908
817.8 5.96903 0.0354186
818 5.96903 0.0982119
818.2 5.96903 0.0718926
818.4 5.96903 -0.0295481
818.6 5.96903 -0.103605
818.8 5.96903 -0.0777983
819 5.96903 0.00889973
819.2 5.96903 0.0566711
819.4 5.96903 0.0224344
819.6 5.96903 -0.037761
819.8 5.96903 -0.0452964
820 5.96903 0.00713968
820.2 5.96903 0.0569559
820.4 5.96903 0.054763
820.6 5.96903 0.017144
820.8 5.96903 -0.0108827
821 5.96903 -0.020073
821.2 5.96903 -0.0366713
821.4 5.96903 -0.0647908
821.6 5.96903 -0.0636349
821.8 5.96903 -0.00256063
822 5.96903 0.0791841
822.2 5.96903 0.100571
822.4 5.96903 0.0336972
822.6 5.96903 -0.0539359
822.8 5.96903 -0.0731992
823 5.96903 -0.0183373
823.2 5.96903 0.0282125
823.4 5.96903 0.00159902
823.6 5.96903 -0.0604099
823.8 5.96903 -0.0618766
824 5.96903 0.0308545
824.2 5.96903 0.141857
824.4 5.96903 0.170094
824.6 5.96903 0.100939
824.8 5.96903 0.0116741
825 5.96903 -0.024852
825.2 5.96903 -0.0128315
825.4 5.96903 -0.000498636
825.6 5.96903 -0.00265197
825.8 5.96903 0.0109721
826 5.96903 0.0534197
826.2 5.96903 0.0831366
826.4 5.96903 0.0539537
826.6 5.96903 -0.0133515
826.8 5.96903 -0.0437807
827 5.96903 -0.000546887
827.2 5.96903 0.0608068
827.4 5.96903 0.0552701
827.6 5.96903 -0.0241504
827.8 5.96903 -0.0912819
828 5.96903 -0.0683591
828.2 5.96903 0.0189756
828.4 5.96903 0.0718546
828.6 5.96903 0.0363903
828.8 5.96903 -0.0355656
829 5.96903 -0.0540396
829.2 5.96903 0.000745733
829.4 5.96903 0.0612159
829.6 5.96903 0.0588986
829.8 5.96903 0.00214692
830 5.96903 -0.0441494
830.2 5.96903 -0.0385053
830.4 5.96903 0.000175163
830.6 5.96903 0.0313948
830.8 5.96903 0.0425373
831 5.96903 0.0458145
831.2 5.96903 0.0432384
831.4 5.96903 0.0206552
831.6 5.96903 -0.0209538
831.8 5.96903 -0.0505185
832 5.96903 -0.0391723
832.2 5.96903 0.00146666
832.4 5.96903 0.0312202
832.6 5.96903 0.0306217
832.8 5.96903 0.0200202
833 5.96903 0.0217709
833.2 5.96903 0.0206942
833.4 5.96903 -0.0160079
833.6 5.96903 -0.0823778
833.8 5.96903 -0.122644
834 5.96903 -0.0919911
834.2 5.96903 -0.0163749
834.4 5.96903 0.0300993
834.6 5.96903 0.00819208
834.8 5.96903 -0.0455573
835 5.96903 -0.0702611
835.2 5.96903 -0.0560945
835.4 5.96903 -0.0463591
835.6 5.96903 -0.0691205
835.8 5.96903 -0.09565
836 5.96903 -0.0832232
836.2 5.96903 -0.0408742
836.4 5.96903 -0.0218375
836.6 5.96903 -0.0477461
836.8 5.96903 -0.0698128
837 5.96903 -0.0291073
837.2 5.96903 0.0570224
837.4 5.96903 0.101236
837.6 5.96903 0.0490437
837.8 5.96903 -0.048481
838 5.96903 -0.0891264
838.2 5.96903 -0.0396799
838.4 5.96903 0.0264192
838.6 5.96903 0.0207719
838.8 5.96903 -0.0537323
839 5.96903 -0.112448
839.2 5.96903 -0.0963651
839.4 5.96903 -0.0389312
839.6 5.96903 -0.0130546
839.8 5.96903 -0.0352542
840 5.96903 -0.0525017
840.2 5.96903 -0.0212789
840.4 5.96903 0.032311
840.6 5.96903 0.050362
840.8 5.96903 0.0221721
841 5.96903 -0.00537667
841.2 5.96903 0.00251536
841.4 5.96903 0.0190376
841.6 5.96903 -0.00191524
841.8 5.96903 -0.0500477
842 5.96903 -0.0594784
842.2 5.96903 0.00532224
842.4 5.96903 0.0905365
842.6 5.96903 0.106943
842.8 5.96903 0.0374816
843 5.96903 -0.0362597
843.2 5.96903 -0.026285
843.4 5.96903 0.0609393
843.6 5.96903 0.135925
843.8 5.96903 0.131414
844 5.96903 0.0712459
844.2 5.96903 0.0271108
844.4 5.96903 0.0283962
844.6 5.96903 0.039026
844.8 5.96903 0.0179955
845 5.96903 -0.0257848
845.2 5.96903 -0.0532434
845.4 5.96903 -0.051764
845.6 5.96903 -0.0463436
845.8 5.96903 -0.0547612
846 5.96903 -0.0571313
846.2 5.96903 -0.0268052
846.4 5.96903 0.0217326
846.6 5.96903 0.0406942
846.8 5.96903 0.00844726
847 5.96903 -0.0390716
847.2 5.96903 -0.0512709
847.4 5.96903 -0.0263593
847.6 5.96903 -0.0103346
847.8 5.96903 -0.0308105
848 5.96903 -0.0538299
848.2 5.96903 -0.0245166
848.4 5.96903 0.0577649
848.6 5.96903 0.128003
848.8 5.96903 0.126852
849 5.96903 0.0673724
849.2 5.96903 0.0153763
849.4 5.96903 0.00963633
849.6 5.96903 0.0220488
849.8 5.96903 0.003549
850 5.96903 -0.0472618
850.2 5.96903 -0.0801273
850.4 5.96903 -0.055831
850.6 5.96903 0.0049551
850.8 5.96903 0.044868
851 5.96903 0.0320552
851.2 5.96903 -0.0126868
851.4 5.96903 -0.0472886
851.6 5.96903 -0.0518797
851.8 5.96903 -0.0364604
852 5.96903 -0.0189143
852.2 5.96903 -0.00998659
852.4 5.96903 -0.0164291
852.6 5.96903 -0.0416724
852.8 5.96903 -0.0744499
853 5.96903 -0.0866692
853.2 5.96903 -0.0575676
853.4 5.96903 -0.000994829
853.6 5.96903 0.0423964
853.8 5.96903 0.0460179
854 5.96903 0.0234735
854.2 5.96903 0.0076129
854.4 5.96903 0.0103415
854.6 5.96903 0.0163328
854.8 5.96903 0.0157482
855 5.96903 0.0244093
855.2 5.96903 0.0560204
855.4 5.96903 0.0830039
855.6 5.96903 0.0506236
855.8 5.96903 -0.0558741
856 5.96903 -0.170479
856.2 5.96903 -0.195703
856.4 5.96903 -0.100425
856.6 5.96903 0.0422214
856.8 5.96903 0.124815
857 5.96903 0.108035
857.2 5.96903 0.0450255
857.4 5.96903 0.00868274
857.6 5.96903 0.0135764
857.8 5.96903 0.0193674
858 5.96903 -0.00302922
858.2 5.96903 -0.0328136
858.4 5.96903 -0.032741
858.6 5.96903 -0.00302416
858.8 5.96903 0.0176677
859 5.96903 0.00294768
859.2 5.96903 -0.0275992
859.4 5.96903 -0.0353651
859.6 5.96903 -0.0127627
859.8 5.96903 0.00953957
860 5.96903 0.00529946
860.2 5.96903 -0.0127071
860.4 5.96903 -0.0115097
860.6 5.96903 0.0160552
860.8 5.96903 0.0394776
861 5.96903 0.0284916
861.2 5.96903 -0.0078668
861.4 5.96903 -0.0308635
861.6 5.96903 -0.0183336
861.8 5.96903 0.00894653
862 5.96903 0.0112232
862.2 5.96903 -0.0253284
862.4 5.96903 -0.0729639
862.6 5.96903 -0.0889884
862.8 5.96903 -0.0531111
863 5.96903 0.0188731
863.2 5.96903 0.0889726
863.4 5.96903 0.120637
863.6 5.96903 0.0973045
863.8 5.96903 0.0306888
864 5.96903 -0.0450987
864.2 5.96903 -0.0953047
864.4 5.96903 -0.109122
864.6 5.96903 -0.104045
864.8 5.96903 -0.103201
865 5.96903 -0.109826
865.2 5.96903 -0.108825
865.4 5.96903 -0.0927047
865.6 5.96903 -0.0764853
865.8 5.96903 -0.0788761
866 5.96903 -0.0928438
866.2 5.96903 -0.0873356
866.4 5.96903 -0.0443479
866.6 5.96903 0.0134229
866.8 5.96903 0.0429081
867 5.96903 0.028024
867.2 5.96903 -0.00367121
867.4 5.96903 -0.017436
867.6 5.96903 -0.015265
867.8 5.96903 -0.0297302
868 5.96903 -0.0733635
868.2 5.96903 -0.109092
868.4 5.96903 -0.0854576
868.6 5.96903 0.000162135
868.8 5.96903 0.0865021
869 5.96903 0.103592
869.2 5.96903 0.0390647
869.4 5.96903 -0.0559586
869.6 5.96903 -0.121273
869.8 5.96903 -0.13732
870 5.96903 -0.121684
870.2 5.96903 -0.0935098
870.4 5.96903 -0.0572731
870.6 5.96903 -0.0185005
870.8 5.96903 0.0046162
871 5.96903 -0.000695993
871.2 5.96903 -0.0184444
871.4 5.96903 -0.0154262
871.6 5.96903 0.0185192
871.8 5.96903 0.0529051
872 5.96903 0.0501967
872.2 5.96903 0.0130567
872.4 5.96903 -0.0155977
872.6 5.96903 -0.00378086
872.8 5.96903 0.0297901
873 5.96903 0.0387371
873.2 5.96903 0.00758353
873.4 5.96903 -0.0283638
873.6 5.96903 -0.0282205
873.8 5.96903 0.00145819
874 5.96903 0.0147734
874.2 5.96903 -0.0131225
874.4 5.96903 -0.051059
874.6 5.96903 -0.0499616
874.8 5.96903 -0.00781577
875 5.96903 0.0226266
875.2 5.96903 -0.00190569
875.4 5.96903 -0.0564868
875.6 5.96903 -0.0704841
875.8 5.96903 -0.00931703
876 5.96903 0.080832
876.2 5.96903 0.120271
876.4 5.96903 0.0819807
876.6 5.96903 0.018272
876.8 5.96903 3.88857e-05
877 5.96903 0.0411354
877.2 5.96903 0.0911684
877.4 5.96903 0.0969666
877.6 5.96903 0.0572049
877.8 5.96903 0.0130894
878 5.96903 -0.00221868
878.2 5.96903 0.00772034
878.4 5.96903 0.0209774
878.6 5.96903 0.0279338
878.8 5.96903 0.0338703
879 5.96903 0.0385964
879.2 5.96903 0.0289331
879.4 5.96903 -0.00280418
879.6 5.96903 -0.0411115
879.8 5.96903 -0.0584316
880 5.96903 -0.0445022
880.2 5.96903 -0.0182872
880.4 5.96903 -0.00738833
880.6 5.96903 -0.0195473
880.8 5.96903 -0.0384958
881 5.96903 -0.045301
881.2 5.96903 -0.0381269
881.4 5.96903 -0.0302409
881.6 5.96903 -0.0338936
881.8 5.96903 -0.0495655
882 5.96903 -0.0672214
882.2 5.96903 -0.0727283
882.4 5.96903 -0.0552017
882.6 5.96903 -0.0169549
882.8 5.96903 0.0196121
883 5.96903 0.0226537
883.2 5.96903 -0.019097
883.4 5.96903 -0.0744857
883.6 5.96903 -0.0887635
883.8 5.96903 -0.0362481
884 5.96903 0.0456392
884.2 5.96903 0.0852142
884.4 5.96903 0.0474787
884.6 5.96903 -0.0262125
884.8 5.96903 -0.0566439
885 5.96903 -0.00640431
885.2 5.96903 0.0825518
885.4 5.96903 0.132801
885.6 5.96903 0.107759
885.8 5.96903 0.0398238
886 5.96903 -0.0122046
886.2 5.96903 -0.0223111
886.4 5.96903 -0.00945904
886.6 5.96903 -0.000709466
886.8 5.96903 0.00278109
887 5.96903 0.0187448
887.2 5.96903 0.0531494
887.4 5.96903 0.0885022
887.6 5.96903 0.10329
887.8 5.96903 0.0941498
888 5.96903 0.0737093
888.2 5.96903 0.0526036
888.4 5.96903 0.0326742
888.6 5.96903 0.017346
888.8 5.96903 0.0174044
889 5.96903 0.0371047
889.2 5.96903 0.057694
889.4 5.96903 0.0470931
889.6 5.96903 -0.0056652
889.8 5.96903 -0.0685661
890 5.96903 -0.0877974
890.2 5.96903 -0.0369659
890.4 5.96903 0.0548183
890.6 5.96903 0.12568
890.8 5.96903 0.13301
891 5.96903 0.0851446
891.2 5.96903 0.0270783
891.4 5.96903 -0.000937144
891.6 5.96903 0.00778732
891.8 5.96903 0.0304902
892 5.96903 0.0401028
892.2 5.96903 0.026352
892.4 5.96903 -0.00164254
892.6 5.96903 -0.027667
892.8 5.96903 -0.0425026
893 5.96903 -0.0484194
893.2 5.96903 -0.0518809
893.4 5.96903 -0.0522757
893.6 5.96903 -0.0392941
893.8 5.96903 -0.00409774
894 5.96903 0.0458159
894.2 5.96903 0.0858094
894.4 5.96903 0.0928705
894.6 5.96903 0.0674451
894.8 5.96903 0.0347767
895 5.96903 0.0219105
895.2 5.96903 0.0326866
895.4 5.96903 0.046543
895.6 5.96903 0.0413778
895.8 5.96903 0.0150393
896 5.96903 -0.0164761
896.2 5.96903 -0.0383066
896.4 5.96903 -0.0489028
896.6 5.96903 -0.0525078
896.8 5.96903 -0.0458625
897 5.96903 -0.020226
897.2 5.96903 0.0215831
897.4 5.96903 0.0563015
897.6 5.96903 0.0565082
897.8 5.96903 0.0186564
898 5.96903 -0.0289215
898.2 5.96903 -0.0512251
898.4 5.96903 -0.0407154
898.6 5.96903 -0.022697
898.8 5.96903 -0.0240866
899 5.96903 -0.0400933
899.2 5.96903 -0.0389675
899.4 5.96903 -0.00341624
899.6 5.96903 0.038423
899.8 5.96903 0.0343954
900 5.96903 -0.0335359
900.2 5.96903 -0.117941
900.4 5.96903 -0.145057
900.6 5.96903 -0.0915436
900.8 5.96903 -0.0159052
901 5.96903 -0.00210593
901.2 5.96903 -0.0680948
901.4 5.96903 -0.139535
901.6 5.96903 -0.125274
901.8 5.96903 -0.0183692
902 5.96903 0.0890531
902.2 5.96903 0.0995249
902.4 5.96903 0.0137274
902.6 5.96903 -0.0704783
902.8 5.96903 -0.0639752
903 5.96903 0.0198998
903.2 5.96903 0.0862227
903.4 5.96903 0.0670924
903.6 5.96903 -0.00697455
903.8 5.96903 -0.0504497
904 5.96903 -0.0237935
904.2 5.96903 0.0269914
904.4 5.96903 0.0334106
904.6 5.96903 -0.0112983
904.8 5.96903 -0.047565
905 5.96903 -0.0243419
905.2 5.96903 0.0401341
905.4 5.96903 0.0820216
905.6 5.96903 0.0652609
905.8 5.96903 0.015681
906 5.96903 -0.0165877
906.2 5.96903 -0.0115905
906.4 5.96903 0.0134058
906.6 5.96903 0.0386863
906.8 5.96903 0.0627268
907 5.96903 0.084502
907.2 5.96903 0.0848721
907.4 5.96903 0.045411
907.6 5.96903 -0.0169082
907.8 5.96903 -0.0541012
908 5.96903 -0.0376788
908.2 5.96903 0.00469771
908.4 5.96903 0.0192361
908.6 5.96903 -0.00769655
908.8 5.96903 -0.0295416
909 5.96903 0.00422733
909.2 5.96903 0.0815779
909.4 5.96903 0.134896
909.6 5.96903 0.116646
909.8 5.96903 0.0531447
910 5.96903 0.0118823
910.2 5.96903 0.0234475
910.4 5.96903 0.0528993
910.6 5.96903 0.0507975
910.8 5.96903 0.0152011
911 5.96903 -0.0122561
911.2 5.96903 -0.00491211
911.4 5.96903 0.0152676
911.6 5.96903 0.0106973
911.8 5.96903 -0.0201175
912 5.96903 -0.0421159
912.2 5.96903 -0.0326222
912.4 5.96903 -0.0108398
912.6 5.96903 -0.0072399
912.8 5.96903 -0.0166836
913 5.96903 -0.00388805
913.2 5.96903 0.0414077
913.4 5.96903 0.075102
913.6 5.96903 0.0439872
913.8 5.96903 -0.0436895
914 5.96903 -0.113294
914.2 5.96903 -0.101041
914.4 5.96903 -0.0266921
914.6 5.96903 0.0260333
914.8 5.96903 0.00193013
915 5.96903 -0.0667086
915.2 5.96903 -0.101132
915.4 5.96903 -0.0670133
915.6 5.96903 -0.00939742
915.8 5.96903 0.00445569
916 5.96903 -0.0366705
916.2 5.96903 -0.0775616
916.4 5.96903 -0.0604479
916.6 5.96903 0.0125759
916.8 5.96903 0.0839582
917 5.96903 0.0984864
917.2 5.96903 0.0508855
917.4 5.96903 -0.0174609
917.6 5.96903 -0.0567744
917.8 5.96903 -0.0430354
918 5.96903 0.0118597
918.2 5.96903 0.0695954
918.4 5.96903 0.0870361
918.6 5.96903 0.0439878
918.8 5.96903 -0.0377082
919 5.96903 -0.10386
919.2 5.96903 -0.107701
919.4 5.96903 -0.0484812
919.6 5.96903 0.0279071
919.8 5.96903 0.0683388
920 5.96903 0.0539067
920.2 5.96903 0.00687887
920.4 5.96903 -0.0360781
920.6 5.96903 -0.0526647
920.8 5.96903 -0.0426338
921 5.96903 -0.0195577
921.2 5.96903 -0.00217272
921.4 5.96903 -0.00739941
921.6 5.96903 -0.0389803
921.8 5.96903 -0.0778228
922 5.96903 -0.090686
922.2 5.96903 -0.0587308
922.4 5.96903 0.00075813
922.6 5.96903 0.0466649
922.8 5.96903 0.0519427
923 5.96903 0.0271581
923.2 5.96903 0.00460525
923.4 5.96903 0.00282014
923.6 5.96903 0.0127445
923.8 5.96903 0.0173459
924 5.96903 0.0150339
924.2 5.96903 0.0168811
924.4 5.96903 0.0260218
924.6 5.96903 0.0316608
924.8 5.96903 0.0269907
925 5.96903 0.0232816
925.2 5.96903 0.0353226
925.4 5.96903 0.0550334
925.6 5.96903 0.0528381
925.8 5.96903 0.0134173
926 5.96903 -0.0368859
926.2 5.96903 -0.0515391
926.4 5.96903 -0.0159104
926.6 5.96903 0.031841
926.8 5.96903 0.0411461
927 5.96903 0.00667678
927.2 5.96903 -0.0250106
927.4 5.96903 -0.0100747
927.6 5.96903 0.040358
927.8 5.96903 0.0720498
928 5.96903 0.049003
928.2 5.96903 -0.00752979
928.4 5.96903 -0.0454675
928.6 5.96903 -0.0382734
928.8 5.96903 -0.00516234
929 5.96903 0.0207223
929.2 5.96903 0.0291415
929.4 5.96903 0.0302652
929.6 5.96903 0.0268597
929.8 5.96903 0.00784233
930 5.96903 -0.0258008
930.2 5.96903 -0.0440669
930.4 5.96903 -0.014894
930.6 5.96903 0.0509518
930.8 5.96903 0.0969795
931 5.96903 0.0747044
931.2 5.96903 -0.00263008
931.4 5.96903 -0.0707077
931.6 5.96903 -0.0801474
931.8 5.96903 -0.0432405
932 5.96903 -0.0100226
932.2 5.96903 -0.00674219
932.4 5.96903 -0.0116884
932.6 5.96903 0.00718833
932.8 5.96903 0.0462023
933 5.96903 0.0713098
933.2 5.96903 0.0652665
933.4 5.96903 0.0520164
933.6 5.96903 0.0647123
933.8 5.96903 0.0990576
934 5.96903 0.114317
934.2 5.96903 0.0831104
934.4 5.96903 0.0268349
934.6 5.96903 -0.00929381
934.8 5.96903 -0.010268
935 5.96903 -0.00521965
935.2 5.96903 -0.024024
935.4 5.96903 -0.0537946
935.6 5.96903 -0.0537389
935.8 5.96903 -0.0109447
936 5.96903 0.0354869
936.2 5.96903 0.0366681
936.4 5.96903 -0.00727266
936.6 5.96903 -0.0452055
936.8 5.96903 -0.0340044
937 5.96903 0.0132418
937.2 5.96903 0.047894
937.4 5.96903 0.0480599
937.6 5.96903 0.0438579
937.8 5.96903 0.0743411
938 5.96903 0.130508
938.2 5.96903 0.156345
938.4 5.96903 0.109213
938.6 5.96903 0.00983105
938.8 5.96903 -0.0745547
939 5.96903 -0.0922402
939.2 5.96903 -0.0475711
939.4 5.96903 0.0152089
939.6 5.96903 0.0557486
939.8 5.96903 0.0620021
940 5.96903 0.0436692
940.2 5.96903 0.0172914
940.4 5.96903 -0.00112572
940.6 5.96903 -0.00205905
940.8 5.96903 0.00821938
941 5.96903 0.00869904
941.2 5.96903 -0.0144576
941.4 5.96903 -0.0451201
941.6 5.96903 -0.0467226
941.8 5.96903 -0.00280224
942 5.96903 0.0573582
942.2 5.96903 0.085152
942.4 5.96903 0.0664429
942.6 5.96903 0.0385225
942.8 5.96903 0.0460249
943 5.96903 0.0875224
943.2 5.96903 0.119077
943.4 5.96903 0.110995
943.6 5.96903 0.0848084
943.8 5.96903 0.0809953
944 5.96903 0.0984454
944.2 5.96903 0.0873853
944.4 5.96903 0.0119847
944.6 5.96903 -0.0939054
944.8 5.96903 -0.153113
945 5.96903 -0.128227
945.2 5.96903 -0.0628406
945.4 5.96903 -0.0289516
945.6 5.96903 -0.0434863
945.8 5.96903 -0.0551665
946 5.96903 -0.0158744
946.2 5.96903 0.0532789
946.4 5.96903 0.083397
946.6 5.96903 0.0398731
946.8 5.96903 -0.035531
947 5.96903 -0.071559
947.2 5.96903 -0.0445256
947.4 5.96903 0.0047041
947.6 5.96903 0.0254381
947.8 5.96903 0.0112775
948 5.96903 -0.00651327
948.2 5.96903 -0.00452982
948.4 5.96903 0.0115337
948.6 5.96903 0.0284939
948.8 5.96903 0.0478997
949 5.96903 0.0737796
949.2 5.96903 0.0895393
949.4 5.96903 0.068728
949.6 5.96903 0.0147639
949.8 5.96903 -0.0262849
950 5.96903 -0.00990405
950.2 5.96903 0.0507711
950.4 5.96903 0.0887169
950.6 5.96903 0.0520865
950.8 5.96903 -0.0366777
951 5.96903 -0.100289
951.2 5.96903 -0.0848206
951.4 5.96903 -0.0110282
951.6 5.96903 0.0525889
951.8 5.96903 0.0582133
952 5.96903 0.0141611
952.2 5.96903 -0.0381529
952.4 5.96903 -0.0669081
952.6 5.96903 -0.066517
952.8 5.96903 -0.0468145
953 5.96903 -0.0218144
953.2 5.96903 -0.0080533
953.4 5.96903 -0.0185861
953.6 5.96903 -0.0481589
953.8 5.96903 -0.0700391
954 5.96903 -0.0593302
954.2 5.96903 -0.0218808
954.4 5.96903 0.00820685
954.6 5.96903 0.00506368
954.8 5.96903 -0.0199183
955 5.96903 -0.0320139
955.2 5.96903 -0.0132032
955.4 5.96903 0.0206937
955.6 5.96903 0.0441441
955.8 5.96903 0.0523118
956 5.96903 0.0574597
956.2 5.96903 0.060467
956.4 5.96903 0.0423364
956.6 5.96903 -0.00683569
956.8 5.96903 -0.0593491
957 5.96903 -0.066195
957.2 5.96903 -0.00798948
957.4 5.96903 0.0777051
957.6 5.96903 0.127579
957.8 5.96903 0.110068
958 5.96903 0.0476452
958.2 5.96903 -0.0141731
958.4 5.96903 -0.0505045
958.6 5.96903 -0.0669326
958.8 5.96903 -0.0761401
959 5.96903 -0.0776952
959.2 5.96903 -0.0627932
959.4 5.96903 -0.0297738
959.6 5.96903 0.011652
959.8 5.96903 0.0478196
960 5.96903 0.066556
960.2 5.96903 0.0589979
960.4 5.96903 0.0263406
960.6 5.96903 -0.0122001
960.8 5.96903 -0.0286802
961 5.96903 -0.014818
961.2 5.96903 0.00175868
961.4 5.96903 -0.0159518
961.6 5.96903 -0.0648964
961.8 5.96903 -0.0901673
962 5.96903 -0.0387177
962.2 5.96903 0.0728637
962.4 5.96903 0.158736
962.6 5.96903 0.144656
962.8 5.96903 0.0457157
963 5.96903 -0.047324
963.2 5.96903 -0.061374
963.4 5.96903 -0.0113336
963.6 5.96903 0.0282102
963.8 5.96903 0.0116806
964 5.96903 -0.0318931
964.2 5.96903 -0.0418811
964.4 5.96903 0.00148714
964.6 5.96903 0.0608056
964.8 5.96903 0.0908464
965 5.96903 0.0857592
965.2 5.96903 0.0710097
965.4 5.96903 0.0620904
965.6 5.96903 0.0487231
965.8 5.96903 0.0198199
966 5.96903 -0.0121921
966.2 5.96903 -0.0235059
966.4 5.96903 -0.00927005
966.6 5.96903 0.0108587
966.8 5.96903 0.0185206
967 5.96903 0.0165671
967.2 5.96903 0.0164613
967.4 5.96903 0.0142354
967.6 5.96903 -0.00711613
967.8 5.96903 -0.0496594
968 5.96903 -0.0870004
968.2 5.96903 -0.0889581
968.4 5.96903 -0.0562689
968.6 5.96903 -0.0210002
968.8 5.96903 -0.0109791
969 5.96903 -0.0221742
969.2 5.96903 -0.0305324
969.4 5.96903 -0.0234062
969.6 5.96903 -0.00884855
969.8 5.96903 0.00366807
970 5.96903 0.0174004
970.2 5.96903 0.0354928
970.4 5.96903 0.0439383
970.6 5.96903 0.0237445
970.8 5.96903 -0.0176688
971 5.96903 -0.0420751
971.2 5.96903 -0.0210192
971.4 5.96903 0.0239426
971.6 5.96903 0.0380226
971.8 5.96903 -0.00259362
972 5.96903 -0.0541035
972.2 5.96903 -0.0471955
972.4 5.96903 0.0335479
972.6 5.96903 0.125067
972.8 5.96903 0.149401
973 5.96903 0.0957804
973.2 5.96903 0.029055
973.4 5.96903 0.0157357
973.6 5.96903 0.0531884
973.8 5.96903 0.0806016
974 5.96903 0.0541054
974.2 5.96903 -0.00217688
974.4 5.96903 -0.0251529
974.6 5.96903 0.0150227
974.8 5.96903 0.0812699
975 5.96903 0.108125
975.2 5.96903 0.067775
975.4 5.96903 -0.00510457
975.6 5.96903 -0.0496238
975.8 5.96903 -0.0350125
976 5.96903 0.0167783
976.2 5.96903 0.057004
976.4 5.96903 0.0550498
976.6 5.96903 0.020784
976.8 5.96903 -0.012073
977 5.96903 -0.021741
977.2 5.96903 -0.0176139
977.4 5.96903 -0.0239398
977.6 5.96903 -0.0459276
977.8 5.96903 -0.057314
978 5.96903 -0.0278035
978.2 5.96903 0.0366981
978.4 5.96903 0.0892583
978.6 5.96903 0.0859359
978.8 5.96903 0.0346623
979 5.96903 -0.00771561
979.2 5.96903 0.00701255
979.4 5.96903 0.0668353
979.6 5.96903 0.11152
979.8 5.96903 0.0954003
980 5.96903 0.0310619
980.2 5.96903 -0.0312348
980.4 5.96903 -0.0585004
980.6 5.96903 -0.0586682
980.8 5.96903 -0.0529632
981 5.96903 -0.0423765
981.2 5.96903 -0.0149541
981.4 5.96903 0.0205897
981.6 5.96903 0.0293767
981.8 5.96903 -0.00969104
982 5.96903 -0.0674856
982.2 5.96903 -0.0853154
982.4 5.96903 -0.0369911
982.6 5.96903 0.0404873
982.8 5.96903 0.0878615
983 5.96903 0.0891507
983.2 5.96903 0.083037
983.4 5.96903 0.106023
983.6 5.96903 0.138981
983.8 5.96903 0.126518
984 5.96903 0.0487779
984.2 5.96903 -0.0419681
984.4 5.96903 -0.0694412
984.6 5.96903 -0.0147797
984.8 5.96903 0.0619506
985 5.96903 0.0853766
985.2 5.96903 0.0426374
985.4 5.96903 -0.00996295
985.6 5.96903 -0.0142119
985.8 5.96903 0.026951
986 5.96903 0.0581082
986.2 5.96903 0.036265
986.4 5.96903 -0.0220325
986.6 5.96903 -0.059408
986.8 5.96903 -0.0370493
987 5.96903 0.0285371
987.2 5.96903 0.0839717
987.4 5.96903 0.0886109
987.6 5.96903 0.0465864
987.8 5.96903 -0.00352436
988 5.96903 -0.0257198
988.2 5.96903 -0.0160547
988.4 5.96903 -0.00132571
988.6 5.96903 -0.0109869
988.8 5.96903 -0.0476992
989 5.96903 -0.0829527
989.2 5.96903 -0.0831407
989.4 5.96903 -0.042896
989.6 5.96903 0.00722893
989.8 5.96903 0.028889
990 5.96903 0.012962
990.2 5.96903 -0.0128278
990.4 5.96903 -0.0149873
990.6 5.96903 0.0091629
990.8 5.96903 0.0300041
991 5.96903 0.0212983
991.2 5.96903 -0.00707197
991.4 5.96903 -0.0175641
991.6 5.96903 0.013224
991.8 5.96903 0.0654989
992 5.96903 0.0925993
992.2 5.96903 0.0661947
992.4 5.96903 0.00323065
992.6 5.96903 -0.0510077
992.8 5.96903 -0.0630041
993 5.96903 -0.0336716
993.2 5.96903 0.0119131
993.4 5.96903 0.048447
993.6 5.96903 0.0621776
993.8 5.96903 0.0481744
994 5.96903 0.00881404
994.2 5.96903 -0.0402432
994.4 5.96903 -0.0704506
994.6 5.96903 -0.0592427
994.8 5.96903 -0.0140719
995 5.96903 0.0273768
995.2 5.96903 0.0297952
995.4 5.96903 -0.00372587
995.6 5.96903 -0.0324037
995.8 5.96903 -0.0196933
996 5.96903 0.0257526
996.2 5.96903 0.0558363
996.4 5.96903 0.0336617
996.6 5.96903 -0.0231537
996.8 5.96903 -0.0549167
997 5.96903 -0.0189625
997.2 5.96903 0.0635063
997.4 5.96903 0.122311
997.6 5.96903 0.102558
997.8 5.96903 0.0166152
998 5.96903 -0.0654381
998.2 5.96903 -0.0772961
998.4 5.96903 -0.0133962
998.6 5.96903 0.0674808
998.8 5.96903 0.0919676
999 5.96903 0.0314527
999.2 5.96903 -0.0753529
999.4 5.96903 -0.152143
999.6 5.96903 -0.142867
999.8 5.96903 -0.0541887
1000 5.96903 0.0494212
